9
0
0
0
0
0
0
0
0
0
0
0
0
5
4
0
2
1
0
7
0
0
3
0
2
0
0
0
0
0
0
0
0
0
0
0
0
7
9
6
0
0
0
0
5
0
0
2
0
1
9
6
0
0
0
0
0
0
0
0
0
0
0
0
0
1
0
0
4
10
14
7
0
4
5
13
5
5
0
1
10
0
0
0
0
0
0
0
0
0
0
0
0
2
0
4
1
0
0
1
1
0
0
0
4
16
0
3
0
0
0
0
0
0
0
0
0
0
0
0
0
3
1
4
7
5
4
1
0
8
18
1
0
0
4
5
0
0
0
0
0
0
0
0
0
0
0
0
0
0
0
0
0
2
2
0
0
2
0
0
3
7
5
0
0
0
0
0
0
0
0
0
0
0
0
0
0
0
20
3
0
6
26
61
120
255
146
88
0
3
4
0
4
0
0
0
0
0
0
0
0
0
0
0
0
0
4
0
47
172
235
237
255
255
237
239
22
0
0
11
0
0
0
0
0
5
0
0
4
0
0
13
0
4
2
88
247
255
248
252
245
244
255
255
14
17
0
2
0
0
0
0
0
0
0
1
5
5
2
2
0
35
184
254
239
250
209
159
182
249
227
225
12
0
21
0
15
0
0
0
0
0
0
5
0
0
0
0
29
188
239
255
239
194
51
0
5
134
171
50
41
0
0
19
0
0
0
0
0
0
0
4
0
4
10
7
138
255
241
234
73
0
14
1
10
45
20
192
237
167
0
3
0
0
0
0
0
5
0
2
0
0
0
5
196
240
244
103
7
0
0
11
2
50
224
247
248
183
16
0
4
0
0
0
0
3
0
0
3
0
0
0
190
254
208
2
0
13
0
31
70
232
246
255
250
156
0
0
0
0
0
0
0
0
0
0
10
7
10
16
184
255
233
226
110
105
221
225
255
250
255
254
199
20
5
0
7
0
0
0
0
0
12
0
0
0
1
0
126
255
255
255
251
255
240
255
243
255
255
247
135
0
0
13
0
0
0
0
0
0
0
0
0
0
2
5
6
102
177
254
251
254
243
255
255
255
239
255
75
1
0
8
0
0
0
0
0
1
0
0
0
0
1
3
5
15
0
3
12
3
19
87
243
251
250
197
29
3
0
10
0
0
0
0
0
2
1
0
0
0
0
1
2
0
0
0
1
0
0
111
255
251
255
98
0
0
0
8
0
0
0
0
0
3
2
0
0
0
0
0
0
0
24
8
0
7
0
192
243
255
219
18
1
0
9
0
4
0
0
0
0
2
2
1
0
0
0
0
0
0
7
0
0
0
42
242
255
252
121
0
0
0
3
0
2
0
0
0
0
1
1
0
0
0
0
0
0
7
0
5
4
2
153
244
255
250
32
0
0
12
0
7
1
0
0
0
0
0
0
0
0
0
0
0
0
2
0
7
0
19
227
243
248
253
7
5
0
12
0
10
0
0
0
0
0
0
0
0
0
0
0
0
0
0
2
2
0
92
254
255
255
252
20
0
4
0
3
0
0
0
0
0
0
0
0
0
0
0
0
0
0
0
7
1
0
225
247
250
252
126
19
0
6
0
0
9
0
0
0
0
0
0
0
0
0
0
0
0
0
0
13
0
0
104
238
219
103
30
0
0
14
0
0
5
0
0
0
0
0
0
0
0
0
0
0
0
0
0
0
2
27
0
0
3
0
0
0
3
5
0
0
4
2
0
0
0
0
0
0
0
0
0
0
0
0
8
0
0
5
12
11
0
1
5
8
1
0
0
2
2
2
0
0
0
0
