1
0
0
0
0
0
0
0
0
0
0
0
0
0
0
0
0
0
9
0
6
0
0
0
11
0
0
0
0
0
0
0
0
0
0
0
0
0
0
0
0
0
0
0
0
2
5
0
20
0
0
22
0
0
0
0
0
0
0
0
0
0
0
0
0
0
0
0
0
0
0
0
0
0
0
27
0
0
12
0
11
0
0
0
0
0
0
0
0
0
0
0
0
0
0
0
0
0
0
0
0
15
9
0
15
7
6
0
4
0
0
0
0
0
0
0
0
0
0
0
0
0
0
0
0
0
0
0
0
0
0
165
246
152
0
15
0
0
0
0
0
0
0
0
0
0
0
0
0
0
0
0
0
0
0
0
0
3
50
251
252
140
10
9
0
0
0
0
0
0
0
0
0
0
0
0
0
0
0
0
0
0
0
0
0
4
239
242
255
47
5
0
0
0
0
0
0
0
0
0
0
0
0
0
0
0
0
0
0
0
0
0
0
122
255
255
209
22
0
2
0
0
0
0
0
0
0
0
0
0
0
0
0
0
7
1
0
3
0
0
48
251
255
250
112
0
0
19
0
0
0
0
0
0
0
0
0
0
0
0
0
0
5
0
7
0
0
0
132
250
252
196
32
0
3
0
0
0
0
0
0
0
0
0
0
0
0
0
0
2
0
0
7
2
3
63
251
246
255
109
0
0
14
0
1
0
0
0
0
0
0
0
0
0
0
0
0
16
0
7
0
5
0
119
254
249
226
27
3
0
7
0
2
0
0
0
0
0
0
0
0
0
0
0
0
4
0
15
1
3
32
195
242
255
121
0
9
0
0
4
0
0
0
0
0
0
0
0
0
0
0
0
0
0
3
0
2
0
112
255
255
247
11
3
0
0
8
1
0
0
0
0
0
0
0
0
0
0
0
0
0
6
5
0
0
15
180
249
249
157
0
7
0
2
11
0
3
0
0
0
0
0
0
0
0
0
0
0
0
3
0
15
2
109
255
251
234
51
6
0
14
0
0
0
3
0
0
0
0
0
0
0
0
0
0
0
0
2
0
0
0
221
241
255
176
0
0
0
0
0
0
0
0
0
0
0
0
0
0
0
0
0
0
0
0
0
0
12
83
231
247
247
74
0
0
0
0
0
0
0
0
0
0
0
0
0
0
0
0
0
0
0
0
0
8
14
239
245
255
136
0
0
0
0
0
0
0
0
0
0
0
0
0
0
0
0
0
0
0
0
0
14
0
31
242
255
254
154
11
0
0
0
0
0
0
0
0
0
0
0
0
0
0
0
0
0
0
0
0
2
2
255
255
233
197
28
0
0
0
0
0
0
0
0
0
0
0
0
0
0
0
0
0
0
0
0
0
0
119
238
246
254
121
10
0
0
0
0
0
0
0
0
0
0
0
0
0
0
0
0
0
0
0
0
0
3
141
255
249
244
30
0
6
0
0
0
0
0
0
0
0
0
0
0
0
0
0
0
0
0
0
0
0
0
57
224
230
54
4
0
4
0
0
0
0
0
0
0
0
0
0
0
0
0
0
0
0
0
0
0
0
0
0
0
0
0
0
0
0
0
0
0
0
0
0
0
0
0
0
0
0
0
0
0
0
0
0
0
0
0
0
0
0
0
0
0
0
0
0
0
0
0
0
0
0
0
0
0
0
0
0
0
0
0
0
0
0
0
0
0
0
0
0
0
0
0
0
0
0
0
0
0
0
0
0
0
0
0
0
0
0
0
0
0
0
0
0
0
0
0
0
0
0
0
0
0
0
0
0
0
0
0
0
0
0
