3
10
0
0
11
0
0
10
0
0
0
8
0
0
4
0
9
2
0
0
1
0
0
18
0
0
0
0
0
0
12
4
0
8
11
5
3
4
0
0
2
2
11
0
0
0
18
9
16
11
0
0
6
0
0
0
0
0
9
1
0
3
0
0
4
2
0
10
0
3
0
17
12
0
0
0
0
2
6
8
0
0
0
0
0
11
0
0
7
0
5
3
0
0
7
1
2
0
0
11
0
16
2
8
11
0
0
8
6
0
0
0
0
8
0
2
0
0
12
2
0
37
129
175
255
248
253
189
127
13
0
0
9
19
0
0
6
0
0
0
0
0
0
2
0
1
0
0
111
229
253
254
243
255
255
255
237
227
199
78
0
0
18
0
13
0
0
0
0
0
0
2
5
16
0
18
169
128
171
209
116
93
48
152
255
239
255
221
67
0
9
0
0
0
0
0
0
10
0
10
0
0
10
0
5
0
7
0
7
0
5
9
136
255
244
255
155
1
0
15
0
0
0
0
0
0
0
0
0
0
0
0
0
0
8
0
2
5
12
111
250
255
255
240
132
2
0
4
0
0
0
0
0
0
0
0
0
0
0
0
0
11
0
31
93
179
238
255
246
239
255
174
28
0
0
8
0
0
0
0
0
0
0
0
0
0
0
0
0
0
54
221
255
255
246
255
249
255
142
6
0
0
34
0
18
0
0
0
0
0
0
0
0
0
0
0
0
0
71
255
255
245
253
255
248
246
227
57
0
15
0
0
7
0
0
0
0
0
0
0
0
0
0
0
0
12
0
103
145
149
92
127
225
245
255
254
116
0
4
16
0
0
0
0
0
0
0
0
0
0
0
0
0
3
0
15
0
10
6
1
13
109
231
249
248
102
1
4
0
0
0
0
0
0
0
0
0
0
0
0
0
0
0
8
0
1
0
0
0
2
66
245
255
177
0
2
0
0
0
0
0
0
0
0
0
0
0
0
0
1
1
2
10
0
0
11
0
0
4
99
253
246
47
1
6
0
0
0
0
0
5
12
0
9
0
5
0
0
0
0
6
8
0
0
7
4
0
60
255
255
96
0
7
0
0
0
0
6
0
0
2
0
39
6
2
9
8
2
0
0
1
2
0
16
0
198
246
233
102
8
0
0
0
0
0
0
0
11
1
77
247
165
0
0
0
0
1
0
9
10
0
0
25
220
255
254
22
0
8
0
0
0
0
10
0
5
0
76
255
220
22
15
0
0
1
0
0
0
0
34
210
255
239
148
0
23
0
0
0
0
0
0
10
0
17
29
225
255
175
90
26
0
0
10
15
38
70
197
240
255
252
75
0
0
13
0
0
0
0
0
19
0
8
0
122
249
250
255
206
156
168
203
211
224
255
255
255
251
141
16
13
0
0
0
0
0
0
0
0
0
7
5
8
159
255
244
255
251
243
255
255
247
255
253
245
147
17
0
1
10
0
0
0
0
0
0
5
0
0
0
8
10
32
124
230
255
242
255
255
243
255
148
38
12
8
10
0
0
0
0
0
0
0
0
0
0
0
0
0
0
0
0
0
0
0
0
0
0
0
0
0
0
0
0
0
0
0
0
0
0
0
0
0
0
0
0
0
0
0
0
0
0
0
0
0
0
0
0
0
0
0
0
0
0
0
0
0
0
0
0
0
0
0
0
0
0
0
0
0
0
0
0
0
0
0
0
0
0
0
0
0
0
0
0
0
0
0
0
0
0
0
0
0
0
0
0
0
0
0
0
0
0
0
0
0
0
0
0
0
0
0
0
0
0
0
