3
0
0
0
0
0
0
0
0
3
0
0
4
0
0
8
3
0
1
0
3
2
2
1
0
0
0
0
0
0
0
0
0
0
0
0
0
1
0
15
0
0
10
0
6
3
9
3
2
0
0
0
11
0
0
0
0
0
0
0
0
0
0
0
0
0
7
0
2
23
0
0
0
1
1
0
0
0
12
0
0
0
0
0
0
0
0
0
0
0
0
0
0
0
8
30
0
0
4
0
15
0
1
3
1
0
10
1
0
0
0
0
0
0
0
0
0
0
0
0
0
4
3
0
22
34
48
142
149
255
252
204
119
30
0
0
15
0
0
0
0
0
0
0
0
0
0
0
0
0
14
101
193
237
251
254
255
238
255
255
232
153
3
2
0
0
0
0
0
0
0
0
0
0
0
0
0
63
233
255
255
249
246
255
204
219
216
233
255
231
2
7
0
0
0
0
0
0
0
0
0
0
0
0
0
135
255
248
213
209
136
50
5
0
16
112
252
255
0
3
0
0
0
0
0
0
6
7
0
0
1
0
0
26
88
94
14
3
3
11
0
0
7
181
255
230
8
0
16
0
0
0
0
6
0
0
0
0
5
5
3
8
0
9
0
1
0
0
0
6
134
255
255
213
0
6
0
0
0
0
0
6
0
0
3
3
2
0
0
9
0
0
0
4
1
15
12
121
255
250
209
45
0
9
9
0
0
0
0
0
0
5
8
0
0
3
0
0
13
0
0
15
0
16
170
255
255
227
117
6
0
0
2
0
0
0
0
0
3
3
0
0
2
11
6
11
0
1
1
0
98
223
255
255
238
109
0
0
23
0
3
0
0
0
0
0
6
0
0
3
3
0
0
0
11
44
137
231
255
240
253
255
109
1
36
0
0
9
0
0
0
0
0
0
7
0
0
15
0
0
23
115
191
228
249
247
252
241
255
252
251
145
0
7
0
18
0
0
0
0
0
0
10
0
0
11
0
17
114
247
255
255
239
150
107
119
177
255
252
255
136
6
1
3
0
0
0
0
0
0
20
0
0
1
7
0
98
254
242
139
31
11
9
0
0
68
236
238
192
0
2
14
0
0
0
0
0
14
0
4
2
0
1
6
2
27
2
2
6
0
0
4
9
0
179
255
255
24
0
0
7
0
0
0
0
0
0
0
1
11
0
11
0
0
8
0
0
13
14
0
0
62
233
255
190
15
21
0
5
0
0
0
0
6
0
5
0
0
2
28
0
0
7
0
0
0
0
38
137
233
249
247
160
0
0
0
2
0
0
0
0
8
0
5
1
0
147
182
25
0
1
10
8
41
156
244
240
255
249
173
25
0
16
0
0
0
0
0
0
4
0
0
0
18
218
225
99
153
151
184
223
237
251
255
255
191
66
22
0
0
0
1
8
0
0
0
0
0
3
1
9
61
249
255
255
255
255
241
250
255
217
134
85
0
8
3
0
5
0
0
4
0
0
0
0
9
0
9
0
3
205
251
251
251
163
148
168
111
36
6
0
0
8
0
6
0
15
1
3
0
0
0
0
0
0
0
0
0
0
0
0
0
0
0
0
0
0
0
0
0
0
0
0
0
0
0
0
0
0
0
0
0
0
0
0
0
0
0
0
0
0
0
0
0
0
0
0
0
0
0
0
0
0
0
0
0
0
0
0
0
0
0
0
0
0
0
0
0
0
0
0
0
0
0
0
0
0
0
0
0
0
0
0
0
0
0
0
0
0
0
0
0
0
0
0
0
0
0
0
0
0
0
0
0
0
0
0
0
0
0
0
0
0
0
0
