2
0
0
0
0
0
0
0
0
4
0
2
0
9
0
0
0
0
8
0
0
0
2
1
5
0
0
0
0
0
0
0
0
0
0
0
0
10
0
12
9
0
0
23
0
6
0
0
2
22
4
0
0
0
0
0
0
0
0
0
0
0
0
0
0
0
2
8
0
2
0
0
0
0
2
0
0
0
4
10
10
0
0
0
0
0
0
0
0
0
0
0
0
0
16
4
0
10
3
0
3
0
5
15
5
0
0
0
0
0
0
0
0
0
0
0
0
0
0
0
0
1
0
0
1
0
2
10
1
11
0
0
0
22
0
3
4
0
0
0
0
0
0
0
0
0
0
0
0
0
7
0
9
7
0
0
0
0
11
0
7
0
9
0
7
0
0
0
0
0
0
0
0
0
0
0
0
0
18
0
2
63
110
150
253
255
255
182
124
5
9
0
6
0
0
0
0
0
0
0
0
0
0
0
0
0
57
139
242
255
255
239
255
255
228
255
255
237
67
10
0
0
0
0
0
3
1
0
0
6
0
6
63
255
255
239
255
253
255
120
67
56
131
132
245
255
249
81
0
0
0
0
0
0
9
13
2
0
20
180
255
255
243
255
246
255
245
0
15
2
0
0
14
255
255
164
13
0
0
0
0
6
0
0
0
0
192
252
249
255
252
255
255
123
21
11
0
6
0
9
0
118
255
255
0
0
0
0
0
0
0
0
7
6
242
255
255
245
255
184
49
0
0
1
9
4
8
0
8
138
250
242
2
0
0
0
0
3
13
0
4
2
15
112
117
73
0
0
5
8
13
0
0
0
6
0
0
255
253
187
17
0
0
0
0
0
2
0
13
18
0
9
10
0
6
0
5
0
0
25
0
3
9
4
83
253
253
126
0
0
0
0
0
4
0
6
6
0
19
0
1
0
7
4
5
7
0
0
10
1
0
0
189
242
204
0
1
0
0
0
0
6
0
1
7
0
1
10
0
2
0
3
0
0
17
0
1
0
9
134
255
255
132
0
2
0
0
0
0
4
0
2
0
0
3
0
7
8
0
16
0
3
6
2
2
0
122
254
255
128
0
9
0
0
2
0
3
2
0
5
0
0
3
0
4
0
5
3
11
0
0
0
0
76
249
255
190
8
0
4
0
2
5
6
0
0
0
4
0
1
9
0
0
0
8
5
0
19
0
14
131
238
255
126
0
0
5
8
2
8
0
0
2
3
0
0
0
7
1
0
11
140
63
110
139
255
118
249
253
255
229
73
0
132
3
0
126
121
13
0
1
7
0
0
0
0
0
19
110
229
255
255
251
255
255
244
255
237
255
255
253
255
247
255
255
121
13
0
1
0
0
3
1
0
0
85
246
255
255
252
252
255
255
255
121
124
143
118
131
124
70
0
10
8
0
0
2
0
0
3
0
1
8
102
255
255
232
255
255
244
125
7
5
1
0
0
0
15
0
0
1
2
5
6
0
4
4
1
0
5
3
60
194
251
255
253
117
69
5
0
0
3
0
0
6
0
5
1
3
0
2
0
3
0
0
0
0
0
0
0
0
0
0
0
0
0
0
0
0
0
0
0
0
0
0
0
0
0
0
0
0
0
0
0
0
0
0
0
0
0
0
0
0
0
0
0
0
0
0
0
0
0
0
0
0
0
0
0
0
0
0
0
0
0
0
0
0
0
0
0
0
0
0
0
0
0
0
0
0
0
0
0
0
0
0
0
0
0
0
0
0
0
0
0
0
0
0
0
0
0
0
0
0
0
0
0
0
0
0
0
0
0
0
0
0
