8
0
0
0
0
0
0
0
0
1
0
1
4
2
0
0
1
3
4
0
0
11
0
2
1
0
0
0
0
0
0
0
0
0
0
0
0
0
0
1
1
0
0
2
7
0
0
9
9
0
2
0
8
0
0
0
0
0
0
0
0
0
0
0
0
1
0
0
0
6
10
1
0
12
0
5
0
0
8
0
0
0
0
0
0
0
0
0
0
0
0
0
0
0
8
14
5
0
0
1
8
0
0
10
8
0
2
4
0
0
0
0
0
0
0
0
0
0
0
0
0
0
2
0
0
0
2
4
0
4
7
0
9
6
0
9
0
0
0
0
0
0
0
0
0
0
0
0
0
0
31
79
132
193
245
255
251
255
248
87
123
15
7
0
17
0
0
0
0
0
0
0
0
0
0
0
0
142
204
255
255
243
243
250
253
247
253
255
236
232
16
1
0
0
0
0
0
0
0
0
0
0
0
0
0
238
255
255
247
247
255
255
250
255
239
211
253
250
112
0
2
0
0
0
0
0
0
12
0
0
6
0
52
244
255
249
245
230
146
125
102
6
4
7
111
255
249
110
0
0
0
0
0
3
0
5
4
7
0
7
106
253
255
189
2
0
1
0
10
0
13
4
45
228
255
194
11
0
0
0
0
9
0
0
6
4
0
1
94
255
238
225
100
3
8
13
0
0
0
69
235
255
255
201
10
0
0
0
0
6
0
0
0
0
0
0
25
151
250
255
255
222
199
113
9
14
45
239
250
241
250
146
0
0
0
0
0
0
0
1
0
2
13
0
0
142
225
244
255
247
251
245
207
210
255
244
251
250
50
0
11
0
0
0
0
0
0
1
2
0
0
1
3
13
48
195
240
255
254
255
242
255
230
252
185
32
6
0
0
0
0
0
0
3
0
0
4
0
0
0
2
0
6
13
25
161
253
242
255
250
255
229
25
0
0
5
12
0
0
0
0
0
1
0
0
0
1
10
0
3
11
0
138
203
255
249
255
255
247
127
0
0
14
0
0
0
0
0
0
2
0
0
21
1
0
7
0
0
18
161
227
255
239
249
255
253
255
220
0
11
0
0
0
0
0
0
0
0
12
0
3
0
0
14
11
0
148
255
255
244
255
215
121
251
227
255
0
3
0
16
0
0
0
0
0
0
4
0
0
0
13
0
0
137
255
235
235
216
80
24
145
255
255
191
0
0
8
0
0
0
0
0
0
1
0
6
5
0
0
5
123
255
233
255
150
17
38
236
253
240
232
3
11
5
0
15
0
0
0
0
0
6
0
4
7
0
0
10
164
241
255
185
14
146
230
255
249
255
52
9
0
0
3
5
2
0
0
0
0
8
0
0
0
8
11
0
82
255
236
242
221
255
255
235
255
177
21
13
0
14
0
12
0
0
0
0
0
0
8
6
0
0
4
10
86
238
254
255
254
248
255
235
194
32
5
0
0
2
6
0
5
0
0
0
0
0
3
0
5
2
2
0
32
246
255
244
249
252
226
139
0
0
7
0
12
0
0
5
0
0
0
0
0
0
0
0
0
0
0
0
0
114
210
189
149
134
57
0
2
0
0
0
0
0
0
0
0
0
0
0
0
0
0
0
0
0
0
0
0
0
23
3
0
6
0
0
0
0
0
0
0
0
0
0
0
0
0
0
0
0
0
0
0
0
0
0
0
7
0
0
0
0
0
16
0
0
0
0
0
0
0
0
0
0
0
0
0
0
0
0
0
0
0
0
0
4
0
5
15
0
0
0
0
0
0
0
0
0
0
0
0
0
0
0
0
