2
0
0
0
0
0
0
0
0
0
5
0
0
0
0
7
4
0
2
0
0
6
2
0
1
0
0
0
0
0
0
0
0
0
0
0
0
8
1
0
8
6
8
0
0
0
12
12
0
0
4
5
0
0
0
0
0
0
0
0
0
0
0
0
0
0
6
16
4
0
0
0
5
2
0
0
0
0
0
6
0
0
0
0
0
0
0
0
0
0
0
0
0
14
0
4
0
11
0
6
4
5
0
6
17
7
0
1
0
0
0
0
0
0
0
0
0
0
0
0
0
7
0
2
12
13
0
0
9
7
0
0
0
0
3
3
0
0
0
0
0
0
0
0
0
0
0
0
0
0
13
1
0
0
113
177
255
207
103
4
0
15
2
0
0
0
0
0
0
0
0
0
0
0
0
0
0
0
7
3
0
59
227
250
237
255
158
25
0
5
2
0
19
0
0
0
0
0
0
0
0
0
0
0
0
14
0
11
9
144
248
255
253
244
255
173
32
0
8
0
0
0
0
0
0
1
1
0
20
0
0
8
0
0
4
0
2
180
255
245
255
240
255
240
61
10
0
6
0
6
0
0
0
0
2
2
0
1
8
0
0
2
3
6
7
84
235
248
238
254
251
255
49
0
0
6
8
0
0
0
3
1
0
10
0
8
0
0
8
11
0
0
9
49
74
32
95
255
246
191
24
1
5
3
0
0
0
0
0
5
0
1
13
3
0
13
0
0
15
54
230
253
233
45
148
252
203
22
0
0
0
0
7
1
4
1
0
1
4
0
0
0
16
0
5
42
161
255
227
253
245
202
226
254
195
0
4
13
12
0
0
0
5
7
2
0
0
7
0
1
12
0
117
237
247
223
161
255
255
243
255
251
61
0
11
0
0
6
8
0
0
1
6
0
0
5
10
1
5
77
232
255
235
150
46
211
245
255
247
250
252
131
0
9
31
0
0
13
0
0
1
4
5
0
7
0
39
244
254
231
139
92
207
254
255
249
255
255
242
245
255
108
27
16
0
48
14
0
0
0
2
10
0
4
196
247
255
247
255
251
244
255
255
243
255
255
246
255
243
255
251
155
107
172
0
0
4
6
0
0
26
0
255
251
242
252
243
231
208
128
34
80
222
249
255
255
255
245
255
255
241
158
6
2
0
0
8
0
16
0
137
255
244
229
169
65
0
2
6
0
0
26
249
255
234
255
240
234
255
112
7
4
0
3
5
4
0
0
23
163
82
0
14
6
0
1
12
4
0
1
103
127
186
244
255
255
215
45
0
2
0
10
0
3
0
0
23
7
0
15
5
0
0
0
0
0
17
0
10
14
1
36
186
224
45
2
0
0
0
0
0
0
0
0
0
0
18
0
0
4
3
4
7
0
0
0
6
0
0
12
23
4
7
0
1
1
0
0
19
0
0
25
0
8
0
7
0
0
8
0
0
1
17
0
1
2
6
8
0
0
2
0
8
1
0
0
0
5
0
0
0
4
1
0
0
4
3
0
2
4
0
1
2
0
4
0
0
13
2
0
6
0
4
0
0
0
0
0
0
0
0
0
0
0
0
0
0
0
0
0
0
0
0
0
0
0
0
0
0
0
0
0
0
0
0
0
0
0
0
0
0
0
0
0
0
0
0
0
0
0
0
0
0
0
0
0
0
0
0
0
0
0
0
0
0
0
0
0
0
0
0
0
0
0
0
0
0
0
0
0
0
0
0
0
0
0
0
0
0
0
0
0
0
0
0
0
0
0
0
0
0
0
0
0
0
0
0
0
0
0
0
0
0
0
0
