2
0
0
0
0
0
0
0
0
1
10
0
5
0
0
12
0
7
0
4
0
4
0
6
2
0
0
0
0
0
0
0
0
0
0
0
0
7
0
0
8
0
11
11
0
0
0
20
0
7
0
1
0
0
0
0
0
0
0
0
0
0
0
0
0
0
0
28
0
0
7
0
0
0
14
0
0
10
21
0
16
0
0
0
0
0
0
0
0
0
0
0
0
16
0
0
0
10
0
0
14
9
0
2
15
0
0
0
0
0
0
0
0
0
0
0
0
0
0
0
0
0
5
7
0
13
0
9
0
3
0
6
0
29
0
7
1
0
0
0
0
0
0
0
0
0
0
0
0
23
0
5
5
0
72
204
144
111
125
59
14
0
8
0
1
0
0
0
0
0
0
0
0
0
0
0
0
0
0
28
113
255
250
241
255
255
246
251
233
0
0
11
6
0
0
0
0
0
0
0
0
0
0
0
0
0
12
195
252
246
255
255
150
111
146
229
236
151
17
0
1
0
0
0
0
0
0
0
0
0
0
0
0
0
81
255
255
241
170
78
0
0
6
42
255
241
38
0
2
0
0
0
0
0
0
0
0
0
0
0
0
4
0
65
93
28
10
0
5
7
0
35
248
235
49
0
1
0
0
0
0
0
0
0
0
0
0
0
0
9
0
0
24
0
0
0
3
0
15
46
255
251
27
4
2
0
0
0
0
0
0
0
0
0
0
0
0
0
10
0
0
7
5
2
0
4
0
200
248
210
11
0
9
0
0
0
0
0
0
0
0
0
0
0
0
0
3
0
6
3
0
1
2
1
75
255
255
60
9
0
1
0
0
0
0
0
0
0
0
0
0
0
0
5
0
0
19
0
8
6
0
45
255
239
200
0
0
3
0
0
0
0
0
0
0
0
0
0
0
0
0
0
0
10
2
0
3
0
33
177
255
220
31
18
0
0
8
0
0
0
0
0
0
0
0
0
0
0
0
7
61
119
97
137
29
11
177
255
190
98
0
0
0
13
0
0
0
0
0
7
6
0
0
7
6
12
139
196
248
255
241
255
252
244
253
255
77
0
0
11
0
8
0
0
8
0
0
0
6
0
2
7
0
116
255
196
130
112
171
243
247
249
255
230
180
79
0
13
4
0
5
4
0
0
0
12
0
9
0
0
155
255
118
44
0
0
130
254
255
210
222
255
253
235
207
17
3
0
0
4
0
17
0
3
0
0
0
2
243
242
78
20
101
177
255
255
172
35
0
89
206
255
255
255
197
97
64
52
0
0
0
1
0
0
13
0
182
246
235
254
238
252
238
96
12
0
8
10
7
52
200
241
255
235
251
171
26
0
6
8
0
3
7
0
80
231
244
239
255
156
30
6
7
0
4
3
0
15
0
47
86
174
188
77
4
0
0
0
14
0
0
16
0
44
125
122
6
0
19
0
0
14
0
0
0
0
10
5
0
0
0
0
5
13
0
8
0
3
6
0
14
0
1
0
3
10
0
5
0
1
0
8
0
3
0
0
1
22
0
7
3
0
3
0
0
0
0
0
0
0
0
0
0
0
0
0
0
0
0
0
0
0
0
0
0
0
0
0
0
0
0
0
0
0
0
0
0
0
0
0
0
0
0
0
0
0
0
0
0
0
0
0
0
0
0
0
0
0
0
0
0
0
0
0
0
0
0
0
0
0
0
0
0
0
0
0
0
0
0
0
0
0
0
0
0
0
0
0
0
0
0
0
0
0
0
0
0
0
0
0
0
0
0
0
0
0
0
0
0
0
0
0
0
0
0
