7
0
0
0
0
0
0
0
0
3
3
0
0
0
6
4
0
6
2
0
0
2
0
0
13
0
0
0
0
0
0
0
0
0
0
0
0
0
0
0
4
0
0
0
7
0
0
2
8
9
5
0
0
0
0
0
0
0
0
0
0
0
0
0
0
0
0
0
4
7
8
8
8
4
0
0
0
0
1
6
0
0
0
0
0
0
0
0
0
0
0
0
0
0
7
6
0
0
1
0
0
8
0
5
8
0
0
3
0
0
0
0
0
0
0
0
0
0
0
0
0
0
1
8
2
0
0
5
9
0
0
0
1
0
0
0
10
0
0
0
0
0
0
0
0
0
0
0
0
13
0
0
2
6
0
0
0
9
14
8
5
7
0
0
0
0
0
0
0
0
0
0
0
0
0
0
0
0
3
0
0
0
3
4
0
0
12
0
0
4
11
0
0
0
0
0
0
0
0
0
0
0
0
0
0
43
124
169
145
141
197
249
255
255
246
127
8
0
5
0
2
0
0
0
0
0
0
0
0
0
0
0
0
208
252
255
245
250
221
171
166
170
218
255
83
6
5
0
1
0
0
0
0
0
0
0
0
0
0
0
0
70
134
37
26
37
0
3
7
18
193
229
5
0
0
17
3
0
0
0
0
0
0
0
0
0
0
0
0
0
1
0
0
0
17
0
0
113
255
183
0
13
0
0
0
0
0
0
0
0
0
0
0
0
0
0
0
0
11
0
13
0
0
6
1
247
244
78
0
12
8
0
7
0
0
0
0
0
0
0
0
0
0
0
0
0
10
0
0
9
0
16
152
248
131
11
0
0
12
0
5
0
0
0
0
0
0
0
0
0
0
0
0
15
0
19
6
0
0
48
243
243
58
13
1
0
0
6
0
0
0
0
0
0
0
0
0
0
0
0
0
10
0
0
8
0
0
199
255
158
11
0
1
8
0
1
2
0
0
0
0
0
0
0
0
0
0
0
0
0
6
15
0
7
81
248
224
21
0
0
3
0
2
0
4
0
0
0
0
0
0
0
0
0
0
0
0
5
0
0
0
0
165
246
124
0
0
0
0
0
0
0
0
0
0
0
0
0
0
0
0
0
0
0
0
1
5
0
4
41
230
219
4
0
0
0
0
0
0
0
0
0
0
0
0
0
0
0
0
0
0
0
0
0
5
11
17
131
240
133
0
0
0
0
0
0
0
0
0
0
0
0
0
0
0
0
0
0
0
0
0
11
0
2
0
220
208
22
6
0
0
0
0
0
0
0
0
0
0
0
0
0
0
0
0
0
0
0
0
9
0
9
54
255
144
0
6
0
0
0
0
0
0
0
0
0
0
0
0
0
0
0
0
0
0
0
0
0
0
12
211
250
66
2
8
0
0
0
0
0
0
0
0
0
0
0
0
0
0
0
0
0
0
0
0
7
0
6
255
202
22
6
0
0
0
0
0
0
0
0
0
0
0
0
0
0
0
0
0
0
0
0
0
0
11
94
234
128
0
1
5
0
0
0
0
0
0
0
0
0
0
0
0
0
0
0
0
0
0
0
0
16
0
100
255
47
0
12
0
0
0
0
0
0
0
0
0
0
0
0
0
0
0
0
0
0
0
0
0
0
0
198
148
0
2
3
0
0
0
0
0
0
0
0
0
0
0
0
0
0
0
0
0
0
0
0
0
0
5
115
164
22
22
0
3
0
0
0
0
0
0
0
0
0
0
0
0
0
0
0
0
0
0
0
0
9
0
0
6
0
0
21
0
0
0
0
0
0
0
0
0
0
0
0
0
