7
0
0
0
0
0
0
0
0
0
0
0
0
0
0
0
0
0
0
0
0
0
0
0
0
0
0
0
0
0
0
0
0
0
0
0
0
0
0
0
0
0
0
0
0
0
0
0
0
0
0
0
0
0
0
0
0
0
0
0
0
0
0
0
0
0
0
0
0
0
0
0
0
0
0
0
0
0
0
0
0
0
0
0
0
0
0
0
0
0
0
0
0
0
0
0
0
0
0
0
0
0
0
0
0
0
0
0
0
0
0
0
0
0
0
0
0
0
0
0
0
0
0
0
0
0
0
0
0
0
0
0
0
0
0
0
0
0
0
0
0
0
0
0
0
0
0
0
0
0
0
0
0
0
0
0
0
0
0
0
0
0
0
0
0
0
0
0
0
0
0
0
0
0
0
0
0
0
0
0
0
0
0
0
0
0
0
0
0
0
0
0
0
0
0
0
0
0
0
0
0
0
0
0
0
0
0
0
0
0
0
0
0
0
0
0
0
0
0
0
0
0
0
0
0
1
1
0
9
0
0
41
13
90
138
134
141
190
192
255
174
141
136
0
7
0
7
0
8
0
0
0
0
0
7
5
0
13
162
242
255
234
255
247
240
255
254
254
234
254
253
207
55
17
0
14
0
0
0
0
0
15
6
0
0
37
253
255
246
255
252
255
255
235
255
242
255
248
255
250
186
8
3
0
22
0
0
0
0
0
0
1
15
41
212
231
255
242
240
194
164
152
144
76
149
161
191
255
252
76
6
0
0
0
0
0
0
1
0
5
1
0
36
71
127
39
17
12
8
0
0
0
5
2
11
149
244
171
0
18
0
0
0
0
0
2
0
0
0
4
0
0
0
0
8
0
0
24
5
0
8
11
0
30
249
193
0
0
14
0
0
0
0
1
5
6
0
4
0
5
7
8
0
12
5
2
0
3
0
0
0
5
152
167
0
3
0
0
0
0
0
0
0
5
0
4
1
0
2
2
0
4
0
0
5
0
10
0
4
6
149
194
10
0
1
0
0
0
0
0
0
0
0
0
0
0
0
0
0
0
0
0
0
0
0
0
0
15
238
186
0
7
0
0
0
0
0
0
0
0
0
0
0
0
0
0
0
0
0
0
0
0
0
0
16
69
249
184
3
0
0
0
0
0
0
0
0
0
0
0
0
0
0
0
0
0
0
0
0
0
0
0
4
149
250
185
7
0
10
0
0
0
0
0
0
0
0
0
0
0
0
0
0
0
0
0
0
0
0
15
4
244
255
176
0
0
3
0
0
0
0
0
0
0
0
0
0
0
0
0
0
0
0
0
0
0
0
0
0
255
255
114
0
0
1
0
0
0
0
0
0
0
0
0
0
0
0
0
0
0
0
0
0
0
0
0
15
242
236
38
8
0
6
0
0
0
0
0
0
0
0
0
0
0
0
0
0
0
0
0
0
0
0
18
103
255
192
4
10
0
0
0
0
0
0
0
0
0
0
0
0
0
0
0
0
0
0
0
0
0
0
0
117
248
113
0
0
5
2
0
0
0
0
0
0
0
0
0
0
0
0
0
0
0
0
0
0
0
0
0
192
255
61
6
0
0
6
0
0
0
0
0
0
0
0
0
0
0
0
0
0
0
0
0
0
0
0
78
233
213
21
0
2
1
2
0
0
0
0
0
0
0
0
0
0
0
0
0
0
0
0
0
0
0
0
105
246
154
0
0
8
0
0
0
0
0
0
0
0
0
0
0
0
0
0
0
0
0
0
0
0
0
0
84
245
121
0
0
2
0
0
0
0
0
0
