9
0
0
0
0
0
0
0
0
2
2
2
2
1
1
1
0
1
2
0
0
0
2
2
0
0
0
0
0
0
0
0
0
0
0
0
0
0
1
2
3
2
0
0
0
0
0
2
11
11
2
0
1
0
0
0
0
0
0
0
0
0
0
0
0
5
2
0
0
0
0
0
2
3
1
0
0
0
0
3
11
0
0
0
0
0
0
0
0
0
0
0
0
0
0
0
0
2
4
5
6
0
11
12
1
0
7
3
0
0
0
0
0
0
0
0
0
0
0
0
0
4
6
9
10
7
2
0
0
0
0
0
0
0
7
7
1
0
0
0
0
0
0
0
0
0
0
0
0
0
0
0
0
0
0
5
9
18
4
0
3
3
0
0
1
0
0
0
0
0
0
0
0
0
0
0
0
4
5
6
6
4
1
0
0
0
1
6
0
0
0
2
0
0
0
0
0
0
0
0
0
0
0
0
0
0
23
94
167
222
250
255
254
255
255
180
56
0
1
11
0
0
0
0
0
0
0
9
0
12
4
0
3
41
204
231
248
248
194
138
144
136
226
249
239
57
0
6
0
0
0
0
0
7
7
0
8
0
0
18
39
254
255
213
87
0
0
0
3
0
0
72
200
215
73
0
4
0
0
0
0
1
0
5
7
2
9
33
222
220
121
8
0
12
4
10
0
1
11
59
215
239
115
14
0
0
0
0
0
0
0
14
0
0
15
51
255
179
0
2
8
6
0
0
12
0
79
199
255
246
7
5
1
0
0
0
0
1
3
0
6
0
1
138
197
0
3
2
0
6
0
15
0
161
238
255
235
122
16
0
0
0
0
0
0
4
0
0
8
2
4
146
241
68
0
6
0
0
14
83
211
179
89
232
221
100
0
0
0
0
0
0
0
8
0
9
0
1
0
33
201
238
175
145
157
129
210
255
174
42
112
255
220
0
0
10
0
0
0
0
0
0
6
1
2
0
8
0
49
159
255
239
242
255
219
75
1
0
248
251
126
4
0
5
0
0
0
0
0
0
0
0
0
0
0
0
0
4
0
17
4
0
7
0
15
135
252
224
30
7
0
0
0
0
0
0
0
0
0
0
0
0
0
0
0
6
0
0
0
9
0
11
36
244
255
80
3
0
0
16
1
0
0
0
0
0
0
0
0
0
0
0
0
2
0
2
0
0
8
0
172
244
160
0
9
1
0
4
0
0
0
0
0
0
0
0
0
0
0
0
0
0
0
16
0
3
0
24
255
246
77
8
1
5
0
0
8
0
0
0
0
0
0
0
0
0
0
0
0
5
3
3
0
16
0
149
248
177
8
13
0
1
9
0
6
0
0
0
0
0
0
0
0
0
0
0
0
5
0
0
16
0
103
255
234
41
0
0
3
0
10
2
0
0
0
0
0
0
0
0
0
0
0
0
0
0
0
3
17
21
231
253
169
15
12
0
15
0
0
5
1
0
0
0
0
0
0
0
0
0
0
0
0
0
11
0
0
159
249
189
16
1
0
0
1
3
2
2
1
0
0
0
0
0
0
0
0
0
0
0
0
0
2
5
15
204
254
44
4
0
0
0
0
0
0
0
0
0
0
0
0
0
0
0
0
0
0
0
0
13
0
0
118
255
203
13
12
0
0
0
0
0
0
0
0
0
0
0
0
0
0
0
0
0
0
0
0
0
0
21
150
243
134
5
0
0
0
0
0
0
0
0
0
0
0
0
0
0
0
0
0
0
0
0
0
0
15
0
0
13
0
0
6
0
0
0
0
0
0
0
0
0
0
0
0
