7
0
0
0
0
0
0
0
0
0
0
0
19
0
0
22
0
0
0
0
1
0
4
8
0
0
0
0
0
0
0
0
0
0
0
0
0
0
19
4
0
3
0
7
7
13
5
4
8
0
0
0
6
0
0
0
0
0
0
0
0
0
0
0
0
28
0
1
3
0
0
7
0
0
0
0
0
6
12
3
0
0
0
0
0
0
0
0
0
0
0
0
0
0
1
4
0
9
9
0
3
9
10
0
0
0
3
0
0
0
0
0
0
0
0
0
0
0
0
0
0
8
7
0
4
0
0
0
12
0
0
0
15
13
0
0
3
0
0
0
0
0
0
0
0
0
0
0
0
0
44
177
179
61
17
7
0
7
5
4
0
0
6
13
0
0
0
0
0
0
0
0
0
0
0
0
0
7
100
253
150
153
220
191
163
111
92
78
34
0
0
17
0
0
0
0
0
0
0
0
0
0
0
0
0
0
0
239
103
4
0
14
66
132
125
192
215
101
0
0
8
0
0
0
0
0
0
0
0
0
0
0
0
5
0
245
187
0
0
3
4
4
5
104
253
216
0
0
7
0
0
0
0
0
0
0
0
0
0
0
0
0
12
155
243
1
5
0
0
0
0
172
255
167
3
11
0
0
0
0
0
0
0
0
0
0
0
0
0
0
12
0
36
0
17
0
1
2
23
237
255
76
5
7
0
0
0
0
0
0
0
0
0
0
0
0
0
13
0
5
0
0
6
14
5
0
92
255
226
5
0
0
0
0
0
0
0
0
0
0
0
0
0
0
0
0
0
3
17
0
0
0
1
30
203
255
157
11
12
2
12
0
0
0
0
0
0
0
0
0
0
0
0
0
24
0
0
22
4
0
7
110
255
204
30
0
0
4
0
0
0
0
0
0
0
0
0
0
0
0
0
0
0
20
7
0
0
19
29
234
255
114
0
5
0
21
3
0
0
0
0
0
0
0
0
0
0
0
0
8
0
13
0
0
13
3
174
255
188
0
4
3
0
0
0
0
0
0
0
0
0
0
0
0
0
0
0
0
0
0
4
4
0
107
252
239
57
0
3
0
4
0
0
0
0
0
0
0
0
0
0
0
0
0
0
0
9
0
0
11
43
255
255
108
6
0
1
0
3
0
8
0
0
0
0
0
0
0
0
0
0
0
0
0
0
0
4
13
238
253
191
11
0
4
0
0
5
0
4
0
0
0
0
0
0
0
0
0
0
0
0
0
0
12
0
179
255
206
25
0
0
7
0
0
10
0
0
0
0
0
0
0
0
0
0
0
0
0
0
11
0
6
94
255
221
71
0
0
2
0
0
1
7
0
0
0
0
0
0
0
0
0
0
0
0
0
0
0
0
32
255
238
99
0
4
0
2
2
0
2
0
0
7
0
0
0
0
0
0
0
0
0
0
0
0
5
18
226
238
180
0
0
13
0
5
6
8
1
0
0
1
0
0
0
0
0
0
0
0
0
0
0
0
0
215
247
255
28
0
4
0
0
0
0
1
0
0
5
0
0
0
0
0
0
0
0
0
0
0
0
0
1
183
227
86
0
0
8
0
0
0
0
0
0
0
0
0
0
0
0
0
0
0
0
0
0
0
0
0
0
20
14
0
7
10
0
0
0
0
0
0
0
0
0
0
0
0
0
0
0
0
0
0
0
0
0
0
0
0
0
0
1
0
0
13
0
0
0
0
0
0
0
0
0
0
0
0
0
0
0
0
0
0
0
0
0
15
8
0
1
5
1
3
0
0
0
0
0
0
0
0
0
0
0
0
