4
0
0
0
0
0
0
0
0
8
0
2
0
2
0
1
0
0
0
0
0
0
0
0
0
0
0
0
0
0
0
0
0
0
0
0
0
1
11
1
0
5
0
9
0
0
0
0
0
0
0
0
0
0
0
0
0
0
0
0
0
0
0
0
0
0
2
2
0
0
3
0
0
0
0
0
0
0
0
0
0
0
0
0
0
0
0
0
0
0
0
0
0
16
0
12
0
3
7
0
0
0
0
0
0
0
0
0
0
0
0
0
0
0
0
0
0
0
0
0
0
2
0
8
0
3
0
15
0
0
0
0
0
0
0
0
0
0
0
0
0
0
0
0
0
0
0
0
0
0
53
110
240
209
0
0
14
0
0
0
0
0
0
0
0
0
0
0
0
0
0
0
0
0
0
0
0
20
228
252
255
217
80
2
0
0
0
0
0
0
0
0
0
0
0
0
0
0
0
0
0
0
0
0
0
43
244
255
252
253
190
0
9
0
0
0
0
0
0
0
0
0
0
0
0
0
0
12
0
0
15
0
3
154
255
245
246
244
94
0
6
6
0
5
0
26
173
197
196
63
8
0
5
11
0
0
0
21
0
3
49
229
251
255
246
187
0
27
0
3
3
2
50
180
254
255
213
41
2
0
6
2
0
1
15
0
16
46
225
247
253
247
255
153
0
0
17
0
14
0
63
248
252
250
188
13
0
1
6
0
17
0
0
0
0
173
255
255
255
253
172
16
25
0
0
8
0
83
232
255
255
233
87
0
0
2
3
3
10
0
0
15
126
254
237
253
245
205
28
0
0
0
0
0
3
112
249
249
247
107
20
0
0
0
0
9
0
5
12
0
248
255
255
255
237
115
0
85
15
56
154
3
0
119
255
243
231
52
0
2
2
0
0
4
0
4
0
5
101
252
248
248
255
237
242
255
240
255
241
243
249
239
255
255
139
0
4
1
2
0
0
2
1
4
1
8
16
205
255
253
254
254
252
255
255
242
255
255
255
251
249
240
29
0
3
0
1
0
3
1
0
0
0
0
10
118
248
239
255
240
255
255
237
255
254
253
255
246
239
79
0
0
5
0
0
0
0
2
3
2
2
0
0
11
62
212
223
219
228
168
79
70
71
249
250
255
244
83
3
0
0
0
0
0
0
0
2
0
0
9
6
0
1
0
0
9
14
0
0
0
1
255
254
244
208
11
0
6
0
0
0
0
0
0
7
0
0
0
3
1
3
4
0
3
0
0
9
0
16
244
255
250
216
0
1
4
1
0
0
0
0
0
4
1
0
2
0
0
0
1
0
0
0
9
0
0
100
253
255
247
220
23
0
0
0
0
0
0
0
0
0
0
3
15
8
1
10
3
6
5
0
8
0
16
125
255
247
252
230
113
0
2
8
0
0
0
0
6
2
0
0
2
0
0
0
0
0
4
0
0
3
0
6
168
244
255
255
183
18
8
1
0
0
0
0
0
7
6
0
3
3
0
1
17
0
0
10
0
0
10
0
65
236
245
249
129
10
0
0
0
0
0
0
0
0
0
0
0
0
0
0
0
0
0
0
0
0
0
0
0
98
243
255
117
12
0
0
0
0
0
0
0
0
0
0
0
0
0
0
0
0
0
0
0
0
0
0
3
0
1
14
0
0
8
0
0
0
0
0
0
0
0
0
0
0
0
0
0
0
0
0
0
0
0
0
14
0
0
1
0
0
7
3
0
0
0
0
0
0
0
0
0
0
0
0
0
0
0
0
0
0
0
0
0
0
0
2
4
0
0
0
0
0
0
0
