9
0
0
0
0
0
0
0
0
5
4
0
0
4
4
0
0
2
0
0
3
0
0
0
12
0
0
0
0
0
0
0
0
0
0
0
0
0
1
14
13
3
0
0
5
0
0
0
4
8
4
0
0
0
0
0
0
0
0
0
0
0
0
0
0
10
0
0
0
0
0
5
0
0
8
11
0
0
0
5
11
0
0
0
0
0
0
0
0
0
0
0
0
0
0
5
10
0
1
4
0
0
0
0
0
1
5
0
0
0
0
0
0
0
0
0
0
0
0
0
0
10
3
0
0
0
0
2
0
7
3
0
0
0
0
0
3
0
0
0
0
0
0
0
0
0
0
0
0
0
0
1
0
3
0
0
11
0
0
5
4
0
0
3
5
0
0
0
0
0
0
0
0
0
0
0
0
4
23
1
0
13
53
113
189
255
212
118
22
0
0
4
0
0
0
0
0
0
0
0
0
0
0
0
0
0
0
0
56
200
255
251
252
241
255
244
123
18
0
4
4
0
0
0
0
0
7
7
0
6
10
0
4
0
0
108
255
240
226
174
39
43
74
245
202
37
0
16
0
0
0
0
0
6
1
0
2
0
0
0
2
0
119
241
213
82
22
0
2
0
15
129
255
100
0
0
0
0
0
0
0
2
0
0
13
0
0
13
0
30
248
255
101
0
0
0
6
5
0
190
255
203
4
9
0
0
0
0
0
0
3
0
7
0
5
3
0
206
255
112
10
0
0
12
5
0
50
255
244
178
0
0
0
0
0
0
0
0
6
5
0
0
4
0
79
255
184
12
6
8
0
0
0
0
180
238
255
70
0
4
15
0
0
0
0
2
0
1
0
0
3
4
180
239
101
0
2
0
7
3
9
42
234
255
147
0
0
0
0
0
0
0
0
1
0
0
10
0
5
10
155
249
102
1
0
0
5
4
73
188
250
255
23
2
9
15
0
0
0
0
0
2
3
0
14
0
1
0
41
231
253
189
173
191
212
223
255
255
244
126
0
0
3
2
4
0
0
0
0
0
0
0
0
0
0
0
0
70
177
235
243
204
179
92
125
253
255
49
16
0
1
0
4
0
0
0
0
0
0
0
0
0
0
0
0
0
11
7
8
0
10
0
63
251
230
19
0
0
6
0
0
0
0
0
0
0
0
0
0
0
0
0
0
17
9
0
1
5
10
7
129
251
187
0
0
0
5
0
0
0
0
0
0
0
0
0
0
0
0
0
0
0
0
0
9
1
0
2
154
254
151
5
1
0
0
0
6
0
0
0
0
0
0
0
0
0
0
0
0
5
6
8
7
0
0
58
240
255
108
3
5
1
0
0
6
0
0
0
0
0
0
0
0
0
0
0
0
1
0
0
0
0
2
77
255
250
60
0
0
3
5
2
0
0
0
0
0
0
0
0
0
0
0
0
0
0
0
2
0
7
3
70
246
238
28
0
2
0
4
4
0
0
0
0
0
0
0
0
0
0
0
0
0
5
0
3
0
0
0
70
255
227
19
13
13
0
0
4
3
0
0
0
0
0
0
0
0
0
0
0
0
7
0
11
0
3
2
41
241
255
224
61
0
0
0
27
0
0
0
0
0
0
0
0
0
0
0
0
0
0
0
10
0
4
0
8
132
230
113
0
0
25
0
0
4
0
0
0
0
0
0
0
0
0
0
0
0
0
0
5
0
5
0
0
24
0
7
1
4
0
0
9
0
0
0
0
0
0
0
0
0
0
0
0
0
1
5
0
0
4
3
0
0
0
0
8
3
0
7
11
0
0
0
0
0
