9
0
0
0
0
0
0
0
0
0
0
0
2
3
3
1
0
0
5
0
13
4
0
7
0
0
0
0
0
0
0
0
0
0
0
0
0
2
2
0
0
0
0
0
1
0
7
0
0
0
0
12
3
0
0
0
0
0
0
0
0
0
0
0
0
0
0
2
3
2
1
1
2
9
0
0
13
17
0
1
0
0
0
0
0
0
0
0
0
0
0
0
0
2
0
0
0
0
0
0
0
0
3
2
2
0
0
0
6
0
0
0
0
0
0
0
0
0
0
0
0
3
0
0
0
2
7
9
10
0
15
4
0
1
23
5
0
0
0
0
0
0
0
0
0
0
0
0
0
0
0
4
4
0
0
0
0
0
0
2
0
2
0
0
16
0
0
0
0
0
0
0
0
0
0
0
0
0
5
6
0
0
0
22
44
154
200
255
255
205
85
0
1
0
0
0
0
0
0
0
0
0
0
0
0
0
1
0
0
18
86
183
255
252
255
252
243
255
232
86
0
0
0
0
0
0
4
9
0
4
0
8
0
0
17
3
113
186
255
239
221
166
117
70
69
181
250
201
0
9
0
0
0
0
0
6
0
3
0
9
0
9
0
133
255
255
168
107
23
0
3
5
0
65
238
246
41
0
6
3
0
1
0
4
0
0
0
6
0
16
150
253
220
59
16
0
0
9
0
7
173
72
192
194
5
0
7
11
0
7
0
4
0
0
0
0
0
93
255
227
54
1
8
3
2
0
8
165
247
211
10
0
0
6
0
0
0
6
0
3
0
0
1
0
34
241
247
49
0
0
0
3
5
18
175
255
255
165
0
2
5
0
36
7
0
0
0
0
0
1
2
1
89
243
255
0
12
7
0
11
144
214
253
228
223
37
3
0
6
0
173
65
0
0
4
0
0
5
0
2
140
255
174
1
5
1
64
223
250
255
251
255
0
3
7
0
0
0
242
72
0
0
11
1
0
6
0
0
169
247
190
17
103
205
251
247
255
252
247
20
18
0
0
23
0
0
231
43
9
0
7
0
0
11
0
13
109
255
241
235
255
242
241
165
255
255
126
18
0
0
5
9
0
9
38
41
9
0
11
0
0
9
0
0
32
208
254
255
187
115
35
125
245
146
36
0
4
6
0
0
3
0
6
9
0
0
8
2
0
6
4
0
0
10
10
25
3
0
53
221
223
27
0
0
6
1
0
3
0
1
0
0
0
0
0
6
0
0
3
8
2
3
0
0
0
55
232
246
89
0
0
10
6
0
0
6
0
10
0
0
4
0
0
2
2
0
0
4
2
0
12
11
0
203
253
168
0
2
0
0
7
1
0
0
12
0
0
0
0
6
0
0
3
1
0
0
0
0
0
1
167
255
165
43
0
0
0
0
0
0
0
1
4
0
3
5
0
0
0
0
0
6
8
3
0
0
0
187
255
250
8
9
0
0
11
7
0
0
8
4
0
1
5
5
0
0
8
6
0
0
0
0
1
0
93
244
203
29
9
0
9
0
0
0
4
8
0
0
8
0
0
0
0
0
0
0
0
0
0
0
0
25
247
247
50
0
15
1
0
0
0
0
0
0
0
0
0
0
0
0
0
0
0
0
0
0
0
0
0
29
250
92
0
22
0
1
12
0
0
0
0
0
0
0
0
0
0
0
0
0
0
0
0
0
0
0
0
4
7
17
0
0
16
0
0
0
0
0
0
0
0
0
0
0
0
0
0
0
0
0
0
0
0
0
0
2
0
0
4
6
0
0
0
0
0
0
0
0
0
0
0
0
0
0
0
