9
0
0
0
0
0
0
0
0
0
2
5
4
1
1
0
0
0
0
0
5
6
2
0
0
0
0
0
0
0
0
0
0
0
0
0
0
2
0
0
0
0
0
0
2
3
0
0
0
0
0
0
3
0
0
0
0
0
0
0
0
0
0
0
0
0
1
5
10
11
7
0
0
5
5
4
2
0
0
0
0
0
0
0
0
0
0
0
0
0
0
0
0
3
0
0
0
0
0
2
6
0
0
0
0
0
3
3
0
0
0
0
0
0
0
0
0
0
0
0
0
14
6
2
2
0
0
0
0
7
8
5
0
0
0
0
0
0
0
0
0
0
0
0
0
0
0
0
0
0
0
0
3
4
0
3
11
0
0
0
0
0
2
0
0
0
0
0
0
0
0
0
0
0
0
0
0
5
3
7
10
3
0
0
1
3
8
5
0
0
3
5
0
0
0
0
0
0
0
0
0
0
0
0
0
0
37
127
213
255
255
252
251
162
138
89
32
0
0
0
0
0
0
0
0
0
3
0
0
0
7
0
23
129
228
250
248
251
255
228
255
255
246
251
96
10
4
6
4
0
0
0
0
0
0
6
0
0
5
11
122
249
248
255
203
176
95
97
154
167
240
255
255
59
0
0
1
0
0
0
0
4
0
2
0
1
3
3
147
252
255
75
0
1
1
4
0
8
27
189
240
143
0
7
0
0
0
0
0
8
0
3
0
0
0
0
134
253
113
9
4
27
0
0
9
0
16
215
255
129
0
10
0
0
0
0
0
0
0
11
0
0
1
5
134
240
233
1
0
0
0
10
1
1
195
255
228
131
3
10
0
0
0
0
0
0
2
3
0
0
8
0
62
255
240
188
55
22
14
114
122
226
243
244
255
55
3
0
2
0
0
0
0
2
1
0
5
3
7
0
0
156
255
246
255
255
246
255
253
251
247
250
70
0
7
14
0
0
0
0
0
0
2
0
10
0
0
7
2
47
145
211
255
246
248
254
248
248
255
124
0
5
6
0
4
0
0
0
0
0
0
0
0
0
0
0
0
7
0
3
63
53
61
54
185
252
255
63
0
0
0
11
0
0
0
0
0
0
0
0
0
0
0
0
0
0
11
0
11
6
0
67
254
253
136
6
0
12
0
3
0
0
0
0
0
0
0
0
0
0
0
0
0
3
8
0
0
4
0
116
243
255
45
0
0
18
0
0
2
0
0
0
0
0
0
0
0
0
0
0
0
1
0
6
2
0
49
217
255
182
12
2
0
1
0
4
1
0
0
0
0
0
0
0
0
0
0
0
0
5
0
9
0
33
165
255
190
35
0
0
4
0
2
6
0
0
0
0
0
0
0
0
0
0
0
0
0
4
10
0
0
135
255
237
96
0
0
0
6
1
5
0
0
0
0
0
0
0
0
0
0
0
0
0
0
0
11
0
0
183
255
239
86
9
12
0
2
0
2
0
5
0
0
0
0
0
0
0
0
0
0
0
0
6
0
0
42
231
245
218
0
0
0
6
0
0
6
0
3
0
0
0
0
0
0
0
0
0
0
0
0
0
13
8
193
250
255
119
2
0
0
0
0
0
0
0
0
0
0
0
0
0
0
0
0
0
0
0
0
6
0
11
255
255
190
29
0
0
0
0
0
0
0
0
0
0
0
0
0
0
0
0
0
0
0
0
0
5
0
23
251
229
105
0
0
0
0
0
0
0
0
0
0
0
0
0
0
0
0
0
0
0
0
0
0
0
7
0
1
2
2
15
2
0
0
0
0
0
0
0
0
0
0
0
0
