2
0
0
0
0
0
0
0
0
0
2
4
0
0
2
0
2
1
2
2
0
3
7
0
3
0
0
0
0
0
0
0
0
0
0
0
0
1
1
0
0
0
12
2
0
0
0
10
3
0
1
8
0
0
0
0
0
0
0
0
0
0
0
0
0
9
0
0
17
0
0
0
0
2
3
0
15
11
13
0
0
0
0
0
0
0
0
0
0
0
0
0
0
0
3
0
7
0
19
39
44
42
42
20
22
3
0
0
10
0
0
0
0
0
0
0
0
0
0
0
0
0
15
0
0
45
167
247
247
247
242
255
233
101
10
17
0
0
0
0
0
0
0
0
0
0
0
0
0
0
0
5
91
205
255
255
251
251
255
248
255
252
102
0
7
0
0
0
0
0
0
0
0
0
0
0
0
20
0
0
110
255
244
247
244
222
95
103
231
251
203
43
3
0
0
0
0
0
0
0
0
0
0
0
0
0
4
5
69
193
135
97
51
0
0
5
142
243
255
33
3
0
0
0
0
6
0
5
0
0
8
0
0
3
0
2
4
0
0
3
0
0
0
13
58
240
255
130
9
0
0
0
0
0
0
11
3
0
3
0
0
5
0
0
5
7
10
5
0
8
7
0
73
251
250
211
0
0
0
0
0
11
0
0
0
0
9
6
13
0
0
0
0
0
0
0
3
4
0
6
110
245
255
156
0
0
0
0
0
6
0
0
1
3
1
0
0
4
9
6
1
0
0
0
4
0
9
0
178
255
216
61
1
0
0
0
0
0
0
2
8
4
0
5
13
0
1
0
0
7
4
0
0
9
0
53
226
255
211
1
9
0
0
0
0
7
1
0
0
4
0
0
0
0
8
4
0
5
0
0
17
0
0
192
255
239
180
0
4
0
0
0
0
1
3
0
7
6
0
5
7
49
71
67
61
63
31
0
0
0
124
247
254
173
55
24
0
0
0
0
0
0
10
2
0
0
21
135
218
249
255
244
255
255
205
80
4
63
231
255
191
90
0
0
5
0
0
0
0
0
5
0
0
57
212
254
251
248
225
255
255
247
250
241
248
255
254
248
78
0
5
1
1
0
0
0
0
0
0
1
30
229
241
255
143
61
1
36
159
253
255
245
250
236
239
53
0
7
0
0
0
0
0
0
0
0
0
5
131
252
243
82
4
0
17
81
189
251
245
249
255
255
242
90
7
0
14
0
2
0
0
0
0
0
6
0
179
236
255
64
92
120
232
255
243
239
250
255
225
238
255
219
16
0
15
0
3
0
0
0
0
5
7
0
87
255
251
245
245
245
252
244
247
158
12
0
53
163
255
182
8
3
0
0
0
0
0
0
0
0
0
0
18
181
227
255
245
185
136
66
35
17
0
0
1
4
64
8
0
0
4
8
10
0
0
0
0
5
8
5
0
0
59
9
21
0
0
7
2
0
5
2
0
11
0
4
28
0
0
0
0
0
0
0
0
0
0
0
2
3
0
13
9
7
0
6
1
0
10
0
0
4
0
9
0
0
0
12
6
0
0
0
0
0
0
0
0
0
0
0
0
0
0
0
0
0
0
0
0
0
0
0
0
0
0
0
0
0
0
0
0
0
0
0
0
0
0
0
0
0
0
0
0
0
0
0
0
0
0
0
0
0
0
0
0
0
0
0
0
0
0
0
0
0
0
0
0
0
0
0
0
0
0
0
0
0
0
0
0
0
0
0
0
0
0
0
0
0
0
0
0
0
0
0
0
0
0
0
0
0
0
0
0
0
0
0
0
0
0
0
0
0
0
0
0
