5
0
0
0
0
0
0
0
0
0
14
0
6
0
0
0
0
0
2
0
1
3
0
0
6
0
0
0
0
0
0
0
0
0
0
0
0
0
0
2
5
13
0
4
10
0
4
2
0
3
2
0
0
0
0
0
0
0
0
0
0
0
0
0
0
7
3
0
0
6
4
0
0
10
5
0
0
0
3
3
8
0
0
0
0
0
0
0
0
0
0
0
0
0
9
0
2
0
27
0
2
0
0
5
12
11
0
0
5
0
0
0
0
0
0
0
0
0
0
0
0
0
1
20
29
16
105
134
198
255
179
59
0
0
16
11
0
0
0
0
0
0
0
0
0
0
0
0
0
0
23
187
240
255
255
248
255
231
250
192
71
0
0
0
0
0
0
0
0
0
0
0
0
0
0
0
0
9
48
255
255
206
155
119
85
0
69
91
42
2
0
5
2
0
0
0
0
0
0
0
0
0
0
0
0
0
66
254
164
8
0
0
0
0
5
0
0
0
5
0
0
0
0
0
0
0
0
0
0
0
0
0
0
11
143
241
145
0
5
6
3
6
0
0
5
9
0
0
0
0
0
0
0
0
0
0
0
0
0
0
0
0
194
252
56
9
0
0
0
0
0
11
0
0
8
10
0
0
0
0
0
0
0
0
0
0
0
0
0
50
243
192
5
3
1
0
9
20
0
0
6
2
0
0
6
0
0
0
0
0
0
0
0
0
0
0
0
86
248
178
10
0
0
12
2
0
0
22
0
0
8
0
7
0
0
0
0
0
0
0
0
0
0
0
0
173
253
248
176
226
177
227
213
206
105
35
0
2
12
0
0
0
0
0
0
0
0
0
0
0
0
0
0
172
253
245
231
255
241
254
255
255
255
242
112
18
0
5
0
0
0
0
0
0
0
0
0
0
0
0
0
101
244
212
137
103
119
109
115
128
173
252
255
177
3
0
1
0
0
0
0
0
0
0
0
0
0
0
0
0
7
0
0
15
6
14
12
0
22
136
240
230
23
8
1
0
0
0
0
0
0
0
0
0
0
0
0
3
0
4
5
3
154
190
47
14
0
0
188
246
113
7
5
0
0
0
0
0
0
0
0
0
0
0
0
8
0
0
53
185
221
110
0
0
17
0
195
250
180
0
0
0
0
0
0
0
0
0
0
0
0
0
0
0
12
59
231
255
154
0
20
12
0
3
95
234
185
0
8
0
0
0
0
0
0
0
0
0
0
0
0
26
0
73
242
221
45
0
0
6
4
13
171
255
168
0
3
0
0
0
0
0
0
0
0
0
0
0
0
0
2
72
255
104
2
12
0
34
105
228
255
234
133
2
2
0
0
0
0
0
0
0
0
0
0
0
0
3
4
72
254
217
153
231
215
250
238
250
244
199
8
11
0
0
0
0
0
0
0
0
0
0
0
0
0
0
11
57
255
254
254
244
246
239
255
237
147
14
8
0
2
0
0
0
0
0
0
0
0
0
0
0
0
3
0
10
104
135
240
255
255
189
111
13
6
0
0
0
8
0
0
0
0
0
0
0
0
0
0
0
0
0
0
0
0
0
0
0
0
0
0
0
0
0
0
0
0
0
0
0
0
0
0
0
0
0
0
0
0
0
0
0
0
0
0
0
0
0
0
0
0
0
0
0
0
0
0
0
0
0
0
0
0
0
0
0
0
0
0
0
0
0
0
0
0
0
0
0
0
0
0
0
0
0
0
0
0
0
0
0
0
0
0
0
0
0
0
0
0
0
0
0
0
0
0
0
0
0
0
0
0
0
0
0
0
