0
0
0
0
0
0
0
0
0
0
14
0
0
7
0
0
15
0
0
6
0
10
0
0
5
0
0
0
0
0
0
0
0
0
0
0
0
1
0
4
11
0
0
6
0
12
0
0
0
1
0
4
0
0
0
0
0
0
0
0
0
0
0
0
0
0
6
0
0
3
8
1
3
0
15
10
4
0
0
0
13
0
0
0
0
0
0
0
0
0
0
0
0
4
1
7
6
0
0
0
0
0
0
0
5
11
7
0
0
0
0
0
0
0
0
0
0
0
0
0
0
0
6
0
0
18
9
65
191
255
126
21
5
0
9
17
0
0
0
0
0
0
0
0
0
0
0
0
0
14
0
0
130
252
254
232
255
254
253
119
0
0
16
0
5
0
0
0
0
0
0
0
0
0
0
0
0
2
6
142
255
240
255
255
240
255
254
247
137
3
0
20
0
0
0
0
0
0
0
0
0
0
0
0
0
0
183
255
246
255
255
238
255
255
251
255
255
183
22
0
18
0
0
0
0
0
4
8
0
0
13
0
0
255
255
237
255
255
187
114
255
255
255
244
254
252
133
3
0
1
7
0
9
0
0
0
5
1
0
14
135
254
255
255
253
47
14
0
136
255
0
138
255
247
247
70
0
0
0
0
0
5
0
0
5
2
0
63
245
255
233
255
5
0
0
16
0
0
8
0
64
255
255
243
68
12
0
6
2
1
6
0
0
4
0
147
255
253
201
0
0
13
0
0
8
0
0
5
0
187
248
255
254
59
0
5
6
0
5
3
0
8
0
236
255
255
120
0
0
0
16
0
0
1
0
0
6
14
176
255
245
127
0
0
0
0
0
3
0
3
0
255
253
255
61
0
17
5
0
10
0
0
6
0
1
0
133
240
255
204
7
0
0
2
0
1
0
0
12
255
254
185
0
20
0
9
0
0
13
1
11
11
0
1
124
255
252
230
12
5
0
0
2
0
0
7
61
251
255
134
5
0
11
0
0
8
0
1
0
5
2
0
190
255
254
202
0
4
0
0
3
0
0
10
250
251
254
117
12
0
0
2
11
0
14
0
10
0
3
255
255
246
255
114
17
0
11
0
9
2
11
0
135
255
250
147
0
27
7
0
12
0
0
2
0
6
120
249
255
255
179
23
0
0
15
16
0
0
0
7
102
255
255
249
9
0
0
0
0
11
0
7
0
194
255
245
248
189
17
0
0
3
3
0
12
0
6
0
10
255
244
255
130
0
10
10
0
0
0
52
195
247
252
254
206
0
0
6
11
2
0
0
0
17
0
0
12
171
255
249
253
136
118
120
131
141
133
255
255
255
254
192
0
0
4
0
3
0
0
1
3
0
10
12
0
127
249
255
255
255
247
255
255
249
246
255
243
171
97
0
0
38
0
0
0
2
3
0
0
19
6
0
0
15
129
255
244
254
255
255
255
255
255
255
144
70
0
3
0
0
0
3
5
5
0
0
1
0
0
3
11
4
0
0
137
189
255
255
253
187
124
0
2
0
5
2
5
0
9
0
0
1
0
0
0
0
0
0
0
0
0
0
0
0
0
0
0
0
0
0
0
0
0
0
0
0
0
0
0
0
0
0
0
0
0
0
0
0
0
0
0
0
0
0
0
0
0
0
0
0
0
0
0
0
0
0
0
0
0
0
0
0
0
0
0
0
0
0
0
0
0
0
0
0
0
0
0
0
0
0
0
0
0
0
0
0
0
0
0
0
0
0
0
0
0
0
0
0
0
0
0
0
0
0
0
0
0
0
0
0
0
0
0
0
0
