2
0
0
0
0
0
0
0
0
0
3
2
1
0
0
3
0
12
0
4
0
0
6
0
2
0
0
0
0
0
0
0
0
0
0
0
0
0
0
0
0
4
0
3
21
0
7
0
0
12
0
0
7
0
0
0
0
0
0
0
0
0
0
0
0
29
0
0
10
4
0
10
0
10
6
0
8
0
0
18
0
0
0
0
0
0
0
0
0
0
0
0
0
0
7
9
0
0
1
0
11
0
0
7
20
0
2
19
0
0
0
0
0
0
0
0
0
0
0
0
0
4
0
2
5
8
166
245
253
255
217
95
0
0
18
0
1
0
0
0
0
0
0
0
0
0
0
0
0
0
17
0
3
106
255
255
249
249
255
209
80
27
35
5
4
0
0
0
0
0
0
0
0
0
0
0
0
5
0
0
0
96
228
255
254
255
246
255
241
214
238
163
0
0
0
0
0
0
0
0
0
0
0
0
0
1
0
10
21
184
255
251
254
197
232
254
255
244
255
188
0
0
0
0
0
2
0
1
0
7
0
3
0
0
14
0
8
35
21
158
174
22
142
244
255
233
255
103
0
0
0
0
0
2
1
3
0
0
0
1
6
2
0
0
0
3
0
0
0
0
11
72
240
250
255
100
3
0
0
0
0
2
0
0
4
12
13
0
0
16
0
16
19
0
11
9
0
19
0
30
255
255
250
93
3
0
0
0
0
0
0
0
0
0
0
0
10
0
16
0
0
3
0
0
9
0
6
0
143
255
253
255
0
0
0
0
0
0
1
4
4
3
0
0
0
14
0
0
0
27
0
0
0
16
0
33
227
251
234
134
11
0
0
0
0
5
0
4
0
3
0
4
1
0
95
154
58
135
143
42
1
0
0
27
243
254
255
93
0
0
0
0
0
0
0
12
0
10
21
102
141
255
243
255
246
255
255
239
255
187
120
213
234
255
131
11
11
0
0
0
0
9
0
12
36
165
206
255
249
247
228
182
198
223
245
255
243
252
244
246
255
249
65
0
0
0
0
0
0
4
0
0
110
240
255
237
191
88
39
6
0
58
101
212
255
254
255
249
240
189
17
1
10
0
0
0
0
0
0
13
254
255
147
18
0
0
9
8
0
73
163
255
251
238
255
228
64
0
2
0
0
0
0
0
0
12
0
0
255
242
138
57
81
188
210
217
227
243
252
255
249
255
239
232
0
0
0
19
2
0
0
0
0
0
1
20
216
255
255
255
255
243
255
250
255
250
234
161
77
160
243
250
108
7
0
0
0
0
0
0
0
0
0
0
55
113
203
249
245
251
253
243
255
171
67
10
17
60
239
250
243
80
16
0
11
0
0
0
0
10
6
0
3
0
25
12
16
5
27
7
12
0
12
0
0
5
218
254
255
107
0
1
0
0
0
0
0
0
3
0
13
0
1
0
9
11
9
0
9
1
0
5
15
0
228
253
193
17
7
2
0
0
0
0
0
0
13
0
0
13
0
3
0
0
0
0
5
3
0
0
0
10
70
97
4
0
0
6
0
0
0
0
0
0
0
0
0
0
0
0
0
0
0
0
0
0
0
0
0
0
0
0
0
0
0
0
0
0
0
0
0
0
0
0
0
0
0
0
0
0
0
0
0
0
0
0
0
0
0
0
0
0
0
0
0
0
0
0
0
0
0
0
0
0
0
0
0
0
0
0
0
0
0
0
0
0
0
0
0
0
0
0
0
0
0
0
0
0
0
0
0
0
0
0
0
0
0
0
0
0
0
0
0
0
0
0
0
0
0
0
0
0
0
0
0
