4
0
0
0
0
0
0
0
0
0
0
6
0
2
9
0
0
6
0
7
6
0
1
7
0
0
0
0
0
0
0
0
0
0
0
0
0
6
0
0
5
0
0
12
3
0
6
4
0
19
0
0
15
0
0
0
0
0
0
0
0
0
0
0
0
5
6
0
11
2
0
2
0
10
0
0
0
5
0
4
0
0
0
0
0
0
0
0
0
0
0
0
0
0
11
0
0
8
4
0
3
0
0
18
16
2
0
11
0
0
0
0
0
0
0
0
0
0
0
0
0
4
4
7
0
0
11
0
8
0
9
0
0
4
17
0
4
0
0
0
0
0
0
0
0
0
0
0
0
0
0
3
8
0
0
0
0
12
0
15
1
0
9
0
7
0
0
0
0
0
0
0
0
0
0
0
0
0
46
13
0
0
0
9
0
0
10
181
108
6
0
1
8
0
0
0
0
0
0
0
0
0
0
0
0
95
243
96
0
21
0
3
1
10
72
244
76
10
0
0
0
0
0
0
0
0
0
2
0
0
7
0
68
241
255
88
0
0
8
5
4
0
204
255
201
0
3
0
0
0
0
0
0
3
0
0
0
0
7
6
88
247
255
100
0
9
0
0
0
73
223
255
133
0
6
2
2
0
0
0
0
6
0
0
0
0
4
7
99
250
255
82
0
0
0
7
36
200
255
239
56
0
3
2
2
0
0
0
0
2
0
0
7
1
0
0
94
254
255
83
22
0
8
0
37
255
255
188
7
9
0
0
0
0
0
0
0
2
0
0
7
1
0
0
92
251
245
83
14
0
0
0
29
189
249
139
0
4
0
11
0
0
0
0
0
4
0
0
1
0
2
4
95
244
255
217
177
177
86
46
0
124
243
134
2
0
0
18
0
0
0
0
0
1
0
0
0
0
5
1
82
245
255
241
247
255
236
235
185
170
255
140
9
0
2
7
0
0
0
0
0
0
0
3
2
0
5
0
60
249
240
134
149
125
202
250
253
253
255
128
2
2
5
0
3
0
0
0
0
0
0
0
0
0
0
0
0
209
255
73
7
2
0
0
79
195
255
255
121
0
0
11
0
0
0
0
0
0
0
0
0
0
0
0
0
57
160
53
0
0
20
6
0
87
255
210
44
12
0
0
1
0
0
0
0
0
0
0
0
0
0
0
0
3
11
0
16
2
0
0
0
53
255
142
0
16
2
0
1
0
0
0
0
0
0
0
0
0
0
0
0
2
0
0
1
0
0
3
0
63
253
129
0
0
9
0
3
0
0
0
0
0
0
0
0
0
0
0
0
0
4
15
0
0
12
2
0
20
214
187
20
0
0
0
8
0
0
0
0
0
0
0
0
0
0
0
0
6
0
0
1
17
0
0
10
0
203
240
1
3
0
0
2
0
0
0
0
0
0
0
0
0
0
0
0
0
9
0
0
0
0
0
8
7
209
255
29
5
0
4
0
0
0
0
0
0
0
0
0
0
0
0
0
0
9
0
11
0
0
0
0
0
200
255
113
0
1
5
0
0
0
0
0
0
0
0
0
0
0
0
0
0
0
0
0
0
0
0
0
1
116
242
163
0
16
0
0
0
0
0
0
0
0
0
0
0
0
0
0
0
0
0
0
0
0
0
0
0
4
194
227
0
0
18
5
0
0
0
0
0
0
0
0
0
0
0
0
0
0
0
0
0
0
0
0
8
10
0
0
2
12
0
9
0
0
0
0
0
0
0
0
0
0
0
0
0
0
0
0
0
0
0
0
0
0
7
22
0
6
17
0
0
0
0
0
