2
1
0
17
0
0
7
0
9
0
4
9
3
0
0
3
2
13
0
4
0
2
0
0
0
0
0
0
0
4
7
0
0
6
0
5
0
15
0
0
0
3
2
0
0
0
1
9
1
13
0
0
14
0
0
0
0
0
5
2
9
0
0
24
0
0
0
10
7
5
6
1
0
5
5
2
0
0
11
0
4
0
0
0
0
7
0
0
0
4
6
0
3
14
0
0
0
0
0
0
4
8
0
10
10
0
0
7
0
0
0
0
0
0
7
0
0
10
0
11
142
107
217
255
188
148
184
193
151
135
36
6
0
9
0
3
0
0
0
0
0
0
9
0
16
0
23
185
246
255
231
199
197
220
242
250
248
255
195
103
0
0
1
1
7
0
0
0
0
9
0
0
10
0
77
213
139
47
14
0
3
25
36
42
47
138
208
239
147
0
0
0
0
0
0
0
0
0
8
7
1
0
1
10
2
3
4
6
6
0
0
0
4
2
60
205
250
21
0
11
0
0
0
0
0
0
0
0
0
0
0
0
0
0
0
1
0
0
0
1
2
2
0
168
249
20
0
0
5
0
0
0
0
0
0
0
0
0
0
0
0
4
0
0
8
6
0
0
6
0
21
172
255
10
5
10
0
0
0
0
0
0
0
0
0
0
0
0
0
2
5
0
0
0
15
5
0
6
20
255
237
19
0
0
18
0
0
0
0
0
0
0
0
0
0
0
0
0
0
3
7
0
0
0
11
0
125
248
172
4
0
0
0
0
0
0
0
0
0
0
0
0
0
0
0
0
2
3
0
0
3
1
0
36
239
245
82
0
2
4
0
0
0
0
0
0
0
0
0
0
0
0
0
10
0
0
0
0
0
1
5
191
247
198
3
12
0
0
24
0
0
0
0
0
0
0
0
0
0
0
0
9
0
0
25
6
0
51
163
255
171
3
0
6
0
0
0
0
0
0
0
0
0
0
0
0
0
0
0
0
12
1
0
12
113
211
255
196
31
12
0
0
6
2
0
0
0
0
0
0
10
0
0
14
4
0
2
0
0
8
22
181
242
251
229
27
0
14
0
0
8
0
12
0
0
0
0
7
0
6
6
0
0
45
125
172
202
135
236
255
255
86
13
3
0
6
0
0
5
3
0
0
0
0
0
0
7
0
6
0
69
231
250
246
249
246
255
232
255
111
0
6
8
0
0
24
0
0
24
0
0
0
0
0
1
9
0
2
140
255
255
251
233
160
163
246
245
235
176
5
10
6
0
5
0
0
0
0
0
0
0
0
27
0
4
4
15
122
118
54
10
12
0
14
172
245
253
193
53
5
2
0
2
0
10
0
0
0
0
0
0
4
2
0
0
0
21
4
12
0
4
0
0
95
208
251
234
135
38
61
149
47
0
0
0
0
0
0
8
0
3
8
0
7
0
1
0
14
15
0
1
3
18
146
255
254
255
255
237
46
0
0
0
0
0
11
0
5
1
0
2
0
2
0
12
0
4
0
5
0
4
4
89
158
255
140
73
0
6
0
0
0
0
0
0
0
0
0
0
0
0
0
0
0
0
0
0
0
0
0
0
0
0
0
0
0
0
0
0
0
0
0
0
0
0
0
0
0
0
0
0
0
0
0
0
0
0
0
0
0
0
0
0
0
0
0
0
0
0
0
0
0
0
0
0
0
0
0
0
0
0
0
0
0
0
0
0
0
0
0
0
0
0
0
0
0
0
0
0
0
0
0
0
0
0
0
0
0
0
0
0
0
0
0
0
0
0
0
0
0
0
0
0
0
0
