5
0
0
0
0
0
0
0
0
0
6
5
0
0
5
5
0
1
4
0
7
0
0
10
1
9
0
6
0
0
0
0
0
0
0
0
0
0
0
0
11
6
0
0
10
0
10
10
0
1
19
0
0
0
0
0
9
0
0
0
0
0
0
0
0
0
2
1
0
0
0
0
3
19
0
3
8
0
0
0
23
11
3
0
1
0
0
0
0
0
0
0
0
0
2
4
0
4
10
1
0
0
0
4
5
0
0
0
0
0
7
3
0
0
0
0
0
0
0
0
0
14
0
0
0
0
0
0
15
0
33
0
0
20
0
2
14
0
0
5
1
0
0
0
0
0
0
0
0
0
3
8
2
0
0
0
0
0
0
29
128
122
138
252
247
124
3
0
2
0
0
0
0
0
0
0
0
0
10
0
0
57
166
228
229
145
254
250
247
255
245
249
255
229
19
0
0
0
0
0
0
0
0
0
0
4
0
0
46
149
243
255
249
255
248
247
255
248
250
255
246
197
0
6
2
0
0
0
0
0
0
0
0
1
19
27
234
253
249
255
248
246
255
198
183
198
67
12
22
0
0
0
0
0
0
0
0
0
0
0
0
0
0
159
255
251
250
233
155
147
75
7
4
21
0
6
2
0
0
0
0
0
0
0
0
0
0
0
0
16
0
222
255
228
151
59
0
12
0
3
13
0
0
6
0
0
0
0
0
0
0
0
0
0
0
0
0
0
1
225
255
116
21
0
11
6
0
0
0
0
11
6
0
0
0
0
0
0
0
0
0
0
0
0
0
4
1
229
247
43
52
88
76
16
2
6
9
0
0
0
4
0
0
0
0
0
0
0
0
0
0
0
0
0
22
238
255
196
255
255
241
204
69
0
0
5
14
12
0
0
0
0
0
0
0
0
0
0
0
0
0
4
134
255
255
255
249
228
255
255
171
34
7
0
0
0
0
0
0
0
0
0
0
0
0
0
0
0
0
80
255
251
254
229
192
210
209
248
250
78
0
0
5
0
5
0
0
0
0
6
0
9
0
12
3
1
5
206
245
255
157
48
2
0
59
252
235
84
0
4
0
3
0
0
0
0
0
8
0
6
0
0
0
0
0
223
255
239
35
0
0
11
0
162
244
175
12
0
0
3
0
0
0
0
0
3
0
0
6
17
6
12
0
255
247
166
8
8
0
4
0
143
255
214
1
0
8
2
0
0
0
0
0
2
12
7
0
0
0
2
0
69
95
20
0
0
3
0
8
188
255
164
0
0
12
0
1
0
0
0
0
0
4
0
0
5
11
6
0
34
39
0
19
1
0
0
51
225
252
103
6
1
0
0
6
0
0
0
0
3
4
0
0
5
5
0
24
228
142
27
34
21
11
69
167
255
230
56
7
0
1
0
2
0
0
0
0
0
4
13
3
0
8
57
253
255
255
251
239
246
255
255
254
240
148
15
0
0
6
5
0
0
0
0
0
10
0
0
0
3
0
12
240
253
244
255
255
248
250
251
240
151
40
0
2
1
0
0
2
0
0
0
0
0
0
0
0
0
0
0
0
131
224
255
252
246
244
154
28
0
0
0
0
0
0
0
0
0
0
0
0
0
0
0
0
0
0
0
0
0
0
0
0
5
7
3
0
0
0
0
0
0
0
0
0
0
0
0
0
0
0
0
0
0
0
0
0
0
0
0
0
0
0
0
0
0
0
0
0
0
0
0
0
0
0
0
0
0
0
0
0
0
0
0
0
0
10
15
1
0
10
10
0
0
0
0
0
0
0
0
0
0
0
0
0
