3
0
0
0
0
0
0
0
0
0
0
1
7
0
10
0
0
0
10
0
0
3
0
0
3
0
0
0
0
0
0
0
0
0
0
0
0
14
0
0
0
2
0
0
8
1
6
5
0
11
1
0
0
0
0
0
0
0
0
0
0
0
0
0
0
0
0
8
0
3
0
3
0
0
0
6
0
4
0
2
0
0
0
0
0
0
0
0
0
0
0
0
0
0
1
1
0
13
2
6
0
0
0
0
5
4
0
2
1
0
0
0
0
0
0
0
0
0
0
0
0
5
5
0
3
0
0
0
5
5
13
0
2
5
0
9
0
0
0
0
0
0
0
0
0
0
0
0
0
0
32
24
88
159
248
255
224
128
124
41
0
0
0
8
0
0
0
0
0
0
0
0
0
0
0
0
0
143
245
255
255
227
237
255
245
255
255
196
19
0
0
0
0
0
0
0
0
0
0
0
0
0
0
0
0
234
250
248
254
241
177
192
176
199
249
255
19
5
2
0
7
0
0
0
0
0
0
0
0
2
2
1
0
188
203
148
35
25
10
0
1
13
123
245
24
0
0
6
0
0
0
0
0
1
0
0
0
0
0
0
0
14
0
0
3
5
0
4
0
112
235
249
0
0
2
0
12
0
0
0
0
0
0
1
2
2
3
4
4
2
6
0
10
1
32
135
211
255
255
130
3
0
9
14
0
0
0
0
0
0
1
2
1
1
1
2
4
0
66
57
124
204
246
255
255
229
162
3
5
9
0
0
12
0
0
0
0
4
4
3
0
0
0
0
0
100
234
242
247
248
252
254
250
210
25
15
0
6
0
0
0
0
0
0
0
0
2
3
2
0
0
4
9
198
253
255
255
250
255
255
246
228
224
37
9
0
17
0
0
0
0
0
0
0
0
2
3
3
6
13
19
254
247
247
241
243
243
255
251
255
248
255
57
0
0
0
9
0
0
0
0
0
2
3
0
0
0
0
5
99
100
67
3
12
0
8
71
195
255
234
179
12
0
15
0
0
0
0
0
0
0
0
0
0
0
0
0
10
0
14
7
0
8
0
0
26
136
247
211
10
7
0
5
0
0
0
0
0
0
0
0
0
0
0
0
4
0
0
0
7
4
0
10
0
1
239
255
61
0
0
10
0
0
0
0
0
0
0
0
0
0
0
0
0
20
0
0
6
0
0
4
0
0
211
253
100
0
9
0
0
0
0
0
0
0
0
0
0
0
0
0
10
4
0
14
0
0
19
0
7
0
235
192
9
2
12
0
0
0
0
0
0
0
0
0
0
0
0
0
56
232
161
25
10
1
0
0
40
189
246
106
4
0
6
3
0
0
0
0
0
0
0
0
0
0
0
0
194
255
241
196
142
108
151
170
223
254
243
47
0
4
2
0
0
0
0
0
0
0
0
0
0
0
0
0
229
255
244
249
255
255
255
236
255
231
72
0
10
0
4
0
0
0
0
0
0
0
0
0
0
0
0
0
98
205
252
251
251
241
247
255
228
133
0
15
0
5
0
0
0
0
0
0
0
0
0
0
0
0
0
0
0
28
121
184
244
252
141
62
5
4
1
0
0
0
0
0
0
0
0
0
0
0
0
0
0
0
0
0
0
0
19
0
0
15
0
0
4
2
0
0
0
0
0
0
0
0
0
0
0
0
0
0
0
0
0
0
2
0
13
0
0
4
0
11
2
1
0
0
0
0
1
2
0
0
0
0
0
0
0
0
0
0
0
0
0
0
0
0
7
14
0
0
0
0
0
0
0
0
2
2
0
0
0
0
