7
0
0
0
0
0
0
0
0
5
0
0
0
3
3
1
0
4
0
0
5
0
0
2
0
0
0
0
0
0
0
0
0
0
0
0
0
0
0
6
2
0
0
0
0
5
1
0
0
0
8
2
0
0
0
0
0
0
0
0
0
0
0
0
0
12
9
0
0
0
8
8
0
0
0
4
6
0
0
2
12
0
0
0
0
0
0
0
0
0
0
0
0
0
0
2
4
0
0
0
1
3
0
0
0
2
3
0
0
0
0
0
0
0
0
0
0
0
0
0
0
20
6
0
2
2
0
0
3
0
15
14
0
0
6
1
0
0
0
0
0
0
0
0
0
0
0
0
0
0
0
0
3
0
0
0
5
1
7
0
0
9
0
0
15
0
0
0
0
0
0
0
0
0
0
0
0
0
12
61
144
235
255
240
183
123
80
13
0
15
9
0
0
0
0
0
0
0
0
0
0
0
0
0
0
55
161
252
255
226
217
227
232
246
255
185
42
0
0
5
2
0
0
0
0
0
0
0
0
0
0
0
0
124
241
156
81
17
2
2
24
60
153
255
138
0
17
0
0
0
0
0
0
0
0
0
0
0
0
0
0
2
64
2
0
0
0
0
0
20
107
247
115
0
0
8
3
0
0
0
0
0
0
0
0
0
0
0
0
0
14
0
2
8
1
6
4
0
165
244
42
2
0
2
2
0
0
0
0
0
0
0
0
0
0
0
0
0
0
0
5
0
0
2
0
57
248
194
1
6
0
0
0
0
0
0
0
0
0
0
0
0
0
0
0
7
0
2
0
2
12
6
0
185
250
90
18
0
0
10
0
0
0
0
0
0
0
0
0
0
0
0
0
3
0
3
0
0
1
0
23
253
230
20
7
0
2
4
0
0
0
0
0
0
0
0
0
0
0
0
0
0
0
7
13
0
3
14
158
247
156
0
0
2
11
0
0
0
0
0
0
0
0
0
0
0
0
0
0
3
0
0
8
0
0
25
245
235
28
0
6
2
0
2
0
0
0
0
0
0
0
0
0
0
0
0
0
0
0
2
5
0
6
166
248
138
17
0
7
1
0
7
0
0
0
0
0
0
0
0
0
0
0
0
0
0
17
0
2
2
0
234
255
20
0
6
15
0
0
7
0
0
0
0
0
0
0
0
0
0
0
0
0
8
0
0
17
0
120
255
184
0
0
7
2
0
0
6
0
0
0
0
0
0
0
0
0
0
0
0
0
1
0
0
4
11
231
240
52
14
2
0
0
5
3
0
0
0
0
0
0
0
0
0
0
0
0
0
0
2
14
19
0
124
253
215
5
0
0
0
3
11
0
0
6
0
0
0
0
0
0
0
0
0
0
0
0
0
4
0
4
210
252
79
0
0
2
0
0
0
0
0
2
0
0
0
0
0
0
0
0
0
0
0
0
10
2
4
125
255
241
5
15
10
7
0
0
0
5
4
0
0
0
0
0
0
0
0
0
0
0
0
0
0
0
9
196
246
115
9
0
0
0
4
11
2
0
0
0
0
0
0
0
0
0
0
0
0
0
0
0
14
0
103
253
233
47
0
5
0
0
0
0
0
0
0
0
0
0
0
0
0
0
0
0
0
0
0
0
0
0
180
255
113
0
17
0
0
0
0
0
0
0
0
0
0
0
0
0
0
0
0
0
0
0
0
0
0
8
0
0
8
0
0
0
0
0
0
0
0
0
0
0
0
0
0
0
0
0
0
0
0
0
0
0
0
3
7
0
5
0
0
0
0
0
0
0
0
0
0
0
0
0
0
0
