9
0
0
0
0
0
0
0
0
0
4
0
4
0
0
8
0
0
0
0
0
0
0
0
11
0
0
0
0
0
0
0
0
0
0
0
0
0
0
0
8
0
0
5
8
3
2
4
6
4
0
0
0
0
0
0
0
0
0
0
0
0
0
0
0
10
0
1
6
0
0
0
0
0
0
1
0
1
3
0
0
0
0
0
0
0
0
0
0
0
0
0
0
0
0
11
1
0
13
8
3
0
1
0
0
0
1
3
0
0
0
0
0
0
0
0
0
0
0
0
0
17
0
0
0
0
0
0
0
1
5
6
1
0
0
0
0
0
0
0
0
0
0
0
0
0
0
0
0
0
17
5
1
86
207
217
106
0
0
0
3
3
0
0
0
0
0
0
0
0
0
0
0
0
0
0
0
16
0
0
134
235
246
255
239
12
0
0
0
6
0
0
2
0
0
0
0
0
0
0
0
0
0
0
0
0
10
59
217
255
202
242
255
58
21
0
0
7
0
0
2
0
0
0
0
0
0
0
0
0
0
0
0
2
30
245
251
131
15
172
254
160
0
7
4
0
5
1
0
0
0
0
0
0
0
0
0
0
0
0
0
0
110
243
223
4
0
123
245
206
16
0
0
8
0
3
0
0
0
0
0
0
0
0
0
0
0
0
0
0
223
255
117
0
0
123
255
246
80
0
0
12
0
7
0
0
0
0
0
0
0
0
0
0
0
0
0
34
242
193
0
18
0
152
255
255
154
4
0
1
0
6
0
0
0
0
0
0
0
0
0
0
0
0
0
81
226
131
11
2
10
204
242
255
206
0
0
0
2
0
0
0
0
0
0
0
0
0
0
0
0
0
0
73
255
154
2
0
73
255
251
228
229
6
1
0
5
0
9
0
0
0
0
0
0
0
0
0
0
0
0
30
237
191
12
10
145
255
231
147
242
65
3
0
3
0
6
0
0
0
0
0
0
0
0
0
0
0
0
6
173
253
222
170
255
235
163
62
254
136
7
0
0
5
0
0
0
0
0
0
0
0
0
0
0
0
0
0
10
224
246
255
255
137
17
65
253
199
9
0
0
0
0
0
0
0
0
0
0
0
0
0
0
0
0
12
15
0
72
79
75
0
4
9
236
227
4
1
4
7
10
0
0
0
0
0
0
0
0
0
0
0
0
0
0
0
15
5
0
23
0
0
229
228
0
0
7
0
0
0
0
0
0
0
0
0
0
0
0
0
0
13
0
0
0
0
0
0
5
3
241
242
37
1
15
0
4
0
0
0
0
0
0
0
0
0
0
0
0
0
2
18
7
0
13
8
0
7
240
255
56
10
0
0
14
0
0
0
0
0
0
0
0
0
0
0
0
10
0
12
121
95
0
0
8
110
254
221
14
4
0
10
0
0
0
0
0
0
0
0
0
0
0
0
0
0
19
132
255
33
3
52
74
241
255
118
0
4
0
17
0
0
0
0
0
0
0
0
0
0
0
0
0
4
0
162
252
211
225
247
255
253
208
7
11
0
2
0
4
0
0
0
0
0
0
0
0
0
0
0
0
0
0
20
85
161
210
224
223
122
51
0
0
5
0
0
5
0
0
0
0
0
0
0
0
0
0
0
0
6
0
0
3
6
1
0
0
21
5
0
3
7
2
0
1
0
0
0
0
0
0
0
0
0
0
0
0
0
0
0
0
0
0
5
16
0
0
2
0
0
1
3
0
0
0
0
0
0
0
0
0
0
0
0
0
11
7
3
1
0
0
0
0
5
9
4
0
0
3
3
0
0
0
0
0
