1
0
0
0
0
0
0
0
0
0
10
0
11
4
0
0
17
0
0
0
0
0
0
0
0
0
0
0
0
0
0
0
0
0
0
0
0
0
9
2
4
0
16
11
0
0
0
0
0
0
0
0
0
0
0
0
0
0
0
0
0
0
0
0
0
8
0
0
1
0
0
0
12
0
0
0
0
0
0
0
0
0
0
0
0
0
0
0
0
0
0
0
0
1
0
6
0
0
7
1
5
0
0
0
0
0
0
0
0
0
0
0
0
0
0
0
0
0
0
0
0
0
0
17
0
29
185
236
104
0
0
0
0
0
0
0
0
0
0
0
0
0
0
0
0
0
0
0
0
0
12
0
26
172
255
246
134
0
0
0
0
0
0
0
0
0
0
0
0
0
0
0
0
0
0
0
0
9
0
100
227
243
254
255
104
0
0
0
0
0
0
0
0
0
0
0
0
0
0
0
0
0
0
0
0
30
169
254
251
208
196
243
127
0
0
0
0
0
0
0
0
0
0
0
0
0
0
5
3
3
4
27
106
221
249
236
167
21
123
255
114
0
0
0
0
0
0
0
0
0
0
0
0
9
0
4
0
0
0
218
255
243
215
102
0
0
171
240
119
0
0
0
0
0
0
0
0
0
0
0
0
9
0
5
6
10
3
226
220
194
8
0
11
2
179
251
132
0
0
0
0
0
0
0
0
0
0
0
0
6
6
7
0
0
0
4
0
0
9
13
0
43
247
248
120
0
0
0
0
0
0
0
0
0
0
0
0
0
6
6
0
3
27
0
16
3
0
2
15
27
198
255
117
0
0
0
0
0
0
0
0
0
0
0
0
6
7
0
0
0
0
0
0
12
2
0
0
0
164
255
117
0
0
0
0
0
0
0
0
0
0
0
0
5
0
0
2
11
1
18
0
0
1
0
0
0
161
251
123
0
0
0
0
0
0
0
0
0
0
0
0
0
3
4
0
0
0
0
6
9
0
12
7
0
167
255
114
0
0
0
0
0
0
0
0
0
0
0
0
0
8
0
0
0
4
7
0
0
4
0
16
0
155
253
170
83
80
78
83
77
86
71
0
1
1
4
5
2
0
16
0
0
3
0
7
0
6
36
68
98
241
255
242
254
246
248
255
251
244
237
189
52
11
0
0
8
0
2
0
7
16
25
49
102
196
240
255
248
250
236
255
255
227
203
207
195
201
241
248
255
129
8
0
0
10
1
1
0
2
215
249
253
252
255
238
230
206
78
81
76
42
6
1
0
7
64
92
217
111
14
0
0
8
0
3
0
0
255
228
224
225
122
87
38
0
10
2
3
2
0
0
0
0
5
3
12
3
2
8
12
0
0
2
7
0
110
9
2
0
3
5
0
2
1
0
0
5
4
12
12
3
2
0
0
0
0
0
4
0
7
5
0
0
18
0
2
2
0
0
0
0
17
0
0
5
0
0
0
0
5
6
9
2
0
0
0
15
0
10
0
12
0
6
5
0
9
1
4
10
0
4
1
8
0
4
7
0
0
4
0
0
0
1
0
0
0
0
0
0
0
0
0
0
0
0
0
0
0
0
0
0
0
0
0
0
0
0
0
0
0
0
0
0
0
0
0
0
0
0
0
0
0
0
0
0
0
0
0
0
0
0
0
0
0
0
0
0
0
0
0
0
0
0
0
0
0
0
0
0
0
0
0
0
0
0
0
0
0
0
0
0
0
0
0
0
0
0
0
0
0
0
0
0
0
0
0
0
0
0
0
0
0
0
0
0
0
0
0
0
0
0
0
0
0
0
