4
0
0
0
0
0
0
0
0
0
11
0
0
9
3
0
0
0
0
0
0
0
0
0
0
0
0
0
0
0
0
0
0
0
0
0
0
1
0
17
8
0
6
7
6
0
0
0
0
0
0
0
0
5
4
3
2
0
0
0
0
0
0
0
0
0
0
0
0
0
4
2
0
0
0
0
0
0
0
0
0
1
0
0
0
0
0
0
0
0
0
0
0
0
19
0
6
2
0
11
13
0
0
0
0
0
0
0
0
0
0
0
0
0
0
0
0
0
0
0
0
8
0
6
10
0
3
6
0
0
0
0
0
0
0
0
0
3
3
3
2
0
0
0
0
0
0
0
0
2
31
207
149
0
0
3
12
0
0
0
0
0
0
0
0
0
0
0
0
0
0
0
0
0
0
0
0
0
111
255
177
4
1
0
0
0
0
0
0
0
0
0
0
5
2
0
0
0
0
0
0
0
0
0
0
0
199
245
116
6
0
10
3
0
0
0
0
0
0
0
0
36
28
16
5
0
2
0
0
2
0
0
7
0
243
255
17
0
6
0
2
0
9
0
0
9
4
15
124
255
216
42
0
0
3
0
0
4
0
0
1
69
244
158
10
0
2
0
0
5
0
2
12
0
32
191
219
61
58
0
0
4
3
0
0
6
0
0
1
127
233
72
3
0
0
7
0
4
0
3
7
65
242
206
97
0
5
0
4
3
3
0
0
4
0
1
16
202
255
77
1
6
0
16
0
0
0
16
114
255
158
39
0
3
0
6
5
0
2
0
0
1
0
10
36
255
255
63
0
4
2
10
0
0
59
179
255
91
0
0
1
0
0
2
2
0
1
0
0
0
0
12
46
255
222
13
0
1
11
0
6
75
210
252
55
0
4
1
5
11
0
4
3
0
1
0
2
1
0
8
39
254
229
24
2
2
0
10
84
205
184
31
0
17
6
0
0
0
0
0
0
2
1
0
3
4
0
1
28
236
245
64
0
12
0
125
250
180
35
0
6
0
0
7
4
0
13
4
6
0
0
0
0
0
0
0
0
127
253
217
88
29
91
247
174
1
0
0
0
1
2
1
1
0
12
0
1
0
0
0
0
0
0
0
0
0
170
255
255
193
246
255
117
90
84
93
99
76
64
114
186
215
155
47
0
0
0
0
0
0
0
0
0
0
3
54
203
254
255
255
245
255
255
246
245
255
255
211
158
109
76
12
0
0
0
0
0
0
0
0
0
17
0
0
124
250
127
75
74
63
67
81
88
63
18
0
0
0
0
0
0
0
0
0
0
0
0
0
0
0
1
21
129
189
14
2
0
11
0
0
2
4
0
1
11
14
12
4
0
0
0
0
0
0
0
0
0
2
0
54
244
149
0
0
5
0
5
10
0
0
4
6
0
0
0
2
0
0
0
0
0
0
0
0
0
2
6
76
255
85
2
12
0
14
0
0
7
10
0
0
3
0
0
10
0
0
0
0
0
0
0
0
0
0
4
72
233
46
0
0
6
0
3
5
0
0
5
5
0
2
0
1
0
0
0
0
0
0
0
0
0
9
0
90
229
2
0
10
0
0
0
0
0
0
0
0
0
0
0
0
0
0
0
0
0
0
0
0
0
0
3
1
14
0
0
0
6
0
0
0
0
0
0
0
0
0
0
0
0
0
0
0
0
0
0
0
0
0
5
4
0
14
5
1
0
0
0
0
0
0
0
0
0
0
0
0
0
0
0
0
0
0
0
0
0
10
0
4
18
0
0
6
0
0
0
0
0
0
0
0
0
0
0
0
0
