7
0
0
0
0
0
0
0
0
0
10
1
0
0
0
0
3
0
0
0
0
0
0
0
0
0
0
0
0
0
0
0
0
0
0
0
0
6
0
0
0
14
3
5
0
0
0
0
0
0
0
0
0
0
0
0
0
0
0
0
0
0
0
0
0
0
5
23
0
0
0
10
0
0
0
0
0
0
0
0
0
0
0
0
0
0
0
0
0
0
0
0
0
8
0
0
2
4
0
0
0
0
0
0
0
0
0
0
0
0
0
0
0
0
0
0
0
0
0
0
0
10
1
7
6
0
12
0
4
0
0
0
0
0
0
0
0
0
0
0
0
0
0
0
0
0
0
0
0
0
0
6
0
0
16
0
1
0
0
0
0
0
0
0
0
0
0
0
0
0
0
0
0
0
0
0
0
2
0
20
0
27
3
0
5
0
0
0
0
0
0
0
0
0
0
0
0
0
0
0
0
0
0
0
0
11
165
246
28
0
0
7
0
0
0
0
0
0
0
0
0
0
0
0
0
0
0
0
0
0
0
0
0
159
252
247
184
230
235
196
147
126
46
90
139
155
31
10
0
0
0
0
0
0
0
0
0
0
0
0
0
190
255
255
242
255
254
249
255
255
236
255
255
255
177
0
8
0
0
0
0
0
0
0
0
0
0
0
0
102
211
255
251
251
255
245
242
242
255
243
232
246
149
16
0
0
0
0
0
0
0
0
0
0
0
0
0
0
18
44
76
71
64
42
81
109
255
248
255
79
0
0
10
0
0
0
0
0
0
0
0
0
0
0
0
11
0
0
8
2
0
0
60
204
251
255
165
9
0
0
0
0
0
0
0
0
0
0
0
0
0
0
0
0
0
5
0
0
3
18
110
255
247
234
0
0
0
8
5
0
0
0
0
0
0
0
0
0
0
0
0
13
0
0
0
13
0
55
238
249
255
122
2
9
4
0
0
0
0
0
0
0
0
0
0
0
0
0
0
0
0
13
0
6
5
83
255
252
219
29
0
6
0
0
7
0
0
0
0
0
0
0
0
0
0
0
0
5
0
4
1
11
43
225
255
255
91
9
0
3
11
0
3
0
0
0
0
0
0
0
0
0
0
0
0
0
14
4
0
0
147
242
255
172
42
0
0
0
9
0
5
0
0
0
0
0
0
0
0
0
0
0
0
0
0
0
0
74
247
255
247
64
0
0
0
0
7
0
2
0
0
0
0
0
0
0
0
0
0
0
0
10
0
4
7
183
250
236
116
9
0
7
5
0
5
0
0
0
0
0
0
0
0
0
0
0
0
0
0
0
5
1
63
247
253
195
0
0
0
12
4
0
3
0
0
0
0
0
0
0
0
0
0
0
0
0
0
0
13
0
178
255
247
125
0
0
1
2
0
0
0
1
1
0
0
0
0
0
0
0
0
0
0
0
0
4
2
68
251
246
180
15
0
0
1
0
0
1
0
0
3
0
0
0
0
0
0
0
0
0
0
0
0
0
0
173
255
243
150
0
8
5
5
0
2
9
0
0
2
0
0
0
0
0
0
0
0
0
0
0
0
0
31
230
255
245
63
0
0
0
0
0
0
0
0
0
0
0
0
0
0
0
0
0
0
0
0
0
0
21
97
255
239
127
6
0
8
0
0
0
0
0
0
0
0
0
0
0
0
0
0
0
0
0
0
0
0
0
76
224
205
63
4
0
2
0
0
0
0
0
0
0
0
0
0
0
0
0
0
0
0
0
0
0
0
11
0
1
5
0
7
3
0
0
0
0
0
0
0
0
0
0
0
0
0
