6
0
0
0
0
0
0
0
0
0
0
11
0
5
0
5
0
0
0
0
0
0
0
0
0
0
0
0
0
0
0
0
0
0
0
0
0
19
10
0
0
12
0
0
2
0
0
0
0
0
0
0
0
0
0
0
0
0
0
0
0
0
0
0
0
0
0
7
14
12
0
6
3
0
0
0
0
0
0
0
0
0
0
0
0
0
0
0
0
0
0
0
0
12
3
0
0
0
3
5
0
0
0
0
0
0
0
0
0
0
0
0
0
0
0
0
0
0
0
0
0
0
13
11
4
6
1
0
7
0
0
0
0
0
0
0
0
0
0
0
0
0
0
0
0
0
0
0
0
0
0
42
68
3
0
11
0
0
0
0
0
0
0
0
0
0
0
0
0
0
0
0
0
0
0
0
0
34
128
235
211
45
0
7
0
0
0
0
0
0
0
0
0
0
0
0
0
0
0
0
0
0
0
0
0
172
253
144
5
0
14
0
5
0
0
0
0
0
0
0
0
0
0
0
0
1
0
5
0
0
0
56
229
255
192
0
0
17
0
0
2
0
16
0
0
0
10
0
0
0
7
8
0
0
0
1
0
7
15
143
255
225
78
0
0
0
5
0
10
2
0
0
10
0
4
10
5
15
0
4
0
1
5
0
0
0
0
199
253
158
0
9
11
0
18
7
0
0
1
7
2
5
0
0
0
9
0
6
2
0
5
0
0
8
0
252
251
80
0
0
4
0
0
12
32
49
58
120
91
16
0
31
0
0
11
3
0
0
5
0
0
7
0
254
253
66
18
0
0
11
2
101
210
243
255
255
238
235
199
169
132
30
0
0
0
4
4
0
0
0
0
199
250
116
0
10
1
0
145
252
235
182
104
86
95
106
158
240
255
168
4
5
1
0
0
0
0
7
13
131
252
184
0
9
0
19
246
246
87
0
1
1
6
0
0
55
153
253
113
6
8
0
0
3
0
0
0
34
194
255
112
14
0
117
252
118
9
6
1
0
7
0
2
1
25
238
227
0
0
0
4
0
0
4
0
15
90
255
220
74
0
111
255
115
2
0
4
9
0
1
0
0
96
255
88
2
15
2
9
0
0
7
0
0
20
137
255
246
92
81
242
159
1
9
0
0
12
12
0
56
233
123
25
0
2
0
10
0
0
10
10
0
0
0
150
250
249
212
255
241
136
158
81
137
150
126
229
236
90
16
0
0
0
0
7
4
0
3
8
4
6
4
17
88
227
248
245
254
254
247
255
249
235
240
174
53
16
0
5
6
0
0
4
1
0
0
0
0
7
0
0
0
39
61
65
88
93
91
75
44
3
0
3
0
0
0
7
2
0
10
0
0
2
4
0
0
0
0
20
0
0
0
0
0
0
0
0
8
11
0
0
8
8
3
2
0
0
5
0
0
4
4
4
4
0
6
0
0
4
6
0
7
9
0
5
0
0
0
8
0
0
5
2
1
2
0
0
5
1
0
0
4
2
0
0
8
5
0
0
8
0
0
9
3
2
4
0
0
3
0
0
4
1
0
0
0
0
0
0
0
0
0
0
0
0
0
0
0
0
0
0
0
0
0
0
0
0
0
0
0
0
0
0
0
0
0
0
0
0
0
0
0
0
0
0
0
0
0
0
0
0
0
0
0
0
0
0
0
0
0
0
0
0
0
0
0
0
0
0
0
0
0
0
0
0
0
0
0
0
0
0
0
0
0
0
0
0
0
0
0
0
0
0
0
0
0
0
0
0
0
0
0
0
0
0
0
0
0
0
0
0
0
0
0
0
