6
0
0
0
0
0
0
0
0
0
1
0
3
6
0
3
0
0
0
0
0
0
0
0
0
0
0
0
0
0
0
0
0
0
0
0
0
1
3
0
0
0
1
0
2
0
0
0
0
0
0
0
0
0
0
0
0
0
0
0
0
0
0
0
0
0
2
0
4
150
255
152
7
0
0
0
0
0
0
0
0
0
0
0
0
0
0
0
0
0
0
0
0
2
2
2
3
193
247
116
10
0
0
0
0
0
0
0
0
0
0
0
0
0
0
0
0
0
0
0
0
0
13
0
12
210
255
87
0
0
0
0
0
0
0
0
0
0
0
0
0
0
0
0
0
0
0
0
0
3
0
10
169
255
187
0
2
0
0
0
0
0
0
0
0
0
0
0
0
0
0
0
0
0
0
0
0
0
1
77
234
242
127
5
9
0
0
0
0
0
0
0
0
0
0
0
0
0
0
0
0
0
0
0
0
2
0
144
255
220
35
1
0
0
0
0
0
0
0
0
0
0
0
0
0
0
0
0
0
0
2
2
0
0
73
240
255
135
0
0
5
0
10
0
0
5
5
0
0
0
0
0
0
0
0
0
0
0
1
1
0
6
166
250
219
29
0
24
0
4
0
24
44
0
0
0
2
0
0
0
0
0
0
0
0
0
0
0
0
4
214
236
137
9
0
0
128
177
226
232
233
229
175
0
0
0
0
0
0
0
0
0
1
0
0
0
1
98
255
215
39
0
109
255
233
255
255
255
251
237
250
144
34
1
1
0
0
1
0
0
2
0
0
0
6
154
248
200
48
210
251
232
255
250
239
255
255
240
255
251
83
3
2
1
0
3
0
0
2
0
0
2
13
251
255
233
218
255
254
250
119
108
124
83
99
228
248
251
178
4
3
1
0
4
0
0
2
0
0
6
21
250
255
244
249
230
179
56
0
2
0
23
106
222
251
255
196
5
4
1
0
6
0
0
1
0
0
8
25
255
240
253
255
83
0
3
0
0
40
173
255
252
247
246
199
6
4
1
0
1
0
0
3
0
0
7
24
255
237
255
196
8
5
0
13
97
229
245
255
235
255
255
121
0
0
0
0
0
0
0
2
0
0
6
22
255
250
251
193
77
71
70
106
212
255
244
249
255
255
152
9
0
0
0
0
0
0
0
2
0
0
5
18
240
255
255
255
255
252
249
255
255
245
255
254
231
120
5
3
0
0
0
0
0
0
0
1
0
0
3
13
221
254
251
243
255
244
252
244
238
255
237
86
22
13
0
0
0
0
0
0
0
0
0
1
0
0
2
8
40
139
223
246
250
229
255
255
206
83
14
0
4
0
0
0
0
0
0
0
0
0
0
0
0
0
0
3
0
0
10
51
132
191
238
186
11
0
0
16
1
0
13
7
0
0
0
0
0
0
1
0
0
0
0
0
6
4
0
0
0
0
11
0
0
6
7
0
0
13
5
0
0
0
0
0
0
0
1
0
0
0
0
0
0
0
1
4
10
0
0
8
0
4
0
0
0
15
0
14
0
0
0
0
0
0
0
0
0
0
0
0
0
0
0
0
0
0
0
0
0
0
0
0
0
0
0
0
0
0
0
0
0
0
0
0
0
0
0
0
0
0
0
0
0
0
0
0
0
0
0
0
0
0
0
0
0
0
0
0
0
0
0
0
0
0
0
0
0
0
0
0
0
0
0
0
0
0
0
0
0
0
0
0
0
0
0
0
0
0
0
0
0
0
0
0
0
0
0
0
0
0
0
0
0
0
0
0
0
0
0
0
0
0
0
0
