4
0
0
0
0
0
0
0
0
8
0
5
0
0
4
0
8
0
0
0
0
0
0
0
0
0
0
0
0
0
0
0
0
0
0
0
0
0
12
16
0
8
0
6
0
0
0
0
0
0
0
0
0
0
0
0
0
0
0
0
0
0
0
0
0
2
3
0
0
12
6
0
1
0
0
0
0
0
0
0
0
0
0
0
0
0
0
0
0
0
0
0
0
0
8
4
5
11
0
12
0
0
0
0
0
0
0
0
0
0
0
0
0
0
0
0
0
0
0
0
0
0
18
218
44
0
20
0
10
0
0
0
0
0
0
0
0
0
0
0
0
0
0
0
0
0
0
0
0
5
169
255
174
1
0
14
0
0
0
0
0
0
0
0
0
0
0
0
0
0
0
0
0
0
0
0
0
59
248
250
195
4
2
0
0
0
0
0
0
0
0
0
0
0
0
0
0
0
0
0
0
0
0
0
0
85
252
255
96
0
0
2
4
0
0
0
0
0
0
0
0
0
0
0
0
0
12
0
6
2
0
0
68
243
251
197
0
18
1
0
7
0
0
6
0
4
0
8
1
0
0
0
0
0
9
1
4
0
0
20
227
250
255
44
1
0
0
17
0
0
8
0
0
5
10
4
0
0
0
0
0
1
0
2
0
0
0
0
253
255
172
12
0
28
0
0
7
1
0
30
7
0
16
0
0
0
0
0
0
3
0
0
0
15
8
0
206
240
234
0
1
0
5
0
0
0
12
0
0
8
0
2
7
0
0
0
0
0
2
6
1
0
0
15
136
255
243
52
0
12
8
0
14
0
1
4
71
192
174
19
4
0
0
0
0
0
5
2
1
0
0
5
33
245
253
75
0
7
0
0
0
3
0
4
178
253
254
113
2
0
0
0
0
0
0
0
3
11
6
5
0
208
247
237
27
3
10
17
0
7
0
169
255
255
255
92
4
0
0
0
0
9
3
0
0
9
0
0
6
4
171
169
223
32
0
0
4
0
59
255
232
255
167
8
0
0
0
0
0
0
0
0
0
0
0
0
0
18
67
169
252
222
106
19
1
86
203
243
255
211
35
20
0
0
0
0
0
0
0
0
0
0
0
0
0
0
25
105
201
255
251
228
217
250
251
255
232
86
6
0
11
0
0
0
0
0
0
0
0
0
0
0
0
3
0
0
23
97
176
222
232
119
179
255
174
12
8
0
0
0
0
0
0
0
0
0
0
0
0
0
0
5
10
4
0
1
17
9
0
0
148
249
126
6
0
9
0
0
0
0
0
0
0
0
0
0
0
0
0
0
1
1
0
0
0
4
4
15
151
255
154
10
0
0
4
0
0
0
0
0
0
0
0
0
0
0
0
0
1
5
7
4
0
0
1
0
95
250
221
1
0
0
0
0
0
0
0
0
0
0
0
0
0
0
0
1
0
0
0
0
0
0
1
0
46
171
227
36
3
6
5
0
0
0
0
0
0
0
0
0
0
0
0
3
3
1
0
0
0
1
0
0
0
39
199
132
0
4
0
0
0
0
0
0
0
0
0
0
0
0
0
0
0
0
0
0
0
0
0
0
0
0
0
0
0
0
0
0
0
0
0
0
0
0
0
0
0
0
0
0
0
0
0
0
0
0
0
0
0
0
0
0
0
0
0
0
0
0
0
0
0
0
0
0
0
0
0
0
0
0
0
0
0
0
0
0
0
0
0
0
0
0
0
0
0
0
0
0
0
0
0
0
0
0
0
0
0
0
0
0
0
0
0
0
0
0
0
0
0
0
0
0
0
0
0
