5
0
0
0
0
0
0
0
0
0
0
14
0
0
0
12
0
0
0
10
10
0
7
0
2
0
0
0
0
0
0
0
0
0
0
0
0
11
0
0
0
5
0
0
0
5
4
0
9
0
13
0
0
0
0
0
0
0
0
0
0
0
0
0
0
0
0
9
7
17
0
0
8
4
0
0
9
4
2
7
12
0
0
0
0
0
0
0
0
0
0
0
0
3
12
3
0
0
0
0
0
0
8
19
0
0
0
0
0
0
0
0
0
0
0
0
0
0
0
0
0
1
0
0
2
9
12
5
6
6
25
144
251
255
166
8
15
0
0
0
0
0
0
0
0
0
0
0
0
5
0
4
16
0
0
2
30
198
231
254
255
245
246
37
0
0
0
0
0
0
0
0
0
0
0
0
0
3
0
2
4
0
79
182
233
254
255
243
238
246
233
43
0
0
0
0
0
0
0
0
0
0
0
0
0
0
2
0
0
9
165
255
250
181
130
71
27
95
67
0
0
0
0
0
0
0
6
10
0
8
0
2
2
0
0
7
0
73
242
232
63
0
19
0
12
0
0
9
0
0
0
0
0
1
2
0
5
4
0
3
0
0
11
48
159
234
138
61
0
7
0
0
0
1
0
3
1
0
0
0
0
3
2
0
7
0
0
14
1
0
170
242
246
70
0
14
6
8
0
14
0
1
0
0
3
0
0
0
0
0
5
0
0
0
14
0
2
219
243
170
2
0
3
0
0
0
0
9
3
5
0
3
0
0
0
0
0
0
5
11
0
0
6
0
72
237
255
51
111
161
167
182
150
62
43
0
0
8
5
6
0
0
0
0
0
4
0
6
0
0
4
55
227
247
255
248
249
253
253
255
249
230
181
21
0
0
0
2
3
0
0
0
0
10
0
0
1
0
6
126
255
244
255
188
151
79
65
33
111
231
255
150
20
0
0
0
7
0
0
0
0
0
0
0
15
0
0
120
149
65
37
0
16
0
0
9
1
59
247
255
63
3
5
0
0
0
0
0
0
6
2
0
0
4
8
0
1
0
0
6
1
0
0
1
0
8
115
255
77
0
12
0
0
0
0
0
0
0
2
7
1
0
0
0
7
5
10
0
0
13
4
0
2
0
78
230
206
4
0
12
4
0
0
0
0
0
0
0
4
11
9
2
0
0
6
0
0
3
0
0
0
0
37
254
203
9
0
0
0
0
0
0
0
2
5
1
0
0
0
3
5
0
0
10
9
0
0
17
5
9
191
255
182
4
5
8
0
0
0
0
0
0
0
0
10
9
6
18
0
16
0
0
3
7
4
0
0
92
255
245
90
0
0
0
0
0
0
0
0
12
5
0
1
0
0
42
30
2
9
4
0
2
2
60
193
255
248
187
10
12
6
1
7
0
0
0
0
0
6
6
12
0
29
154
204
223
234
209
225
225
214
249
244
237
151
11
6
0
0
5
0
0
0
0
0
4
1
0
7
0
0
30
4
209
249
246
240
140
150
255
156
91
0
0
2
10
0
0
7
0
0
0
0
0
0
0
0
0
0
0
0
0
0
0
0
0
0
0
0
0
0
0
0
0
0
0
0
0
0
0
0
0
0
0
0
0
0
0
0
0
0
0
0
0
0
0
0
0
0
0
0
0
0
0
0
0
0
0
0
0
0
0
0
0
0
0
0
0
0
0
0
0
0
0
0
0
0
0
0
0
0
0
0
0
0
0
0
0
0
0
0
0
0
0
0
0
0
0
0
0
0
0
0
0
0
0
0
0
0
0
0
0
0
0
0
