6
0
0
0
0
0
0
0
0
7
0
5
0
0
6
0
0
6
0
11
11
0
0
11
0
0
0
0
0
0
0
0
0
0
0
0
0
0
0
0
0
0
8
9
158
241
20
0
0
6
3
9
0
0
0
0
0
0
0
0
0
0
0
0
0
0
23
9
2
16
0
114
252
255
0
2
4
8
0
0
9
0
0
0
0
0
0
0
0
0
0
0
0
0
0
0
0
3
40
231
246
202
0
7
0
0
5
0
0
0
0
0
0
0
0
0
0
0
0
0
0
20
0
11
13
0
176
255
231
94
9
0
0
0
19
5
0
0
0
0
0
0
0
0
0
0
0
0
0
0
2
0
13
82
255
238
106
0
0
0
9
0
1
0
4
0
0
0
0
0
0
0
0
0
0
0
0
0
18
1
97
255
255
199
16
10
11
0
0
2
0
0
2
0
0
0
0
0
0
0
0
0
0
0
0
1
0
57
226
238
75
1
5
1
0
5
0
1
0
0
0
0
0
0
0
0
0
7
0
4
13
0
6
7
11
197
255
150
0
11
3
0
6
2
0
8
0
0
2
0
0
0
0
0
5
4
1
0
0
0
0
0
224
247
189
19
4
2
0
3
0
8
6
0
1
16
0
0
0
0
0
1
2
0
8
0
4
6
0
78
241
196
20
0
18
0
0
5
1
0
0
4
0
0
0
0
0
0
0
5
0
0
5
0
8
0
24
217
255
42
14
0
0
0
3
5
4
0
36
76
52
0
12
0
0
0
0
6
0
0
0
1
0
0
101
233
179
3
0
8
0
37
111
117
87
118
208
255
241
151
14
0
0
0
0
0
0
9
0
2
0
56
215
253
9
0
19
20
206
228
255
255
255
255
245
243
241
245
119
0
0
0
0
0
0
5
1
3
0
144
255
148
2
0
37
211
255
248
246
248
255
193
158
201
209
255
124
0
0
0
0
2
1
0
2
1
0
188
245
32
0
85
231
238
250
164
134
60
47
25
1
0
30
246
170
0
0
0
0
5
0
0
0
0
1
176
239
30
13
196
255
190
15
22
0
0
5
3
0
0
48
246
169
0
0
0
0
0
5
4
1
5
0
151
255
43
159
255
255
74
0
0
4
0
2
21
0
51
182
251
49
0
0
0
0
0
9
0
0
6
0
81
234
255
235
250
237
254
174
166
167
187
211
221
174
236
247
139
0
0
0
0
0
1
2
0
0
2
0
5
115
246
255
255
251
255
255
253
252
233
252
255
240
251
150
28
8
0
0
0
0
7
0
0
7
0
8
0
20
24
149
204
222
121
153
117
100
46
32
55
60
38
3
1
0
0
0
0
0
0
0
6
10
0
12
0
0
8
0
7
8
0
1
17
0
1
0
0
0
0
0
21
0
0
0
0
0
0
0
3
1
0
7
1
2
0
2
5
7
0
0
2
0
1
18
0
0
13
0
0
2
0
0
0
0
2
10
0
0
5
4
0
1
0
0
0
0
1
1
0
6
0
0
2
7
0
0
0
2
0
0
0
0
0
0
0
0
0
0
0
0
0
0
0
0
0
0
0
0
0
0
0
0
0
0
0
0
0
0
0
0
0
0
0
0
0
0
0
0
0
0
0
0
0
0
0
0
0
0
0
0
0
0
0
0
0
0
0
0
0
0
0
0
0
0
0
0
0
0
0
0
0
0
0
0
0
0
0
0
0
0
0
0
0
0
0
0
0
0
0
0
0
0
0
0
0
0
0
0
0
0
0
0
0
0
0
0
0
0
0
0
0
0
0
0
