6
0
0
0
0
0
0
0
0
10
0
12
0
1
0
0
0
4
0
1
0
6
8
0
0
0
0
0
0
0
0
0
0
0
0
0
0
0
1
0
1
5
0
0
4
0
2
13
0
0
15
9
0
0
0
0
0
0
0
0
0
0
0
0
0
0
7
0
0
3
20
151
244
22
0
0
9
0
0
0
5
0
0
0
0
0
0
0
0
0
0
0
0
0
0
17
2
0
31
221
255
164
29
0
1
11
1
0
0
0
0
0
0
0
0
0
0
0
0
0
0
13
0
5
0
0
136
255
164
5
0
2
14
0
0
0
0
0
0
0
0
0
0
0
0
0
0
0
0
0
0
0
3
8
213
178
0
23
4
6
0
0
13
11
0
0
0
0
0
0
0
0
0
0
0
0
0
6
10
0
0
71
231
98
8
0
0
4
5
0
0
0
5
0
0
0
0
0
0
0
0
0
0
0
0
0
0
11
0
201
228
10
0
6
2
5
0
1
3
0
1
0
0
0
0
11
0
0
0
0
0
0
0
5
6
0
56
235
209
11
0
0
5
13
0
0
15
0
1
0
13
4
0
0
0
0
4
6
4
2
3
0
0
8
226
250
71
0
15
8
0
3
3
0
0
0
4
0
0
0
0
0
0
3
1
0
1
0
0
0
21
90
255
159
13
0
0
9
0
8
10
0
7
9
3
12
8
4
4
0
3
1
0
0
0
1
0
9
62
226
255
30
0
24
0
0
7
0
19
111
102
16
0
0
0
4
0
0
0
0
0
1
6
5
1
0
201
255
132
20
0
5
0
20
24
126
234
252
255
248
172
32
0
2
0
0
0
0
3
3
0
0
0
94
252
212
14
0
18
0
0
125
221
255
255
254
248
251
249
116
19
0
11
2
0
0
6
0
0
0
12
215
255
114
0
7
1
20
165
249
255
204
153
154
189
243
255
95
0
0
0
2
0
0
7
0
0
21
58
251
222
0
10
0
33
221
245
170
87
10
6
0
8
137
248
64
2
10
0
0
3
0
1
2
3
0
179
255
122
0
16
15
216
255
197
1
0
17
7
1
134
251
221
12
9
4
0
0
1
0
7
1
0
11
212
240
128
4
22
234
252
179
7
0
0
5
83
217
255
196
92
7
5
2
0
2
1
0
2
0
0
40
243
255
188
0
88
255
249
101
5
132
203
232
242
241
147
30
0
0
0
0
0
0
0
0
0
0
1
29
179
251
250
180
206
238
248
254
253
247
214
162
98
28
0
0
14
0
0
0
0
0
0
5
3
2
2
0
52
253
242
255
243
248
255
218
92
78
19
0
0
0
2
12
0
0
0
0
0
0
3
2
0
0
7
0
0
0
106
210
255
144
130
24
0
0
0
7
6
0
0
5
6
0
0
0
0
3
2
0
0
0
6
3
8
22
0
0
1
1
8
0
7
5
0
0
0
1
6
0
0
1
0
0
0
0
0
9
3
1
0
0
2
0
9
5
1
5
0
6
0
6
0
5
12
0
0
10
0
0
0
0
0
0
0
0
0
0
0
0
0
0
0
0
0
0
0
0
0
0
0
0
0
0
0
0
0
0
0
0
0
0
0
0
0
0
0
0
0
0
0
0
0
0
0
0
0
0
0
0
0
0
0
0
0
0
0
0
0
0
0
0
0
0
0
0
0
0
0
0
0
0
0
0
0
0
0
0
0
0
0
0
0
0
0
0
0
0
0
0
0
0
0
0
0
0
0
0
0
0
0
0
0
0
0
0
0
0
0
0
0
0
0
0
0
