7
0
0
0
0
0
0
0
0
0
1
1
1
7
0
0
4
0
0
0
1
0
0
0
9
0
0
0
0
0
0
0
0
0
0
0
0
1
0
0
4
0
3
7
3
3
3
5
7
4
0
0
0
0
0
0
0
0
0
0
0
0
0
0
0
0
0
11
8
7
0
2
0
0
0
0
0
2
3
1
0
0
0
0
0
0
0
0
0
0
0
0
0
0
4
0
0
9
0
0
12
0
0
0
0
0
2
5
3
0
0
0
0
0
0
0
0
0
0
0
0
0
5
0
16
0
15
0
11
0
4
4
0
0
0
1
2
0
0
0
0
0
0
0
0
0
0
0
0
5
0
12
4
0
0
18
0
0
0
0
1
2
0
0
1
0
0
0
0
0
0
0
0
0
0
0
0
5
0
0
0
8
0
1
2
15
0
0
0
4
0
0
3
0
0
0
0
0
0
0
0
0
0
0
0
96
174
125
250
246
235
101
195
62
23
0
0
4
0
0
3
0
0
0
0
8
0
10
1
0
0
48
129
245
255
250
248
255
248
243
255
240
189
38
0
12
0
0
5
0
0
0
0
0
3
0
12
0
4
133
249
251
253
255
251
252
255
253
248
255
255
87
17
0
0
4
0
0
0
0
0
0
8
0
9
0
0
131
255
255
235
255
244
233
255
247
255
251
253
123
0
0
11
14
0
0
0
0
0
8
0
3
0
0
0
34
150
116
1
0
19
9
0
8
182
252
251
231
1
2
0
0
4
0
0
0
0
1
0
3
0
5
0
0
34
0
0
12
0
0
5
0
161
255
249
227
3
6
0
0
3
0
0
0
0
0
15
0
0
9
0
0
0
10
3
1
1
4
0
3
244
247
240
110
0
0
7
11
0
0
0
0
0
0
13
0
0
0
0
10
0
0
0
0
3
0
1
23
241
246
255
100
16
0
0
11
3
0
0
0
0
7
0
6
0
0
12
0
0
15
1
0
11
0
5
52
255
255
251
105
4
0
0
5
0
0
0
0
0
0
0
0
0
0
0
0
0
0
1
2
0
0
11
183
251
255
225
6
8
0
0
2
0
0
0
0
0
0
0
0
0
0
0
0
0
5
0
8
0
0
68
230
249
232
123
0
2
0
2
2
0
0
0
0
0
0
0
0
0
0
0
0
0
0
0
0
0
9
167
255
254
214
23
1
0
0
5
0
1
0
0
0
0
0
0
0
0
0
0
0
0
0
11
0
0
6
197
249
246
191
0
9
1
0
5
0
5
0
0
0
0
0
0
0
0
0
0
0
0
0
11
2
1
70
216
244
255
124
0
4
2
0
6
0
5
0
0
0
0
0
0
0
0
0
0
0
0
3
0
3
1
186
255
255
225
40
0
0
0
2
7
0
2
0
0
0
0
0
0
0
0
0
0
0
0
13
0
0
0
199
255
245
151
4
0
0
0
1
4
0
0
0
0
0
0
0
0
0
0
0
0
0
0
0
0
6
5
141
243
255
199
14
0
15
0
0
0
7
0
0
0
0
0
0
0
0
0
0
0
0
0
7
0
7
3
221
251
241
144
0
0
0
0
0
0
0
0
0
0
0
0
0
0
0
0
0
0
0
0
0
0
7
0
205
255
248
133
0
0
0
0
0
0
0
0
0
0
0
0
0
0
0
0
0
0
0
0
11
0
0
19
207
250
158
0
0
0
0
0
0
0
0
0
0
0
0
0
0
0
0
0
0
0
0
0
0
6
6
0
13
6
7
4
0
0
0
0
0
0
0
0
0
0
0
0
