2
0
0
7
0
3
0
1
0
0
2
0
10
0
5
0
0
1
6
4
0
15
0
0
9
0
0
0
0
4
4
0
0
0
0
11
6
0
2
0
2
0
0
0
5
2
0
2
0
0
0
0
0
0
0
0
0
0
8
0
3
6
0
0
0
6
5
9
2
5
0
3
2
2
0
0
9
4
16
12
0
0
0
0
0
0
4
0
0
3
6
2
14
4
0
0
0
4
0
5
0
0
3
12
4
0
0
0
0
0
0
0
0
0
0
10
1
0
0
0
4
0
18
96
177
255
251
187
107
6
5
0
0
11
13
9
0
0
0
0
0
0
0
17
0
0
2
44
75
194
226
255
251
241
234
250
255
231
177
93
30
0
2
3
0
0
0
0
0
10
0
2
0
0
16
190
246
240
250
251
255
255
255
255
243
244
255
251
208
19
0
0
1
0
0
0
0
0
4
7
5
1
0
220
255
255
255
222
168
93
80
77
94
224
246
255
253
0
0
3
3
0
0
0
0
3
0
0
4
0
6
103
214
155
122
0
0
0
7
0
4
91
240
255
250
5
0
1
0
0
0
0
0
0
0
0
7
5
0
0
10
0
0
0
0
21
0
7
9
45
229
255
255
129
9
6
2
0
0
0
0
4
3
0
0
0
2
0
0
0
2
14
0
0
0
18
0
28
226
247
239
200
0
0
0
0
0
0
0
0
5
11
3
0
1
6
6
16
1
0
5
0
10
5
3
79
250
255
246
172
1
4
10
0
0
0
0
0
0
0
0
1
0
0
0
0
4
10
0
9
0
0
0
124
240
249
247
52
1
0
0
0
0
0
0
12
1
0
0
0
2
9
16
0
16
1
0
0
5
5
74
217
255
255
255
0
13
4
6
0
0
0
0
0
2
9
7
0
0
0
0
7
0
9
105
107
107
120
247
255
254
255
241
0
1
0
1
0
0
0
0
0
1
0
0
0
5
6
0
0
64
216
245
255
246
255
251
255
240
255
252
84
14
1
3
0
0
0
0
8
0
0
7
0
5
25
86
201
224
253
247
244
253
251
253
255
254
255
248
244
163
38
4
1
2
5
0
0
14
17
6
0
18
160
252
238
255
255
255
245
255
251
251
243
203
254
246
255
255
231
57
0
0
0
14
2
1
0
0
37
187
255
252
255
255
238
251
255
247
255
255
88
28
68
202
255
255
228
89
0
4
0
1
0
13
3
0
0
240
252
254
238
255
255
237
250
183
124
0
3
0
0
7
239
252
255
217
3
6
0
0
0
0
0
11
11
255
255
255
255
252
243
255
167
12
0
16
0
4
1
4
212
252
239
255
90
0
5
0
4
6
0
0
0
113
211
254
214
182
78
61
0
0
0
0
0
19
0
0
22
230
255
252
240
1
0
7
1
0
0
7
0
0
49
67
23
8
0
4
2
18
4
5
19
0
0
8
16
128
242
247
207
3
0
0
5
0
0
5
0
6
0
5
4
0
19
0
8
0
1
4
0
14
3
0
0
45
112
97
12
0
16
0
0
0
0
0
0
0
0
0
0
0
0
0
0
0
0
0
0
0
0
0
0
0
0
0
0
0
0
0
0
0
0
0
0
0
0
0
0
0
0
0
0
0
0
0
0
0
0
0
0
0
0
0
0
0
0
0
0
0
0
0
0
0
0
0
0
0
0
0
0
0
0
0
0
0
0
0
0
0
0
0
0
0
0
0
0
0
0
0
0
0
0
0
0
0
0
0
0
0
0
0
0
0
0
0
0
0
0
0
0
0
0
0
