0
0
0
0
0
0
0
0
0
2
6
0
0
2
1
0
0
0
0
2
9
0
0
0
8
0
0
0
0
0
0
0
0
0
0
0
0
1
1
0
1
4
0
0
4
2
0
0
0
10
8
5
0
0
0
0
0
0
0
0
0
0
0
0
0
3
0
0
1
5
1
0
6
4
0
4
0
5
0
0
0
0
0
0
0
0
0
0
0
0
0
0
0
0
3
10
4
0
0
0
5
1
0
3
0
0
0
5
12
0
0
0
0
0
0
0
0
0
0
0
0
0
0
1
0
0
12
9
0
0
6
0
0
0
14
3
0
0
0
0
0
0
0
0
0
0
0
0
0
0
0
0
0
27
122
223
255
255
245
168
60
0
0
0
1
0
0
0
0
0
0
0
0
0
0
0
0
14
0
14
96
182
254
255
235
246
247
255
203
133
16
0
0
0
0
0
0
0
0
0
0
0
0
0
0
0
29
140
243
255
253
247
230
127
115
226
255
244
39
0
0
0
0
0
0
0
2
5
0
0
0
17
0
6
182
253
255
246
248
255
161
0
3
96
221
255
228
29
8
0
0
0
0
0
3
0
0
5
0
0
23
78
246
255
251
240
112
134
155
9
0
3
88
247
241
111
0
0
0
0
0
0
6
0
0
7
0
0
114
253
248
255
165
54
0
13
0
0
3
0
27
226
255
206
2
0
0
0
0
0
7
1
0
4
0
66
221
246
255
159
0
0
17
0
9
0
13
3
0
110
247
249
70
0
0
0
0
0
2
1
0
6
0
148
255
255
243
51
21
0
0
17
0
8
0
3
0
8
254
252
139
0
0
0
0
5
0
0
0
8
0
180
249
248
210
0
15
3
0
4
6
4
0
7
12
4
255
252
179
0
0
0
0
5
0
0
0
2
1
163
241
255
230
11
0
3
18
0
4
5
0
0
0
74
239
253
161
0
0
0
0
0
0
10
1
0
3
140
255
243
239
23
2
0
0
17
0
0
3
10
21
210
255
252
80
0
0
0
0
0
7
0
1
4
0
30
235
255
253
84
0
5
0
5
0
0
7
0
89
247
253
149
5
0
0
0
0
0
4
0
0
3
0
17
174
248
250
103
2
12
0
0
9
15
0
23
150
255
252
66
0
0
0
0
0
2
0
0
0
1
2
1
90
255
250
228
38
0
8
0
0
0
7
185
255
227
140
0
4
0
0
0
0
3
0
2
0
0
4
0
24
186
245
255
135
0
0
16
0
12
152
255
245
255
0
13
0
0
0
0
0
1
0
6
0
0
3
0
0
75
247
235
255
73
0
8
40
154
241
252
245
108
0
1
2
0
0
0
0
0
0
6
0
1
0
6
0
0
221
255
244
252
136
44
186
255
255
255
114
0
0
15
0
0
0
0
0
2
0
3
0
7
0
7
0
9
24
235
246
255
255
245
254
237
253
89
0
4
0
5
0
0
0
0
0
5
0
0
0
11
0
4
0
0
0
71
197
249
249
254
254
221
38
17
0
3
5
0
8
0
0
0
0
0
0
0
0
0
0
0
0
3
2
1
44
154
236
193
93
2
2
0
0
0
0
0
0
0
0
0
0
0
0
0
0
0
0
0
0
0
0
2
0
0
0
3
5
2
1
0
0
0
0
0
0
0
0
0
0
0
0
0
0
0
0
0
0
15
1
0
7
5
0
0
4
2
1
0
0
0
0
0
0
0
0
0
0
0
0
0
0
0
0
0
0
0
0
0
0
5
7
3
0
1
1
0
0
0
0
0
1
0
0
0
0
