3
0
0
0
0
0
0
0
0
5
0
3
14
0
0
3
0
5
0
0
8
0
3
0
0
0
0
0
0
0
0
0
0
0
0
0
0
11
0
0
0
4
2
1
4
0
0
0
0
6
5
7
0
0
0
0
0
0
0
0
0
0
0
0
0
0
1
0
0
8
0
0
0
1
8
4
0
1
0
0
0
0
0
0
0
0
0
0
0
0
0
0
0
0
7
12
0
3
0
7
11
1
7
0
4
0
8
0
13
0
0
0
0
0
0
0
0
0
0
0
0
0
0
11
0
3
6
11
0
0
3
5
16
4
0
0
9
0
0
0
0
0
0
0
0
0
0
0
0
20
0
0
1
112
192
253
254
242
140
49
0
0
0
15
0
0
0
0
0
0
0
0
0
0
0
0
0
0
0
13
80
249
255
253
250
248
255
246
156
13
0
0
0
0
0
0
0
0
0
0
0
0
0
0
0
0
7
0
42
196
128
36
42
127
240
255
222
0
9
0
4
0
0
0
0
0
0
0
0
0
0
0
0
0
0
6
0
45
28
0
18
27
223
255
231
1
0
2
0
0
0
0
0
0
0
0
0
0
0
0
0
6
3
3
0
0
0
20
39
202
255
233
30
5
0
0
14
0
0
0
0
0
0
0
0
0
0
0
0
0
0
0
14
5
51
223
249
255
237
82
0
14
6
0
0
0
0
0
0
0
0
0
0
0
0
0
0
5
0
0
2
0
48
238
255
242
253
221
163
0
0
15
0
0
0
0
0
0
0
0
0
0
0
0
0
0
0
5
1
3
38
134
146
177
255
248
255
232
38
0
4
0
0
0
0
0
0
0
0
0
0
0
0
1
2
10
0
0
0
1
0
11
62
175
245
253
221
3
0
0
0
0
0
0
0
0
0
0
0
0
0
2
2
4
0
8
0
0
0
0
4
30
226
253
255
0
8
0
0
0
0
0
0
0
0
0
0
0
0
0
0
0
0
9
0
8
1
0
41
169
255
255
170
0
3
0
0
0
0
5
0
0
0
0
9
3
0
0
0
12
4
0
0
0
19
141
220
255
235
118
20
0
1
0
0
0
0
0
7
4
0
1
0
0
5
14
0
0
0
0
23
81
154
242
255
211
86
0
0
6
2
0
0
0
0
0
10
0
0
11
1
0
0
0
0
27
112
190
227
251
255
243
120
11
0
11
3
0
0
0
0
0
0
6
0
8
0
3
10
0
18
90
194
240
246
254
255
228
130
23
5
0
7
1
0
0
14
0
0
0
0
6
0
34
23
17
95
155
230
245
253
244
242
170
59
15
0
0
1
4
0
0
13
9
0
0
0
0
0
0
16
173
242
240
255
253
253
171
127
54
10
0
0
9
5
14
2
0
4
1
0
0
8
0
0
0
0
0
7
96
161
151
115
56
0
0
0
0
0
4
3
0
0
0
0
0
0
0
3
2
0
0
0
0
0
5
4
0
1
4
0
13
2
0
0
14
0
0
10
0
1
5
0
0
1
0
0
0
1
0
0
0
0
0
0
0
0
0
0
0
0
0
0
0
0
0
0
0
0
0
0
0
0
0
0
0
0
0
0
0
0
0
0
0
0
0
0
0
0
0
0
0
0
0
0
0
0
0
0
0
0
0
0
0
0
0
0
0
0
0
0
0
0
0
0
0
0
0
0
0
0
0
0
0
0
0
0
0
0
0
0
0
0
0
0
0
0
0
0
0
0
0
0
0
0
0
0
0
0
0
0
0
0
0
0
0
0
0
0
0
0
0
0
0
0
