1
0
0
0
0
0
0
0
0
0
5
0
0
0
2
8
0
3
0
11
2
0
5
0
1
0
0
0
0
0
0
0
0
0
0
0
0
3
0
0
10
3
0
0
0
5
0
0
7
9
3
0
0
0
0
0
0
0
0
0
0
0
0
0
0
7
0
0
4
0
0
4
4
6
0
0
0
5
0
0
0
0
0
0
0
0
0
0
0
0
0
0
0
4
0
4
0
0
9
0
0
0
3
4
0
0
0
14
1
0
0
0
0
0
0
0
0
0
0
0
0
0
1
14
0
0
0
0
23
15
0
2
0
5
0
13
0
0
0
0
0
0
0
0
0
0
0
0
0
0
0
6
2
1
0
46
186
136
9
0
1
12
0
3
0
0
0
0
0
0
0
0
0
0
0
0
0
1
0
0
0
6
1
79
255
223
17
0
0
4
0
1
1
0
0
0
0
0
0
0
0
0
0
0
0
0
4
5
0
8
0
43
247
209
0
0
0
1
3
7
0
0
0
0
0
0
0
0
0
0
0
0
0
0
11
0
0
3
2
48
250
174
12
0
1
2
0
1
1
0
0
0
0
0
0
0
0
0
0
0
0
4
0
0
4
0
0
114
255
123
2
0
2
3
0
0
1
0
0
0
0
0
0
0
0
0
0
0
0
2
0
1
4
0
9
193
255
57
0
4
1
2
0
0
0
0
0
0
0
0
0
0
0
0
0
0
0
0
3
6
0
2
25
241
223
12
0
5
0
0
4
0
0
0
0
0
0
0
0
0
0
0
0
0
0
0
8
1
0
7
34
251
221
0
2
3
0
0
6
0
0
0
0
0
0
0
0
0
0
0
0
0
0
2
3
0
0
4
61
246
214
3
6
0
0
0
6
1
0
0
0
0
0
0
0
0
0
0
0
0
0
4
0
0
1
2
133
244
127
5
1
0
10
0
3
2
0
0
0
0
0
0
0
0
0
0
0
0
0
0
0
7
2
5
208
245
16
2
0
0
18
0
1
3
0
0
0
0
0
0
0
0
0
0
0
0
0
0
1
9
0
32
249
225
0
0
0
0
0
0
0
0
0
0
0
0
0
0
0
0
0
0
0
0
0
0
3
0
0
41
255
190
6
0
0
0
0
0
0
0
0
0
0
0
0
0
0
0
0
0
0
0
0
0
6
0
2
59
255
128
9
0
0
0
0
0
0
0
0
0
0
0
0
0
0
0
0
0
0
0
0
0
5
0
2
84
253
66
1
0
0
0
0
0
0
0
0
0
0
0
0
0
0
0
0
0
0
0
0
0
0
2
0
107
240
30
0
0
0
0
0
0
0
0
0
0
0
0
0
0
0
0
0
0
0
0
0
0
0
2
2
111
231
19
0
0
0
0
0
0
0
0
0
0
0
0
0
0
0
0
0
0
0
0
0
0
2
0
7
89
223
14
0
0
0
0
0
0
0
0
0
0
0
0
0
0
0
0
0
0
0
0
0
0
8
0
10
65
216
8
0
0
0
0
0
0
0
0
0
0
0
0
0
0
0
0
0
0
0
0
0
11
0
0
11
22
129
10
0
0
0
0
0
0
0
0
0
0
0
0
0
0
0
0
0
0
0
0
0
0
0
13
5
0
29
0
2
0
0
0
0
0
0
0
0
0
0
0
0
0
0
0
0
0
0
0
0
4
0
0
0
1
0
0
3
0
0
0
0
0
0
0
0
0
0
0
0
0
0
0
0
0
0
0
0
6
0
0
0
20
0
11
0
0
0
0
0
0
0
0
0
0
0
0
0
