9
0
0
0
0
0
0
0
0
0
19
0
0
5
15
0
0
1
0
6
9
0
0
0
3
0
0
0
0
0
0
0
0
0
0
0
0
0
0
1
24
0
0
7
6
4
0
0
0
2
4
0
1
0
0
0
0
0
0
0
0
0
0
0
0
1
5
0
0
0
11
0
0
0
11
14
6
5
0
0
0
0
0
0
0
0
0
0
0
0
0
0
0
0
8
2
0
9
17
0
12
7
0
0
0
0
8
13
1
0
0
0
0
0
0
0
0
0
0
0
0
9
0
0
14
0
0
0
0
7
0
10
31
5
0
0
0
0
0
0
0
0
0
0
0
0
0
0
0
0
6
3
0
30
99
213
255
242
121
8
0
0
9
6
2
0
0
0
0
0
0
0
0
0
0
0
0
0
12
0
65
217
250
236
164
226
235
122
1
0
9
0
6
0
0
0
0
0
0
0
0
0
0
0
0
0
4
61
213
255
147
95
3
7
221
196
18
0
9
0
7
0
0
0
0
0
0
0
0
0
0
0
0
11
24
216
255
84
0
11
0
5
162
255
19
2
5
0
3
0
0
0
0
0
0
0
0
0
0
0
0
0
83
255
175
11
6
0
6
0
135
244
111
7
0
6
10
0
0
0
0
0
0
0
0
0
0
0
0
1
159
236
77
0
0
0
0
0
175
242
89
7
0
0
3
0
0
0
0
0
0
0
0
0
0
0
0
73
255
247
20
6
7
1
0
100
234
219
0
0
11
0
0
0
0
0
0
0
0
0
0
0
0
0
0
100
252
241
3
0
1
18
168
234
250
133
0
0
0
11
0
0
0
0
0
0
0
0
0
0
0
0
0
111
253
230
34
0
0
72
248
255
249
33
1
10
0
7
5
0
0
0
0
0
0
0
0
0
0
0
0
26
236
243
120
101
151
231
254
236
186
0
0
7
0
0
2
0
0
0
0
0
0
0
0
0
0
0
0
0
134
254
249
247
255
247
255
255
73
6
7
0
5
0
0
0
0
0
0
0
0
0
0
0
0
0
0
0
16
103
163
177
115
70
201
250
94
0
0
2
0
0
4
0
0
0
0
0
0
0
0
0
0
0
0
9
0
0
0
3
0
25
223
255
59
8
0
3
9
0
3
0
0
0
0
0
0
0
0
0
0
0
0
10
4
3
0
0
0
42
255
240
22
9
0
0
10
0
6
0
0
0
0
0
0
0
0
0
0
0
0
0
0
0
0
0
0
53
245
229
6
7
17
0
0
3
0
0
0
0
0
0
0
0
0
0
0
0
0
5
12
0
0
0
0
108
255
226
0
26
0
4
7
14
0
0
0
0
0
0
0
0
0
0
0
0
0
0
0
0
4
5
7
179
252
119
70
233
23
5
0
0
0
0
0
0
0
0
0
0
0
0
0
0
0
0
0
0
1
0
1
249
255
244
224
211
0
0
15
11
0
0
0
0
0
0
0
0
0
0
0
0
0
2
0
2
8
0
0
255
236
251
230
49
12
0
2
0
7
0
0
0
0
0
0
0
0
0
0
0
0
1
2
3
0
0
31
145
254
195
56
0
9
0
0
5
0
0
0
0
0
0
0
0
0
0
0
0
0
2
0
0
8
6
0
2
15
15
0
0
7
0
0
12
1
0
0
0
0
0
0
0
0
0
0
0
0
2
0
0
2
3
0
0
0
0
0
14
10
0
3
6
0
0
0
0
0
0
0
0
0
0
0
0
0
0
1
8
5
0
0
5
9
13
3
0
0
3
0
0
0
0
0
0
0
