2
5
0
0
0
1
0
0
4
0
0
7
0
13
0
4
0
0
0
5
5
0
0
0
5
0
0
0
0
0
3
4
0
0
0
0
0
1
13
0
6
0
1
0
0
7
13
9
0
2
7
0
0
0
0
0
0
0
5
6
0
6
13
7
0
0
0
0
0
30
3
0
5
0
5
0
0
3
7
2
0
0
0
0
0
2
8
0
0
0
0
0
2
161
254
255
255
225
239
114
0
7
0
4
3
5
1
0
2
0
0
0
0
3
3
0
0
3
0
36
115
243
252
240
255
201
255
253
230
74
0
0
0
0
4
0
9
0
0
0
0
0
0
0
8
6
1
96
247
248
255
143
49
26
63
125
247
177
59
2
0
0
8
0
6
0
0
0
0
2
6
0
2
0
0
82
253
255
222
9
12
0
0
0
255
255
204
63
0
8
0
0
0
0
0
0
0
0
0
0
3
9
0
89
247
251
127
0
13
0
0
11
164
246
255
80
0
6
0
10
0
0
0
0
0
0
9
0
0
5
0
85
247
248
51
5
0
0
9
6
56
228
255
227
0
17
0
11
0
0
0
0
0
0
5
0
1
10
0
5
73
131
10
0
1
0
5
0
14
173
255
239
106
0
0
1
5
0
0
0
0
0
2
0
0
6
2
0
0
24
0
0
3
2
3
0
0
98
242
251
221
0
0
0
3
0
0
0
0
0
1
0
0
0
9
13
1
0
3
0
0
1
0
2
2
76
242
255
252
6
0
5
0
0
0
0
0
0
0
8
4
0
0
4
0
0
12
0
0
0
0
2
8
88
255
255
240
3
0
4
1
0
0
0
0
2
0
0
4
0
0
0
0
0
5
0
1
6
0
0
0
74
255
252
245
3
2
0
1
0
0
0
0
4
0
0
0
3
6
6
7
0
0
3
3
4
5
0
0
102
246
249
244
8
4
0
0
0
0
0
0
0
5
2
0
4
2
0
0
5
0
5
0
0
8
2
0
187
255
255
222
4
0
10
2
0
0
0
0
1
4
3
0
3
1
0
13
115
191
144
174
172
141
40
88
234
253
222
47
15
0
4
0
0
0
0
0
0
0
0
1
2
0
27
126
255
234
255
247
255
241
245
255
255
255
149
0
5
6
0
0
0
0
0
0
2
0
0
3
1
0
78
252
255
247
242
147
119
220
255
255
243
243
156
3
0
3
0
0
0
0
0
0
4
1
0
2
4
0
66
226
250
255
167
4
67
205
255
230
254
255
228
224
255
168
22
3
0
0
0
0
0
0
1
0
7
0
4
77
229
255
220
183
254
239
255
255
197
205
242
249
240
251
150
8
0
0
0
0
0
0
0
0
1
8
0
0
80
211
255
247
255
251
247
154
7
0
50
159
239
222
99
3
0
0
0
0
11
0
0
0
0
10
5
4
0
5
117
172
248
143
113
5
22
0
3
3
0
2
9
0
0
0
0
0
5
0
8
12
0
0
0
1
7
4
0
2
0
9
0
0
0
0
15
0
1
0
0
4
0
0
0
0
0
0
0
0
0
0
0
0
0
0
0
0
0
0
0
0
0
0
0
0
0
0
0
0
0
0
0
0
0
0
0
0
0
0
0
0
0
0
0
0
0
0
0
0
0
0
0
0
0
0
0
0
0
0
0
0
0
0
0
0
0
0
0
0
0
0
0
0
0
0
0
0
0
0
0
0
0
0
0
0
0
0
0
0
0
0
0
0
0
0
0
0
0
0
0
0
0
0
0
0
0
0
0
0
0
0
0
0
0
0
0
0
