2
0
0
0
0
0
0
0
0
0
1
0
0
9
0
0
14
2
0
5
9
0
0
13
0
0
0
0
0
0
0
0
0
0
0
0
0
3
20
7
0
0
13
4
1
4
4
0
0
17
0
0
8
0
0
0
0
0
0
0
0
0
0
0
0
0
4
0
9
0
10
0
0
0
0
12
4
0
0
10
3
0
0
0
0
0
0
0
0
0
0
0
0
2
0
0
5
5
0
9
4
23
0
0
10
0
3
13
0
0
0
0
0
0
0
0
0
0
0
0
0
5
117
135
255
175
202
67
0
0
11
6
0
1
6
0
0
0
0
0
0
0
0
0
0
0
0
0
0
246
255
255
251
255
252
248
190
3
4
3
0
0
0
1
0
0
0
0
0
0
0
0
0
0
0
0
0
247
255
252
242
255
236
255
255
178
26
0
18
19
0
0
0
0
0
0
0
0
0
0
0
0
0
0
0
134
247
253
255
251
255
255
252
255
183
72
0
0
0
0
0
0
0
0
0
0
8
0
0
0
13
0
11
8
54
127
136
53
133
247
255
255
245
255
142
0
5
4
0
0
0
0
0
0
0
1
7
0
0
9
0
0
4
1
7
0
0
5
122
246
255
242
251
17
5
2
0
0
0
0
0
2
4
1
1
8
0
19
0
7
14
0
124
84
0
0
4
0
255
255
253
57
0
0
6
0
0
0
0
0
11
4
0
9
0
0
0
133
238
255
255
245
255
142
0
0
58
254
241
203
5
0
0
0
0
0
0
0
0
2
0
0
24
15
4
252
255
255
254
251
255
241
255
76
0
114
255
245
9
0
7
0
0
0
0
0
14
0
10
29
0
0
249
252
255
247
254
255
242
255
255
252
2
122
254
255
0
0
3
0
0
0
0
20
0
0
0
0
32
145
250
255
238
193
127
247
255
236
255
250
255
255
249
251
50
4
11
0
0
0
0
0
8
0
1
12
0
114
255
178
73
6
0
6
0
195
255
253
252
253
255
255
136
0
0
0
0
0
0
0
9
0
0
5
6
185
255
127
0
8
0
1
6
0
121
251
255
255
235
255
138
0
10
61
144
0
1
2
0
0
9
12
0
135
251
127
7
0
0
11
0
7
16
7
242
255
255
255
240
197
122
255
218
17
0
4
3
2
0
6
0
126
250
255
68
10
15
0
8
0
0
0
255
244
255
253
255
255
248
185
101
0
9
0
3
9
0
0
11
127
255
253
255
133
0
14
0
137
203
255
255
255
250
255
249
255
130
48
0
0
10
0
0
11
6
1
0
73
230
255
243
246
250
255
255
248
249
247
248
178
152
0
77
55
0
27
0
3
0
1
0
4
4
4
0
15
82
239
255
255
188
255
238
255
190
255
211
69
0
0
0
1
5
0
0
9
0
0
6
0
0
0
9
1
0
86
108
255
255
255
247
139
57
183
64
0
4
19
1
10
0
0
5
7
0
0
0
0
8
0
0
6
0
0
6
69
0
118
139
52
5
0
0
13
5
0
1
0
6
9
0
0
0
0
0
0
0
0
0
0
0
0
0
0
0
0
0
0
0
0
0
0
0
0
0
0
0
0
0
0
0
0
0
0
0
0
0
0
0
0
0
0
0
0
0
0
0
0
0
0
0
0
0
0
0
0
0
0
0
0
0
0
0
0
0
0
0
0
0
0
0
0
0
0
0
0
0
0
0
0
0
0
0
0
0
0
0
0
0
0
0
0
0
0
0
0
0
0
0
0
0
0
0
0
0
0
0
0
0
0
0
0
0
0
0
