7
0
0
0
0
0
0
0
0
0
0
3
0
0
0
5
0
0
0
0
7
1
0
0
0
0
0
0
0
0
0
0
0
0
0
0
0
0
2
8
10
5
0
1
4
9
6
0
0
0
7
7
0
0
0
0
0
0
0
0
0
0
0
0
0
0
2
0
0
0
0
0
0
0
2
2
0
2
1
0
5
0
0
0
0
0
0
0
0
0
0
0
0
16
2
0
3
17
2
0
7
0
0
0
8
12
0
0
7
0
0
0
0
0
0
0
0
0
0
0
0
0
0
1
0
0
12
7
0
11
2
0
0
4
1
0
0
0
0
0
0
0
0
0
0
0
0
0
0
5
0
6
8
0
0
0
4
0
0
6
1
0
0
10
0
0
0
0
0
0
0
0
0
0
0
0
0
0
1
0
15
121
255
235
68
25
0
5
13
0
0
10
0
0
0
0
0
0
0
0
0
0
0
0
0
0
48
174
255
249
247
255
248
155
27
0
6
1
0
6
0
0
0
0
0
0
0
0
0
0
0
0
0
17
146
255
253
242
210
222
250
253
186
68
0
0
14
0
3
0
0
0
0
0
0
0
0
0
0
0
0
147
235
255
207
55
13
18
79
160
255
216
141
0
5
0
10
0
0
0
0
0
0
0
0
0
0
0
0
177
249
255
168
7
0
0
2
47
253
255
167
0
3
0
5
0
0
0
0
0
0
0
0
0
0
0
0
195
253
243
65
0
0
16
8
117
255
253
94
5
2
6
0
0
0
0
0
0
0
0
0
0
0
0
0
178
255
245
38
11
0
0
17
239
255
225
37
5
0
1
2
0
0
0
0
0
0
0
0
0
0
0
0
107
159
126
0
0
1
9
128
255
242
137
7
0
5
0
7
0
0
0
0
0
0
0
0
0
0
0
0
0
10
5
0
1
3
0
150
255
245
78
4
0
5
0
0
0
0
0
0
0
0
0
0
0
0
0
0
8
0
2
5
0
0
11
189
248
255
65
2
4
0
16
0
0
0
0
0
0
0
0
0
0
0
0
0
0
11
0
0
8
0
90
251
251
192
0
0
1
3
3
0
0
0
0
0
0
0
0
0
0
0
0
0
16
0
0
5
0
0
255
243
239
53
0
4
0
1
0
4
0
0
0
0
0
0
0
0
0
0
0
0
0
0
0
10
0
7
255
255
197
0
3
7
0
0
0
7
0
0
0
0
0
0
0
0
0
0
0
0
3
9
0
0
21
149
230
255
108
0
0
0
15
0
0
1
0
0
0
0
0
0
0
0
0
0
0
0
8
2
2
0
0
255
252
246
22
12
0
0
8
4
4
0
0
0
0
0
0
0
0
0
0
0
0
0
0
0
12
4
22
242
255
217
2
0
2
3
0
9
0
0
0
0
0
0
0
0
0
0
0
0
0
0
6
0
0
3
119
249
254
144
6
0
9
9
0
6
0
0
0
0
0
0
0
0
0
0
0
0
0
0
0
0
3
0
117
245
255
93
0
13
0
0
5
0
0
3
0
0
0
0
0
0
0
0
0
0
0
0
2
2
5
9
97
254
255
105
0
0
0
0
0
0
0
0
0
0
0
0
0
0
0
0
0
0
0
0
0
6
0
0
82
251
239
69
0
0
0
0
0
0
0
0
0
0
0
0
0
0
0
0
0
0
0
0
1
2
12
8
0
0
0
0
0
0
0
0
0
0
0
0
0
0
0
0
0
0
0
0
0
0
0
0
5
0
0
0
11
6
0
4
0
0
0
0
0
0
0
0
0
0
0
0
