9
0
0
0
0
0
0
0
0
0
1
3
3
0
0
0
0
2
2
1
0
0
0
2
5
0
0
0
0
0
0
0
0
0
0
0
0
0
0
0
1
2
3
4
5
1
0
0
0
5
7
2
0
0
0
0
0
0
0
0
0
0
0
0
0
2
0
0
0
0
0
1
0
0
2
6
1
0
0
0
3
0
0
0
0
0
0
0
0
0
0
0
0
3
0
0
0
0
0
0
0
4
0
0
0
10
15
8
0
0
0
0
0
0
0
0
0
0
0
0
0
0
0
0
0
3
4
3
2
0
0
0
3
4
1
0
0
0
0
0
0
0
0
0
0
0
0
0
0
0
0
1
0
0
0
0
0
0
0
0
0
0
0
7
17
0
0
0
0
0
0
0
0
0
0
0
0
1
3
3
0
0
0
1
8
0
1
4
4
3
0
0
0
0
0
0
0
0
0
0
0
0
0
0
0
0
0
3
1
1
10
27
41
97
169
224
191
88
4
0
8
0
0
0
0
0
0
3
3
1
1
1
0
0
4
0
5
45
181
233
241
255
236
255
255
228
0
3
2
0
0
0
0
4
2
0
0
0
0
0
0
6
0
68
146
218
242
253
241
223
177
198
229
248
66
0
0
0
0
0
0
3
0
0
0
2
4
2
0
15
39
247
251
255
190
32
0
10
0
249
246
241
0
0
4
0
0
0
0
0
0
0
4
6
3
0
0
47
255
238
184
34
0
4
0
0
3
239
255
137
10
9
3
0
0
0
0
0
0
2
3
0
0
0
3
227
255
180
0
11
10
4
2
13
156
247
207
13
14
0
0
0
0
0
0
4
0
0
0
0
0
10
28
246
240
44
0
0
0
6
59
201
251
251
98
0
0
28
14
0
0
0
0
3
0
0
2
2
2
15
32
243
234
40
30
24
32
195
255
244
255
245
87
6
0
1
0
0
0
0
0
4
0
0
5
3
0
0
3
229
238
255
240
253
250
232
145
172
255
221
6
3
14
0
6
0
0
0
0
0
0
0
0
0
0
0
0
86
223
255
242
255
143
32
92
255
255
28
10
0
0
8
0
0
0
0
0
0
0
0
0
0
0
0
0
0
0
6
3
1
0
7
166
244
151
8
0
0
0
6
0
0
1
1
0
0
0
0
0
0
0
0
0
15
0
5
0
0
2
89
236
217
35
0
0
1
0
0
3
1
1
1
1
0
0
0
0
0
0
0
0
0
7
11
0
5
14
173
249
164
0
0
0
5
2
0
1
0
0
0
0
0
0
0
0
0
0
0
0
0
0
0
0
1
100
253
246
81
0
2
1
2
4
0
0
0
0
0
0
0
0
0
0
0
0
0
0
7
0
11
6
9
232
255
132
7
5
0
0
0
2
0
1
1
0
0
0
0
0
0
0
0
0
0
0
0
0
3
0
88
255
184
29
0
3
0
0
0
0
2
3
9
4
0
0
0
0
0
0
0
0
0
0
0
10
0
35
247
241
94
0
2
0
8
0
7
0
4
4
16
9
1
0
0
0
0
0
0
0
0
0
3
0
0
46
253
245
35
0
0
0
0
0
0
0
0
0
29
12
0
0
0
0
0
0
0
0
0
0
0
8
0
104
255
227
1
5
0
0
0
0
0
0
0
0
11
1
0
0
0
0
0
0
0
0
0
0
0
15
7
63
249
155
0
0
0
0
0
0
0
0
0
0
0
0
0
0
0
0
0
0
0
0
0
0
0
0
0
8
0
0
1
2
0
0
0
0
0
0
0
0
0
0
2
4
