7
0
0
0
0
0
0
0
0
0
0
0
0
0
0
0
0
0
4
5
0
10
0
0
0
0
0
0
0
0
0
0
0
0
0
0
0
1
0
0
0
0
0
0
0
2
1
6
0
0
0
7
12
0
0
0
0
0
0
0
0
0
0
0
0
1
1
1
0
0
0
0
0
1
0
1
15
0
0
0
0
0
0
0
0
0
0
0
0
0
0
0
0
2
2
1
0
0
0
0
0
3
0
0
0
4
3
12
8
0
0
0
0
0
0
0
0
0
0
0
0
1
1
1
0
0
0
0
0
0
9
15
0
9
0
0
0
0
0
0
0
0
0
0
0
0
0
0
0
0
0
0
0
0
0
0
0
0
0
2
0
18
9
6
0
0
0
0
0
0
0
0
0
0
0
0
0
0
0
0
0
0
1
2
2
6
0
0
24
0
0
0
9
0
0
0
0
0
0
0
0
0
0
0
0
0
0
0
0
1
2
3
3
112
127
188
244
72
16
0
0
0
0
0
0
0
0
4
0
0
16
3
0
0
0
0
10
35
143
168
251
255
245
248
254
132
0
0
1
0
0
0
0
3
4
3
7
0
0
1
0
24
12
91
152
255
244
253
248
208
235
255
250
115
5
0
0
0
0
0
0
1
0
0
7
3
0
21
18
83
193
255
255
253
232
186
80
18
43
211
255
138
13
7
2
0
0
0
0
0
2
12
36
59
102
166
198
255
255
234
214
76
27
0
7
16
18
222
246
137
0
0
1
0
0
0
0
0
56
188
230
236
255
248
255
241
179
133
36
0
10
7
0
0
66
255
255
129
18
0
5
0
0
0
0
10
89
246
255
255
241
153
126
57
0
15
0
1
6
0
0
13
81
252
255
18
0
2
3
0
0
0
0
2
0
39
24
16
35
6
3
1
0
3
9
0
3
0
25
0
94
240
227
0
0
14
0
0
0
0
0
2
0
6
5
0
4
0
0
0
12
0
0
8
3
0
0
29
217
252
91
0
5
0
0
0
0
0
0
0
0
0
0
0
0
0
0
0
12
0
0
4
0
0
4
132
239
255
25
4
1
0
4
0
0
0
0
0
0
0
0
0
0
0
0
0
0
2
2
8
10
3
3
196
255
195
13
0
4
0
7
0
0
0
0
0
0
0
0
0
0
0
0
7
0
6
0
0
0
0
23
219
245
86
0
1
8
0
0
0
0
0
0
0
0
0
0
0
0
0
0
4
0
4
0
6
2
25
151
245
177
10
0
2
5
0
0
0
0
0
0
0
0
0
0
0
0
0
0
1
0
3
0
6
0
48
246
255
122
0
3
0
0
3
7
0
0
0
0
0
0
0
0
0
0
0
0
2
0
4
0
0
0
79
255
209
49
0
9
0
0
0
4
0
0
0
0
0
0
0
0
0
0
0
0
0
0
4
0
8
84
195
255
95
12
0
6
0
2
0
0
0
0
0
0
0
0
0
0
0
0
0
0
10
0
4
0
3
143
255
245
63
44
4
4
0
6
0
0
0
0
0
0
0
0
0
0
0
0
0
0
0
2
2
4
0
154
255
247
66
8
0
9
0
0
3
0
0
0
0
0
0
0
0
0
0
0
0
0
8
0
0
9
2
149
249
253
45
2
0
8
0
0
4
0
0
0
0
0
0
0
0
0
0
0
0
0
0
19
8
0
3
177
215
115
19
0
0
6
0
0
5
0
0
0
0
0
0
0
0
0
0
0
0
0
11
0
0
23
0
0
0
0
2
0
0
3
0
1
6
0
0
0
0
0
