0
0
0
0
0
0
0
0
0
9
0
1
0
3
0
8
0
9
0
0
0
5
2
1
5
0
0
0
0
0
0
0
0
0
0
0
0
0
2
6
0
2
0
1
11
0
2
12
5
0
0
0
0
0
0
0
0
0
0
0
0
0
0
0
0
0
2
0
0
8
5
0
0
1
2
3
2
0
0
1
8
0
0
0
0
0
0
0
0
0
0
0
0
1
9
2
1
0
6
0
0
7
3
0
0
0
3
0
0
0
0
0
0
0
0
0
0
0
0
0
0
4
0
1
0
0
0
12
0
0
0
1
12
7
0
4
23
0
0
0
0
0
0
0
0
0
0
0
0
0
0
17
0
9
82
211
255
253
255
223
97
11
5
4
0
0
0
0
0
0
0
0
0
0
0
0
0
15
0
0
12
169
239
255
248
253
233
248
255
233
117
26
0
0
0
0
0
0
0
0
0
0
0
0
0
0
6
4
14
211
255
255
248
253
254
244
244
255
244
129
2
0
0
0
0
0
0
2
1
0
0
0
0
0
30
0
88
255
246
255
251
161
95
195
248
253
245
251
50
0
0
0
0
0
0
0
0
0
1
1
1
14
0
3
116
246
255
255
210
26
0
14
44
170
255
255
139
0
0
0
0
2
0
0
0
0
1
2
3
1
0
50
248
234
255
199
28
8
0
4
5
69
239
242
151
0
0
0
0
4
0
0
0
1
0
0
0
0
27
194
242
255
250
108
2
0
8
0
0
70
255
236
156
0
0
0
0
3
0
0
2
3
0
0
0
0
174
245
252
242
170
0
11
17
0
8
0
75
251
255
124
0
0
0
0
2
0
0
4
2
0
0
5
30
206
244
255
212
23
7
0
0
3
10
0
187
245
255
144
0
0
0
0
2
0
0
3
0
0
5
20
203
233
255
248
48
3
0
0
13
0
3
102
252
253
241
38
0
0
0
0
2
0
0
2
0
0
12
33
255
255
251
172
0
1
5
0
0
4
21
220
255
242
213
4
0
0
0
0
7
1
0
0
3
0
0
176
255
248
222
28
0
3
0
1
0
18
178
248
255
247
26
1
0
0
0
0
0
6
0
0
5
0
53
241
255
242
87
0
8
4
1
5
7
128
249
249
241
88
0
6
0
0
0
0
5
0
2
15
0
0
145
255
242
252
70
7
3
5
0
0
137
245
247
255
144
2
5
8
0
0
0
0
0
10
0
0
4
7
179
253
255
142
0
0
0
0
15
124
251
236
255
121
29
2
0
0
0
0
0
0
3
0
3
10
0
18
231
241
248
112
3
6
64
80
116
255
255
255
195
46
0
10
5
9
0
0
0
0
0
18
9
0
0
12
180
255
255
229
115
114
244
255
246
255
238
185
15
23
0
0
0
0
0
0
0
0
1
0
11
0
0
0
136
252
239
255
244
255
255
234
255
248
193
11
2
0
12
13
0
9
0
0
0
0
0
0
0
0
19
3
89
255
255
238
250
255
228
255
254
79
0
12
0
0
6
0
2
1
0
0
0
0
0
2
1
0
0
0
10
19
155
244
246
227
123
120
37
0
0
0
0
0
0
0
0
0
0
0
0
0
0
1
2
0
0
0
4
9
2
16
6
7
0
2
0
0
0
0
0
0
0
0
0
0
0
0
0
0
0
0
3
2
0
0
0
0
0
0
0
0
17
0
3
1
0
0
0
0
0
0
0
0
0
0
0
0
0
0
2
2
0
0
0
0
3
2
15
0
7
0
2
0
0
0
0
0
0
0
0
0
0
0
0
0
