4
0
0
0
1
9
0
0
3
3
0
0
0
0
0
0
9
0
12
0
0
17
0
0
5
0
0
0
0
2
14
11
0
0
0
2
0
0
0
0
1
9
0
1
0
0
0
13
9
0
23
0
1
0
0
0
0
0
0
0
0
0
8
10
0
0
0
0
0
8
0
14
0
0
11
0
1
5
0
18
0
0
0
0
0
8
0
0
3
0
1
0
0
4
0
9
0
0
0
13
0
5
2
0
1
2
13
0
7
0
0
0
0
6
1
16
3
0
1
0
13
0
0
16
0
0
0
0
2
4
0
24
0
0
0
18
0
0
0
0
0
0
0
9
0
3
19
0
0
7
0
0
0
3
8
0
3
0
0
6
0
4
112
255
189
0
0
0
0
6
0
4
0
11
7
0
32
114
94
0
0
6
2
0
4
13
6
0
7
0
233
255
247
0
0
0
0
7
0
1
0
4
0
29
195
255
217
2
0
5
0
3
2
0
7
0
3
181
241
255
187
0
0
0
0
0
0
4
0
0
19
19
255
253
220
0
0
3
5
0
8
0
0
2
53
245
255
253
62
0
0
0
0
9
0
0
1
0
0
130
247
255
142
0
0
0
0
0
0
0
12
4
166
255
254
168
18
0
0
0
0
4
0
0
4
5
24
227
253
253
67
15
5
0
0
7
2
0
0
107
255
249
237
79
0
0
0
0
0
0
4
0
0
1
112
244
255
199
10
0
3
4
0
4
0
3
74
239
255
249
132
6
0
0
0
0
0
0
6
2
0
0
152
250
247
115
6
0
0
3
0
6
10
7
212
255
241
232
22
0
1
0
0
0
0
3
0
0
4
0
116
255
250
197
110
6
0
14
5
0
0
111
250
252
255
127
5
0
11
0
0
0
0
0
0
0
4
2
50
214
255
246
243
187
112
66
7
11
88
245
245
255
215
16
9
0
0
0
0
0
0
0
13
0
0
0
0
100
252
250
255
255
235
255
213
185
238
249
255
246
111
0
0
0
11
0
0
0
0
3
0
0
4
0
0
20
55
224
255
253
250
254
250
253
249
254
244
255
134
0
0
3
0
0
0
0
0
4
0
0
5
1
0
0
10
19
131
212
255
248
255
250
255
255
255
170
12
0
18
0
1
0
0
0
0
1
0
0
4
5
0
0
0
8
0
39
35
87
249
255
240
252
165
65
0
0
18
0
11
0
0
0
0
0
0
0
0
2
7
6
1
0
5
0
0
145
255
255
251
146
15
0
16
0
0
0
0
0
0
0
0
0
3
1
0
0
0
0
0
0
1
2
168
252
241
246
141
14
0
0
0
9
3
0
0
0
0
0
0
0
0
3
1
0
0
0
0
21
0
50
212
246
255
144
5
0
17
5
0
11
11
0
7
0
0
0
0
0
0
1
5
4
2
2
4
0
34
195
233
255
230
25
13
6
0
0
0
0
0
0
0
0
0
0
0
10
1
0
0
0
0
0
1
11
25
249
255
190
11
0
0
0
0
1
7
2
0
8
0
0
0
0
0
0
0
0
0
0
0
0
0
5
0
120
240
144
10
0
3
0
0
0
0
0
0
0
0
0
0
0
0
0
0
0
0
0
0
0
0
7
0
7
16
0
0
10
0
0
0
0
0
0
0
0
0
0
0
0
0
0
0
0
0
0
0
0
0
0
5
0
0
0
3
0
0
0
0
0
0
0
0
0
0
0
0
0
0
0
0
0
0
0
0
0
0
0
6
5
9
14
0
0
13
0
0
0
0
0
0
0
0
0
0
0
0
