2
4
0
0
1
7
6
1
0
4
1
0
0
0
0
0
0
0
0
0
0
0
0
0
0
0
0
0
0
1
0
0
1
1
0
0
0
0
3
8
7
1
0
0
1
0
0
0
0
0
0
0
0
0
0
0
0
0
2
2
0
0
0
1
1
4
0
0
0
2
9
5
0
0
0
0
0
0
0
0
0
0
0
0
0
0
1
0
0
0
4
4
1
3
7
8
4
0
0
0
3
0
0
0
0
0
0
0
0
0
0
0
0
1
0
0
1
1
0
0
0
0
0
0
0
0
0
0
0
0
0
0
0
0
0
0
0
0
0
0
0
0
0
2
4
0
0
5
27
21
19
15
9
3
0
2
4
0
0
0
0
0
0
0
0
0
0
0
0
0
0
3
3
0
5
75
154
254
255
255
202
117
42
4
0
0
0
0
0
0
0
0
0
0
0
0
0
0
0
3
0
0
28
155
255
248
247
253
255
246
179
79
2
0
0
0
0
0
0
0
0
0
0
0
0
4
0
3
5
0
0
92
200
211
213
224
249
250
255
198
3
0
0
0
7
0
0
11
2
0
1
2
2
2
0
0
9
6
0
0
11
0
0
0
62
209
255
235
171
0
2
3
10
3
0
7
0
0
0
0
0
3
2
0
0
0
3
3
0
13
11
3
5
124
251
255
195
13
0
0
0
0
0
0
0
1
0
0
0
0
4
10
1
0
0
4
4
0
0
0
0
47
215
255
250
23
0
7
5
6
15
0
0
4
3
3
2
0
0
1
3
4
0
0
0
1
14
0
0
8
194
234
255
56
2
0
0
0
2
0
2
0
0
2
3
8
0
0
0
2
4
7
13
0
1
0
0
0
190
239
247
58
6
0
0
3
7
2
5
0
0
0
0
0
0
7
7
0
0
0
0
9
13
84
137
115
206
252
255
214
145
57
9
0
0
7
0
5
4
1
0
2
6
2
0
0
7
9
2
3
155
255
252
246
255
251
249
255
255
228
232
234
222
198
133
21
16
8
1
0
0
0
0
0
0
0
0
76
246
235
254
249
255
255
246
248
252
253
252
252
255
255
251
252
251
0
3
0
0
0
0
0
0
0
0
93
240
250
255
249
250
252
255
254
255
254
249
247
250
250
247
247
194
14
0
0
0
0
0
0
0
0
0
131
249
255
255
240
230
113
0
0
0
0
0
21
60
97
117
80
25
0
4
0
0
0
0
0
0
0
0
26
76
170
255
201
84
0
14
0
0
0
0
0
0
0
0
4
0
0
1
0
0
0
0
0
0
0
0
0
10
21
11
0
12
0
0
0
4
9
8
7
5
0
0
5
9
3
0
0
0
0
0
0
0
0
0
0
0
3
1
0
9
0
0
0
0
0
0
0
0
5
7
0
11
0
0
0
0
0
0
0
0
0
0
12
2
0
0
5
0
0
13
0
0
6
7
7
6
1
0
9
10
0
0
0
0
0
0
0
0
0
0
0
11
0
0
11
0
0
0
2
2
0
0
0
0
3
2
6
0
7
4
0
0
0
0
0
0
0
0
0
0
0
0
0
0
0
0
0
0
0
0
0
0
0
0
0
0
0
0
0
0
0
0
0
0
0
0
0
0
0
0
0
0
0
0
0
0
0
0
0
0
0
0
0
0
0
0
0
0
0
0
0
0
0
0
0
0
0
0
0
0
0
0
0
0
0
0
0
0
0
0
0
0
0
0
0
0
0
0
0
0
0
0
0
0
0
0
0
0
0
0
0
0
0
0
0
0
0
0
0
0
0
0
