2
0
0
3
12
0
0
4
0
5
3
0
0
9
0
0
10
0
3
5
0
1
2
0
4
0
0
0
0
1
6
1
0
0
26
0
4
0
0
11
6
0
4
3
0
12
0
0
12
1
0
9
0
0
0
0
0
6
0
0
2
0
9
0
7
19
0
7
0
0
7
7
0
0
7
0
0
8
0
9
0
0
0
0
0
4
0
0
12
3
0
7
0
0
28
93
157
207
221
161
78
16
6
3
0
8
0
5
0
0
0
0
0
0
2
0
0
0
11
3
12
149
250
255
250
252
251
254
238
148
0
0
19
0
0
8
0
0
0
0
0
0
5
1
0
0
10
0
149
251
255
203
142
111
84
148
255
249
88
2
2
0
2
0
0
0
0
0
0
0
0
3
10
0
0
90
254
253
114
18
0
6
0
8
134
255
216
31
0
4
13
0
0
0
0
0
0
1
0
3
0
2
0
249
246
105
0
10
0
0
14
0
66
251
255
49
14
3
0
2
2
0
0
0
0
1
0
0
0
6
10
166
83
6
0
6
0
1
3
0
58
255
239
59
8
4
0
10
0
0
0
0
0
0
5
3
1
0
0
26
0
0
0
0
7
10
0
8
51
244
231
16
0
0
0
2
2
0
0
0
0
0
1
0
7
2
6
0
8
2
0
2
11
0
11
4
173
241
131
0
0
5
0
0
3
0
0
0
0
0
1
0
2
0
13
0
24
6
0
2
0
0
11
30
255
255
10
0
0
8
3
0
0
0
0
0
0
0
2
0
7
0
0
0
0
0
11
0
0
22
2
139
246
228
0
7
0
0
2
1
3
0
0
0
0
0
0
0
6
0
0
23
0
0
5
0
2
0
94
246
250
78
13
0
0
0
4
0
3
0
0
0
0
4
6
0
0
0
0
4
0
2
0
10
5
30
218
255
191
0
10
0
1
6
3
0
1
0
0
0
0
0
4
0
7
6
14
0
7
6
0
4
0
195
255
212
21
10
0
14
0
2
0
0
8
0
0
0
0
1
0
1
0
2
6
0
1
0
15
0
46
255
249
119
10
5
0
4
0
0
13
3
0
0
10
0
10
6
0
0
6
0
0
6
2
3
0
93
225
237
187
17
3
3
0
3
3
0
0
0
9
3
0
0
0
3
5
0
8
1
0
10
0
0
74
255
255
192
0
0
0
0
3
7
0
6
9
0
8
3
0
2
5
0
9
0
0
5
0
1
13
102
251
231
130
12
5
0
2
11
0
0
19
24
0
13
131
91
55
0
3
0
2
7
0
8
0
0
117
231
255
221
28
56
124
125
131
216
227
224
210
225
230
227
255
255
183
0
6
5
0
7
0
7
0
8
197
249
242
255
247
255
246
239
255
255
249
250
253
255
255
230
243
214
159
8
19
8
0
3
0
2
0
8
129
166
161
190
255
255
185
165
142
137
162
159
88
41
49
54
60
12
6
0
1
2
0
2
0
0
5
0
0
0
0
22
0
0
7
0
0
11
0
0
2
0
0
0
0
11
0
13
0
0
0
0
0
0
0
0
0
0
0
0
0
0
0
0
0
0
0
0
0
0
0
0
0
0
0
0
0
0
0
0
0
0
0
0
0
0
0
0
0
0
0
0
0
0
0
0
0
0
0
0
0
0
0
0
0
0
0
0
0
0
0
0
0
0
0
0
0
0
0
0
0
0
0
0
0
0
0
0
0
0
0
0
0
0
0
0
0
0
0
0
0
0
0
0
0
0
0
0
0
0
0
0
0
0
0
0
0
0
0
0
0
