9
0
0
0
0
0
0
0
0
0
4
0
5
11
0
0
0
0
4
5
0
0
0
0
3
0
0
0
0
0
0
0
0
0
0
0
0
2
0
5
0
0
5
0
7
1
0
0
0
10
14
5
0
0
0
0
0
0
0
0
0
0
0
0
0
1
4
5
4
0
0
8
0
5
5
2
0
0
0
0
4
0
0
0
0
0
0
0
0
0
0
0
0
0
0
5
0
0
8
0
0
0
0
3
10
12
8
5
4
0
0
0
0
0
0
0
0
0
0
0
0
8
19
0
10
8
0
17
0
0
2
3
0
0
0
0
0
0
0
0
0
0
0
0
0
0
0
0
0
0
10
0
0
3
0
1
0
0
3
1
0
0
10
7
0
0
0
0
0
0
0
0
0
0
0
0
0
2
38
156
129
170
233
153
206
230
180
90
8
0
2
8
0
0
0
0
0
0
0
0
0
0
0
0
0
89
242
253
255
255
179
140
71
228
255
253
148
35
0
0
5
0
0
0
0
7
0
0
0
0
0
0
180
255
250
242
199
111
2
2
6
52
115
121
221
126
8
2
2
0
0
0
0
0
4
3
1
11
0
141
248
252
205
97
3
0
0
0
28
249
236
65
75
225
13
0
0
0
0
0
0
10
0
0
0
14
59
255
253
123
24
0
1
2
1
21
107
248
255
153
0
117
184
17
1
0
0
0
0
0
0
8
13
0
114
255
239
52
0
6
18
0
0
0
127
255
255
218
13
15
202
0
15
0
0
0
0
0
0
7
12
0
141
244
212
0
11
0
0
8
10
0
190
255
249
255
95
0
85
122
0
0
0
0
0
4
7
0
0
13
104
254
189
0
0
7
0
21
4
0
124
250
255
249
100
0
50
14
0
0
0
0
0
0
8
6
1
0
23
255
225
36
0
19
0
0
2
13
29
255
251
249
98
34
192
38
11
0
0
0
0
8
0
1
6
0
21
255
249
170
35
0
0
15
0
0
19
252
255
255
175
224
89
10
0
0
0
0
0
0
0
10
2
2
0
62
249
253
243
143
94
51
63
61
113
255
255
248
112
1
0
0
6
0
0
0
0
7
0
5
0
0
0
8
114
207
255
246
255
251
255
250
252
255
241
173
7
0
18
13
0
0
0
0
0
3
0
5
0
0
5
0
12
6
135
179
254
252
247
255
249
255
242
166
0
3
0
0
0
0
0
0
0
0
0
11
1
0
12
0
0
0
6
16
10
124
177
23
64
160
255
235
4
2
1
7
2
0
0
0
0
2
0
8
3
0
3
4
0
17
0
0
10
0
6
1
0
70
255
253
10
0
0
6
0
0
0
0
0
7
0
0
2
0
0
1
0
0
7
1
0
8
0
0
22
44
243
255
84
15
0
0
11
0
0
0
0
0
0
0
0
4
2
3
0
0
20
0
8
17
0
8
0
0
214
247
108
1
4
0
0
0
0
0
0
0
10
3
0
0
0
0
4
3
0
6
0
0
3
14
0
126
255
255
189
65
30
0
11
0
0
0
0
0
0
0
0
0
0
0
0
0
0
0
0
0
0
0
0
36
255
255
48
74
28
0
7
0
0
0
0
0
0
0
0
0
0
0
0
0
0
0
0
0
0
0
0
7
228
246
22
0
0
8
0
0
0
0
0
0
0
0
0
0
0
0
0
0
0
0
0
0
0
0
0
10
0
0
0
13
0
0
7
0
0
0
0
0
0
0
0
0
0
0
0
0
0
0
0
0
0
0
0
0
7
18
3
0
0
12
1
0
0
0
0
