3
0
7
0
0
4
2
2
0
0
0
4
0
0
0
0
9
0
8
0
2
9
0
0
1
0
0
0
0
3
5
0
0
0
0
2
2
3
6
0
4
7
0
0
0
0
2
0
6
0
8
10
4
0
0
0
0
0
0
4
7
0
1
5
2
0
0
0
0
0
2
7
10
7
0
0
12
0
4
1
0
0
0
0
0
5
0
4
3
0
0
0
0
1
0
13
0
0
7
0
0
4
0
0
1
7
2
0
1
0
0
0
0
7
0
1
0
0
9
4
16
0
3
0
0
0
0
3
0
9
9
19
0
4
0
1
11
0
0
0
0
0
0
4
0
5
4
0
1
0
35
0
0
0
12
136
152
127
142
137
19
0
0
0
0
0
0
0
0
0
0
8
0
5
11
0
47
51
139
159
212
214
196
255
249
255
255
255
133
12
7
3
0
0
0
0
0
1
5
4
0
42
101
139
248
252
250
255
248
251
255
252
248
255
236
255
186
0
0
0
8
0
0
0
0
0
17
0
2
62
250
242
253
247
250
249
255
242
253
249
255
251
255
248
169
13
0
3
5
0
0
0
0
0
0
0
16
255
255
255
255
249
255
255
246
251
255
254
251
249
232
209
14
0
0
0
0
0
0
0
0
0
18
0
0
254
255
201
100
124
92
119
219
255
245
248
250
255
197
15
2
0
1
5
15
0
0
0
0
5
0
11
3
82
109
38
6
0
32
137
243
253
244
255
225
54
22
2
0
3
0
0
0
0
0
0
0
16
0
11
6
1
0
0
2
5
163
239
255
252
241
247
170
113
62
6
0
0
2
4
0
0
0
0
0
0
11
0
0
0
13
13
0
0
236
250
245
255
255
255
249
246
216
169
184
183
19
0
4
0
0
0
0
0
17
0
10
0
0
0
8
6
255
255
251
234
243
255
255
255
249
245
255
246
228
43
0
0
0
0
0
9
0
17
0
0
13
0
0
0
105
92
238
255
253
255
243
251
240
255
241
253
255
196
40
0
0
0
0
2
0
0
4
6
0
0
0
4
0
0
22
36
33
31
38
31
119
217
226
250
255
248
223
0
0
0
0
0
0
0
1
0
5
1
5
0
4
7
5
3
2
0
0
0
0
5
74
238
252
255
242
0
0
0
0
8
0
4
11
0
7
0
6
0
2
5
0
0
7
9
0
25
189
180
201
255
238
255
126
0
0
0
0
0
0
0
0
12
99
69
74
98
73
49
70
152
240
255
250
255
244
255
255
228
255
168
58
0
0
0
0
1
14
8
3
69
246
255
247
236
251
255
255
253
251
251
250
250
255
249
232
255
215
8
0
0
0
0
0
0
0
0
0
20
142
203
255
255
249
241
243
248
250
250
251
254
249
248
218
142
2
0
2
0
0
0
0
9
0
0
6
0
0
49
128
134
140
149
152
148
143
144
149
137
137
141
0
0
2
11
0
0
0
0
0
0
0
0
8
10
0
2
0
3
4
0
0
0
3
2
0
0
7
5
0
11
0
0
8
0
0
0
0
0
0
0
0
0
0
0
0
0
0
0
0
0
0
0
0
0
0
0
0
0
0
0
0
0
0
0
0
0
0
0
0
0
0
0
0
0
0
0
0
0
0
0
0
0
0
0
0
0
0
0
0
0
0
0
0
0
0
0
0
0
0
0
0
0
0
0
0
0
0
0
0
0
0
0
0
0
0
0
0
0
0
0
0
0
0
0
0
0
0
0
0
0
0
0
0
0
0
0
0
0
0
0
0
0
0
0
0
0
0
0
0
