6
0
0
0
0
0
0
0
0
0
0
0
0
9
0
5
0
1
4
0
1
7
0
8
0
0
0
0
0
0
0
0
0
0
0
0
0
8
0
6
13
0
2
0
3
14
0
0
2
0
0
15
4
0
0
0
0
0
0
0
0
0
0
0
0
0
2
7
0
6
0
12
0
0
3
22
4
0
1
2
0
0
0
0
0
0
0
0
0
0
0
0
0
0
22
0
0
11
0
0
20
117
250
231
2
11
1
1
0
0
0
0
0
0
0
0
0
0
0
0
0
15
0
20
0
4
3
34
142
254
243
255
242
4
0
0
8
0
0
0
0
0
0
0
0
0
0
0
0
0
7
0
4
0
48
244
255
255
213
139
228
7
19
0
11
0
0
0
0
0
0
0
0
0
0
0
0
0
0
7
3
36
246
248
229
87
0
9
91
124
0
6
0
0
0
0
0
0
0
0
0
0
0
0
0
11
0
6
0
255
246
207
33
0
0
0
38
158
1
1
5
0
0
0
0
0
0
0
0
0
0
0
0
1
5
0
56
254
245
50
2
0
10
0
5
16
2
5
0
0
0
0
0
0
0
0
0
0
0
0
0
0
7
8
177
250
156
12
0
0
1
0
2
1
0
1
22
0
0
0
0
0
0
0
0
0
0
0
0
4
2
0
245
253
72
8
14
8
3
2
0
0
8
0
0
0
0
0
0
0
0
0
0
0
0
0
0
0
0
24
255
236
9
0
0
0
0
13
0
0
10
0
6
0
0
0
0
0
0
0
0
0
0
0
0
2
0
95
255
139
0
9
0
26
0
1
0
0
3
0
5
0
0
0
0
0
0
0
0
0
0
0
0
5
0
153
255
27
0
17
0
0
0
31
14
0
5
10
0
0
0
0
0
0
0
0
0
0
0
0
0
0
20
209
252
0
0
7
28
116
193
243
183
55
0
7
0
0
0
0
0
0
0
0
0
0
0
0
0
5
79
252
204
0
8
90
248
247
249
255
254
129
2
0
0
0
0
0
0
0
0
0
0
0
0
0
0
2
146
255
83
0
97
255
203
22
5
91
251
214
0
0
0
0
0
0
0
0
0
0
0
0
0
0
0
0
212
255
13
93
255
181
0
5
121
192
255
124
5
3
6
0
0
0
0
0
0
0
0
0
0
0
0
0
213
241
20
247
255
241
169
57
206
247
189
36
15
0
0
0
0
0
0
0
0
0
0
0
0
0
0
0
220
255
185
255
252
252
244
255
226
245
10
0
1
0
4
0
0
0
0
0
0
0
0
0
0
0
0
2
106
247
255
255
252
242
255
245
226
38
10
0
0
18
0
0
0
0
0
0
0
0
0
0
0
0
0
5
30
166
255
236
253
255
214
55
34
4
0
16
11
0
0
0
0
0
0
0
0
0
0
0
0
0
0
0
6
19
83
252
51
12
15
0
0
0
1
0
3
0
7
0
0
0
0
0
0
0
0
0
0
0
0
11
0
0
0
0
0
5
0
6
3
0
0
3
0
5
3
0
0
0
0
0
0
0
0
0
0
0
0
0
0
0
0
0
0
0
0
0
0
0
0
0
0
0
0
0
0
0
0
0
0
0
0
0
0
0
0
0
0
0
0
0
0
0
0
0
0
0
0
0
0
0
0
0
0
0
0
0
0
0
0
0
0
0
0
0
0
0
0
0
0
0
0
0
0
0
0
0
0
0
0
0
0
0
0
0
0
0
0
0
0
0
0
0
0
0
0
0
0
0
0
0
0
0
0
0
0
0
0
0
0
0
0
