5
0
0
0
0
0
0
0
0
0
7
5
0
2
6
2
0
0
1
3
0
1
6
3
0
1
0
0
3
0
0
0
0
0
0
0
0
0
0
0
0
0
0
0
0
3
3
1
0
0
0
0
0
1
9
7
0
0
0
0
0
0
0
0
0
2
0
0
4
1
2
9
10
1
0
0
2
3
2
3
6
0
3
1
0
0
0
0
0
0
0
0
0
7
0
3
3
0
0
0
0
0
0
0
2
1
0
0
0
3
0
0
1
0
0
0
0
0
0
0
0
0
1
5
1
0
6
7
0
5
4
5
6
4
0
1
5
8
6
0
0
0
0
0
0
0
0
0
0
0
5
1
0
4
4
0
0
0
0
0
0
0
0
3
4
0
0
10
1
0
0
0
0
0
0
0
0
7
12
0
0
15
0
0
14
0
14
24
17
11
11
4
0
20
0
0
10
0
0
0
0
0
0
0
0
0
0
0
19
69
54
53
118
201
230
246
234
217
202
173
142
123
13
0
11
3
0
0
2
4
0
0
2
1
0
4
9
146
240
255
247
251
254
253
249
251
255
254
248
169
14
0
7
1
0
0
0
0
0
0
0
0
7
0
57
239
255
252
172
85
63
29
7
21
68
120
151
50
0
3
6
0
3
4
0
0
0
0
0
8
0
0
145
255
166
62
0
0
0
0
0
0
1
4
4
0
0
14
0
0
2
3
0
0
4
4
0
3
0
89
241
245
90
0
17
10
10
8
3
0
0
1
3
6
0
5
0
0
0
0
0
4
6
2
0
0
58
227
246
182
13
1
0
0
0
0
3
4
1
0
0
0
0
0
0
3
0
0
0
2
0
0
0
2
178
239
255
62
0
17
10
13
6
0
0
0
0
2
6
0
5
4
0
4
0
0
3
0
0
3
20
185
245
255
255
255
135
117
0
7
0
0
1
6
3
0
0
2
10
5
0
2
0
0
6
0
0
13
45
245
255
201
200
226
255
235
212
35
15
0
0
0
0
0
2
0
0
0
8
4
0
11
0
7
0
0
16
99
62
7
8
13
43
161
254
253
130
0
9
0
0
8
0
0
0
0
0
0
6
0
1
0
17
1
0
0
21
0
0
4
0
16
80
217
243
110
4
1
5
5
0
0
0
0
0
5
0
2
1
1
0
10
0
9
0
0
0
1
5
0
6
52
255
194
0
6
0
0
0
0
0
0
0
6
0
17
3
5
43
63
53
53
0
8
12
1
3
0
0
67
255
197
0
12
4
0
8
0
0
0
0
1
9
0
0
4
237
252
255
255
222
162
90
72
83
105
180
255
255
124
0
0
8
1
0
0
0
0
0
0
5
0
0
4
208
226
247
240
255
255
255
247
255
251
245
248
130
20
0
0
2
0
0
0
0
0
0
0
0
11
2
0
0
0
0
45
77
156
212
208
223
219
142
68
5
0
11
0
8
8
8
0
0
0
0
0
16
0
5
2
0
6
2
0
13
1
7
2
0
8
0
0
0
4
1
0
0
0
0
0
0
0
0
0
0
0
0
0
0
0
0
0
0
0
0
0
0
0
0
0
0
0
0
0
0
0
0
0
0
0
0
0
0
0
0
0
0
0
0
0
0
0
0
0
0
0
0
0
0
0
0
0
0
0
0
0
0
0
0
0
0
0
0
0
0
0
0
0
0
0
0
0
0
0
0
0
0
0
0
0
0
0
0
0
0
0
0
0
0
0
0
0
0
0
0
0
0
0
0
0
0
0
0
0
0
0
0
0
0
0
0
0
0
0
0
