4
0
0
0
0
0
0
0
0
6
0
8
0
0
6
7
1
0
0
0
0
0
0
0
0
0
0
0
0
0
0
0
0
0
0
0
0
0
2
0
5
23
4
0
2
0
0
0
0
0
0
0
0
0
0
0
0
0
0
0
0
0
0
0
0
7
5
0
0
4
0
3
12
0
0
0
0
0
0
0
0
0
0
0
0
0
0
0
0
0
0
0
0
0
0
3
0
9
2
22
0
0
0
0
0
0
0
0
0
0
0
0
0
0
0
0
0
0
0
0
0
11
0
0
23
0
0
0
0
0
0
0
0
0
0
0
0
0
0
0
0
0
0
0
0
0
0
0
0
0
0
128
242
40
16
8
0
0
0
0
0
0
0
0
0
0
0
0
0
0
0
0
0
0
0
0
0
0
45
225
212
0
0
9
0
0
0
0
0
0
0
0
0
0
0
0
0
0
0
0
0
0
0
0
0
4
156
255
32
3
1
3
0
0
0
0
0
0
0
0
0
0
0
0
0
0
0
0
0
0
0
0
0
0
195
243
104
3
4
6
0
0
8
217
55
0
0
0
3
0
0
0
0
0
0
0
0
0
0
0
0
0
182
249
109
0
0
0
0
9
105
245
85
0
4
12
0
0
0
0
0
0
0
0
0
0
0
0
0
3
146
242
114
3
7
2
6
0
210
255
65
0
0
9
0
0
0
0
0
0
0
0
0
0
0
0
0
5
125
247
108
0
0
0
0
0
250
246
0
5
0
0
5
0
0
0
0
0
0
0
0
0
0
0
0
0
122
255
111
0
0
3
9
37
244
236
4
4
2
0
3
0
0
0
0
0
0
0
0
0
0
0
0
0
119
255
112
3
6
0
0
93
242
255
131
10
13
0
0
0
0
0
0
0
0
0
0
0
0
0
0
5
123
245
101
0
0
13
29
169
252
255
149
12
3
1
0
0
0
0
0
0
0
0
0
0
0
0
0
0
127
252
106
1
11
124
226
254
255
155
30
0
0
4
3
0
0
0
0
0
0
0
0
0
0
0
0
0
120
251
106
73
191
255
250
224
247
155
15
0
7
0
7
0
0
0
0
0
0
0
0
0
0
0
0
8
108
255
238
252
255
180
43
74
250
145
0
3
0
1
0
0
0
0
0
0
0
0
0
0
0
0
0
0
4
154
239
211
72
5
0
0
255
183
0
8
0
11
0
0
0
0
0
0
0
0
0
0
0
0
0
15
3
5
0
0
0
17
0
0
232
234
14
0
0
4
0
0
0
0
0
0
0
0
0
0
0
0
0
0
0
0
10
7
0
0
1
5
226
255
46
0
5
5
0
0
0
0
0
0
0
0
0
0
0
0
0
4
5
0
0
5
1
5
0
7
236
255
68
12
0
8
0
0
0
0
0
0
0
0
0
0
0
0
0
0
2
3
0
0
4
0
0
0
162
241
109
5
0
0
0
0
0
0
0
0
0
0
0
0
0
0
0
1
0
1
0
0
6
0
2
0
61
255
188
23
16
0
9
0
0
0
0
0
0
0
0
0
0
0
0
0
0
0
0
0
0
0
0
0
15
161
246
125
3
0
2
0
0
0
0
0
0
0
0
0
0
0
0
0
0
0
0
0
0
0
0
15
0
0
18
0
0
1
0
0
0
0
0
0
0
0
0
0
0
0
0
0
0
0
0
0
0
0
0
0
11
4
0
0
0
3
13
0
0
0
0
0
0
0
0
0
0
0
0
0
0
0
0
0
0
0
0
0
6
0
0
8
2
0
0
0
0
0
0
