3
0
0
0
0
0
0
0
0
0
4
0
0
6
4
2
5
0
14
0
0
6
0
1
4
0
0
0
0
0
0
0
0
0
0
0
0
6
0
2
0
0
0
4
0
0
0
0
0
5
3
0
0
0
0
0
0
0
0
0
0
0
0
0
0
0
0
5
0
6
0
1
3
15
12
9
0
0
0
0
8
0
0
0
0
0
0
0
0
0
0
0
0
0
13
0
0
7
0
0
8
0
0
0
10
0
4
0
5
0
0
0
0
0
0
0
0
0
0
0
0
3
0
0
63
138
188
178
148
76
31
0
1
1
8
0
7
0
0
0
0
0
0
0
0
0
0
0
0
0
0
106
247
232
255
255
248
248
169
21
0
0
6
0
4
0
0
0
0
0
0
0
0
0
0
0
0
18
0
67
255
249
255
224
221
255
232
54
6
0
10
0
0
0
0
0
0
0
0
0
0
0
0
0
0
0
0
8
146
100
58
29
159
250
255
80
8
0
0
8
6
0
0
0
0
0
0
0
0
0
0
0
0
0
0
6
5
10
14
87
243
254
227
22
0
6
6
0
0
0
0
0
0
0
0
0
0
0
0
0
0
4
0
20
91
173
249
255
247
252
119
8
9
0
0
16
3
0
0
0
0
0
0
0
0
0
0
0
0
0
1
94
250
255
253
255
254
76
0
0
7
3
1
0
0
0
0
0
0
0
0
0
0
0
0
0
0
6
4
74
251
255
255
254
247
83
6
0
0
4
0
0
4
0
0
0
0
0
0
0
0
0
0
0
0
0
0
36
194
218
209
218
255
247
100
0
0
3
0
0
2
0
0
0
0
0
0
0
0
0
0
0
0
4
0
0
27
2
0
54
176
255
207
43
0
6
7
0
0
0
0
0
0
0
0
0
0
0
0
0
0
6
7
0
0
0
14
0
0
151
255
170
0
0
0
0
3
0
0
0
0
0
0
0
0
0
0
0
0
3
0
10
8
0
0
0
3
29
212
243
66
6
0
17
0
0
0
0
0
8
0
0
0
0
3
11
0
0
6
1
0
0
2
16
0
10
140
253
60
17
0
2
0
0
0
0
0
0
0
11
12
0
0
0
0
0
1
8
7
12
0
0
12
0
154
255
177
0
0
3
6
0
0
0
0
0
6
0
0
0
8
71
151
49
0
0
0
0
25
0
0
13
156
242
143
7
3
0
3
0
0
0
0
0
6
0
0
0
12
110
255
248
17
0
22
0
0
0
14
80
255
245
181
13
0
0
5
0
0
0
0
0
2
0
6
9
1
99
255
255
29
0
16
0
20
79
166
231
249
255
115
0
15
10
0
0
0
0
0
6
4
0
0
1
0
72
216
255
223
213
197
198
222
235
255
255
229
253
45
9
0
0
0
0
0
0
0
0
5
0
0
3
0
4
69
229
255
248
250
255
255
255
255
245
255
59
0
2
0
18
14
0
0
0
0
0
7
0
0
6
2
0
4
68
199
244
255
255
253
252
145
12
18
2
0
7
6
0
2
0
0
0
0
0
0
0
0
0
0
0
0
0
0
0
0
0
0
0
0
0
0
0
0
0
0
0
0
0
0
0
0
0
0
0
0
0
0
0
0
0
0
0
0
0
0
0
0
0
0
0
0
0
0
0
0
0
0
0
0
0
0
0
0
0
0
0
0
0
0
0
0
0
0
0
0
0
0
0
0
0
0
0
0
0
0
0
0
0
0
0
0
0
0
0
0
0
0
0
0
0
0
0
0
0
0
0
0
0
0
0
0
0
0
0
0
