3
0
0
0
0
0
0
0
0
4
0
0
0
0
0
0
0
0
2
5
0
8
0
10
0
0
0
0
0
0
0
0
0
0
0
0
0
0
12
6
1
6
1
4
6
9
9
0
7
1
0
9
0
0
0
0
0
0
0
0
0
0
0
0
0
11
0
2
0
0
6
0
0
0
11
13
11
0
0
8
0
0
0
0
0
0
0
0
0
0
0
0
0
3
0
0
10
10
6
10
7
4
0
0
0
0
11
5
3
0
0
0
0
0
0
0
0
0
0
0
0
0
31
1
10
2
75
250
246
216
106
0
0
15
7
0
0
0
0
0
0
0
0
0
0
0
0
0
0
2
0
59
179
241
250
255
246
255
202
0
5
0
0
4
6
0
0
0
0
0
0
0
0
0
0
0
0
6
138
252
237
241
255
237
255
246
255
115
13
0
0
6
0
0
0
0
0
0
0
0
0
0
0
0
0
20
232
255
255
191
16
8
53
247
255
191
0
11
2
0
7
0
0
0
0
0
0
0
0
0
0
0
0
0
140
169
124
0
6
0
144
255
237
195
8
2
0
15
1
0
0
0
0
0
0
0
0
0
0
0
0
0
0
19
0
4
13
7
217
244
255
127
0
5
9
0
5
0
0
0
0
0
0
0
0
0
0
0
0
12
0
0
0
1
20
228
251
255
191
37
0
17
0
5
0
0
0
0
0
0
0
0
0
0
0
0
0
0
11
11
0
115
200
255
255
255
52
0
5
0
4
0
2
0
0
0
0
0
0
0
0
0
0
0
0
16
0
134
249
248
255
241
243
228
172
0
16
0
0
24
0
0
0
0
0
0
0
0
0
0
0
0
0
10
223
243
255
249
245
255
255
255
244
133
0
0
20
0
2
0
0
0
0
0
0
0
0
0
0
0
0
5
229
255
196
154
52
45
134
248
255
237
23
4
0
0
3
0
0
0
0
0
0
0
0
0
0
0
0
4
0
66
12
0
0
8
5
152
255
254
48
2
1
0
1
0
0
0
0
9
0
5
5
0
0
1
1
0
0
0
7
0
10
0
11
90
255
241
42
0
4
3
0
0
0
0
0
0
0
9
0
0
2
0
1
6
16
4
6
0
9
12
0
185
247
255
49
3
0
6
0
0
0
0
0
0
0
2
0
9
17
0
0
0
5
0
2
8
0
0
85
247
245
213
31
4
0
11
0
0
0
0
0
5
5
0
0
2
0
0
58
73
0
14
0
2
11
8
222
255
255
92
2
0
0
10
0
0
0
0
0
0
1
2
0
0
0
74
240
250
114
0
12
0
0
156
246
255
206
10
0
0
6
0
0
0
0
0
0
0
0
0
7
9
4
88
255
255
255
237
149
152
248
255
242
237
80
0
0
1
4
0
1
0
0
0
0
10
1
0
0
1
0
0
78
203
250
255
251
255
234
237
255
121
0
0
0
4
0
0
5
0
0
0
0
0
2
5
0
4
3
0
8
22
180
245
250
227
153
148
71
9
3
2
0
9
0
0
2
0
0
0
0
0
0
0
0
0
0
0
0
0
0
0
0
0
0
0
0
0
0
0
0
0
0
0
0
0
0
0
0
0
0
0
0
0
0
0
0
0
0
0
0
0
0
0
0
0
0
0
0
0
0
0
0
0
0
0
0
0
0
0
0
0
0
0
0
0
0
0
0
0
0
0
0
0
0
0
0
0
0
0
0
0
0
0
0
0
0
0
0
0
0
0
0
0
0
0
0
0
0
0
0
0
0
0
0
0
0
0
0
0
0
0
0
