0
0
0
0
0
0
0
0
0
0
0
2
0
10
0
0
0
0
6
0
11
5
0
26
0
0
0
0
0
0
0
0
0
0
0
0
0
3
0
0
10
0
0
0
0
10
0
0
0
0
13
0
4
0
0
0
0
0
0
0
0
0
0
0
0
0
0
0
0
6
1
3
1
0
0
0
19
7
0
11
0
0
0
0
0
0
0
0
0
0
0
0
0
6
8
13
0
0
0
3
0
0
14
5
0
0
1
1
3
0
0
0
0
0
0
0
0
0
0
0
0
0
0
0
5
3
62
92
83
150
250
78
41
0
5
0
0
0
0
0
0
0
0
0
0
0
0
0
0
10
7
0
0
183
218
246
255
255
235
248
87
0
0
9
11
0
0
0
0
0
0
0
0
0
0
0
0
0
0
13
34
255
247
247
255
255
255
255
250
0
0
0
0
0
0
0
0
0
0
0
0
0
0
0
0
0
0
76
219
244
255
253
248
246
255
248
248
122
5
0
5
0
0
0
0
0
0
0
6
9
0
1
0
0
0
139
252
255
244
255
248
255
231
255
255
190
198
180
0
4
0
3
3
0
6
3
0
0
0
0
0
6
116
255
240
247
255
179
98
140
255
249
240
255
229
236
51
0
5
0
1
0
8
5
0
0
5
2
0
84
253
245
255
255
255
21
0
6
0
201
241
255
255
248
138
8
30
0
0
0
1
0
0
6
6
0
3
65
255
255
240
191
89
0
11
0
4
25
204
255
241
255
253
0
0
0
6
7
0
0
0
3
0
0
56
255
248
251
255
121
0
0
4
10
0
8
0
245
248
235
255
168
15
13
12
3
0
8
6
0
0
32
169
248
244
255
144
0
7
19
0
0
0
0
7
138
255
255
242
180
0
0
7
0
0
8
4
0
0
73
250
255
250
236
30
15
0
0
2
0
22
0
0
85
230
248
255
163
6
2
0
8
0
2
0
0
6
78
255
249
253
161
7
4
3
0
2
3
0
4
1
87
252
255
251
56
0
6
0
0
0
0
2
5
3
87
254
255
240
179
2
0
4
6
1
5
0
28
81
255
255
217
53
0
0
0
0
0
2
5
0
0
0
77
246
245
244
174
0
0
4
0
0
3
1
87
255
248
247
172
17
0
0
0
0
0
0
4
2
2
5
95
255
255
255
166
0
8
10
0
10
26
87
249
251
243
216
0
0
0
0
0
0
6
0
0
0
1
0
78
246
249
246
167
15
0
0
64
160
204
254
255
248
207
14
12
0
0
0
0
0
9
0
0
0
3
0
81
255
255
255
255
246
255
253
252
255
246
248
249
202
108
4
7
0
0
0
0
0
0
0
0
4
7
3
84
248
249
241
254
255
255
250
254
248
253
255
181
25
0
5
3
12
0
0
0
0
0
7
4
0
0
0
17
114
255
255
249
239
249
255
255
249
250
185
114
19
8
0
0
0
0
0
0
0
0
6
0
0
12
7
0
9
79
196
253
255
255
250
245
255
85
37
0
0
0
7
0
0
0
0
0
0
0
0
0
0
0
0
0
0
0
0
0
0
0
0
0
0
0
0
0
0
0
0
0
0
0
0
0
0
0
0
0
0
0
0
0
0
0
0
0
0
0
0
0
0
0
0
0
0
0
0
0
0
0
0
0
0
0
0
0
0
0
0
0
0
0
0
0
0
0
0
0
0
0
0
0
0
0
0
0
0
0
0
0
0
0
0
0
0
0
0
0
0
0
0
0
0
0
0
0
0
0
0
0
0
0
0
0
0
0
0
0
0
