1
0
0
0
0
0
0
0
0
0
0
0
0
0
0
0
0
1
7
0
0
6
9
0
0
0
0
0
0
0
0
0
0
0
0
0
0
0
0
0
0
0
0
0
0
0
0
6
0
0
0
0
0
0
0
0
0
0
0
0
0
0
0
0
0
0
0
0
0
0
0
0
0
8
0
7
0
7
0
12
2
0
0
0
0
0
0
0
0
0
0
0
0
0
0
0
0
0
0
0
0
0
0
0
0
1
2
0
0
0
0
0
0
0
0
0
0
0
0
0
0
0
0
0
0
0
0
0
0
0
1
0
14
7
0
0
22
0
0
0
0
0
0
0
0
0
0
0
0
0
0
0
0
0
0
0
0
0
11
0
0
107
255
252
117
0
0
0
0
0
0
0
0
0
0
0
0
0
0
0
0
0
0
0
0
8
0
74
134
186
234
255
142
0
0
0
0
0
0
0
0
0
0
0
0
0
0
0
0
0
0
0
0
3
6
211
255
254
241
252
41
0
0
0
0
0
0
0
0
0
0
0
0
9
0
12
0
2
0
0
4
0
78
229
249
255
126
0
6
0
0
0
0
0
0
0
0
0
0
0
0
0
21
3
0
8
0
12
1
13
138
255
253
165
1
6
3
0
0
0
0
0
0
0
0
0
0
0
0
6
11
0
2
10
29
0
12
178
255
255
163
21
2
0
0
0
0
0
0
0
0
0
0
0
0
0
0
6
0
6
8
0
2
15
168
241
255
190
33
0
0
0
4
0
0
0
0
0
0
0
0
0
0
0
0
0
0
10
2
0
12
161
255
249
201
10
18
0
0
0
5
0
0
0
0
0
0
0
0
0
0
0
0
6
9
0
0
20
161
255
248
211
81
0
0
6
0
14
0
0
0
0
0
0
0
0
0
0
0
0
0
0
6
0
25
83
255
255
203
36
0
16
17
0
19
0
4
0
0
0
0
0
0
0
0
0
0
0
0
0
3
0
84
255
247
205
14
1
0
0
0
9
0
0
7
0
0
0
0
16
0
0
2
0
5
0
1
4
0
65
244
249
244
60
11
0
0
0
0
0
0
0
0
0
0
0
0
0
10
2
10
2
0
12
0
0
87
240
253
226
77
0
0
0
0
0
0
0
0
0
0
0
0
0
0
0
17
0
0
5
0
5
0
32
229
236
244
72
4
0
4
0
0
0
0
0
0
0
0
0
0
0
0
2
0
0
0
6
0
0
39
175
253
208
57
0
0
7
0
0
0
0
0
0
0
0
0
0
0
0
0
5
0
6
7
1
0
28
149
243
239
53
7
0
8
0
0
0
0
0
0
0
0
0
0
0
0
0
0
0
6
0
6
0
15
158
255
255
53
4
2
7
11
0
8
0
0
0
0
0
0
0
0
0
0
0
0
0
6
0
0
12
125
252
245
164
0
0
16
9
0
23
0
0
0
0
0
0
0
0
0
0
0
0
0
1
0
13
0
63
248
255
112
0
24
0
0
0
12
0
13
0
0
0
0
0
0
0
0
0
0
0
0
4
0
8
0
136
227
72
1
0
0
0
0
0
0
0
0
0
0
0
0
0
0
0
0
0
0
0
0
0
5
14
0
10
22
0
2
0
0
0
0
0
0
0
0
0
0
0
0
0
0
0
0
0
0
0
0
4
3
0
0
3
0
0
10
0
0
0
0
0
0
0
0
0
0
0
0
0
0
0
0
0
0
0
0
0
8
0
11
10
3
15
0
0
0
0
0
0
0
0
0
0
0
0
0
0
0
0
0
0
0
0
0
