4
0
0
0
0
0
0
0
0
0
0
0
0
0
0
0
1
4
9
7
0
0
0
2
0
0
0
0
0
0
0
0
0
0
0
0
0
0
0
0
0
0
0
0
0
0
0
0
7
18
1
0
5
0
0
0
0
0
0
0
0
0
0
0
0
0
0
0
0
0
0
0
0
10
5
0
0
0
0
0
1
0
0
0
0
0
0
0
0
0
0
0
0
0
0
1
1
1
0
0
0
0
0
0
3
7
11
2
2
0
0
0
0
0
0
0
0
0
0
0
0
0
0
1
1
1
0
0
0
0
9
1
0
0
0
0
0
0
0
0
0
0
0
0
0
0
0
0
0
0
0
0
0
0
1
2
3
3
127
140
18
0
0
12
6
0
0
0
0
0
0
0
0
0
0
0
0
1
0
0
0
0
1
5
7
0
186
214
21
0
0
6
0
0
0
0
0
0
0
0
0
0
0
0
0
1
0
0
0
0
2
6
9
150
253
205
0
8
0
7
2
0
0
0
0
11
0
0
0
6
4
0
15
0
6
1
6
0
1
19
200
246
255
137
2
0
5
3
0
0
0
0
0
0
0
9
9
0
4
21
0
0
0
0
0
0
34
203
255
255
255
119
0
0
1
0
7
0
0
0
0
0
11
0
6
7
0
5
0
0
6
4
5
68
252
249
141
211
244
104
5
8
4
0
0
0
0
0
0
1
13
0
0
15
0
0
14
4
0
55
128
247
248
150
12
197
255
82
6
2
0
7
2
0
0
0
0
4
0
12
2
0
10
9
0
0
11
227
254
216
116
2
17
219
250
31
3
1
0
3
0
0
0
0
0
2
0
14
5
0
0
0
10
93
239
234
147
29
0
0
56
255
218
0
0
5
0
2
9
0
0
0
0
1
3
0
1
7
0
34
140
233
249
165
0
7
0
4
125
247
175
0
2
0
18
0
0
0
0
0
0
0
3
0
4
0
24
172
255
255
247
255
255
255
253
159
246
253
231
163
169
127
151
19
0
0
0
0
0
0
0
2
7
0
7
102
211
219
214
213
223
221
217
221
246
252
243
213
219
222
124
9
0
0
0
0
0
0
0
0
7
5
0
0
10
0
9
2
0
0
0
21
221
255
68
0
0
0
0
5
4
0
0
0
0
5
4
0
0
0
1
0
0
4
0
0
3
8
3
9
239
255
24
0
16
0
2
16
0
0
0
0
0
0
5
11
2
0
0
6
6
0
0
3
0
0
3
69
244
184
6
5
0
0
0
0
0
0
0
0
0
0
0
0
1
3
1
0
0
7
4
8
0
6
3
148
255
118
0
7
0
16
3
0
2
0
0
0
0
9
0
0
0
2
4
7
13
0
15
0
0
24
0
163
240
154
4
0
0
1
0
0
3
0
0
0
0
0
2
9
9
2
0
0
0
0
12
8
0
0
0
218
255
91
0
0
6
1
1
6
0
0
0
0
0
0
1
0
0
0
4
7
0
10
0
0
12
0
51
255
203
6
7
6
0
0
0
0
4
0
0
0
0
0
0
0
0
0
0
0
0
0
2
3
0
0
66
245
127
0
0
0
0
0
0
0
0
0
0
0
0
0
0
0
0
0
0
0
0
0
10
2
0
2
0
32
0
0
0
0
0
0
0
0
0
0
0
0
0
0
0
0
0
0
0
0
0
0
1
0
0
18
0
0
1
0
0
0
0
0
0
0
0
0
0
0
0
0
0
0
0
0
0
0
0
9
0
2
5
0
15
7
17
0
0
0
0
0
0
0
0
0
0
0
0
