7
0
2
6
3
0
0
0
0
0
0
2
6
6
2
0
0
0
0
9
5
0
0
0
6
0
0
0
0
10
0
0
0
2
4
4
5
6
2
0
0
0
0
0
0
10
4
3
0
0
11
0
0
0
0
0
0
6
0
0
2
7
0
0
0
0
0
1
2
4
6
7
8
0
0
0
5
0
19
0
0
0
0
0
0
0
0
4
5
1
0
0
0
0
1
2
0
0
0
0
0
4
5
0
7
0
0
0
6
0
0
0
0
0
5
3
0
0
2
7
4
0
2
0
0
0
2
5
4
0
3
0
6
0
5
2
5
0
0
0
0
0
2
0
0
0
2
0
0
0
1
4
0
0
2
0
0
0
7
0
0
0
1
4
0
0
0
0
0
0
0
0
5
1
0
3
20
0
5
2
0
0
1
3
0
2
0
0
0
15
0
13
17
0
0
0
0
6
0
0
5
0
0
42
110
138
136
126
123
147
195
239
255
255
240
255
255
201
25
0
0
0
0
0
0
2
0
0
7
0
1
109
249
255
251
255
250
242
255
255
230
225
240
222
252
254
33
5
0
0
0
0
0
0
0
1
0
0
14
138
255
255
205
98
95
99
103
134
57
16
0
98
240
249
40
0
14
0
0
0
0
0
2
5
3
0
2
80
177
167
56
0
8
3
0
0
0
0
7
179
255
252
31
3
0
0
0
0
0
0
1
0
2
0
0
0
23
15
0
12
0
0
9
5
0
10
168
255
255
178
13
7
0
0
0
0
0
2
0
0
0
5
2
0
0
0
0
0
21
18
0
7
1
57
248
248
229
63
5
0
7
0
0
0
0
0
3
0
0
5
6
3
7
0
15
10
0
0
6
1
0
198
255
255
134
1
2
0
0
0
0
0
0
0
4
4
1
3
0
0
0
3
0
12
0
2
0
0
134
246
231
171
8
0
2
18
2
0
0
0
0
0
2
0
0
2
0
0
2
0
9
0
2
11
0
69
242
255
251
71
0
9
5
0
6
0
0
0
0
0
0
0
0
0
0
0
0
3
1
8
0
4
8
242
249
250
83
20
3
0
3
0
3
0
0
0
0
0
0
0
0
0
0
0
0
0
0
2
0
0
67
253
255
181
29
0
2
7
5
0
6
0
0
0
0
0
0
0
0
0
0
0
0
3
2
0
7
36
176
255
215
58
2
0
0
0
5
0
5
0
0
0
0
0
0
0
0
0
0
0
0
0
0
0
0
110
243
255
116
0
0
13
0
0
6
0
1
0
0
0
0
0
0
0
0
0
0
0
0
0
1
12
0
182
255
255
73
2
0
0
0
10
5
0
1
0
0
0
0
0
0
0
0
0
0
0
0
5
2
7
24
240
255
190
21
0
4
0
0
2
1
0
0
0
0
0
0
0
0
0
0
0
0
0
0
0
0
0
99
253
249
58
0
0
9
12
0
0
0
5
0
0
0
0
0
0
0
0
0
0
0
0
0
0
14
5
188
252
253
0
14
10
0
0
11
10
0
0
0
0
0
0
0
0
0
0
0
0
0
0
0
0
0
0
210
255
255
214
153
46
0
0
12
5
0
7
0
0
0
0
0
0
0
0
0
0
0
0
0
7
0
8
131
244
238
255
254
75
21
1
4
0
0
1
0
0
0
0
0
0
0
0
0
0
0
0
0
0
12
2
0
165
253
255
157
25
0
0
2
0
2
13
5
0
0
0
0
0
0
0
0
0
0
0
0
2
0
1
7
24
0
0
14
0
0
0
6
1
3
1
0
0
0
0
0
