3
0
0
0
0
0
0
0
0
6
0
2
5
0
0
13
0
0
18
6
0
0
0
1
0
0
0
0
0
0
0
0
0
0
0
0
0
5
13
0
0
11
0
0
13
0
2
0
0
13
4
0
0
0
0
0
0
0
0
0
0
0
0
0
0
0
0
0
9
12
2
0
0
9
1
0
1
4
1
0
5
0
0
0
0
0
0
0
0
0
0
0
0
4
0
5
0
0
0
8
2
0
0
9
0
0
0
5
3
0
0
0
0
0
0
0
0
0
0
0
0
7
0
7
45
244
250
143
58
22
0
2
7
0
6
1
0
0
0
0
0
0
0
0
0
0
0
0
0
0
0
16
46
227
255
252
251
146
18
0
6
2
4
0
0
0
0
0
0
0
0
0
0
0
0
0
0
21
0
3
2
66
117
168
255
254
63
0
0
0
2
0
5
0
0
0
0
0
0
0
0
0
0
0
0
0
9
0
0
6
2
6
180
255
72
7
1
0
9
2
0
0
0
0
0
0
0
0
0
0
0
0
0
0
0
16
0
0
0
20
197
255
48
4
1
0
2
10
0
0
0
0
0
0
0
0
0
0
0
0
0
17
0
0
12
0
74
255
250
173
13
0
3
6
0
0
9
0
0
0
0
0
0
0
0
0
0
0
0
0
3
1
9
109
230
255
245
55
0
1
0
15
0
0
1
0
0
0
0
0
0
0
0
0
0
0
0
98
187
178
210
251
251
210
60
14
0
16
0
0
5
8
0
0
0
0
0
0
0
0
0
0
0
0
0
114
240
255
250
235
252
255
137
16
0
0
7
0
9
1
0
0
0
0
0
0
0
0
0
0
0
0
0
111
255
240
238
255
247
255
249
149
77
1
1
6
6
0
1
0
0
0
0
0
0
0
0
0
0
0
0
3
0
19
0
43
109
105
189
241
236
117
0
0
0
0
14
0
0
0
0
0
0
0
0
0
0
0
0
1
4
2
0
0
5
4
0
58
255
234
6
11
0
0
0
0
0
0
0
0
0
0
0
0
0
0
0
9
0
0
22
0
0
2
0
0
210
251
1
0
2
8
0
0
0
0
0
0
0
0
0
0
0
0
0
0
17
0
0
0
13
0
0
62
234
255
46
0
0
0
2
0
0
0
0
0
0
0
0
0
0
0
0
13
1
13
4
0
13
0
24
161
242
194
6
21
0
6
0
0
0
0
0
0
0
0
0
0
0
0
0
0
3
0
0
8
0
46
205
239
255
38
0
2
7
0
5
0
0
0
0
0
0
0
0
0
0
0
0
0
2
3
54
46
92
253
255
255
187
0
2
0
5
0
16
0
0
0
0
0
0
0
0
0
0
0
0
0
0
132
248
255
247
240
253
199
35
25
0
6
0
2
0
0
0
0
0
0
0
0
0
0
0
0
0
0
34
233
248
218
255
254
195
75
0
0
2
0
15
0
0
0
0
0
0
0
0
0
0
0
0
0
0
0
10
90
224
255
187
138
6
0
15
0
0
20
0
3
5
0
0
0
0
0
0
0
0
0
0
0
0
0
0
0
0
0
0
0
0
0
0
0
0
0
0
0
0
0
0
0
0
0
0
0
0
0
0
0
0
0
0
0
0
0
0
0
0
0
0
0
0
0
0
0
0
0
0
0
0
0
0
0
0
0
0
0
0
0
0
0
0
0
0
0
0
0
0
0
0
0
0
0
0
0
0
0
0
0
0
0
0
0
0
0
0
0
0
0
0
0
0
0
0
0
0
0
0
0
0
0
0
0
0
0
0
