5
0
0
0
0
0
0
0
0
1
2
0
0
5
8
0
0
0
0
0
0
0
0
0
0
5
5
2
0
0
0
0
0
0
0
0
0
0
0
0
0
0
0
6
19
1
1
1
1
1
1
1
1
0
0
0
0
0
0
0
0
0
0
0
0
3
5
6
3
0
0
0
0
0
0
0
0
0
0
0
0
8
7
3
0
0
0
0
0
0
0
0
0
0
0
1
0
1
15
12
0
0
0
0
0
0
0
0
0
0
0
0
4
0
0
0
0
0
0
0
0
2
2
0
0
0
0
0
0
0
0
0
0
0
0
0
0
10
1
0
2
0
0
0
0
0
0
0
0
0
0
4
13
7
0
0
7
2
2
2
2
2
2
2
2
0
0
0
2
0
0
0
0
0
0
0
0
1
2
0
0
0
4
4
0
0
0
0
0
0
0
0
0
5
0
0
5
0
0
0
0
0
0
0
0
0
6
0
0
69
180
224
202
228
228
228
228
228
228
228
228
202
116
23
0
0
0
0
0
0
0
0
0
0
12
0
2
63
223
241
255
241
242
255
253
249
255
204
221
220
182
6
0
0
0
0
0
0
0
0
0
11
0
0
61
229
170
28
34
22
82
149
136
62
38
3
13
0
31
0
6
0
0
0
0
0
0
0
0
1
0
8
211
255
11
17
2
0
0
7
15
0
0
0
0
0
6
0
0
0
0
0
0
0
0
0
0
6
10
240
255
41
0
2
0
16
0
0
0
3
1
11
16
13
7
4
0
0
0
0
0
0
0
0
0
0
149
248
254
188
122
1
0
0
13
2
1
7
0
0
0
0
0
12
0
0
0
0
0
0
0
0
0
0
150
254
255
254
247
161
35
0
1
1
0
9
10
7
7
9
1
15
0
0
0
0
0
0
0
0
0
10
0
43
111
182
245
255
168
34
0
13
5
0
0
0
0
0
0
0
3
0
0
0
0
0
0
0
0
2
0
6
0
0
105
235
255
165
0
0
5
0
0
8
0
1
3
0
1
5
0
0
0
2
0
0
13
9
0
4
0
0
5
130
246
216
37
0
3
0
7
5
0
0
0
0
0
0
3
0
0
9
0
17
68
44
0
15
0
5
6
99
255
255
81
19
19
0
2
0
0
0
0
0
0
8
0
3
3
0
0
121
175
0
0
0
1
3
1
189
255
183
18
0
0
0
1
4
12
0
0
0
0
0
10
4
0
9
0
146
246
52
8
3
0
41
116
255
252
134
24
0
11
5
3
0
0
0
0
0
0
9
0
4
4
0
13
204
255
151
145
125
135
230
245
255
222
23
0
0
0
0
2
2
0
0
0
0
0
0
12
0
0
8
15
125
209
255
245
241
255
255
226
215
30
2
3
9
5
0
0
2
0
0
0
0
0
0
0
11
13
1
0
9
16
141
227
240
138
74
44
0
15
0
3
0
0
0
0
3
2
0
0
0
0
0
4
0
0
3
6
0
8
7
2
0
14
0
0
0
1
2
5
0
0
7
1
0
0
0
0
0
0
0
0
0
0
0
0
0
0
0
0
0
0
0
0
0
0
0
0
0
0
0
0
0
0
0
0
0
0
0
0
0
0
0
0
0
0
0
0
0
0
0
0
0
0
0
0
0
0
0
0
0
0
0
0
0
0
0
0
0
0
0
0
0
0
0
0
0
0
0
0
0
0
0
0
0
0
0
0
0
0
0
0
0
0
0
0
0
0
0
0
0
0
0
0
0
0
0
0
0
0
0
0
0
0
0
0
0
0
0
0
0
0
