6
0
0
0
0
0
0
0
0
0
3
0
4
4
0
19
0
0
11
0
0
0
11
3
0
0
0
0
0
0
0
0
0
0
0
0
0
2
5
0
0
4
0
0
5
18
0
0
17
2
0
0
7
0
0
0
0
0
0
0
0
0
0
0
0
0
3
3
0
12
0
10
89
236
65
0
0
0
0
0
4
0
0
0
0
0
0
0
0
0
0
0
0
2
0
6
0
4
0
64
164
255
65
9
2
0
0
0
2
0
0
0
0
0
0
0
0
0
0
0
0
14
0
0
0
3
0
182
244
179
9
0
2
2
4
5
0
0
0
0
0
0
0
0
0
0
0
0
0
1
0
4
2
0
39
255
255
98
0
0
0
0
6
7
0
0
0
0
0
0
0
0
0
0
0
0
0
0
8
9
0
0
107
237
128
0
0
8
16
0
0
0
7
0
0
0
0
0
0
0
0
0
0
0
0
0
7
0
0
51
235
241
29
2
11
0
2
0
10
1
0
0
0
0
0
0
0
0
0
0
0
0
0
0
0
1
25
205
255
75
7
9
0
1
0
0
15
0
0
0
0
0
0
0
0
0
0
0
0
0
0
0
0
12
86
248
218
0
1
0
16
6
0
4
3
0
21
0
0
0
0
0
0
0
0
0
0
0
0
0
0
28
190
255
93
0
0
9
0
0
0
16
0
0
0
0
0
0
0
0
0
0
0
0
0
0
0
29
1
45
255
179
25
20
0
0
0
99
106
90
5
10
0
0
0
0
0
0
0
0
0
0
0
0
0
0
0
131
255
0
0
25
101
225
255
255
250
255
153
0
2
0
0
0
0
0
0
0
0
0
0
0
0
4
62
205
246
116
160
214
253
236
247
216
255
236
240
14
0
0
0
0
0
0
0
0
0
0
0
0
0
0
103
252
250
255
240
255
226
155
171
12
0
101
242
0
17
0
0
0
0
0
0
0
0
0
0
0
0
7
94
250
255
252
253
126
33
0
0
0
0
16
211
49
0
0
0
0
0
0
0
0
0
0
0
0
0
0
141
206
237
255
118
0
0
0
0
55
65
255
237
0
5
0
0
0
0
0
0
0
0
0
0
0
0
3
110
219
255
244
71
0
9
58
190
255
238
182
85
0
3
0
0
0
0
0
0
0
0
0
0
0
0
10
101
255
247
250
142
227
242
255
250
184
200
33
9
8
0
0
0
0
0
0
0
0
0
0
0
0
0
2
171
246
255
255
242
234
255
255
239
164
19
14
0
8
11
0
0
0
0
0
0
0
0
0
0
0
0
0
26
136
245
255
255
255
219
144
50
15
5
0
0
0
0
0
0
0
0
0
0
0
0
0
0
0
0
22
0
72
255
122
159
123
29
0
5
4
0
8
0
19
13
0
0
0
0
0
0
0
0
0
0
0
0
0
0
0
19
7
8
0
3
4
0
0
35
0
0
0
0
0
0
0
0
0
0
0
0
0
0
0
0
12
9
0
0
0
0
5
0
0
8
11
0
1
11
0
5
0
0
0
0
0
0
0
0
0
0
0
0
0
0
0
0
0
0
0
0
0
0
0
0
0
0
0
0
0
0
0
0
0
0
0
0
0
0
0
0
0
0
0
0
0
0
0
0
0
0
0
0
0
0
0
0
0
0
0
0
0
0
0
0
0
0
0
0
0
0
0
0
0
0
0
0
0
0
0
0
0
0
0
0
0
0
0
0
0
0
0
0
0
0
0
0
0
0
0
0
0
0
0
0
0
0
0
0
0
0
0
0
0
0
0
0
