2
0
7
3
0
1
4
2
5
2
2
0
0
6
2
0
3
0
2
4
3
0
0
0
0
0
0
0
0
0
1
2
1
0
0
0
0
0
0
8
4
0
0
5
0
0
0
0
0
0
1
0
0
0
0
0
0
0
0
0
4
0
0
0
0
9
0
0
1
0
8
16
0
3
0
0
0
0
1
1
0
0
0
0
0
2
0
0
2
0
7
10
0
9
0
0
6
6
0
0
0
5
2
1
2
1
0
0
1
0
0
0
0
1
1
0
0
0
5
0
0
0
10
0
0
12
6
0
18
0
0
2
5
2
0
0
4
0
0
0
0
0
6
2
0
0
0
0
17
12
110
143
102
64
21
0
0
0
0
0
3
1
0
0
6
0
0
0
0
0
6
0
0
3
0
34
136
248
239
229
235
254
233
138
36
17
3
0
0
2
0
0
3
0
0
0
0
1
3
0
0
9
0
88
255
134
31
0
30
97
190
249
235
39
14
0
0
5
2
0
0
0
0
0
0
8
0
0
15
0
8
154
170
6
0
6
0
0
5
84
234
248
63
0
2
7
0
5
0
0
0
0
0
6
2
15
1
0
2
89
116
0
0
2
2
3
0
14
80
255
191
8
0
0
19
0
3
0
0
0
0
0
0
8
0
0
9
19
42
11
1
2
0
0
0
0
0
159
255
117
0
7
3
0
3
0
0
0
0
8
0
1
0
6
0
0
0
2
0
1
0
0
4
9
5
33
245
233
7
15
0
14
0
0
0
0
0
0
2
0
8
0
0
9
5
0
0
4
14
5
0
0
0
0
169
251
87
0
10
10
0
0
0
0
0
0
2
0
4
0
6
5
0
6
2
0
0
2
0
7
8
0
71
244
170
0
10
0
0
0
0
0
0
9
12
0
1
0
0
0
29
41
45
5
0
1
0
0
0
0
20
254
205
12
0
0
4
0
0
0
0
0
0
0
0
0
1
27
220
249
255
229
184
146
78
29
0
0
40
247
207
8
7
0
7
0
0
0
0
0
9
7
0
0
14
202
251
244
237
183
170
244
243
255
167
70
30
255
203
0
9
0
4
0
7
3
6
0
0
4
10
6
0
255
220
39
0
0
2
0
50
200
247
235
186
241
151
0
4
0
0
0
1
0
0
0
0
0
0
23
8
222
71
0
0
0
10
3
0
0
23
191
239
247
231
121
41
1
8
13
3
0
3
0
8
4
0
0
0
147
227
29
0
0
0
7
0
0
0
61
228
242
249
231
247
228
192
211
134
32
0
0
1
0
4
12
0
0
84
178
2
0
5
13
52
133
153
255
248
97
23
18
89
97
79
96
52
0
0
0
5
6
0
0
5
8
0
0
1
0
46
255
255
206
255
184
90
0
4
4
0
0
5
10
5
0
2
17
0
0
3
4
0
8
0
0
3
3
0
39
44
26
14
5
0
0
0
0
2
0
12
0
0
0
3
0
0
14
1
0
14
0
0
5
0
2
14
0
0
6
0
0
7
2
0
4
0
0
0
0
6
0
0
0
0
0
0
0
0
0
0
0
0
0
0
0
0
0
0
0
0
0
0
0
0
0
0
0
0
0
0
0
0
0
0
0
0
0
0
0
0
0
0
0
0
0
0
0
0
0
0
0
0
0
0
0
0
0
0
0
0
0
0
0
0
0
0
0
0
0
0
0
0
0
0
0
0
0
0
0
0
0
0
0
0
0
0
0
0
0
0
0
0
0
0
0
0
0
0
0
0
0
0
0
0
0
0
0
0
0
0
0
0
0
0
