1
0
0
0
0
0
0
0
0
3
0
8
0
0
4
12
0
0
0
0
0
0
0
0
0
0
0
0
0
0
0
0
0
0
0
0
0
0
3
0
1
0
4
0
0
0
0
0
0
0
0
0
0
0
0
0
0
0
0
0
0
0
0
0
0
0
3
0
1
10
0
0
15
0
0
0
0
0
0
0
0
0
0
0
0
0
0
0
0
0
0
0
0
6
0
2
0
4
0
9
0
0
0
0
0
0
0
0
0
0
0
0
0
0
0
0
0
0
0
0
0
1
0
0
1
3
110
138
13
0
0
0
0
0
0
0
0
0
0
0
0
0
0
0
0
0
0
0
0
0
11
0
17
1
241
255
55
0
0
0
0
0
0
0
0
0
0
0
0
0
0
0
0
0
0
0
0
1
12
0
10
0
216
255
41
0
0
0
0
0
0
0
0
0
0
0
0
0
0
0
0
0
0
0
0
1
0
4
5
1
150
242
64
0
0
0
0
0
0
0
0
0
0
0
0
0
0
0
0
0
0
0
0
0
0
0
9
0
134
255
105
0
0
0
0
0
0
0
0
0
0
0
0
0
0
0
0
0
0
0
0
4
0
0
0
1
144
247
60
0
0
0
0
0
0
0
0
0
0
0
0
0
0
0
0
0
0
0
0
3
2
0
0
1
149
243
55
0
0
0
0
0
0
0
0
0
0
0
0
0
0
0
0
0
0
0
0
0
2
2
0
0
142
255
113
0
0
0
0
0
0
0
0
0
0
0
0
0
0
0
0
0
0
0
0
0
0
5
5
0
135
255
164
0
0
0
0
0
0
0
0
0
0
0
0
0
0
0
0
0
0
0
0
5
0
0
5
4
135
253
169
0
0
0
0
0
0
0
0
0
0
0
0
0
0
0
0
0
0
0
0
5
0
1
0
4
140
249
164
0
0
0
0
0
0
0
0
0
0
0
0
0
0
0
0
0
0
0
0
0
0
9
0
0
144
255
172
0
0
0
0
0
0
0
0
0
0
0
0
0
0
0
0
0
0
0
0
1
5
0
0
3
143
249
184
0
0
4
0
0
11
0
0
0
0
0
0
0
0
0
0
0
0
0
0
1
0
0
11
5
147
252
250
27
6
9
5
0
0
0
11
0
0
0
0
0
0
0
0
0
0
0
0
11
0
1
0
0
149
242
232
13
0
0
5
8
6
0
0
0
0
0
0
0
0
0
0
0
0
0
0
2
0
4
0
0
130
255
236
34
6
4
0
0
6
6
1
0
0
0
0
0
0
0
0
0
0
0
0
0
0
1
6
4
47
252
255
25
0
9
5
0
0
5
3
0
0
0
0
0
0
0
0
0
0
0
0
1
5
0
0
0
15
255
248
63
0
0
7
6
6
0
0
0
0
0
0
0
0
0
0
0
0
0
0
0
5
2
0
6
46
255
247
129
24
0
0
0
1
5
2
0
0
0
0
0
0
0
0
0
0
0
0
2
0
4
13
0
11
203
223
33
0
5
13
0
0
3
0
0
0
0
0
0
0
0
0
0
0
0
0
0
0
0
0
0
0
0
0
0
0
0
0
0
0
0
0
0
0
0
0
0
0
0
0
0
0
0
0
0
0
0
0
0
0
0
0
0
0
0
0
0
0
0
0
0
0
0
0
0
0
0
0
0
0
0
0
0
0
0
0
0
0
0
0
0
0
0
0
0
0
0
0
0
0
0
0
0
0
0
0
0
0
0
0
0
0
0
0
0
0
0
0
0
0
0
0
0
0
0
0
0
0
0
0
