8
0
0
0
0
0
0
0
0
7
0
0
8
0
0
10
0
4
0
4
6
0
0
1
3
0
0
0
0
0
0
0
0
0
0
0
0
0
0
15
0
5
14
0
6
11
18
0
0
0
12
6
0
0
0
0
0
0
0
0
0
0
0
0
0
0
0
8
0
0
0
0
6
0
6
0
6
5
0
0
4
0
0
0
0
0
0
0
0
0
0
0
0
9
11
0
3
14
0
9
0
13
8
0
0
0
3
0
1
0
0
0
0
0
0
0
0
0
0
0
0
0
6
13
0
0
3
0
0
0
0
21
0
0
4
7
0
0
0
0
0
0
0
0
0
0
0
0
0
4
13
40
234
240
131
173
108
47
0
1
12
5
0
0
5
0
0
0
0
0
0
0
0
0
0
0
0
0
86
246
241
229
255
242
255
239
144
0
0
11
9
0
4
0
0
0
0
0
0
0
0
0
0
0
0
23
203
197
143
252
207
46
83
226
252
22
2
0
8
0
0
0
0
0
0
0
0
0
0
0
0
0
0
104
244
107
0
106
64
0
0
199
248
19
7
0
6
0
0
0
0
0
0
0
0
0
0
0
0
0
0
101
255
110
0
0
12
14
10
64
251
74
0
0
6
0
12
0
0
0
0
0
0
0
0
0
0
0
0
35
249
142
3
10
0
0
0
68
250
98
6
0
0
0
7
0
0
0
0
0
0
0
0
0
0
0
0
0
255
233
35
3
0
21
13
127
255
73
6
0
0
5
0
0
0
0
0
0
0
0
0
0
0
0
0
0
167
252
206
65
1
0
0
119
247
33
0
0
7
2
0
0
0
0
0
0
0
0
0
0
0
0
0
0
12
113
221
240
159
32
5
182
162
0
1
0
0
8
0
0
0
0
0
0
0
0
0
0
0
0
0
5
0
0
27
183
255
232
171
255
55
0
15
0
0
11
0
0
0
0
0
0
0
0
0
0
0
0
0
1
0
2
12
0
103
223
255
225
2
15
0
0
5
0
1
0
0
0
0
0
0
0
0
0
0
0
0
3
0
6
0
0
14
156
255
239
57
0
0
8
3
0
0
0
0
0
0
0
0
0
0
0
0
0
0
0
18
0
5
13
70
255
228
254
178
13
1
2
0
0
8
0
0
0
0
0
0
0
0
0
0
0
0
13
4
0
0
6
198
204
0
131
253
86
0
0
1
0
6
0
0
0
0
0
0
0
0
0
0
0
0
0
2
1
27
189
233
45
4
27
238
201
9
11
0
13
0
0
0
0
0
0
0
0
0
0
0
0
0
0
13
0
90
255
80
0
7
0
148
249
53
17
0
4
0
0
0
0
0
0
0
0
0
0
0
0
0
4
0
6
201
146
0
16
0
7
129
255
95
0
0
0
7
0
0
0
0
0
0
0
0
0
0
0
0
2
10
25
254
118
15
2
86
133
217
236
82
0
4
2
0
0
0
0
0
0
0
0
0
0
0
0
0
0
0
34
242
231
218
246
250
252
244
114
0
5
0
7
2
0
0
0
0
0
0
0
0
0
0
0
0
10
0
2
73
163
202
168
117
46
21
0
0
0
3
3
3
0
0
0
0
0
0
0
0
0
0
0
0
0
0
0
0
3
7
3
0
12
2
0
0
1
0
0
0
0
0
0
0
0
0
0
0
0
0
0
0
4
9
10
4
0
0
0
5
0
0
1
5
3
0
0
0
0
0
0
0
0
0
0
0
0
0
0
0
0
0
0
0
3
4
0
0
0
2
4
3
0
0
0
4
0
0
0
0
