0
0
0
0
0
0
0
0
0
5
5
0
3
2
0
0
0
0
0
4
12
6
0
0
6
0
0
0
0
0
0
0
0
0
0
0
0
0
0
20
0
0
9
13
0
8
2
0
0
0
1
2
2
0
0
0
0
0
0
0
0
0
0
0
0
22
4
0
2
1
0
0
0
1
1
0
0
0
4
0
0
0
0
0
0
0
0
0
0
0
0
0
0
0
19
0
2
0
19
0
4
0
0
4
6
4
2
4
6
0
0
0
0
0
0
0
0
0
0
0
0
16
0
0
0
0
7
0
0
12
3
0
0
0
0
0
0
0
0
0
0
0
0
0
0
0
0
0
0
0
9
0
1
95
206
255
0
0
0
0
4
13
13
8
5
0
0
0
0
0
0
0
0
0
0
0
0
0
3
6
132
239
254
250
0
0
8
8
0
0
0
1
0
0
0
0
0
0
0
0
0
0
0
0
0
10
6
101
250
255
195
78
127
195
207
165
69
0
0
5
2
0
0
0
0
0
8
0
2
3
0
0
0
8
0
255
240
246
201
212
253
248
255
242
251
164
42
0
8
0
0
0
16
0
5
0
0
6
7
4
2
0
78
255
254
255
255
255
251
206
128
185
255
255
156
0
0
0
4
10
0
0
7
0
0
3
3
0
0
110
249
247
255
242
223
143
3
2
14
0
13
0
221
152
145
66
0
0
0
0
5
3
0
3
0
0
34
185
255
244
182
65
162
0
0
0
0
13
0
20
92
232
235
226
11
1
0
0
0
4
4
6
0
29
141
254
255
255
49
10
0
6
4
0
11
0
12
0
84
255
255
255
1
12
3
3
0
1
0
1
0
65
234
255
239
180
18
0
20
0
0
7
0
0
4
0
88
243
251
248
0
0
11
5
0
4
0
0
0
74
255
242
255
62
0
0
0
17
2
3
5
5
0
0
97
249
250
255
18
0
3
0
0
9
0
3
10
77
255
249
255
0
0
11
4
0
6
0
12
0
7
0
83
255
254
109
0
2
0
5
0
9
0
4
0
214
253
249
127
0
7
0
0
7
0
5
0
0
6
34
215
255
195
58
21
0
0
0
3
0
0
0
104
236
254
252
90
1
0
4
2
16
0
1
8
0
4
223
250
248
57
12
0
0
0
1
1
1
4
0
209
252
255
199
5
0
4
11
0
0
9
0
7
0
127
240
183
71
0
0
0
0
3
7
0
12
3
1
250
245
255
77
21
0
11
0
0
7
7
0
31
216
248
255
185
0
17
1
5
6
1
3
0
6
1
0
255
243
249
72
0
8
0
0
16
0
105
172
255
255
240
243
100
4
0
0
1
0
0
0
7
0
7
0
255
255
249
105
0
10
0
1
0
46
255
236
244
251
226
27
10
1
2
0
0
1
0
0
16
0
10
0
205
255
253
67
28
0
0
15
55
214
255
252
249
112
14
0
2
0
1
3
2
4
6
0
2
0
2
0
112
241
253
96
0
4
0
30
214
248
227
180
65
0
4
10
0
6
2
0
0
0
0
1
4
1
0
0
26
76
116
92
11
0
1
4
70
94
15
0
0
0
0
0
0
0
0
0
0
0
0
0
0
4
0
0
0
0
8
2
0
3
1
0
7
17
0
0
0
0
0
0
0
0
0
0
0
0
0
0
0
2
4
4
3
1
1
0
7
4
0
2
0
0
0
0
0
0
0
0
0
0
0
0
0
0
0
4
2
0
0
0
1
3
4
7
6
0
0
7
5
0
6
0
0
0
0
0
0
0
0
0
0
0
0
