7
0
0
2
4
1
8
10
0
5
6
4
0
0
0
0
3
0
0
0
0
0
0
0
0
0
0
0
0
6
2
3
0
0
0
0
0
0
0
0
5
8
6
1
0
0
0
0
0
0
0
0
0
0
0
0
0
0
0
0
5
13
12
4
0
20
11
0
0
0
0
0
1
0
0
0
0
0
0
0
0
0
0
0
0
0
9
8
0
0
0
0
7
0
0
0
1
4
3
0
0
0
0
0
0
0
0
0
0
0
0
0
0
0
5
2
0
12
13
2
0
0
1
3
3
1
0
0
0
0
0
0
0
0
0
0
0
0
0
0
0
4
8
0
0
1
0
0
6
1
0
0
0
0
0
1
1
0
0
0
0
0
0
0
0
0
0
0
0
0
7
10
3
0
0
100
245
195
152
90
38
10
2
1
1
0
0
0
0
0
0
0
0
0
0
0
0
6
0
0
6
6
0
101
255
247
250
255
255
231
165
77
14
0
0
0
0
0
0
0
0
0
0
0
0
4
0
0
5
0
0
32
101
200
111
151
244
255
255
250
227
207
74
10
0
0
11
0
3
0
0
0
0
0
0
0
4
7
0
0
13
0
4
0
67
236
222
125
226
241
243
221
84
0
0
12
0
0
0
0
0
0
6
0
0
1
5
0
0
2
0
10
0
59
98
17
8
74
209
255
247
58
16
0
3
0
0
0
0
0
9
2
0
0
4
5
7
11
0
5
0
2
20
0
0
0
54
176
250
163
0
0
8
0
0
0
0
0
4
4
2
4
0
0
2
2
6
0
0
0
0
0
9
12
0
119
228
238
11
7
1
0
0
0
0
3
0
0
0
9
0
0
0
0
0
0
5
0
0
33
0
0
0
117
255
255
51
6
0
0
0
0
0
6
2
0
0
3
2
0
7
7
2
0
6
19
0
0
4
0
45
195
240
198
2
0
0
0
0
0
0
0
6
7
1
0
0
0
0
0
0
12
0
0
6
2
0
6
161
255
248
76
4
0
7
0
0
0
0
0
0
0
0
0
0
0
0
5
0
3
0
4
4
0
0
74
246
250
121
0
0
8
0
0
0
0
0
0
0
0
0
0
0
0
0
0
8
4
0
0
0
24
44
222
253
231
16
0
23
0
0
0
0
0
0
0
0
0
0
0
0
0
0
5
0
0
11
0
11
59
231
255
250
40
0
5
0
0
5
0
0
0
0
0
0
0
0
0
0
0
0
0
11
2
5
0
87
245
255
202
23
12
7
0
0
0
9
0
0
0
0
0
0
0
0
0
0
0
0
0
8
0
0
94
236
231
226
39
11
0
0
15
0
6
0
0
0
0
0
0
0
0
0
0
0
0
0
0
0
1
22
239
249
218
37
0
8
0
13
0
11
4
0
0
0
0
0
0
0
0
0
0
0
0
0
13
0
4
183
244
255
63
0
0
0
9
0
22
0
0
15
0
0
0
0
0
0
0
0
0
0
0
0
0
5
151
251
255
249
206
28
7
0
0
15
0
0
7
0
0
0
0
0
0
0
0
0
0
0
0
0
4
66
255
243
255
247
157
20
0
0
0
0
0
0
0
0
0
0
0
0
0
0
0
0
0
0
0
0
0
68
239
180
79
0
0
0
0
0
0
0
0
0
0
0
0
0
0
0
0
0
0
0
0
0
0
0
8
0
1
0
10
6
9
5
0
0
0
0
0
0
0
0
0
0
0
0
0
0
0
0
0
0
0
0
1
9
3
0
0
0
0
0
0
0
0
0
0
0
0
0
0
0
0
0
