1
0
0
0
0
0
0
0
0
0
0
8
0
0
0
9
5
0
1
0
0
3
0
0
8
0
0
0
0
0
0
0
0
0
0
0
0
6
0
0
9
5
0
0
0
10
1
0
3
8
0
0
0
0
0
0
0
0
0
0
0
0
0
0
0
3
0
0
10
0
0
2
2
0
0
0
0
2
3
7
12
0
0
0
0
0
0
0
0
0
0
0
0
0
8
0
0
0
2
0
0
0
6
13
2
0
0
0
0
0
0
0
0
0
0
0
0
0
0
0
0
1
4
0
0
3
13
0
13
19
0
0
1
3
5
8
4
0
0
0
0
0
0
0
0
0
0
0
0
3
0
0
6
1
0
0
147
197
72
0
6
7
0
0
0
0
0
0
0
0
0
0
0
0
0
0
0
0
0
7
1
0
0
5
255
255
113
1
0
3
0
7
14
0
0
0
0
0
0
0
0
0
0
0
0
0
0
5
0
0
15
0
251
254
115
14
0
0
2
4
0
0
0
0
0
0
0
0
0
0
0
0
0
4
0
9
0
0
0
18
235
255
225
69
5
0
0
0
0
0
0
0
0
0
0
0
0
0
0
0
0
0
8
0
4
7
0
95
255
234
253
202
3
0
17
18
0
0
0
0
0
0
0
0
0
0
0
0
0
0
9
0
2
6
0
142
255
255
255
16
0
1
0
0
2
0
0
0
0
0
0
0
0
0
0
0
0
5
0
8
0
0
12
158
250
252
148
1
10
13
0
15
0
0
0
0
0
0
0
0
0
0
0
0
0
0
0
9
0
4
35
202
250
254
134
3
0
0
0
0
6
0
0
0
0
0
0
0
0
0
0
0
0
0
12
0
0
10
46
253
252
236
0
6
0
7
11
0
0
0
0
0
0
0
0
0
0
0
0
0
0
0
17
0
0
8
70
255
251
222
98
0
13
0
0
0
6
0
0
0
0
0
0
0
0
0
0
0
0
0
0
9
0
7
108
253
255
169
0
13
0
18
0
0
3
0
0
0
0
0
0
0
0
0
0
0
0
5
0
1
0
98
238
255
171
5
4
1
0
0
0
0
0
0
0
0
0
0
0
0
0
0
0
0
0
0
8
0
21
192
247
254
171
4
2
0
0
0
0
0
0
0
0
0
0
0
0
0
0
0
0
0
0
0
9
0
38
255
252
249
111
2
1
0
0
0
0
1
2
0
0
0
0
0
0
0
0
0
0
0
0
0
0
4
32
250
255
240
19
0
0
0
0
0
0
2
2
0
0
0
0
0
0
0
0
0
0
0
0
3
0
11
22
237
255
190
0
0
0
0
0
0
1
2
2
0
0
0
0
0
0
0
0
0
0
0
0
0
4
0
44
249
252
100
2
0
0
0
0
0
1
1
1
0
0
0
0
0
0
0
0
0
0
0
0
0
3
0
113
255
218
29
10
0
0
0
0
1
1
0
0
0
0
0
0
0
0
0
0
0
0
0
0
1
0
8
186
245
191
7
0
0
0
0
1
1
0
0
0
0
0
0
0
0
0
0
0
0
0
0
0
0
7
0
95
252
177
9
0
0
0
0
0
0
0
0
0
0
0
0
0
0
0
0
0
0
0
0
0
0
0
0
1
8
0
0
11
0
0
0
0
0
0
0
0
0
0
0
0
0
0
0
0
0
0
0
0
9
0
9
5
0
0
16
0
0
0
0
0
0
0
0
0
0
0
0
0
0
0
0
0
0
0
0
0
0
0
0
0
12
2
0
0
0
0
0
0
0
0
0
0
0
0
0
0
