2
0
0
0
0
0
0
0
0
0
12
0
0
3
5
0
8
0
2
0
1
0
7
1
0
0
0
0
0
0
0
0
0
0
0
0
0
0
9
0
19
0
2
19
0
5
0
17
0
7
0
14
0
0
0
0
0
0
0
0
0
0
0
0
0
3
0
0
0
8
0
0
1
7
0
5
10
3
0
0
0
0
0
0
0
0
0
0
0
0
0
0
0
0
7
15
0
0
4
145
255
248
109
0
0
16
0
0
16
0
0
0
0
0
0
0
0
0
0
0
0
1
0
0
19
6
126
255
251
250
255
172
11
0
5
7
0
0
0
0
0
0
0
0
0
0
0
0
0
0
6
7
0
28
240
222
198
159
252
222
106
0
2
0
13
0
0
0
0
0
0
0
0
0
0
0
0
1
0
6
0
148
204
18
7
3
195
255
253
11
7
0
0
0
0
0
0
0
0
0
0
0
0
0
0
0
0
0
63
254
61
1
0
0
108
237
250
25
0
8
0
0
0
0
0
0
0
0
0
0
0
0
0
13
0
0
54
247
47
1
0
3
92
248
250
24
0
16
0
0
0
0
0
0
0
0
0
0
0
0
0
0
0
13
29
52
0
16
7
5
93
255
255
14
0
0
0
0
0
0
0
0
0
0
0
0
0
0
0
0
0
0
4
1
6
0
0
0
123
254
178
0
19
0
11
0
0
0
0
0
0
0
0
0
0
0
0
7
0
4
0
7
5
0
8
28
221
255
50
0
2
0
0
0
0
0
0
0
0
0
0
0
0
0
0
5
0
19
0
0
5
4
0
154
255
220
22
10
3
1
10
0
0
0
0
0
0
0
0
0
0
0
0
0
0
0
4
3
2
0
60
255
208
61
2
0
0
0
0
0
0
0
0
0
0
0
0
0
0
0
0
0
17
0
1
0
0
59
224
253
121
0
9
2
11
0
0
0
0
0
0
0
0
0
0
0
0
0
0
2
0
0
4
4
74
186
254
79
19
0
0
4
0
0
11
0
0
0
0
0
1
0
7
4
0
23
0
5
108
220
117
93
228
241
232
29
18
0
2
0
4
1
3
0
0
0
0
0
8
0
0
0
6
0
16
185
252
247
255
237
241
231
37
0
0
0
8
0
0
0
0
0
0
0
0
0
0
4
3
19
13
0
148
254
251
206
239
255
255
237
133
18
0
6
0
8
18
2
4
0
0
0
0
12
0
0
0
0
0
75
242
211
99
194
255
212
227
248
247
245
175
120
8
0
0
0
2
0
0
0
0
0
0
0
4
1
34
235
255
247
250
255
151
4
47
189
251
239
255
246
82
3
11
5
0
0
0
0
0
2
5
0
4
0
18
255
246
253
255
134
1
1
14
0
0
126
35
2
0
15
0
0
11
0
0
0
0
12
1
0
0
4
27
233
255
247
96
6
0
4
0
0
19
0
6
9
0
0
8
4
0
0
0
0
0
0
6
6
0
4
0
13
0
0
0
0
14
0
0
15
0
3
2
0
17
3
0
0
7
0
0
0
0
0
0
0
0
0
0
0
0
0
0
0
0
0
0
0
0
0
0
0
0
0
0
0
0
0
0
0
0
0
0
0
0
0
0
0
0
0
0
0
0
0
0
0
0
0
0
0
0
0
0
0
0
0
0
0
0
0
0
0
0
0
0
0
0
0
0
0
0
0
0
0
0
0
0
0
0
0
0
0
0
0
0
0
0
0
0
0
0
0
0
0
0
0
0
0
0
0
0
0
0
0
0
0
0
0
0
0
0
0
0
0
0
