1
0
0
0
0
0
0
0
0
0
4
10
0
0
7
0
0
0
0
0
0
0
0
0
0
0
0
0
0
0
0
0
0
0
0
0
0
4
0
0
11
7
0
2
3
0
0
0
0
0
0
0
0
0
0
0
0
0
0
0
0
0
0
0
0
0
21
2
0
5
9
0
0
0
0
0
0
0
0
0
0
0
0
0
0
0
0
0
0
0
0
0
0
1
0
9
6
0
7
0
0
0
0
0
0
0
0
0
0
0
0
0
0
0
0
0
0
0
0
0
0
15
135
255
168
0
0
13
2
0
0
0
0
0
0
0
0
0
0
0
0
0
0
0
0
0
0
0
0
0
150
239
218
132
30
0
0
0
0
0
0
0
0
0
0
0
0
0
0
0
0
0
0
0
0
0
0
0
151
255
244
255
172
10
6
0
0
0
0
0
0
0
0
0
0
0
0
0
0
0
0
0
0
0
0
0
0
209
252
255
219
3
0
0
0
0
0
0
0
0
0
0
0
0
0
0
0
0
0
0
0
0
0
0
0
99
247
255
215
0
3
2
0
1
2
0
1
5
0
0
0
0
0
0
0
0
0
0
0
0
0
11
0
26
249
253
244
134
4
1
0
1
2
0
0
4
0
0
0
0
0
0
0
0
0
0
0
0
0
0
10
11
252
255
255
200
22
1
0
1
4
0
0
3
0
0
0
0
0
0
0
0
0
0
0
0
0
6
0
40
240
237
255
252
99
5
0
1
4
0
0
2
0
0
0
0
0
0
0
0
0
0
0
0
0
3
2
0
113
255
255
243
227
12
0
0
4
0
0
1
0
0
0
0
0
0
0
0
0
0
0
0
0
0
0
0
87
255
245
255
248
24
4
0
3
0
0
1
0
0
0
0
0
0
0
0
0
0
0
0
0
0
30
15
69
255
253
246
255
35
8
0
1
0
0
2
0
0
0
0
0
0
0
0
0
0
0
0
0
0
0
0
10
164
252
255
252
42
11
0
0
1
2
2
0
0
0
0
0
0
0
0
0
0
0
0
0
0
6
0
3
85
231
254
255
230
71
0
6
4
8
0
4
0
0
0
0
0
0
0
0
0
0
0
0
6
0
2
0
14
227
255
245
246
121
10
0
0
0
17
0
0
0
0
0
0
0
0
0
0
0
0
0
7
0
0
26
0
41
239
255
255
193
13
5
0
4
6
0
0
0
0
0
0
0
0
0
0
0
0
0
0
0
17
1
2
27
255
255
250
251
70
0
3
3
0
0
0
0
0
0
0
0
0
0
0
0
0
0
0
12
0
0
22
16
255
246
248
255
193
33
2
0
7
0
0
0
0
0
0
0
0
0
0
0
0
0
22
0
21
2
0
0
91
255
252
250
255
177
2
0
0
2
0
0
0
0
0
0
0
0
0
0
0
0
7
0
0
1
0
11
53
137
243
243
255
211
0
7
0
5
0
0
0
0
0
0
0
0
0
0
0
0
0
2
4
0
5
0
2
0
224
253
243
78
0
0
14
0
0
0
0
0
0
0
0
0
0
0
0
0
0
0
0
0
0
0
0
0
0
0
0
0
0
0
0
0
0
0
0
0
0
0
0
0
0
0
0
0
0
0
0
0
0
0
0
0
0
0
0
0
0
0
0
0
0
0
0
0
0
0
0
0
0
0
0
0
0
0
0
0
0
0
0
0
0
0
0
0
0
0
0
0
0
0
0
0
0
0
0
0
0
0
0
0
0
0
0
0
0
0
0
0
0
0
0
0
0
0
0
0
0
0
0
0
