9
0
0
0
0
0
0
0
0
0
2
2
0
0
3
2
0
0
0
3
0
0
7
5
0
0
3
7
0
0
0
0
0
0
0
0
0
0
6
4
4
0
0
2
10
0
3
1
11
6
0
0
0
0
0
0
2
0
0
0
0
0
0
0
0
1
0
0
7
5
15
0
0
0
11
0
0
5
2
4
0
0
0
0
0
0
0
0
0
0
0
0
0
5
6
0
6
0
0
0
16
0
4
5
0
0
0
1
16
0
7
1
0
0
0
0
0
0
0
0
0
4
5
0
11
3
8
0
0
20
0
0
0
4
0
0
1
0
4
5
0
0
0
0
0
0
0
0
0
0
0
0
0
1
2
3
0
0
0
4
0
0
11
12
4
0
0
2
4
0
0
0
0
0
0
0
0
0
4
16
0
1
34
112
150
226
255
245
176
42
0
33
29
44
0
0
11
0
0
0
0
0
0
0
0
10
0
2
9
122
195
255
249
253
246
218
255
171
91
218
255
96
8
0
12
4
3
7
0
0
8
0
5
0
3
104
229
252
205
137
65
10
37
34
221
255
243
252
214
19
10
0
0
0
0
3
13
0
0
18
0
0
143
246
246
149
28
0
6
12
0
10
204
240
242
239
32
9
4
0
0
7
0
0
6
2
0
0
8
189
224
255
112
0
6
0
0
1
148
220
252
244
235
39
0
0
0
0
0
10
0
2
0
15
3
0
146
252
239
92
0
1
3
29
146
230
251
255
245
192
66
7
5
0
0
0
0
0
0
14
0
0
7
67
249
200
30
12
6
54
176
213
255
247
248
249
252
48
0
10
0
1
0
0
0
3
0
0
8
0
37
185
242
15
23
75
165
236
255
232
139
238
255
204
30
14
13
3
0
4
2
0
0
6
0
0
16
2
100
255
248
203
244
255
233
191
76
12
117
249
227
41
0
4
0
0
1
1
1
1
0
0
0
3
2
0
92
232
248
244
173
75
44
15
0
90
238
251
61
0
0
3
0
10
0
0
0
0
1
7
0
0
0
2
0
1
7
0
5
8
0
12
31
211
252
173
19
0
7
5
0
0
3
0
0
0
0
0
0
1
4
1
0
0
0
1
0
0
5
0
159
255
221
39
0
6
12
0
0
2
4
0
0
0
0
0
1
4
2
0
0
0
0
0
9
1
2
125
255
220
70
0
0
7
0
0
5
6
0
0
0
0
0
0
2
1
0
0
2
4
1
6
0
37
152
239
233
121
0
12
4
0
0
0
5
0
0
0
0
0
0
1
0
0
0
0
4
2
0
1
33
196
243
249
182
202
0
0
4
0
2
7
0
0
1
0
0
0
0
0
0
0
3
5
0
0
0
7
202
245
255
242
249
169
3
0
8
0
0
0
0
4
0
0
0
0
0
1
0
0
6
4
0
2
17
125
255
234
245
255
166
27
7
5
11
0
0
0
1
13
0
0
0
0
0
7
0
0
4
0
0
15
49
219
245
255
255
116
39
0
5
0
0
0
13
6
0
4
0
0
0
0
0
11
0
6
0
5
0
19
212
238
255
222
103
11
0
7
0
0
0
0
0
0
0
0
0
0
0
0
0
0
0
15
0
0
1
63
236
255
147
29
0
4
7
0
0
0
0
0
0
0
0
0
0
0
0
0
0
0
0
0
1
18
7
0
4
1
0
0
9
8
0
0
14
0
0
0
0
0
0
0
0
0
0
0
0
7
5
0
0
1
7
12
10
3
8
3
0
0
3
4
0
0
0
0
0
0
0
0
0
0
0
0
0
