1
0
0
0
0
0
0
0
0
0
0
0
0
0
0
0
0
0
0
4
0
8
10
0
11
0
0
0
0
0
0
0
0
0
0
0
0
0
0
0
0
0
0
0
0
0
0
0
0
0
2
1
0
0
0
0
0
0
0
0
0
0
0
0
0
0
0
0
0
0
0
0
0
0
6
0
25
0
0
14
0
0
0
0
0
0
0
0
0
0
0
0
0
0
0
0
0
0
0
0
0
1
12
0
0
0
2
0
0
0
0
0
0
0
0
0
0
0
0
0
0
0
0
0
0
0
0
0
0
0
0
7
14
0
7
0
8
0
0
0
0
0
0
0
0
0
0
0
0
0
0
0
0
0
0
0
0
7
0
3
0
15
9
0
3
0
0
0
0
0
0
0
0
0
0
0
0
0
0
0
0
0
0
0
0
0
13
218
255
81
0
33
0
0
0
0
0
0
0
0
0
0
0
0
0
0
0
0
0
0
0
0
0
23
147
253
252
192
9
0
9
0
0
0
0
0
0
0
0
0
0
0
0
0
0
9
0
2
0
11
3
74
243
255
254
148
0
0
2
0
0
0
0
0
0
0
0
0
0
0
0
8
0
6
0
0
7
0
59
253
252
255
153
6
0
0
7
0
0
0
0
0
0
0
0
0
0
0
0
3
0
0
7
4
15
47
210
246
255
208
36
11
0
23
0
0
0
0
0
0
0
0
0
0
0
0
0
4
0
0
6
2
0
107
255
238
255
58
3
3
0
1
0
0
0
0
0
0
0
0
0
0
0
0
0
1
7
8
0
0
22
175
246
255
111
0
6
0
2
0
5
0
0
0
0
0
0
0
0
0
0
0
0
0
0
0
0
15
178
255
248
120
0
13
3
13
0
19
0
0
0
0
0
0
0
0
0
0
0
0
0
2
0
0
20
106
255
254
173
0
9
3
8
0
0
7
0
0
0
0
0
0
0
0
0
0
0
0
0
0
8
4
97
240
255
225
89
0
1
0
0
4
8
0
9
0
0
0
0
0
0
0
0
0
0
0
0
0
0
5
235
255
248
138
0
0
0
0
0
0
0
0
0
0
0
0
0
0
0
0
0
0
0
0
0
4
4
26
255
246
222
24
6
0
0
0
0
0
0
0
0
0
0
0
0
0
0
0
0
0
0
0
0
0
0
131
235
255
25
10
5
0
0
0
0
0
0
0
0
0
0
0
0
0
0
0
0
0
0
0
0
0
9
114
255
134
0
8
0
0
0
0
0
0
0
0
0
0
0
0
0
0
0
0
0
0
0
0
0
2
55
185
236
20
14
1
0
0
0
0
0
0
0
0
0
0
0
0
0
0
0
0
0
0
0
0
0
3
191
255
207
0
3
0
12
0
0
0
0
0
0
0
0
0
0
0
0
0
0
0
0
0
0
0
0
27
246
249
115
17
0
5
0
0
0
0
0
0
0
0
0
0
0
0
0
0
0
0
0
0
0
0
0
9
190
240
44
0
0
0
10
0
0
0
0
0
0
0
0
0
0
0
0
0
0
0
0
0
0
0
0
0
214
156
2
0
0
0
5
0
0
0
0
0
0
0
0
0
0
0
0
0
0
0
0
0
0
0
0
2
126
82
3
5
5
6
0
0
0
0
0
0
0
0
0
0
0
0
0
0
0
0
0
0
0
0
0
0
19
0
0
0
0
4
0
0
0
0
0
0
0
0
0
0
0
0
0
0
0
0
0
0
0
0
0
1
0
0
13
4
0
9
4
0
0
0
0
0
0
0
0
0
0
0
0
