5
0
0
2
2
1
0
0
2
5
0
0
14
0
9
4
0
3
0
0
0
0
1
3
5
0
0
0
0
2
2
2
1
0
0
0
1
0
5
0
0
0
0
0
2
0
0
0
4
6
4
1
0
3
3
3
2
4
2
0
0
0
1
2
2
0
9
0
0
0
6
0
8
7
3
0
0
0
0
0
0
0
0
0
6
0
0
0
0
2
3
3
1
9
0
0
22
5
0
0
3
0
0
2
6
7
6
3
2
4
0
0
1
0
0
0
1
2
1
0
0
0
1
3
0
0
4
2
0
5
4
1
0
0
0
0
0
3
5
3
0
0
2
4
3
0
0
0
0
13
0
2
4
2
0
4
5
0
0
0
0
0
0
3
8
0
0
0
0
0
4
5
2
0
0
3
9
21
224
184
71
213
255
230
255
178
201
233
255
255
255
252
245
83
36
0
0
0
1
4
0
0
0
12
24
198
241
255
243
252
250
255
250
252
255
255
254
250
249
253
255
251
125
12
0
0
0
0
0
0
0
2
2
162
241
255
253
244
255
254
247
253
255
237
250
239
246
236
110
50
30
5
0
0
0
0
0
0
0
1
2
137
251
245
255
186
255
207
173
187
163
30
0
2
0
4
3
6
1
0
0
0
0
0
0
0
0
1
2
128
255
242
255
58
110
40
9
0
26
0
5
2
3
0
0
0
0
0
2
1
0
0
0
0
0
1
1
136
251
255
255
35
19
0
0
10
0
0
10
0
0
0
8
0
3
4
2
1
1
0
0
0
0
0
1
135
236
251
242
45
0
0
1
0
7
8
8
4
15
0
0
0
0
0
0
2
1
0
0
0
0
0
0
127
255
255
242
61
12
0
0
10
0
10
0
0
4
1
0
0
0
0
0
2
1
0
0
0
0
0
0
30
213
244
255
198
202
218
233
151
23
19
6
9
3
7
15
4
4
3
4
2
2
0
0
0
0
0
0
86
236
248
254
255
251
254
242
252
255
227
45
14
0
0
4
0
0
0
0
0
0
0
0
0
0
0
0
0
193
251
249
253
255
242
255
247
255
255
213
48
18
0
6
0
0
0
0
0
0
0
0
0
0
0
0
0
45
213
219
186
31
26
26
35
41
203
255
119
0
12
0
0
0
0
0
0
0
0
0
0
0
0
0
4
0
0
11
4
13
0
0
0
3
218
255
247
12
0
3
0
0
0
0
0
0
0
0
0
0
0
0
2
8
10
0
6
0
0
11
15
0
238
250
255
33
6
0
0
0
0
0
0
0
0
0
0
0
0
0
0
24
0
12
0
12
11
0
0
38
237
247
246
20
0
4
0
0
0
0
0
0
0
0
0
0
0
0
0
78
5
0
2
0
0
4
59
197
255
255
251
13
0
6
0
0
0
0
0
0
0
0
0
0
0
0
88
247
172
178
42
6
0
152
206
247
255
238
128
6
22
0
0
0
0
0
0
0
0
0
0
0
0
0
16
179
255
255
233
248
252
245
252
255
240
123
9
0
0
7
0
0
0
0
0
0
0
0
0
0
0
0
0
124
245
255
250
255
255
244
255
246
126
7
0
5
0
2
0
0
0
0
0
0
0
0
0
0
0
0
5
12
67
165
238
255
249
247
60
67
22
0
3
10
0
0
0
0
0
0
0
0
0
0
0
0
0
0
5
0
0
7
13
0
0
0
0
0
0
0
10
5
0
0
0
0
0
0
0
0
0
0
0
0
0
0
6
15
12
0
0
2
5
0
10
0
0
2
0
0
1
6
0
0
0
0
