9
0
0
0
0
0
0
0
0
3
0
0
0
0
0
0
6
7
0
0
0
2
2
0
2
0
0
0
0
0
0
0
0
0
0
0
0
0
0
2
5
3
0
0
0
0
0
0
1
0
0
7
9
0
0
0
0
0
0
0
0
0
0
0
0
0
0
4
2
0
0
0
0
0
13
2
5
0
0
4
0
0
0
0
0
0
0
0
0
0
0
0
0
0
1
0
0
0
1
4
1
0
0
0
0
0
3
2
0
0
0
0
0
0
0
0
0
0
0
0
0
4
3
1
0
2
7
5
0
10
0
4
0
0
15
0
1
0
0
0
0
0
0
0
0
0
0
0
0
1
0
0
4
6
1
0
0
0
0
11
7
0
0
0
2
0
0
0
0
0
0
0
0
0
0
0
0
0
0
0
4
1
0
0
13
3
61
85
103
51
0
0
5
0
0
0
0
0
0
0
0
0
0
0
0
8
0
0
4
0
0
14
48
142
244
255
255
154
0
12
0
0
0
0
0
0
0
0
0
0
0
0
0
0
0
9
0
1
70
228
255
252
234
255
254
229
0
8
0
5
0
0
2
0
0
0
0
0
0
0
0
10
0
4
9
72
255
253
221
107
70
234
255
205
7
7
0
2
0
0
2
0
0
0
0
0
0
0
0
1
0
0
134
255
235
184
44
2
76
253
229
253
51
1
15
1
1
2
3
0
0
0
0
0
0
0
0
0
13
143
249
254
166
4
0
48
188
255
255
248
65
0
0
2
1
2
3
0
0
0
0
0
0
0
0
8
112
247
255
199
3
7
57
230
247
242
237
47
5
4
6
0
0
0
0
0
0
0
0
0
0
0
0
0
164
238
210
29
0
73
240
252
255
244
128
0
0
0
0
0
0
0
0
0
0
0
0
0
0
0
0
0
155
255
225
202
252
255
247
242
255
164
0
15
6
0
12
0
5
9
4
0
0
0
0
0
0
0
0
10
141
250
255
248
242
255
246
255
200
21
4
0
0
11
0
0
13
22
12
7
0
13
1
0
0
7
0
1
24
140
196
211
255
246
255
181
10
0
2
0
10
0
5
0
0
0
0
4
0
4
0
6
0
0
0
0
3
0
29
137
242
255
170
44
0
14
9
0
4
0
5
0
0
0
0
0
8
0
0
9
0
0
3
1
0
0
87
242
255
120
46
0
0
9
0
0
6
5
0
0
0
0
0
0
13
3
0
0
0
8
4
0
0
119
255
255
163
12
0
9
6
0
0
1
3
1
0
0
0
0
0
0
4
1
1
0
3
5
0
7
143
251
239
176
0
0
7
0
5
0
3
9
0
0
1
0
0
0
0
7
0
0
1
0
8
0
12
152
255
251
183
0
1
8
0
0
5
0
0
0
1
4
1
0
0
0
0
5
0
0
0
5
2
0
129
255
238
169
0
4
2
12
6
7
3
0
0
0
9
6
0
0
0
0
0
0
5
4
0
7
0
8
255
255
224
52
0
2
0
0
0
2
0
5
8
1
0
0
0
0
0
0
0
2
0
7
0
0
0
16
239
225
90
2
0
0
2
4
0
0
0
0
0
0
0
0
0
0
0
0
0
3
0
1
1
2
14
0
70
38
0
0
6
0
0
6
4
0
0
0
0
0
0
0
0
0
0
0
0
3
0
4
5
0
9
0
0
0
0
8
14
0
0
4
0
0
0
0
0
0
0
0
0
0
0
0
0
5
0
1
9
0
0
12
10
10
0
0
0
0
3
8
0
0
0
0
0
0
0
0
0
0
0
0
0
