1
0
0
0
0
0
0
0
0
0
6
0
0
10
2
0
9
0
8
0
3
0
5
2
0
0
0
0
0
0
0
0
0
0
0
0
0
0
0
17
6
0
0
12
0
10
7
0
7
2
2
0
4
0
0
0
0
0
0
0
0
0
0
0
0
9
0
0
11
4
0
0
13
3
3
0
6
4
2
0
6
0
0
0
0
0
0
0
0
0
0
0
0
0
10
0
0
1
11
0
0
0
0
8
0
0
5
0
1
0
0
0
0
0
0
0
0
0
0
0
0
6
0
4
12
0
0
9
13
28
2
6
0
0
7
0
0
0
0
0
0
0
0
0
0
0
0
0
0
0
13
0
0
29
0
47
215
113
6
0
0
5
5
0
0
0
0
0
0
0
0
0
0
0
0
0
0
4
0
15
9
0
79
238
255
152
3
0
3
1
1
5
0
0
0
0
0
0
0
0
0
0
0
0
0
6
0
5
0
9
138
251
248
137
0
6
5
0
0
14
0
0
0
0
0
0
0
0
0
0
0
0
0
0
2
0
1
0
187
255
240
77
14
0
0
5
3
0
2
0
0
0
0
0
0
0
0
0
0
0
0
4
0
3
8
6
245
255
255
44
0
0
0
1
2
0
6
0
0
0
0
0
0
0
0
0
0
0
0
0
0
0
0
31
247
249
251
24
0
4
5
0
0
0
3
0
0
0
0
0
0
0
0
0
0
0
0
4
11
6
3
108
246
255
214
15
0
10
7
0
1
0
0
0
0
0
0
0
0
0
0
0
0
0
0
0
0
0
0
131
254
242
172
9
0
0
0
0
6
1
1
0
0
0
0
0
0
0
0
0
0
0
0
8
3
6
3
98
255
241
244
23
0
0
0
0
7
0
0
0
0
0
0
0
0
0
0
0
0
0
0
0
0
2
0
65
251
242
255
37
4
2
2
1
4
0
0
0
0
0
0
0
0
0
0
0
0
0
0
0
3
0
6
112
250
255
241
27
0
0
0
0
2
0
4
0
0
0
0
0
0
0
0
0
0
0
0
0
13
0
0
69
192
244
252
85
0
10
0
0
11
0
7
0
0
0
0
0
0
0
0
0
0
0
0
1
0
6
3
7
152
255
249
108
12
10
0
6
0
0
0
0
0
0
0
0
0
0
0
0
0
0
0
0
0
4
0
0
117
243
255
46
0
0
0
9
1
2
13
0
0
0
0
0
0
0
0
0
0
0
0
2
6
0
0
0
83
246
255
14
2
7
0
0
0
0
0
0
0
0
0
0
0
0
0
0
0
0
0
7
0
0
14
0
35
255
249
30
0
1
0
3
6
19
6
0
0
0
0
0
0
0
0
0
0
0
0
0
2
0
5
1
3
188
255
129
21
0
1
7
0
0
0
0
0
0
0
0
0
0
0
0
0
0
0
0
20
0
0
11
1
66
228
142
0
0
0
5
4
3
7
0
0
0
0
0
0
0
0
0
0
0
0
6
0
0
4
0
4
0
162
141
0
8
7
0
1
0
0
0
0
0
0
0
0
0
0
0
0
0
0
2
0
0
5
0
0
23
63
133
15
0
6
1
0
7
0
0
0
0
0
0
0
0
0
0
0
0
0
2
0
0
4
0
0
0
16
18
0
6
12
0
0
9
0
0
0
0
0
0
0
0
0
0
0
0
0
0
0
0
2
0
0
0
0
0
0
7
0
0
1
10
0
0
0
0
0
0
0
0
0
0
0
0
0
1
1
0
0
0
3
4
1
14
4
0
0
3
5
1
0
0
0
0
0
