4
0
0
0
0
0
0
0
0
0
0
0
7
0
0
5
0
1
0
4
3
9
0
8
1
0
0
0
0
0
0
0
0
0
0
0
0
21
0
3
1
1
6
0
0
2
0
5
0
0
7
0
0
0
0
0
0
0
0
0
0
0
0
0
0
0
0
5
0
0
4
9
9
0
0
2
0
9
4
3
2
0
0
0
0
0
0
0
0
0
0
0
0
6
19
0
0
9
0
8
0
0
3
0
1
17
0
2
9
0
0
0
0
0
0
0
0
0
0
0
0
0
0
19
0
9
0
3
6
1
2
6
0
0
23
0
0
0
0
0
0
0
0
0
0
0
0
0
0
6
21
0
12
33
246
67
15
6
0
12
0
0
160
31
0
0
0
0
0
0
0
0
0
0
0
0
0
0
0
15
13
150
255
111
0
3
0
7
0
26
247
115
6
0
0
0
0
0
0
0
0
0
0
0
0
2
0
1
140
255
246
111
10
2
0
0
3
79
239
178
0
0
0
0
0
2
0
0
3
9
0
2
0
8
0
171
255
245
241
64
2
0
1
15
16
224
255
139
4
0
0
0
0
1
1
2
3
0
0
1
2
0
33
248
243
239
85
0
2
9
0
0
70
255
248
46
0
0
0
0
0
0
0
4
4
0
0
4
0
45
206
242
255
173
13
17
0
1
14
0
149
250
192
10
6
0
0
0
0
1
0
0
3
0
11
0
0
114
255
252
233
12
0
0
0
0
4
125
235
255
127
3
0
0
0
0
0
3
0
0
2
0
6
0
22
199
245
252
131
0
0
0
16
11
2
255
248
255
59
0
0
0
0
0
0
0
3
0
5
0
3
8
112
255
255
230
27
5
0
12
0
0
124
255
247
197
0
4
7
0
0
0
0
0
4
0
6
0
1
13
177
246
247
255
59
6
67
12
2
32
240
238
255
100
0
12
0
0
0
0
0
1
7
0
1
0
0
0
174
253
249
255
247
199
249
223
137
212
253
253
235
38
0
0
0
0
0
0
0
7
0
0
5
0
0
20
58
252
254
255
254
254
244
255
246
244
255
237
245
0
0
14
0
0
0
0
0
0
0
0
3
0
0
0
18
116
215
255
248
255
253
232
255
255
255
255
201
0
2
0
1
0
0
0
0
1
0
0
2
1
0
0
0
0
26
104
119
113
129
130
167
250
238
180
33
16
0
7
4
0
0
0
0
4
3
0
0
0
3
2
0
5
0
1
0
11
4
0
136
251
255
52
0
1
8
0
1
0
0
0
0
0
0
0
0
0
2
4
2
4
0
0
0
4
0
71
244
251
171
0
4
2
0
0
1
0
0
0
0
0
0
3
1
0
1
0
0
7
0
16
13
0
7
168
250
250
19
0
4
9
0
14
0
0
0
0
0
2
1
2
5
6
2
0
0
0
15
0
0
15
46
231
255
191
0
0
22
0
8
0
0
0
0
0
0
8
0
0
0
1
0
0
0
5
6
0
2
0
29
255
213
40
0
7
0
5
1
0
5
0
0
0
0
0
0
0
0
0
0
0
0
3
7
0
0
4
51
236
181
0
0
0
0
0
0
0
0
0
0
0
0
0
0
0
0
0
0
0
0
0
2
6
1
0
0
37
0
0
0
0
0
0
0
0
0
0
0
0
0
0
0
0
0
0
0
0
0
4
0
0
0
1
0
0
0
0
0
0
0
0
0
0
0
0
0
0
0
0
0
0
0
0
0
0
0
0
0
0
0
10
20
0
19
0
0
0
0
0
0
0
0
0
0
0
0
