6
0
0
0
0
0
0
0
0
0
0
0
12
0
0
0
6
0
10
2
5
1
0
4
0
0
0
0
0
0
0
0
0
0
0
0
0
1
0
0
4
0
2
4
0
8
0
5
0
0
0
13
0
0
0
0
0
0
0
0
0
0
0
0
0
3
0
0
0
0
3
4
0
2
0
0
8
8
0
7
0
0
0
0
0
0
0
0
0
0
0
0
0
5
0
4
0
0
3
0
70
244
226
2
0
0
0
10
0
0
0
0
0
0
0
0
0
0
0
0
0
4
0
4
1
0
2
0
175
247
199
0
0
16
0
1
0
0
0
0
0
0
0
0
0
0
0
0
0
2
0
2
4
0
2
54
251
255
99
10
2
4
0
0
8
0
0
0
0
0
0
0
0
0
0
0
0
0
2
0
2
2
4
156
255
231
17
0
0
5
12
2
0
0
0
0
0
0
0
0
0
0
0
0
0
0
4
0
0
7
7
238
254
103
10
4
7
0
0
0
4
0
0
0
0
0
0
0
0
0
0
0
0
0
1
4
3
0
155
255
209
8
1
2
2
0
0
7
3
0
0
0
0
0
0
0
0
0
0
0
0
2
6
0
0
22
213
255
102
11
0
0
2
0
0
0
0
0
0
0
0
0
0
0
0
0
0
0
0
0
9
0
0
125
255
191
2
0
0
3
3
2
3
4
3
0
0
0
0
0
0
0
0
0
0
0
0
0
4
4
0
225
252
87
0
0
4
4
0
0
2
0
0
0
0
0
0
0
0
0
0
0
0
0
0
5
0
4
59
255
240
16
15
8
8
0
0
7
4
0
0
0
0
0
0
0
0
0
0
0
0
0
0
8
0
16
188
255
243
3
4
0
3
0
0
12
4
0
9
0
0
0
0
0
0
0
0
0
0
0
0
0
0
23
255
255
196
2
0
0
80
91
28
0
0
0
1
0
0
0
0
0
0
0
0
0
0
0
0
0
13
11
250
250
113
0
6
70
238
255
107
0
3
11
0
0
0
0
0
0
0
0
0
0
0
0
0
6
0
46
255
242
52
0
0
121
255
255
116
1
10
0
3
0
0
0
0
0
0
0
0
0
0
0
0
0
8
48
255
246
45
0
51
245
255
234
15
7
0
1
0
0
0
0
0
0
0
0
0
0
0
0
0
0
0
21
247
255
221
211
255
255
246
162
11
1
0
0
11
0
0
0
0
0
0
0
0
0
0
0
0
14
0
25
185
228
255
244
243
255
180
28
5
0
7
4
0
0
0
0
0
0
0
0
0
0
0
0
0
1
0
0
25
27
103
113
251
198
48
0
0
7
0
14
0
0
0
0
0
0
0
0
0
0
0
0
0
0
10
10
0
0
0
0
255
132
0
19
0
7
0
0
11
0
0
0
0
0
0
0
0
0
0
0
0
4
9
0
0
5
3
5
214
118
8
0
0
0
8
0
0
0
0
0
0
0
0
0
0
0
0
0
0
0
0
0
3
6
9
0
8
0
8
0
2
16
0
12
0
0
0
0
0
0
0
0
0
0
0
0
0
0
0
0
0
0
0
0
0
0
0
0
0
0
0
0
0
0
0
0
0
0
0
0
0
0
0
0
0
0
0
0
0
0
0
0
0
0
0
0
0
0
0
0
0
0
0
0
0
0
0
0
0
0
0
0
0
0
0
0
0
0
0
0
0
0
0
0
0
0
0
0
0
0
0
0
0
0
0
0
0
0
0
0
0
0
0
0
0
0
0
0
0
0
0
0
0
0
0
0
0
0
0
0
0
