0
0
0
0
0
0
0
0
0
4
0
0
8
4
0
0
0
0
6
0
0
0
0
0
0
0
0
0
0
0
0
0
0
0
0
0
0
0
20
5
0
0
0
9
16
2
0
0
0
10
7
4
5
0
0
0
0
0
0
0
0
0
0
0
0
8
1
0
8
14
0
0
0
0
8
15
1
0
0
0
0
0
0
0
0
0
0
0
0
0
0
0
0
0
3
9
0
0
0
5
12
8
0
0
7
12
7
0
0
0
0
0
0
0
0
0
0
0
0
0
0
1
0
2
0
13
0
33
224
255
99
0
0
0
5
0
14
0
0
0
0
0
0
0
0
0
0
0
0
0
0
23
0
5
138
223
253
252
161
96
27
0
4
0
0
0
0
0
0
0
0
0
0
0
0
0
0
0
28
0
18
182
252
234
255
250
255
251
107
0
0
8
2
0
0
0
0
0
0
0
0
0
0
0
0
3
0
0
145
255
249
255
253
252
252
255
132
9
0
0
2
0
0
0
0
0
0
0
0
0
0
0
0
0
7
53
202
253
255
235
255
253
255
254
121
1
6
0
1
0
0
0
0
0
0
0
0
0
0
0
0
0
11
73
252
244
253
255
230
152
194
250
167
7
0
0
0
0
0
0
0
0
0
0
0
0
0
0
0
0
3
155
255
255
250
245
37
4
168
240
243
78
0
6
3
0
0
0
0
0
0
0
0
0
0
0
0
5
20
248
243
229
255
255
13
0
172
253
255
78
0
2
4
0
0
0
0
0
0
0
0
0
0
0
0
13
185
255
238
255
244
91
24
14
141
255
253
98
10
0
0
0
0
0
0
0
0
0
0
0
0
0
0
147
255
237
255
235
100
9
0
0
181
250
255
224
25
3
0
0
0
0
0
0
0
0
0
0
0
0
0
126
248
255
255
194
8
3
7
5
185
229
255
255
0
4
3
0
0
0
0
0
0
0
0
0
0
0
0
164
255
248
220
69
0
0
0
0
21
236
255
235
6
4
0
0
0
0
0
0
8
0
0
0
2
10
73
255
254
219
66
5
0
14
0
6
0
225
255
255
8
0
12
0
0
0
0
0
5
0
1
3
0
0
73
244
238
167
1
0
1
3
0
0
7
126
251
117
7
9
0
0
0
0
0
2
0
0
0
4
2
0
98
255
255
177
0
4
9
0
15
26
167
219
153
21
0
17
1
0
0
0
0
4
0
1
0
0
6
0
137
243
237
163
7
1
3
3
90
178
240
255
135
0
3
7
0
0
0
0
0
2
0
6
0
0
5
3
135
255
253
236
172
175
172
179
255
243
254
218
58
2
0
0
0
0
0
0
0
0
0
10
4
0
2
0
83
248
248
255
253
255
255
242
255
255
255
145
0
16
0
3
7
0
0
0
0
1
1
5
7
0
5
0
27
200
255
255
248
255
255
254
245
252
154
17
21
0
4
6
0
0
0
0
0
2
0
0
3
0
12
6
0
43
211
255
247
252
252
252
231
64
20
12
0
1
8
0
0
0
0
0
0
0
0
0
0
0
0
0
0
0
0
0
0
0
0
0
0
0
0
0
0
0
0
0
0
0
0
0
0
0
0
0
0
0
0
0
0
0
0
0
0
0
0
0
0
0
0
0
0
0
0
0
0
0
0
0
0
0
0
0
0
0
0
0
0
0
0
0
0
0
0
0
0
0
0
0
0
0
0
0
0
0
0
0
0
0
0
0
0
0
0
0
0
0
0
0
0
0
0
0
0
0
0
0
0
0
0
0
0
0
0
0
0
