5
0
0
0
0
0
0
0
0
1
0
0
0
0
5
3
0
11
0
0
6
0
12
0
3
0
0
0
0
0
0
0
0
0
0
0
0
0
0
5
9
2
0
0
0
3
5
0
14
0
0
3
0
0
0
0
0
0
0
0
0
0
0
0
0
12
0
0
0
0
0
4
12
0
5
5
0
5
24
4
6
0
0
0
0
0
0
0
0
0
0
0
0
0
0
0
0
2
0
0
0
1
4
0
113
228
0
0
0
0
0
0
0
0
0
0
0
0
0
0
0
0
5
10
2
0
3
7
5
1
4
59
251
94
9
16
0
0
0
0
0
0
0
0
0
0
0
0
0
3
3
0
0
0
4
1
0
4
20
226
202
14
0
2
0
0
0
0
0
0
0
0
0
0
0
0
0
0
0
0
3
2
0
0
10
89
237
183
21
0
0
0
6
0
0
0
0
0
0
0
0
0
0
0
0
5
0
3
2
0
13
111
217
238
137
15
0
10
0
6
0
0
0
0
0
0
0
0
0
0
0
0
0
1
0
0
1
129
218
255
186
86
0
7
0
0
7
0
0
0
0
0
0
0
0
0
0
0
0
0
0
0
16
0
158
242
162
23
14
0
0
6
3
1
6
0
6
0
0
0
0
0
0
0
0
0
0
0
0
10
0
2
197
146
0
0
0
0
0
0
19
0
0
3
3
0
0
0
0
0
0
0
0
0
0
0
0
0
2
120
255
0
2
10
8
6
14
0
4
0
0
0
0
0
0
0
0
0
0
0
0
0
0
0
0
12
10
203
220
32
131
31
0
0
8
14
0
9
10
0
4
0
0
0
0
0
0
0
0
0
0
0
0
0
64
255
246
255
255
255
191
75
0
0
5
0
0
14
0
0
0
0
0
0
0
0
0
0
0
0
0
34
220
224
231
165
136
230
255
220
60
0
18
0
0
21
0
0
0
0
0
0
0
0
0
0
0
0
0
28
185
66
4
3
1
22
103
255
227
47
0
9
4
0
2
0
0
0
0
0
0
0
0
0
0
0
0
1
0
7
0
5
3
0
0
148
247
139
5
0
0
1
0
0
0
0
0
0
0
0
0
0
0
0
0
0
8
11
2
0
0
3
5
50
255
121
0
0
6
3
0
0
0
0
0
0
0
0
0
0
0
0
0
0
5
0
3
0
5
0
0
23
255
104
9
0
3
0
2
0
0
0
0
0
0
0
0
0
0
0
0
8
0
3
3
3
5
0
12
103
208
24
0
0
0
0
10
0
0
0
0
0
0
0
0
0
0
0
0
0
2
78
17
9
18
49
112
250
160
9
3
10
2
2
0
0
0
0
0
0
0
0
0
0
0
0
0
11
97
255
226
241
238
244
255
114
11
0
0
0
0
15
1
0
0
0
0
0
0
0
0
0
0
0
0
0
61
184
191
198
133
74
7
0
0
12
10
1
0
2
4
0
0
0
0
0
0
0
0
0
0
0
0
10
8
0
0
13
0
11
0
0
14
3
0
7
4
0
4
0
0
0
0
0
0
0
0
0
0
0
0
0
0
0
0
0
0
0
0
0
0
0
0
0
0
0
0
0
0
0
0
0
0
0
0
0
0
0
0
0
0
0
0
0
0
0
0
0
0
0
0
0
0
0
0
0
0
0
0
0
0
0
0
0
0
0
0
0
0
0
0
0
0
0
0
0
0
0
0
0
0
0
0
0
0
0
0
0
0
0
0
0
0
0
0
0
0
0
0
0
0
0
0
0
0
0
0
0
0
0
0
0
0
0
0
