3
0
0
5
3
0
2
5
0
3
2
0
0
0
0
0
0
4
4
0
0
0
3
3
1
0
0
0
0
6
0
0
0
0
0
0
5
1
1
1
1
2
3
4
5
1
0
5
0
7
0
0
0
0
0
0
0
0
2
0
0
5
2
0
7
0
0
0
0
0
0
0
0
1
4
9
0
0
0
15
3
0
0
0
0
0
13
7
0
0
0
0
0
6
6
5
5
4
2
1
1
0
11
0
3
10
0
17
0
0
0
0
0
0
6
2
0
0
3
6
8
0
0
0
0
0
2
3
4
17
6
0
5
0
0
0
8
0
0
0
0
1
0
0
10
0
0
0
0
6
4
1
0
0
0
0
0
0
0
19
0
0
22
0
7
0
0
0
0
7
0
0
2
0
22
58
47
136
144
158
178
202
227
247
255
237
190
179
74
38
0
0
3
0
0
0
0
0
0
6
0
16
149
255
253
255
255
251
248
247
250
253
255
255
240
255
255
228
11
10
0
0
0
0
0
6
3
0
3
75
245
254
252
255
241
255
255
194
234
151
171
208
191
217
240
255
6
0
0
0
0
0
0
0
6
0
6
99
255
222
136
125
111
52
44
15
10
0
25
10
0
123
255
240
13
3
2
0
0
0
0
0
6
8
0
2
67
21
0
16
3
0
9
6
4
12
0
0
140
255
251
127
0
0
12
0
0
0
0
11
0
0
9
0
7
0
19
0
2
0
0
3
0
0
100
167
231
242
147
30
1
0
0
0
0
0
0
8
2
0
0
0
7
0
0
0
0
9
6
11
140
213
237
255
255
143
0
0
11
0
6
0
0
0
0
0
0
7
5
0
5
7
9
13
0
0
131
222
251
246
255
244
73
3
12
6
0
5
0
0
0
0
0
18
2
0
1
8
0
0
0
0
4
117
245
255
255
255
238
41
10
0
0
0
0
4
6
0
0
0
0
0
0
0
1
3
0
3
0
0
36
223
255
250
255
242
255
238
164
29
4
1
7
0
0
0
0
0
0
0
0
0
0
0
0
0
0
0
8
94
241
255
238
159
183
244
255
228
67
0
0
3
3
0
0
0
0
0
0
0
0
0
0
0
0
0
0
0
2
0
2
0
13
105
255
255
238
46
11
0
0
0
0
0
0
0
0
0
0
0
0
0
0
15
0
4
0
9
5
0
0
10
188
227
255
30
0
9
3
0
0
0
0
0
0
0
0
0
0
0
0
0
0
5
2
0
0
0
10
0
131
252
224
25
1
6
0
0
0
0
0
0
0
0
0
0
0
0
0
0
12
7
4
0
6
3
0
2
173
255
144
1
23
0
1
0
0
0
0
0
0
0
0
0
0
0
0
2
0
0
2
0
0
11
30
123
255
231
8
0
0
0
10
0
0
0
0
0
0
0
0
0
0
0
0
11
1
2
23
36
42
152
245
255
247
162
0
25
0
7
0
0
0
0
0
0
0
0
0
0
0
0
0
202
189
195
203
255
237
255
249
229
76
16
18
0
0
0
3
0
0
0
0
0
0
0
7
0
0
19
57
255
252
253
240
255
255
251
224
29
12
0
0
3
2
0
0
0
0
0
0
3
0
0
4
0
0
5
28
137
198
175
255
178
208
77
48
11
1
0
0
3
2
0
0
0
0
0
0
4
1
0
1
0
0
0
0
2
1
0
0
0
4
3
0
0
0
0
0
3
1
0
0
0
0
0
0
0
1
1
0
0
2
0
0
1
3
13
3
11
1
1
0
0
0
2
4
2
0
0
0
0
0
0
0
