3
3
0
0
4
1
0
0
3
0
0
2
6
0
0
10
1
0
0
0
0
0
0
0
0
0
0
0
0
2
4
1
5
0
7
1
0
3
2
0
1
8
0
0
2
0
0
0
0
0
0
0
0
0
0
0
0
4
0
0
2
0
4
2
0
0
8
2
6
0
15
8
0
0
0
0
0
0
0
0
0
0
0
0
0
6
0
0
10
1
3
0
0
13
0
5
0
11
0
0
0
0
0
0
0
0
0
0
0
0
0
0
0
0
5
14
0
0
0
0
0
4
7
4
0
0
12
0
11
0
0
0
0
0
0
0
0
0
0
0
0
17
14
0
0
147
233
238
186
93
59
109
136
6
3
0
1
0
0
0
0
0
0
0
0
0
0
0
0
0
6
4
0
165
232
255
249
255
129
241
250
158
2
3
0
0
0
0
0
0
0
0
0
0
0
0
0
7
0
0
6
232
251
238
207
252
250
243
255
246
204
46
9
0
0
0
0
0
0
0
0
0
0
0
0
0
7
0
0
105
219
233
21
180
191
162
208
248
253
231
75
0
2
3
5
0
0
18
0
0
0
0
0
0
0
7
7
11
6
52
0
0
0
0
34
115
230
250
166
0
12
0
9
0
14
0
0
0
0
0
0
5
0
0
3
0
0
9
0
16
0
6
0
5
172
252
240
45
45
126
145
105
0
2
10
0
0
0
0
0
14
0
4
0
8
9
0
0
3
34
52
131
254
255
225
207
255
255
246
216
172
80
0
0
0
0
0
0
8
0
10
0
0
0
2
63
190
243
237
255
254
238
255
255
223
242
255
212
252
211
44
0
0
0
0
2
4
0
1
1
14
0
9
208
255
252
254
252
246
255
246
255
210
18
127
182
124
239
60
0
0
0
0
0
11
14
1
0
0
0
2
219
250
237
255
233
255
239
176
144
97
4
23
0
179
241
209
0
0
0
0
5
0
0
5
4
5
0
0
83
255
245
246
171
124
0
4
0
16
0
0
59
241
255
246
0
0
0
0
0
0
0
0
0
0
0
0
0
115
33
68
0
9
4
0
5
0
6
46
180
255
247
179
0
0
0
0
0
0
0
0
0
0
0
0
13
0
0
0
0
0
0
7
0
5
100
245
250
255
250
50
0
0
0
0
0
0
0
0
0
0
0
0
0
0
18
19
0
16
1
0
47
171
250
255
234
255
167
15
0
0
0
0
0
0
0
0
0
0
0
0
0
3
0
0
6
6
62
146
229
247
234
238
255
187
16
3
0
0
0
0
0
0
0
0
0
0
0
0
7
9
56
141
42
180
253
244
244
255
255
230
106
0
15
0
0
0
0
0
0
0
0
0
0
0
0
0
0
0
168
255
255
238
239
255
253
253
164
18
2
0
0
1
0
0
0
0
0
0
0
0
0
0
0
0
1
17
174
255
243
255
255
234
236
47
11
3
0
5
0
6
0
0
0
0
0
0
0
0
0
0
0
0
0
0
122
252
249
244
254
122
0
16
0
0
0
13
0
0
0
0
0
0
0
0
0
0
0
0
0
0
9
0
85
239
187
107
26
7
0
0
0
0
0
0
0
0
0
0
0
0
0
0
0
0
0
0
0
0
0
0
0
21
0
8
6
0
0
0
0
0
0
0
0
0
0
0
0
0
0
0
0
0
0
0
0
0
8
5
4
0
0
3
11
2
0
0
0
0
0
0
0
0
0
0
0
0
0
0
0
0
0
0
0
0
1
0
0
0
11
0
0
0
0
0
0
0
0
0
0
0
0
0
0
0
