6
0
0
0
0
0
0
0
0
0
0
0
0
0
0
0
0
10
0
2
11
0
9
8
0
7
0
6
0
0
0
0
0
0
0
0
0
0
0
0
0
0
0
0
0
0
11
13
0
0
1
0
20
0
0
1
3
0
0
0
0
0
0
0
0
0
0
0
0
0
0
0
0
11
0
0
0
1
8
0
0
6
3
1
0
0
0
0
0
0
0
0
0
0
0
0
0
0
0
0
0
0
0
2
15
7
0
0
11
0
0
6
9
0
0
0
0
0
0
0
0
0
0
0
0
0
0
0
0
0
19
2
0
0
18
48
134
219
55
0
0
0
0
0
0
0
0
0
0
0
0
0
0
0
0
0
0
0
0
0
40
154
253
255
243
87
0
0
15
0
0
0
0
0
0
0
0
0
0
0
0
0
0
0
0
0
4
98
193
244
255
176
60
6
0
3
0
0
0
0
0
0
0
0
0
0
0
0
0
0
0
0
0
1
101
237
255
179
59
0
8
0
7
1
0
0
0
0
0
0
0
0
0
4
0
15
0
0
14
0
0
62
208
255
225
0
7
0
4
0
0
0
0
0
0
0
0
0
0
0
0
0
17
0
7
0
0
12
108
250
255
212
1
20
0
17
4
0
0
0
0
0
0
0
0
0
0
0
0
0
0
12
0
13
7
120
248
244
114
12
0
21
0
0
1
0
0
0
0
0
0
0
0
0
0
0
0
0
15
5
0
4
73
255
255
199
42
0
13
0
0
24
0
0
0
0
0
0
0
0
0
0
0
0
0
0
8
0
14
9
255
251
187
5
0
4
0
4
0
18
0
0
0
0
0
0
0
0
0
0
0
0
0
0
0
5
11
201
246
221
25
0
6
0
12
3
0
0
8
0
0
0
0
0
0
0
0
0
0
0
0
2
0
16
124
244
250
125
0
0
0
6
0
0
1
8
0
0
0
0
0
0
0
0
0
0
0
0
0
3
0
25
213
255
246
223
131
0
5
0
4
0
5
0
5
0
0
0
0
0
0
0
0
0
0
0
0
0
24
169
255
255
248
255
214
0
0
0
0
0
0
0
0
0
0
0
0
0
0
0
0
0
0
0
0
13
0
207
255
248
253
236
215
0
0
0
0
0
0
0
0
0
0
0
0
0
0
0
0
0
0
0
0
0
85
235
251
255
255
250
143
0
0
0
0
0
0
0
0
0
0
0
0
0
0
0
0
0
0
0
0
18
237
254
255
253
246
229
27
0
0
0
0
0
0
0
0
0
0
0
0
0
0
0
0
0
0
0
0
46
239
244
255
233
250
123
0
0
0
0
0
0
0
0
0
0
0
0
0
0
0
0
0
0
0
0
0
34
249
255
255
255
246
25
9
0
0
0
0
0
0
0
0
0
0
0
0
0
0
0
0
0
0
0
0
33
225
255
232
243
147
0
1
0
0
0
0
0
0
0
0
0
0
0
0
0
0
0
0
0
0
0
0
0
29
190
151
87
7
3
0
0
0
0
0
0
0
0
0
0
0
0
0
0
0
0
0
0
0
0
0
0
0
0
0
0
0
0
0
0
0
0
0
0
0
0
0
0
0
0
0
0
0
0
0
0
0
0
0
0
0
0
0
0
0
0
0
0
0
0
0
0
0
0
0
0
0
0
0
0
0
0
0
0
0
0
0
0
0
0
0
0
0
0
0
0
0
0
0
0
0
0
0
0
0
0
0
0
0
0
0
0
0
0
0
0
0
0
0
0
0
0
0
0
0
0
0
0
0
0
0
0
0
0
0
