1
0
0
0
0
0
0
0
0
3
0
0
0
11
0
4
0
0
3
0
7
0
0
1
5
0
0
0
0
0
0
0
0
0
0
0
0
7
0
4
0
6
0
7
0
10
0
2
3
0
5
5
0
0
0
0
0
0
0
0
0
0
0
0
0
3
0
4
0
0
0
6
0
7
0
12
0
0
0
12
1
0
0
0
0
0
0
0
0
0
0
0
0
0
0
3
0
0
3
2
0
0
9
0
3
11
0
7
0
0
0
0
0
0
0
0
0
0
0
0
0
3
0
4
1
1
5
0
23
224
197
8
0
2
0
1
0
0
0
0
0
0
0
0
0
0
0
0
0
1
0
0
0
0
0
0
77
254
217
0
1
10
0
0
0
0
0
0
0
0
0
0
0
0
0
0
0
0
2
0
0
0
0
7
162
255
183
6
0
0
0
0
17
0
0
0
0
0
0
0
0
0
0
0
0
0
7
0
1
5
0
33
238
248
117
2
0
1
12
0
0
0
0
0
0
0
0
0
0
0
0
0
0
0
10
0
0
5
0
120
250
253
69
0
9
0
0
2
0
0
0
0
0
0
0
0
0
0
0
0
0
4
0
0
10
0
12
107
249
251
48
0
2
0
0
3
0
0
0
0
0
0
0
0
0
0
0
0
0
7
0
0
12
0
11
135
251
252
25
0
0
0
0
1
2
0
0
0
0
0
0
0
0
0
0
0
0
0
2
0
0
0
0
202
254
246
13
3
0
4
1
0
2
0
0
0
0
0
0
0
0
0
0
0
0
0
4
3
0
0
51
247
255
211
4
8
0
5
1
0
1
0
0
0
0
0
0
0
0
0
0
0
0
1
0
6
0
0
150
247
253
148
0
4
0
1
2
0
1
0
0
0
0
0
0
0
0
0
0
0
0
3
0
5
2
0
186
246
254
87
0
0
0
0
3
0
1
0
0
0
0
0
0
0
0
0
0
0
0
0
0
4
0
7
158
255
255
52
4
1
3
0
4
0
0
0
0
0
0
0
0
0
0
0
0
0
0
5
5
0
0
11
228
240
212
0
0
0
0
0
0
0
0
0
0
0
0
0
0
0
0
0
0
0
0
0
0
4
2
17
242
255
219
0
0
0
0
0
0
0
0
0
0
0
0
0
0
0
0
0
0
0
0
2
0
10
5
63
255
255
186
0
0
0
0
0
0
0
0
0
0
0
0
0
0
0
0
0
0
0
0
8
0
2
1
147
255
254
121
0
0
0
0
0
0
0
0
0
0
0
0
0
0
0
0
0
0
0
0
0
4
0
0
225
244
253
97
0
0
0
0
0
0
0
0
0
0
0
0
0
0
0
0
0
0
0
0
0
12
0
1
251
247
255
109
0
0
0
0
0
0
0
0
0
0
0
0
0
0
0
0
0
0
0
0
0
4
6
2
214
253
245
76
0
0
0
0
0
0
0
0
0
0
0
0
0
0
0
0
0
0
0
0
9
0
0
0
162
251
200
7
0
0
0
0
0
0
0
0
0
0
0
0
0
0
0
0
0
0
0
0
0
0
0
0
0
0
0
0
0
0
0
0
0
0
0
0
0
0
0
0
0
0
0
0
0
0
0
0
0
0
0
0
0
0
0
0
0
0
0
0
0
0
0
0
0
0
0
0
0
0
0
0
0
0
0
0
0
0
0
0
0
0
0
0
0
0
0
0
0
0
0
0
0
0
0
0
0
0
0
0
0
0
0
0
0
0
0
0
0
0
0
0
0
0
0
0
0
0
0
0
0
0
0
0
