0
0
0
0
0
0
0
0
0
0
2
0
4
3
2
2
0
0
0
9
0
0
4
4
0
0
0
0
0
0
0
0
0
0
0
0
0
2
1
0
0
3
15
0
11
0
5
0
0
3
1
0
3
0
0
0
0
0
0
0
0
0
0
0
0
5
1
0
0
0
0
15
0
0
19
0
3
4
0
0
0
0
0
0
0
0
0
0
0
0
0
0
0
0
0
7
3
4
0
187
86
0
6
6
3
0
2
3
0
0
0
0
0
0
0
0
0
0
0
0
0
0
0
4
0
0
7
255
224
52
0
3
0
0
3
10
1
0
0
0
0
0
0
0
0
0
0
0
0
1
7
0
0
0
7
146
255
177
46
0
0
0
0
2
0
0
0
0
0
0
0
0
0
0
0
0
0
0
4
0
8
7
12
75
255
255
152
0
9
1
1
0
0
0
0
0
0
0
0
0
0
0
0
0
0
3
7
0
0
0
0
75
229
254
225
0
9
0
6
4
1
0
0
0
0
0
0
0
0
0
0
0
0
0
3
10
0
0
16
0
83
247
237
45
1
0
8
0
0
0
0
0
0
0
0
0
0
0
0
0
0
0
0
0
9
7
0
0
65
235
255
230
4
9
0
0
4
0
0
0
0
0
0
0
0
0
0
0
0
6
10
6
41
48
2
16
0
201
250
255
0
0
16
2
0
0
0
0
0
0
0
0
0
0
0
0
0
7
0
65
233
250
62
11
0
172
250
244
27
4
0
13
0
0
0
0
0
0
0
0
0
0
0
0
0
0
16
156
255
230
50
1
6
67
255
238
151
0
0
0
15
0
0
0
0
0
0
0
0
0
0
0
0
3
113
255
224
140
4
0
11
19
210
255
138
11
0
0
7
0
0
0
0
0
0
0
0
0
0
0
0
16
218
255
64
0
0
12
1
63
244
250
140
0
16
0
0
0
0
0
0
0
0
0
0
0
0
0
0
100
255
233
46
0
2
0
0
52
253
250
145
0
0
16
0
0
0
0
0
3
0
0
3
0
0
0
13
156
252
168
0
8
0
0
0
148
254
236
49
0
0
0
1
0
0
0
0
1
0
0
4
3
0
5
18
228
255
167
0
0
14
0
4
193
229
52
14
0
4
0
0
0
0
0
0
1
0
0
4
2
0
4
15
230
248
159
0
14
0
4
137
255
232
0
0
0
14
0
0
0
0
0
0
3
0
0
1
0
0
0
5
121
255
240
66
2
72
172
249
255
167
16
0
0
14
0
10
0
0
0
0
3
1
0
0
0
0
0
1
31
254
248
222
210
255
240
255
162
30
0
1
7
5
0
11
0
0
0
0
1
1
0
1
1
2
3
4
0
147
228
246
252
234
255
176
38
0
0
15
0
0
5
0
0
0
0
0
1
1
1
0
1
2
2
1
5
0
56
135
247
126
95
18
0
11
9
9
0
0
12
0
0
0
0
0
3
3
1
0
0
0
0
0
3
0
0
8
0
0
16
0
2
0
4
0
17
1
0
7
0
0
0
0
0
0
0
0
0
0
0
0
0
0
0
0
0
0
0
0
0
0
0
0
0
0
0
0
0
0
0
0
0
0
0
0
0
0
0
0
0
0
0
0
0
0
0
0
0
0
0
0
0
0
0
0
0
0
0
0
0
0
0
0
0
0
0
0
0
0
0
0
0
0
0
0
0
0
0
0
0
0
0
0
0
0
0
0
0
0
0
0
0
0
0
0
0
0
0
0
0
0
0
0
0
0
0
0
0
0
0
0
0
0
0
0
