4
0
1
0
0
4
4
0
1
5
0
0
5
0
6
0
7
0
0
3
0
0
0
0
7
0
0
0
0
5
2
0
0
0
0
0
2
1
1
6
12
0
5
3
0
22
8
0
0
10
2
0
1
0
0
0
0
2
0
0
8
13
13
9
1
1
0
0
12
0
0
15
0
0
0
9
7
0
4
17
0
0
0
0
0
2
0
7
1
0
0
0
4
8
0
0
9
1
0
5
0
20
2
0
2
4
0
0
1
0
0
0
0
0
0
1
5
6
9
5
0
0
5
2
5
10
0
0
2
0
17
5
0
18
3
0
9
0
0
0
0
4
2
0
0
2
0
0
6
0
0
12
0
1
0
0
6
13
0
0
3
0
0
8
0
0
0
0
0
0
6
7
2
0
0
94
246
104
0
3
0
0
5
0
5
248
71
0
11
0
0
13
4
0
0
0
0
3
2
0
0
9
0
84
255
250
18
0
4
1
5
0
0
251
223
98
0
0
10
0
0
0
0
0
0
0
5
5
0
0
7
176
248
254
10
0
0
8
0
0
4
164
255
198
9
0
6
3
0
0
0
0
0
0
7
0
0
0
19
219
255
255
0
5
0
0
6
0
0
103
248
222
15
0
0
12
1
0
0
0
0
0
4
0
5
0
36
246
255
237
22
0
0
5
10
1
0
15
242
246
113
3
0
0
6
0
0
0
0
0
1
0
2
0
30
181
201
241
140
2
0
15
0
0
5
67
255
252
188
6
6
0
0
0
0
0
0
3
0
4
0
0
5
58
102
255
226
47
5
18
7
72
121
225
255
249
176
7
0
13
0
0
0
0
0
2
0
8
0
4
0
0
37
221
255
252
255
237
242
244
251
255
255
252
193
3
0
9
0
0
0
0
0
0
0
4
2
1
3
0
11
98
223
255
255
246
255
254
254
238
246
255
188
0
3
0
0
0
0
0
0
5
0
0
4
0
0
11
0
0
207
215
253
255
252
253
255
255
248
255
104
0
0
6
0
0
0
0
0
0
0
0
0
0
0
0
0
0
0
45
126
175
175
169
176
255
255
205
20
11
0
0
6
0
0
0
0
0
0
0
0
0
0
0
0
1
0
0
5
11
5
1
4
246
251
209
10
0
0
8
0
0
0
0
0
0
0
0
0
0
0
0
0
4
10
7
0
0
0
0
0
251
244
213
7
0
6
9
0
0
0
0
0
0
0
0
0
0
0
0
0
0
0
4
0
0
6
8
3
255
244
211
2
5
5
0
1
0
0
0
0
0
0
0
0
0
0
0
0
8
5
2
1
0
0
1
2
242
250
206
0
14
0
0
6
0
0
0
0
0
0
0
0
0
0
0
0
3
0
0
0
3
0
0
0
181
255
212
0
0
0
0
3
0
0
0
0
0
0
0
0
0
0
0
0
4
1
3
9
9
2
0
0
121
254
235
88
0
2
1
0
0
0
0
0
0
0
0
0
0
0
0
0
0
2
0
0
0
0
3
4
90
249
255
187
4
4
0
0
0
0
0
0
0
0
0
0
0
0
0
0
0
0
0
0
0
0
0
0
15
200
255
187
11
9
0
0
0
0
0
0
0
0
0
0
0
0
0
0
0
0
0
0
0
0
0
0
0
168
222
107
0
0
16
0
0
0
0
0
0
0
0
0
0
0
0
0
0
0
0
0
0
0
0
0
0
0
12
0
4
0
0
0
0
0
0
0
0
0
0
0
0
0
0
0
0
0
0
0
0
0
0
0
8
0
0
0
19
3
11
1
0
0
0
0
