6
0
0
0
0
0
0
0
0
0
7
0
0
16
1
0
0
0
0
0
0
0
0
0
0
0
0
0
0
0
0
0
0
0
0
0
0
0
0
25
0
0
5
4
0
0
0
0
0
0
0
0
0
0
0
0
0
0
0
0
0
0
0
0
0
3
0
0
2
172
255
18
3
0
0
0
0
0
0
0
0
0
0
0
0
0
0
0
0
0
0
0
0
0
0
12
51
255
255
37
3
0
0
0
0
0
0
0
0
0
0
0
0
0
0
0
0
0
0
0
0
3
30
0
197
254
192
5
0
0
0
0
0
0
0
0
0
0
0
0
0
0
0
0
0
0
0
0
0
0
6
160
255
255
76
0
23
0
0
0
0
0
0
0
0
0
0
0
0
0
0
0
0
0
0
0
0
14
48
255
255
88
12
0
0
0
0
0
0
0
0
0
0
0
0
0
0
0
0
0
0
0
0
0
0
0
228
255
218
12
6
2
0
0
0
0
0
0
0
0
0
0
0
0
0
2
0
0
0
0
0
6
5
9
247
254
89
0
22
0
1
9
0
9
2
4
0
1
2
0
0
0
0
0
0
2
0
1
5
0
0
100
255
255
0
6
0
0
17
0
17
4
0
0
2
3
3
0
0
0
0
0
1
3
0
5
11
0
5
255
254
141
0
0
5
9
0
16
0
78
164
145
33
0
0
0
0
0
0
1
0
3
0
3
4
0
62
251
255
19
8
4
4
0
13
0
117
255
247
255
251
32
6
0
0
0
0
1
0
2
1
1
0
0
156
241
229
5
0
6
0
0
0
108
255
242
255
242
255
137
6
0
0
0
0
0
0
2
2
1
0
6
236
255
152
9
5
0
0
0
34
255
230
255
255
251
255
166
0
0
0
0
0
0
0
4
0
0
2
3
255
240
120
0
4
4
0
13
216
248
243
143
11
173
255
200
0
0
0
0
0
0
3
7
0
0
4
0
253
255
96
0
0
5
4
103
255
255
230
3
0
150
247
164
4
0
0
0
0
10
0
10
0
2
0
7
166
255
147
6
0
17
0
198
253
175
0
0
6
255
252
56
0
0
0
0
0
0
0
10
0
5
0
0
88
255
218
0
3
0
37
255
255
0
21
7
113
255
198
11
0
0
0
0
0
0
0
6
0
3
4
0
12
255
255
171
0
2
73
255
186
6
0
140
251
225
0
9
7
0
0
0
0
0
4
0
0
0
1
4
0
85
255
255
222
67
177
242
213
155
255
253
141
9
19
0
0
0
0
0
0
3
3
0
3
0
0
10
0
0
45
214
249
248
255
243
240
230
73
28
7
0
0
5
6
0
0
0
0
1
0
0
9
0
0
2
2
14
0
0
16
73
70
234
255
31
1
4
13
0
0
12
0
0
0
0
0
0
0
2
5
3
0
0
1
0
0
2
0
17
0
0
0
0
0
0
5
16
3
0
0
0
0
0
0
3
0
1
0
4
9
0
2
0
6
11
0
2
13
0
4
1
0
17
0
0
0
3
1
0
0
0
0
0
0
0
0
0
0
0
0
0
0
0
0
0
0
0
0
0
0
0
0
0
0
0
0
0
0
0
0
0
0
0
0
0
0
0
0
0
0
0
0
0
0
0
0
0
0
0
0
0
0
0
0
0
0
0
0
0
0
0
0
0
0
0
0
0
0
0
0
0
0
0
0
0
0
0
0
0
0
0
0
0
0
0
0
0
0
0
0
0
0
0
0
0
0
0
0
0
0
0
0
0
0
0
0
0
0
0
0
0
0
0
0
