1
0
0
0
0
0
0
0
0
0
0
0
0
0
0
0
0
1
0
6
3
0
13
0
10
0
0
0
0
0
0
0
0
0
0
0
0
0
0
0
0
0
0
0
0
0
15
0
0
4
0
18
0
0
0
0
0
0
0
0
0
0
0
0
0
0
0
0
0
0
0
0
0
0
8
3
0
20
0
0
2
0
0
0
0
0
0
0
0
0
0
0
0
0
0
0
0
0
0
0
0
0
12
0
0
0
0
0
7
0
0
0
0
0
0
0
0
0
0
0
0
0
0
0
0
0
0
0
0
16
0
6
200
130
0
1
2
0
0
0
0
0
0
0
0
0
0
0
0
0
0
0
0
0
0
0
0
0
3
117
243
55
0
25
0
0
0
0
0
0
0
0
0
0
0
0
0
0
0
0
0
0
0
0
0
1
84
238
223
18
2
1
0
0
0
0
0
0
0
0
0
0
0
0
0
0
0
0
0
0
0
0
0
15
209
248
130
5
0
3
0
0
0
0
0
0
0
0
0
0
0
0
0
0
0
0
6
0
0
24
0
142
253
221
31
4
0
0
0
0
0
0
0
0
0
0
0
0
0
0
0
4
0
0
2
5
14
0
23
230
255
124
0
0
6
1
0
0
0
0
0
0
0
0
0
0
0
0
0
2
0
14
0
2
11
0
143
255
219
38
0
0
6
0
3
0
0
0
0
0
0
0
0
0
0
0
0
0
0
15
0
0
0
53
242
252
135
0
11
0
0
0
8
0
0
0
0
0
0
0
0
0
0
0
0
2
0
0
0
6
0
142
252
249
57
0
4
0
0
1
0
0
0
0
0
0
0
0
0
0
0
0
0
0
6
0
0
1
34
230
255
178
5
0
6
0
3
6
0
0
0
0
0
0
0
0
0
0
0
0
0
0
7
2
0
0
130
255
244
63
0
8
9
0
0
4
0
0
0
0
0
0
0
0
0
0
0
0
0
4
0
0
0
20
226
255
183
8
5
0
0
0
0
0
0
0
0
0
0
0
0
0
0
0
0
0
0
7
0
10
0
147
255
255
85
0
0
0
0
0
0
0
0
0
0
0
0
0
0
0
0
0
0
0
0
2
0
0
43
216
255
187
12
0
0
0
0
0
0
0
0
0
0
0
0
0
0
0
0
0
0
0
0
0
20
0
173
247
255
91
6
0
0
0
0
0
0
0
0
0
0
0
0
0
0
0
0
0
0
0
0
4
5
5
235
255
231
16
0
0
0
0
0
0
0
0
0
0
0
0
0
0
0
0
0
0
0
0
0
0
0
150
254
250
82
0
12
0
0
0
0
0
0
0
0
0
0
0
0
0
0
0
0
0
0
0
0
11
1
225
248
228
26
0
0
0
0
0
0
0
0
0
0
0
0
0
0
0
0
0
0
0
0
0
0
0
91
250
255
117
0
0
5
0
0
0
0
0
0
0
0
0
0
0
0
0
0
0
0
0
0
0
0
12
189
247
250
62
2
6
0
0
0
0
0
0
0
0
0
0
0
0
0
0
0
0
0
0
0
0
0
0
0
0
0
0
0
0
0
0
0
0
0
0
0
0
0
0
0
0
0
0
0
0
0
0
0
0
0
0
0
0
0
0
0
0
0
0
0
0
0
0
0
0
0
0
0
0
0
0
0
0
0
0
0
0
0
0
0
0
0
0
0
0
0
0
0
0
0
0
0
0
0
0
0
0
0
0
0
0
0
0
0
0
0
0
0
0
0
0
0
0
0
0
0
0
0
0
0
0
0
0
0
0
0
