0
0
0
0
0
0
0
0
0
6
0
0
2
7
0
0
4
3
0
0
2
0
2
5
0
0
0
0
0
0
0
0
0
0
0
0
0
0
0
0
0
0
6
1
0
4
0
0
8
0
0
0
8
0
0
0
0
0
0
0
0
0
0
0
0
0
2
15
9
0
0
5
0
0
4
7
0
0
13
6
0
0
0
0
0
0
0
0
0
0
0
0
0
13
0
0
0
0
1
7
0
19
4
0
0
5
3
0
0
0
0
0
0
0
0
0
0
0
0
0
0
0
3
0
0
0
0
15
3
0
2
8
0
0
0
1
8
0
0
0
0
0
0
0
0
0
0
0
0
0
18
0
3
62
141
231
255
255
255
241
159
77
8
0
2
0
0
0
0
0
0
0
0
0
0
0
0
0
7
0
82
216
255
255
248
245
241
252
255
240
104
4
4
0
0
0
0
0
0
0
0
0
0
0
0
0
6
10
147
255
252
240
255
239
255
251
236
255
235
108
0
0
0
0
0
5
5
0
11
0
0
14
0
0
0
150
244
254
253
251
160
77
167
196
251
247
250
141
0
0
0
0
0
2
0
6
0
7
0
0
11
4
141
243
255
239
212
109
20
0
7
26
173
255
244
125
5
0
0
0
0
0
0
4
0
8
0
0
5
0
213
252
255
223
22
0
0
5
0
0
120
255
253
129
0
0
0
0
0
1
3
0
9
1
0
15
6
192
244
255
196
21
13
0
8
2
16
9
108
250
255
141
0
0
0
0
0
2
4
0
14
0
0
0
93
246
255
255
106
0
0
5
0
0
0
0
120
255
246
128
2
0
0
0
0
0
1
0
0
5
1
0
222
255
208
20
14
5
0
8
2
13
0
0
117
253
251
130
0
0
0
0
0
0
4
3
0
5
3
81
255
254
45
26
6
0
0
20
0
0
0
0
127
237
255
143
0
0
0
0
0
0
10
0
0
0
3
198
241
254
42
0
0
10
3
0
12
0
11
38
192
255
251
128
0
0
0
0
0
1
9
0
0
5
117
240
255
122
13
0
0
0
7
0
2
7
0
212
255
251
246
119
0
0
0
0
0
0
5
0
7
35
176
255
203
69
1
11
5
0
13
5
0
2
73
247
245
252
115
7
0
0
0
0
0
3
4
0
2
62
241
250
65
11
0
0
0
0
0
0
6
67
223
245
255
122
0
5
3
0
0
0
0
0
0
0
0
71
255
246
0
0
11
0
0
13
7
0
71
254
237
255
214
73
6
0
0
0
0
0
0
0
3
8
0
57
254
232
9
0
0
12
12
0
0
80
233
247
252
219
80
0
1
0
26
0
0
0
0
6
0
0
2
72
250
254
125
13
0
1
1
0
91
219
253
255
255
68
11
0
19
4
0
0
0
0
0
4
0
0
8
72
209
255
255
250
91
56
169
236
247
255
242
107
8
0
0
19
0
0
15
0
0
0
0
0
1
4
0
0
66
144
249
246
255
249
252
255
240
171
118
0
6
6
5
0
8
7
0
0
0
0
0
0
10
0
0
12
0
17
112
255
242
255
255
214
83
16
1
0
0
0
0
0
0
0
0
0
0
0
0
0
6
0
0
16
0
0
21
0
0
4
0
4
0
5
10
0
0
0
0
0
0
0
0
0
0
0
0
0
5
0
0
4
4
0
0
0
8
15
0
0
0
3
0
0
0
0
0
0
0
0
0
0
0
0
0
0
3
2
0
0
3
11
6
0
0
0
0
6
5
8
9
0
0
0
0
0
0
0
0
0
0
0
0
