3
0
0
0
0
0
0
0
0
0
0
2
0
13
0
10
0
3
10
0
0
9
2
0
9
0
0
0
0
0
0
0
0
0
0
0
0
2
0
0
0
2
0
0
0
0
0
2
13
2
1
0
0
0
0
0
0
0
0
0
0
0
0
0
0
1
0
2
0
0
6
1
6
15
0
0
4
0
11
11
1
0
0
0
0
0
0
0
0
0
0
0
0
0
0
9
0
0
9
4
0
0
1
12
11
0
0
0
0
0
0
0
0
0
0
0
0
0
0
0
0
12
0
4
0
20
0
0
0
0
2
2
0
4
2
6
4
0
0
0
0
0
0
0
0
0
0
0
0
0
3
0
18
159
255
236
99
99
86
63
25
0
0
0
0
0
0
0
0
0
0
0
0
0
0
0
0
1
0
7
170
251
250
253
250
235
255
255
214
33
0
2
9
0
0
0
0
0
0
0
0
0
0
0
0
0
14
14
220
255
255
248
255
255
252
248
224
0
0
6
0
0
0
0
0
0
0
0
0
0
0
0
0
8
0
43
245
255
255
251
255
230
255
255
255
193
3
9
0
0
0
0
0
0
0
0
0
0
0
0
0
0
4
8
0
30
0
12
20
27
131
244
255
85
0
0
0
0
0
0
0
0
0
0
0
0
0
0
0
5
0
5
24
0
13
7
0
57
250
232
249
78
0
11
2
0
0
0
0
0
0
0
0
0
0
0
0
0
0
0
0
5
0
0
109
231
255
255
251
60
5
0
4
0
0
0
0
0
0
0
0
0
0
0
0
3
15
9
0
0
24
94
243
255
254
247
127
0
0
0
0
0
0
0
0
0
0
0
0
0
0
0
0
0
0
1
6
71
195
255
255
250
217
102
0
0
0
11
3
0
0
0
0
0
0
0
0
0
0
0
0
8
1
0
9
218
255
255
232
255
77
0
2
16
2
0
0
0
0
0
0
0
0
0
0
0
0
0
0
10
0
5
169
254
251
249
255
249
228
31
0
0
0
12
0
0
0
0
0
0
1
0
5
1
1
16
0
8
0
5
110
229
218
220
229
252
255
128
0
12
0
0
0
0
0
0
0
3
7
0
0
6
0
0
7
0
8
0
10
38
5
0
60
238
234
183
4
0
0
15
0
0
0
0
0
5
0
1
14
0
15
18
0
13
0
0
0
0
14
0
0
200
255
162
0
0
5
0
2
0
0
0
0
13
0
4
4
0
0
0
11
150
37
9
16
0
0
30
174
245
255
73
8
0
0
10
0
0
0
0
0
0
8
0
0
17
0
10
219
255
22
0
1
4
107
208
246
255
223
2
0
8
0
0
12
0
0
0
0
0
11
0
0
1
0
0
252
234
18
5
80
190
253
255
255
206
46
0
18
0
0
18
0
0
0
0
0
0
0
5
8
0
20
37
243
242
190
247
255
246
255
236
173
52
0
0
0
9
3
0
0
0
0
0
0
5
0
0
2
0
0
0
250
255
248
246
255
253
217
73
0
0
25
0
0
0
4
0
7
0
0
0
0
0
11
0
0
9
0
16
116
248
255
251
154
31
0
5
0
0
0
0
0
0
0
0
0
0
0
0
0
0
6
0
0
16
0
0
22
0
0
2
0
0
0
13
0
0
0
0
0
0
0
0
0
0
0
0
0
1
5
0
0
5
6
0
0
15
0
2
14
3
0
2
0
0
0
0
0
0
0
0
0
0
0
0
0
1
2
1
0
0
5
11
5
0
0
0
8
0
0
2
11
0
0
0
0
0
0
0
0
0
0
0
0
