5
0
0
0
0
0
0
0
0
1
1
0
0
9
0
3
5
0
0
0
0
10
5
0
0
0
0
0
0
0
0
0
0
0
0
0
0
0
0
9
4
4
0
0
0
4
0
0
0
0
0
0
14
0
0
0
0
0
0
0
0
0
0
0
0
0
0
3
0
0
2
3
6
0
6
5
0
5
16
7
0
0
0
0
0
0
0
0
0
0
0
0
0
2
0
1
1
12
8
0
0
6
0
0
5
0
0
0
10
0
0
0
0
0
0
0
0
0
0
0
0
5
0
10
112
191
107
33
0
0
0
0
3
1
10
11
0
0
0
0
0
0
0
0
0
0
0
0
0
5
10
0
78
255
255
210
91
9
0
3
5
0
0
10
3
0
0
0
0
0
0
0
0
0
0
0
0
0
0
2
90
203
53
153
255
190
56
0
8
15
0
0
0
0
0
0
0
0
0
0
0
0
0
0
0
2
0
0
92
226
0
16
52
220
241
229
126
6
0
12
4
0
0
0
0
0
0
0
0
0
0
0
0
1
0
0
92
203
1
0
8
12
7
16
16
0
0
4
0
0
0
0
0
0
0
0
0
0
0
0
0
0
0
0
102
160
4
4
0
1
7
0
0
0
6
5
0
0
0
0
0
0
0
0
0
0
0
0
0
1
3
9
158
139
0
5
0
0
2
0
0
3
0
0
5
0
0
0
0
0
0
0
0
0
0
0
0
0
0
0
163
141
0
2
6
8
12
4
0
0
6
1
0
0
0
0
0
0
0
0
0
0
0
0
0
5
4
17
157
172
29
8
0
0
0
1
2
0
0
11
0
0
0
0
0
0
0
0
0
0
0
0
0
4
0
0
108
251
248
243
203
130
40
0
3
3
0
0
6
0
0
0
0
0
0
0
0
0
0
0
0
0
4
2
0
23
52
109
140
255
177
52
0
10
9
0
0
0
0
0
0
0
0
0
0
0
0
0
0
3
0
11
5
0
2
2
0
24
201
192
33
0
6
0
0
0
0
0
0
0
0
0
0
0
0
0
0
11
0
1
0
0
0
14
0
0
38
253
85
0
9
0
0
0
0
0
0
0
0
0
0
0
0
0
0
0
0
22
1
11
0
0
24
1
5
199
119
3
0
6
0
0
0
0
0
0
0
0
0
0
0
0
0
0
18
0
0
2
0
3
0
0
97
255
50
13
4
0
2
0
0
0
0
0
0
0
0
0
0
0
0
0
7
0
2
5
0
14
7
26
229
124
0
0
7
0
7
0
0
0
0
0
0
0
0
0
0
0
0
0
24
177
48
0
0
0
52
216
194
7
13
6
0
2
0
0
0
0
0
0
0
0
0
0
0
0
0
12
79
216
0
11
6
105
255
135
0
0
0
8
0
0
9
0
0
0
0
0
0
0
0
0
0
0
0
0
63
239
96
36
147
235
81
0
21
1
17
0
0
3
0
0
0
0
0
0
0
0
0
0
0
0
0
6
2
122
202
224
218
44
0
0
0
0
3
0
5
0
0
0
0
0
0
0
0
0
0
0
0
0
0
0
0
0
0
0
0
0
0
0
0
0
0
0
0
0
0
0
0
0
0
0
0
0
0
0
0
0
0
0
0
0
0
0
0
0
0
0
0
0
0
0
0
0
0
0
0
0
0
0
0
0
0
0
0
0
0
0
0
0
0
0
0
0
0
0
0
0
0
0
0
0
0
0
0
0
0
0
0
0
0
0
0
0
0
0
0
0
0
0
0
0
0
0
0
0
0
0
0
0
0
0
0
0
0
