9
0
0
0
0
0
0
0
0
0
0
0
0
2
2
0
0
10
0
6
5
0
27
0
0
0
0
0
0
0
0
0
0
0
0
0
0
15
9
2
0
0
0
0
2
0
7
0
0
8
0
0
12
0
0
0
0
0
0
0
0
0
0
0
0
0
0
0
2
3
1
0
0
5
17
0
1
0
0
9
2
0
0
0
0
0
0
0
0
0
0
0
0
4
4
3
0
0
0
2
5
0
0
0
10
0
14
0
0
0
0
0
0
0
0
0
0
0
0
0
0
0
0
1
2
1
0
0
0
0
10
5
0
11
0
8
2
0
0
0
0
0
0
0
0
0
0
0
0
0
0
0
1
2
2
0
0
15
0
2
0
0
4
232
46
0
0
0
0
0
0
0
0
0
0
0
0
1
0
0
4
22
41
53
59
125
168
101
40
12
1
225
45
0
0
0
0
0
0
0
0
0
0
0
0
0
26
91
166
227
255
255
249
255
245
252
252
37
0
217
56
0
0
0
0
1
0
0
8
1
4
0
3
76
197
254
249
251
248
253
249
250
255
243
255
81
0
196
56
0
0
0
0
4
1
0
0
0
0
0
84
232
255
246
253
255
255
248
237
104
63
87
133
3
11
5
0
0
0
0
0
0
0
6
0
7
20
38
223
255
255
255
221
102
73
53
0
20
0
2
29
24
0
0
9
0
0
0
0
3
2
4
0
0
0
45
251
248
225
101
44
1
11
0
8
0
53
79
235
225
34
59
22
0
0
0
0
0
0
0
12
2
14
104
255
255
136
0
2
0
0
0
13
109
213
255
255
248
98
210
63
0
0
0
0
2
5
0
8
0
0
72
228
253
204
52
7
18
36
86
211
249
222
255
239
219
10
220
55
0
0
0
0
0
2
0
4
7
4
64
254
239
255
255
255
244
242
255
255
255
255
255
255
124
18
227
40
0
0
0
0
3
5
0
0
6
0
23
255
255
250
246
255
255
250
255
251
250
241
255
169
7
0
214
58
0
0
0
0
2
0
0
7
0
0
21
58
226
234
255
255
242
254
249
255
245
255
190
35
0
0
223
56
0
0
0
0
2
0
0
6
0
0
0
12
25
133
122
111
124
241
240
249
255
184
46
0
4
6
211
45
0
0
0
0
0
0
0
3
3
0
0
0
3
0
7
27
0
220
255
252
214
51
0
0
10
0
244
45
0
0
0
0
0
0
0
0
1
6
5
1
0
2
0
1
195
249
244
255
86
0
4
10
5
0
195
35
0
0
0
0
0
3
1
0
0
0
1
0
0
4
0
138
255
255
238
102
0
16
0
0
0
15
41
5
0
0
0
0
0
0
3
1
0
1
0
0
0
6
76
239
237
255
119
0
0
14
0
0
0
11
0
0
0
0
0
0
0
0
0
4
6
4
2
3
0
63
232
254
255
158
34
0
12
0
13
0
2
0
5
2
0
0
0
0
11
0
0
0
0
0
0
0
20
234
255
249
178
23
0
3
2
0
0
3
0
2
0
0
0
0
0
0
0
1
2
0
0
1
9
16
218
255
255
231
22
0
0
10
0
0
0
0
0
0
0
0
0
0
0
0
0
1
2
0
0
0
4
9
0
0
0
17
0
16
9
0
0
0
0
0
0
0
0
0
0
0
0
0
0
1
2
0
0
0
0
1
9
2
7
3
0
0
4
0
0
0
0
0
0
0
0
0
0
0
0
0
0
0
1
0
0
0
0
0
0
0
3
0
1
0
3
6
0
0
0
0
0
0
0
0
0
0
0
0
