9
0
0
0
0
0
0
0
0
6
7
0
0
3
2
0
1
8
0
10
0
2
0
0
1
0
0
0
0
0
0
0
0
0
0
0
0
0
0
0
3
6
6
4
3
2
0
0
0
2
3
4
0
0
0
0
0
0
0
0
0
0
0
0
0
17
2
0
0
0
0
2
0
4
8
0
0
0
0
6
3
0
0
0
0
0
0
0
0
0
0
0
0
0
0
9
12
0
0
6
6
0
6
2
14
5
0
0
0
0
0
0
0
0
0
0
0
0
0
0
0
14
1
0
0
0
3
0
0
3
8
0
0
0
0
0
11
0
0
0
0
0
0
0
0
0
0
0
0
0
6
6
2
4
0
0
9
3
6
12
0
11
13
0
0
0
0
0
0
0
0
0
0
0
0
0
0
0
17
3
0
8
53
131
223
255
233
184
11
0
0
0
4
0
0
0
0
0
0
0
0
0
0
0
0
7
2
0
42
186
255
249
255
252
255
255
47
10
6
0
0
0
0
0
0
0
0
0
0
0
0
0
0
0
0
82
249
250
247
255
255
247
255
236
30
0
0
1
3
0
0
0
0
0
0
0
0
0
0
0
0
2
41
247
255
239
248
120
30
242
242
227
1
3
8
0
0
0
0
0
0
0
0
0
0
0
0
0
0
0
183
251
255
220
8
18
59
244
255
238
0
3
7
0
4
0
0
0
0
0
0
0
0
0
0
0
0
46
255
251
223
19
11
14
111
250
255
197
3
2
2
0
9
0
0
0
0
0
0
0
0
0
0
0
0
60
255
248
255
121
65
195
255
254
252
94
0
2
5
0
0
0
0
0
0
0
0
0
0
0
0
0
0
46
209
255
246
244
255
252
243
255
242
40
5
0
0
0
1
0
0
0
0
0
0
0
0
0
0
0
0
0
51
238
237
255
255
255
255
255
224
34
10
0
0
0
5
0
0
0
0
0
0
0
0
0
0
0
0
0
0
0
106
112
99
117
254
254
187
14
0
0
8
3
0
0
0
0
0
0
0
0
0
0
0
0
0
4
0
0
5
1
0
142
255
252
190
2
1
2
0
0
3
0
0
0
0
0
0
0
0
0
0
0
0
2
0
14
0
2
35
238
243
242
101
0
0
4
0
0
0
0
0
0
0
0
0
0
0
0
0
0
0
0
20
0
9
0
122
255
255
235
14
1
0
2
3
0
1
0
0
0
0
0
0
0
0
0
0
0
0
0
10
0
0
10
144
250
255
214
0
3
0
0
3
0
4
0
0
0
0
0
0
0
0
0
0
0
0
12
0
0
6
0
170
254
250
147
5
0
3
0
3
0
4
0
0
0
0
0
0
0
0
0
0
0
0
1
2
0
6
44
233
252
251
58
11
0
7
0
4
0
0
0
0
0
0
0
0
0
0
0
0
0
0
0
10
16
0
192
245
255
200
7
5
0
8
0
2
4
0
0
0
0
0
0
0
0
0
0
0
0
0
0
0
0
22
250
251
253
123
2
0
2
7
0
0
13
0
0
0
0
0
0
0
0
0
0
0
0
0
0
12
0
35
255
252
246
44
0
0
0
0
0
0
0
0
0
0
0
0
0
0
0
0
0
0
0
0
9
2
0
45
225
219
148
0
0
0
0
0
0
0
0
0
0
0
0
0
0
0
0
0
0
0
0
0
0
4
4
0
1
0
0
5
0
0
0
0
0
0
0
0
0
0
0
0
0
0
0
0
0
0
0
0
4
0
1
5
14
16
0
0
0
0
0
0
0
0
0
0
0
0
0
0
