4
0
0
0
0
0
0
0
0
2
0
2
0
0
7
9
0
0
0
2
0
0
4
9
0
0
0
0
0
0
0
0
0
0
0
0
0
0
7
0
7
0
0
0
9
0
0
0
16
2
3
0
0
0
0
0
0
0
0
0
0
0
0
0
0
8
0
0
0
20
2
10
0
6
0
0
0
0
0
0
5
0
0
0
0
0
0
0
0
0
0
0
0
2
0
0
10
0
1
11
0
0
0
15
0
12
2
14
0
0
0
0
0
0
0
0
0
0
0
0
0
0
2
9
13
8
0
0
0
1
0
1
4
0
0
4
0
0
0
0
0
0
0
0
0
0
0
0
0
3
5
0
87
174
123
0
5
10
0
24
107
31
2
0
12
0
0
0
0
0
0
0
0
0
0
0
0
0
18
0
227
254
221
0
2
0
3
127
246
130
22
0
4
0
0
0
0
0
0
0
0
0
0
0
0
0
2
145
255
253
95
19
0
0
2
179
246
134
0
0
1
0
0
0
0
0
0
12
0
2
0
8
0
0
105
255
233
177
8
0
9
5
15
251
245
131
0
17
0
0
0
0
0
4
0
1
0
9
0
0
17
81
228
253
166
7
0
23
0
0
70
249
253
28
0
0
5
0
0
0
0
4
0
0
0
9
3
0
98
225
238
210
25
15
0
10
4
11
124
255
239
20
14
0
13
0
0
0
0
0
3
4
0
0
2
0
204
255
255
35
0
0
12
0
0
0
132
249
204
29
0
0
0
0
0
0
0
0
3
5
3
0
1
2
243
255
133
16
0
6
6
0
4
0
207
255
231
22
9
6
8
0
0
0
0
2
0
0
2
0
3
0
199
255
178
0
5
11
0
9
13
23
246
255
170
0
0
6
0
0
0
0
0
5
0
0
3
0
3
0
145
250
235
80
0
0
13
0
0
105
249
255
79
0
0
8
0
0
0
0
0
2
0
3
5
0
0
7
125
251
255
238
255
223
149
142
72
168
249
255
51
3
0
0
11
0
0
0
0
0
0
2
3
0
0
12
29
162
251
247
253
255
241
255
252
255
255
213
4
3
5
0
8
0
0
0
0
0
0
2
3
0
0
1
11
22
39
51
112
174
255
251
255
247
255
141
17
4
3
0
0
0
0
0
0
0
0
1
3
0
0
0
0
0
4
0
4
1
21
0
184
244
248
36
5
0
0
8
1
0
0
0
0
0
0
0
2
4
2
0
0
4
11
0
2
2
0
39
255
255
192
0
7
0
0
8
0
0
0
0
0
1
0
0
0
2
5
4
2
1
0
0
0
3
0
184
238
236
65
0
2
5
0
0
0
0
0
0
0
2
3
0
0
0
1
1
0
0
2
7
0
0
12
246
251
172
0
0
0
2
1
1
2
0
0
0
0
0
4
3
0
0
0
0
0
4
12
0
0
17
101
249
255
126
8
15
7
0
1
0
3
0
0
0
0
0
3
6
1
0
2
2
0
0
0
3
2
3
192
255
201
20
0
0
8
0
3
0
0
0
0
0
0
0
0
0
0
0
0
0
0
0
0
0
11
0
85
245
92
0
0
0
0
0
0
0
0
0
0
0
0
0
0
0
0
0
0
0
0
11
3
0
5
4
0
30
0
0
0
0
0
0
0
0
0
0
0
0
0
0
0
0
0
0
0
0
0
0
0
7
0
9
0
0
0
0
0
0
0
0
0
0
0
0
0
0
0
0
0
0
0
0
0
0
0
0
0
17
0
0
13
16
6
0
0
0
0
0
0
0
0
0
0
0
0
