4
0
0
0
0
0
0
0
0
0
0
0
0
0
0
0
1
0
3
7
0
8
0
0
1
0
0
0
0
0
0
0
0
0
0
0
0
0
0
0
0
0
0
0
0
5
0
6
0
0
0
13
0
0
0
0
0
0
0
0
0
0
0
0
0
0
0
0
0
0
0
0
0
0
0
10
11
2
0
7
0
0
0
0
0
0
0
0
0
0
0
0
0
0
0
1
1
1
0
0
0
0
6
0
0
13
0
0
5
0
0
0
0
0
0
0
0
0
0
0
0
0
0
1
1
1
0
0
0
1
0
7
8
3
6
0
6
0
0
0
0
0
0
0
0
0
0
0
0
0
0
0
0
0
1
2
3
0
7
144
144
0
0
8
0
0
0
0
0
0
0
0
0
0
0
0
0
1
0
0
0
0
1
5
7
0
29
255
242
4
0
5
0
0
0
0
0
0
0
0
0
0
0
0
0
1
0
0
0
0
2
6
9
14
34
250
218
3
8
0
0
0
0
0
0
0
0
0
0
0
0
0
0
0
0
9
0
0
15
35
227
144
101
255
140
3
0
8
1
0
0
0
0
0
0
0
0
0
0
0
0
0
9
0
5
14
41
243
249
111
140
247
67
1
8
9
0
0
0
0
0
0
0
0
0
0
0
0
0
0
10
2
0
22
193
255
255
58
170
205
7
2
8
0
1
0
0
0
0
0
0
0
0
0
0
0
0
0
0
0
55
237
241
112
30
62
228
171
3
0
0
0
5
0
0
0
0
0
0
0
0
0
0
0
0
15
5
10
137
230
112
19
0
143
255
113
11
0
0
9
0
0
0
0
0
0
0
0
0
0
0
0
0
0
0
191
236
21
2
5
2
214
203
4
0
6
0
9
0
0
0
0
0
0
0
0
0
0
0
0
0
26
178
254
152
109
52
53
75
243
156
0
0
7
0
0
9
0
0
0
0
0
0
0
0
0
0
0
0
144
255
249
232
249
255
253
255
255
208
108
0
0
10
6
0
0
0
0
0
0
5
0
0
3
0
10
79
255
249
252
221
107
116
143
255
229
215
223
30
0
0
6
1
0
0
0
0
0
6
0
0
5
0
2
51
199
179
120
30
0
11
188
243
63
69
110
12
5
6
3
0
0
0
0
0
0
7
0
0
7
0
0
16
0
8
0
18
6
48
253
156
0
0
20
0
6
0
0
0
0
0
0
0
0
6
0
0
5
3
0
0
18
0
8
0
0
72
255
25
9
3
0
0
0
0
0
2
0
0
0
0
0
3
1
0
0
4
0
0
0
0
1
13
4
230
254
12
0
4
0
6
1
0
2
0
0
0
0
0
0
0
2
0
0
2
5
2
7
3
7
0
83
255
171
15
0
0
0
2
0
0
4
0
0
0
0
0
0
0
1
0
0
0
4
0
0
0
0
16
111
250
92
0
7
3
6
0
0
0
1
2
0
0
0
0
5
0
0
2
0
0
1
0
2
3
8
0
109
253
180
10
5
0
6
0
7
2
0
2
0
0
0
0
0
0
0
0
0
0
0
0
0
10
0
0
84
176
125
0
0
0
0
0
0
0
0
0
0
0
0
0
0
0
0
0
0
0
0
0
0
2
9
10
4
0
0
0
0
0
0
0
0
0
0
0
0
0
0
0
0
0
0
0
0
0
0
0
5
0
0
0
0
0
0
8
0
0
0
0
0
0
0
0
0
0
0
0
0
0
0
0
0
0
0
0
0
6
4
0
0
10
10
0
0
0
0
0
0
0
0
0
0
0
0
0
