3
0
0
0
0
0
0
0
0
4
0
13
0
0
12
0
0
1
5
0
8
0
4
0
3
0
0
0
0
0
0
0
0
0
0
0
0
4
2
0
0
4
7
6
0
0
3
0
1
0
4
0
2
0
0
0
0
0
0
0
0
0
0
0
0
1
0
7
19
0
0
2
1
0
10
1
1
0
5
0
0
0
0
0
0
0
0
0
0
0
0
0
0
0
9
0
114
255
241
89
11
0
2
5
1
2
5
0
3
0
0
0
0
0
0
0
0
0
0
0
0
0
10
0
131
237
247
255
124
15
0
0
0
1
3
0
7
0
0
0
0
0
0
0
0
0
0
0
0
11
0
19
21
74
197
242
245
97
0
0
2
2
0
0
1
0
0
0
0
0
0
0
0
0
0
0
0
0
8
0
5
0
39
236
255
207
31
0
5
3
0
0
0
0
0
0
0
0
0
0
0
0
0
0
0
0
9
4
0
6
0
69
237
255
40
0
0
1
0
7
1
0
0
0
0
0
0
0
0
0
0
0
0
1
3
3
0
0
4
0
165
253
123
1
4
0
0
0
2
0
0
0
0
0
0
0
0
0
0
0
0
2
0
0
13
0
7
6
213
189
8
0
4
0
0
6
0
0
0
0
0
0
0
0
0
0
0
0
0
0
19
10
0
2
11
2
209
152
12
0
10
0
7
0
0
0
0
0
0
0
0
0
0
0
0
0
0
11
0
0
0
38
112
187
255
118
0
0
0
0
14
0
5
0
0
0
0
0
0
0
0
0
0
0
0
0
7
0
133
228
255
255
255
176
1
27
0
0
4
0
3
0
0
0
0
0
0
0
0
0
0
0
0
0
0
19
255
249
250
250
248
255
161
0
7
0
1
0
0
0
0
0
0
0
0
0
0
0
0
0
0
15
11
0
60
37
35
50
141
238
255
30
0
0
6
0
2
0
0
0
0
0
0
0
0
0
0
0
0
0
7
11
0
4
10
0
7
177
244
226
0
0
3
0
0
0
0
0
0
0
0
0
0
0
0
0
0
2
0
2
5
0
0
6
0
108
252
245
97
0
0
16
0
0
0
0
0
0
0
0
0
0
0
0
0
6
0
7
0
23
0
7
0
76
244
255
70
3
2
0
0
0
0
0
0
0
0
0
0
0
0
0
0
0
18
5
0
0
0
0
4
121
254
208
31
3
6
0
0
0
0
0
0
0
0
0
0
0
0
0
0
0
0
0
17
23
0
10
100
243
255
68
7
0
0
0
4
0
0
0
0
0
0
0
0
0
0
0
0
71
88
89
0
69
79
181
232
255
190
0
1
1
0
4
0
0
0
0
0
0
0
0
0
0
0
0
0
208
239
255
212
255
244
255
255
136
46
0
0
8
0
4
0
0
0
0
0
0
0
0
0
0
0
0
0
68
186
242
255
251
232
122
40
14
0
8
0
6
0
4
0
0
0
0
0
0
0
0
0
0
0
0
0
0
12
7
0
0
0
0
4
1
6
0
4
0
0
6
0
0
0
0
0
0
0
0
0
0
0
0
0
0
0
0
0
0
0
0
0
0
0
0
0
0
0
0
0
0
0
0
0
0
0
0
0
0
0
0
0
0
0
0
0
0
0
0
0
0
0
0
0
0
0
0
0
0
0
0
0
0
0
0
0
0
0
0
0
0
0
0
0
0
0
0
0
0
0
0
0
0
0
0
0
0
0
0
0
0
0
0
0
0
0
0
0
0
0
0
0
0
0
0
0
0
0
0
0
0
0
0
0
0
0
0
0
