5
0
0
0
0
0
0
0
0
3
1
3
5
1
0
0
8
0
0
1
0
0
3
4
2
10
0
4
2
0
0
0
0
0
0
0
0
0
0
0
0
0
3
0
0
1
0
1
7
7
0
0
0
1
0
2
0
0
0
0
0
0
0
0
0
0
6
9
4
4
11
11
5
6
11
3
0
0
1
7
2
7
4
12
1
0
0
0
0
0
0
0
0
0
1
0
0
0
0
0
0
0
0
0
0
1
1
0
0
0
0
0
0
0
0
0
0
0
0
0
0
8
0
0
0
7
7
2
0
14
0
0
10
10
0
0
15
3
7
3
0
0
0
0
0
0
0
0
0
0
3
6
4
0
0
0
0
0
7
7
0
0
3
0
0
0
0
0
9
0
0
0
0
0
0
0
0
0
4
4
0
3
35
54
53
78
133
155
131
130
151
126
70
55
25
0
0
0
0
0
0
0
0
0
0
1
2
0
18
114
229
255
246
251
255
255
252
252
255
255
250
255
158
29
0
0
0
0
0
0
0
0
0
3
44
172
242
254
251
191
157
159
100
96
71
65
105
172
149
168
104
27
0
0
0
0
0
0
0
0
0
0
83
255
195
117
0
0
11
0
0
3
0
8
0
0
6
11
3
0
0
0
0
0
0
0
0
0
0
15
27
220
175
124
2
0
0
0
9
3
0
11
1
0
4
0
0
9
10
0
0
0
0
0
0
0
0
0
11
239
255
124
0
0
24
0
0
0
6
0
0
5
0
5
3
0
0
0
0
0
0
0
0
0
0
7
145
255
171
18
6
2
0
18
0
4
21
0
0
0
7
0
0
0
0
0
0
0
0
0
0
0
0
44
255
255
59
0
8
8
1
0
10
0
0
0
18
0
0
3
5
7
6
0
0
0
0
0
0
0
0
116
255
255
231
245
209
191
232
229
222
139
49
0
8
6
7
0
0
0
0
0
0
0
0
0
0
0
0
70
241
243
255
245
255
253
234
252
235
255
241
84
0
0
2
2
2
3
3
0
6
0
4
9
0
16
0
0
59
79
58
70
66
46
41
58
55
150
251
200
2
5
0
0
0
0
0
0
0
0
0
5
5
0
0
13
0
0
13
0
0
18
0
11
7
99
244
242
0
0
15
0
0
0
0
0
9
0
1
2
20
0
12
0
10
0
11
7
0
7
5
4
55
233
248
143
0
0
3
0
0
0
0
0
0
2
6
0
0
0
0
11
0
0
0
0
6
0
0
62
226
255
193
0
0
17
0
0
0
0
0
4
0
0
8
0
0
66
65
0
6
6
0
2
0
0
116
244
243
203
0
8
6
0
8
0
0
0
0
7
1
2
8
0
14
181
244
121
56
98
166
176
254
253
255
243
184
28
0
10
9
0
8
0
0
0
0
0
0
0
0
0
4
133
246
255
255
238
253
232
254
214
176
80
11
0
2
0
0
1
5
0
0
0
0
3
8
0
8
9
0
0
71
209
229
134
122
57
14
4
4
0
0
3
0
8
0
16
0
0
0
0
0
0
0
0
0
0
0
0
0
0
0
0
0
0
0
0
0
0
0
0
0
0
0
0
0
0
0
0
0
0
0
0
0
0
0
0
0
0
0
0
0
0
0
0
0
0
0
0
0
0
0
0
0
0
0
0
0
0
0
0
0
0
0
0
0
0
0
0
0
0
0
0
0
0
0
0
0
0
0
0
0
0
0
0
0
0
0
0
0
0
0
0
0
0
0
0
0
0
0
0
0
0
0
0
0
0
0
0
0
0
0
0
0
