0
0
0
0
0
0
0
0
0
0
3
2
0
0
7
4
0
0
0
3
1
0
0
0
1
0
0
0
0
0
0
0
0
0
0
0
0
9
0
0
0
0
0
1
10
10
0
0
0
0
0
1
0
0
0
0
0
0
0
0
0
0
0
0
0
0
4
10
5
2
5
2
0
0
0
14
3
11
0
4
3
0
0
0
0
0
0
0
0
0
0
0
0
0
2
0
0
0
0
2
3
13
0
0
0
8
0
6
0
0
0
0
0
0
0
0
0
0
0
0
0
10
0
0
7
6
0
0
5
1
0
7
0
10
0
0
0
0
0
0
0
0
0
0
0
0
0
0
0
0
0
0
0
0
12
8
0
0
0
0
0
0
0
0
5
0
0
0
0
0
0
0
0
0
0
0
0
0
1
5
19
58
100
111
99
122
89
28
11
0
7
0
2
0
0
0
0
0
0
0
0
0
0
0
0
3
0
60
191
255
255
244
255
240
255
225
173
45
2
0
10
0
0
0
0
14
0
18
1
0
0
0
2
4
20
180
255
244
254
255
243
255
235
255
255
219
193
30
0
3
0
0
5
0
17
0
2
12
2
17
0
0
175
247
255
243
255
231
255
255
253
246
247
255
245
205
19
0
3
8
0
1
10
0
0
0
6
0
27
100
231
255
250
255
255
186
222
248
201
98
178
251
251
255
153
1
0
3
0
12
0
27
0
0
8
38
182
246
255
254
234
243
128
4
50
209
51
0
12
204
240
255
229
104
2
0
0
0
0
0
7
13
0
180
255
243
248
242
255
134
0
5
0
46
0
16
3
58
251
255
255
235
18
0
0
1
11
0
0
1
18
250
241
255
240
243
145
0
13
0
4
1
0
18
0
122
255
255
239
255
1
0
10
5
0
5
0
0
173
255
248
233
255
54
0
5
0
0
4
0
8
0
21
187
250
228
255
244
0
0
11
2
0
0
1
0
255
255
248
255
118
11
0
7
7
1
0
9
0
10
26
217
255
255
240
255
4
3
0
9
0
12
13
0
246
255
240
248
59
0
2
0
0
3
0
2
0
42
139
246
255
255
240
112
16
0
13
0
0
0
0
0
255
245
255
230
23
0
9
9
8
0
10
0
90
216
254
249
255
238
209
31
0
0
7
2
8
13
0
10
208
250
249
165
2
10
0
0
0
0
43
145
240
252
255
240
234
150
13
0
0
2
3
0
0
11
4
0
72
255
247
195
18
6
11
7
0
77
210
236
255
254
235
246
157
0
12
3
9
3
0
4
0
0
5
0
2
229
255
245
195
188
176
183
200
243
255
253
249
224
172
67
0
15
0
5
6
0
0
6
0
0
6
4
5
88
197
255
255
247
255
251
243
253
248
253
231
154
0
0
6
0
0
0
0
0
0
0
0
0
0
0
0
0
52
141
202
234
255
247
255
212
174
95
61
0
0
11
0
0
6
0
3
6
5
2
6
2
0
5
0
5
0
2
0
31
104
107
100
0
0
3
0
4
13
0
7
1
0
2
0
0
0
0
0
0
0
0
0
0
0
0
0
0
0
0
0
0
0
0
0
0
0
0
0
0
0
0
0
0
0
0
0
0
0
0
0
0
0
0
0
0
0
0
0
0
0
0
0
0
0
0
0
0
0
0
0
0
0
0
0
0
0
0
0
0
0
0
0
0
0
0
0
0
0
0
0
0
0
0
0
0
0
0
0
0
0
0
0
0
0
0
0
0
0
0
0
0
0
0
0
0
0
0
0
0
0
0
0
0
0
0
0
0
0
