4
0
0
0
0
0
0
0
0
2
2
0
2
11
0
0
12
6
0
4
9
0
0
0
0
0
0
0
0
0
0
0
0
0
0
0
0
0
0
0
0
0
6
4
0
0
10
0
0
11
6
0
5
0
0
0
0
0
0
0
0
0
0
0
0
0
0
3
9
0
2
14
6
4
4
6
1
0
0
2
1
0
0
0
0
0
0
0
0
0
0
0
0
4
2
4
3
0
0
0
0
5
0
2
12
0
0
9
0
0
0
0
0
0
0
0
0
0
0
0
0
0
11
0
0
7
15
1
0
1
0
0
0
14
7
0
1
0
0
0
0
0
0
0
0
0
0
0
0
0
1
0
2
9
0
0
11
5
2
7
2
0
0
8
0
0
0
0
0
0
0
0
0
0
0
0
0
12
0
4
8
0
3
12
0
0
0
10
6
0
62
112
63
0
0
0
0
0
0
0
0
0
0
0
0
0
0
10
0
11
136
151
5
0
7
0
3
96
229
255
205
0
0
0
0
0
0
0
11
0
4
0
0
0
0
8
97
201
255
255
50
8
0
0
12
214
244
255
240
0
0
0
0
0
19
0
2
3
0
0
11
0
33
199
255
242
212
59
12
0
12
3
57
251
255
243
94
0
0
0
0
0
8
0
0
0
7
0
1
27
202
255
255
255
95
6
0
18
11
0
63
251
245
207
2
0
0
0
0
0
0
12
0
0
7
0
49
230
255
254
235
26
0
15
0
0
5
18
250
248
255
91
0
0
0
0
0
4
1
0
0
12
0
34
175
253
255
185
41
15
6
0
6
18
0
51
255
245
250
39
10
0
0
0
0
0
6
0
3
0
17
193
247
249
217
19
0
0
4
0
0
4
26
215
242
255
129
13
0
0
0
0
0
0
0
4
1
31
140
255
250
199
34
14
22
14
0
68
138
120
168
255
254
243
76
0
0
0
0
0
0
0
2
3
0
169
255
229
255
190
153
255
255
243
255
244
249
245
255
253
245
234
3
0
6
0
0
0
0
7
0
5
0
255
249
255
253
255
255
255
255
249
254
255
248
244
253
255
230
50
0
5
3
0
0
0
0
0
23
0
9
48
228
243
221
234
215
222
192
131
121
80
35
180
250
255
149
17
3
0
0
0
0
0
0
15
0
0
7
0
0
19
2
6
0
21
13
0
14
0
49
205
255
235
60
0
3
0
0
0
0
0
0
3
0
0
7
12
0
0
2
0
1
0
0
0
0
1
205
255
243
137
14
0
2
0
2
0
0
0
0
0
20
0
0
0
18
0
3
0
3
0
1
7
0
39
255
255
151
21
4
5
0
3
0
0
0
0
0
0
0
0
6
9
0
0
0
4
0
0
5
0
11
130
237
255
100
0
6
0
0
8
0
0
0
0
0
1
8
1
3
0
4
9
0
3
0
0
5
0
52
242
254
255
70
12
0
0
0
1
5
0
0
0
0
0
0
0
3
6
0
0
0
0
16
0
0
9
49
255
251
216
13
17
0
7
10
0
4
0
0
0
0
0
0
0
0
0
0
0
0
0
15
0
5
2
85
248
253
84
16
0
8
2
0
5
0
0
0
0
0
0
0
0
0
0
0
0
0
0
5
0
5
0
29
125
122
47
0
0
6
0
0
6
0
0
0
0
0
0
0
0
0
0
0
0
0
4
0
0
9
0
0
14
12
9
0
0
5
0
0
6
0
0
0
0
0
0
0
0
0
0
0
0
0
7
0
0
4
7
0
0
0
0
0
4
6
0
0
5
0
0
0
0
0
