4
0
3
1
1
5
0
0
8
0
0
0
0
0
0
0
0
0
3
6
0
2
11
0
11
0
0
0
0
2
3
2
0
0
8
7
0
0
0
0
0
0
0
0
0
14
0
0
19
0
7
2
0
0
0
0
0
2
0
0
5
0
0
8
2
0
0
0
0
0
0
0
0
1
12
0
0
0
0
0
13
0
0
0
0
8
2
4
8
1
0
0
1
0
0
0
0
0
0
0
0
0
0
12
14
0
0
0
0
0
0
0
0
0
3
0
0
6
11
0
0
0
0
0
0
0
0
0
0
7
0
0
0
14
14
0
17
0
0
0
0
4
10
6
7
12
0
0
10
0
0
0
0
0
0
0
0
3
49
225
255
120
0
0
0
0
0
0
0
0
0
0
0
0
12
21
0
0
0
0
0
0
0
0
0
0
126
247
255
230
15
3
0
0
0
0
0
0
2
14
0
50
214
236
75
0
0
0
0
0
0
0
0
50
246
255
233
235
0
1
1
0
0
0
0
1
7
0
2
166
250
243
242
76
0
21
0
0
6
5
0
49
250
255
255
223
9
0
0
0
0
0
0
0
5
0
10
139
255
255
249
143
0
4
0
8
0
0
4
61
246
240
255
233
5
0
4
0
0
0
0
0
0
0
5
150
255
255
253
130
0
2
0
0
0
0
0
58
255
246
255
238
0
0
0
0
0
0
0
0
0
0
0
167
255
240
255
135
0
0
6
1
0
3
0
37
255
255
255
230
0
5
0
0
0
0
0
4
3
0
0
97
248
248
255
129
6
0
0
0
2
12
3
69
252
252
253
229
0
9
0
0
0
0
0
1
0
0
5
0
233
255
252
221
37
11
131
203
184
169
192
177
255
242
255
240
0
0
1
0
0
0
0
0
0
0
3
4
237
255
251
245
254
255
251
236
255
255
241
255
255
246
255
240
0
0
0
0
0
0
0
1
0
5
0
104
255
237
255
255
248
247
253
252
253
247
254
255
249
250
254
226
0
2
1
0
0
0
0
0
0
3
0
165
255
251
255
251
255
255
255
248
246
252
255
244
255
245
251
235
12
0
5
0
0
0
0
0
0
12
21
136
255
255
247
255
237
179
116
97
115
116
96
145
247
254
255
230
2
0
7
0
0
0
0
12
0
0
0
31
186
225
219
111
53
7
1
0
0
0
7
59
240
255
255
230
0
0
4
0
0
0
0
0
0
6
11
0
49
27
0
0
0
0
0
4
6
2
0
46
255
253
248
236
2
4
0
0
0
0
0
3
1
3
0
0
14
10
7
0
2
5
5
1
0
0
0
56
255
248
247
242
1
3
0
0
0
0
0
0
0
0
0
6
0
0
1
20
0
0
7
12
0
0
17
49
255
250
252
240
0
0
4
0
0
0
0
7
2
5
1
6
0
7
4
0
5
1
0
0
10
7
0
48
246
254
252
235
0
0
1
0
0
0
0
0
0
0
5
0
0
13
0
0
2
6
4
0
0
0
2
62
247
255
247
231
9
0
0
0
0
0
0
0
0
0
0
0
0
0
0
0
0
0
0
0
0
0
0
72
227
255
251
120
0
20
0
0
0
0
0
0
0
0
0
0
0
0
0
0
0
0
0
0
0
0
0
0
18
0
0
0
0
6
0
0
0
0
0
0
0
0
0
0
0
0
0
0
0
0
0
0
0
0
0
0
0
2
0
1
14
6
8
0
0
0
0
0
0
0
0
0
0
0
0
0
0
0
0
0
0
0
0
7
0
8
0
0
3
0
0
0
0
0
0
