9
0
0
0
0
0
0
0
0
0
1
0
1
3
0
0
9
2
3
0
0
0
1
4
3
0
0
0
0
0
0
0
0
0
0
0
0
2
0
5
2
0
1
10
0
0
0
1
0
0
1
0
0
0
0
0
0
0
0
0
0
0
0
0
0
7
0
0
12
10
0
0
3
2
0
0
8
11
0
0
12
0
0
0
0
0
0
0
0
0
0
0
0
0
24
5
0
0
3
0
8
5
0
0
0
0
0
0
9
0
0
0
0
0
0
0
0
0
0
0
0
0
0
5
8
6
0
0
0
0
11
12
0
0
6
4
0
0
0
0
0
0
0
0
0
0
0
0
0
14
0
0
8
0
6
22
0
7
0
0
3
12
5
0
4
0
0
0
0
0
0
0
0
0
0
0
0
0
8
1
6
89
205
245
217
115
42
0
0
7
0
0
8
0
0
0
0
0
0
0
0
0
0
0
0
0
6
0
86
250
247
192
250
255
197
83
3
0
9
9
0
0
0
0
0
0
0
0
0
0
0
0
0
5
0
36
225
208
26
2
15
121
244
231
0
0
0
15
0
0
0
0
0
0
0
0
0
0
0
0
0
0
0
74
222
11
0
6
5
54
255
239
63
4
0
0
5
0
0
0
0
0
0
0
0
0
0
0
0
4
0
160
203
0
13
12
20
220
255
255
47
9
7
0
0
0
0
0
0
0
0
0
0
0
0
0
0
1
0
94
214
0
0
24
189
255
236
244
12
7
0
6
0
0
0
0
0
0
0
0
0
0
0
0
0
0
11
44
247
197
169
223
255
234
255
132
0
4
0
2
1
0
0
0
0
0
0
0
0
0
0
0
0
7
3
14
64
181
195
227
241
255
195
23
0
3
10
0
6
0
0
0
0
0
0
0
0
0
0
0
0
0
0
8
3
0
6
62
255
208
19
3
5
4
0
0
8
0
0
0
0
0
0
0
0
0
0
0
0
12
2
0
0
9
24
215
253
145
10
0
0
6
0
14
0
0
0
0
0
0
0
0
0
0
0
0
0
0
16
0
0
6
69
240
254
39
14
0
0
5
2
0
0
0
0
0
0
0
0
0
0
0
0
0
0
0
0
1
3
19
195
255
201
17
3
0
0
2
0
0
3
0
0
0
0
0
0
0
0
0
0
0
0
2
0
7
0
58
252
238
75
0
0
0
3
1
0
0
6
0
0
0
0
0
0
0
0
0
0
0
0
0
2
0
12
165
255
192
16
0
0
2
5
2
0
0
4
0
0
0
0
0
0
0
0
0
0
0
0
0
14
0
46
246
249
99
0
5
2
1
2
1
0
0
1
0
0
0
0
0
0
0
0
0
0
0
0
0
9
0
102
252
239
4
0
3
0
0
0
0
1
1
0
0
0
0
0
0
0
0
0
0
0
0
0
0
0
29
195
250
195
0
13
0
0
0
0
0
1
0
0
0
0
0
0
0
0
0
0
0
0
0
0
8
0
61
255
241
96
0
0
0
2
4
3
0
0
0
0
0
0
0
0
0
0
0
0
0
0
0
0
0
7
156
255
199
0
0
0
0
0
0
0
0
0
0
0
0
0
0
0
0
0
0
0
0
0
0
0
11
0
108
231
198
2
0
12
0
0
0
0
0
0
0
0
0
0
0
0
0
0
0
0
0
0
0
0
0
3
10
8
3
0
10
0
0
0
0
0
0
0
0
0
0
0
0
0
0
0
0
0
0
0
0
0
0
11
0
0
5
7
12
0
0
0
0
0
0
0
0
0
0
0
0
0
