3
0
0
0
0
0
0
0
0
0
1
0
0
4
1
0
0
0
5
4
2
0
4
10
0
0
0
0
0
0
0
0
0
0
0
0
0
0
5
4
0
0
0
0
3
0
1
0
0
0
0
4
0
0
0
0
0
0
0
0
0
0
0
0
0
5
0
0
0
6
11
5
0
2
0
0
0
2
0
0
7
0
0
0
0
0
0
0
0
0
0
0
0
0
1
6
4
0
0
2
0
0
1
4
0
2
0
0
6
0
0
0
0
0
0
0
0
0
0
0
0
7
0
0
0
0
0
0
0
0
0
10
0
0
5
0
1
0
0
0
0
0
0
0
0
0
0
0
0
0
0
9
13
1
9
14
0
17
0
5
0
0
8
0
0
0
0
0
0
0
0
0
0
0
0
0
0
8
0
28
113
200
255
237
165
74
0
0
1
0
7
0
0
0
0
0
0
0
0
0
0
0
0
0
0
5
80
198
255
252
254
255
247
127
3
0
8
0
5
0
0
0
0
0
0
0
0
0
0
0
0
0
0
0
200
204
144
153
123
254
244
23
6
0
0
5
6
0
0
0
0
0
0
0
0
0
0
0
0
0
0
0
44
0
55
0
73
255
255
22
14
5
0
0
0
0
2
0
0
0
0
0
0
0
0
0
0
0
0
8
0
0
2
65
251
245
114
0
0
1
0
0
2
1
0
0
0
0
0
0
0
0
0
0
0
0
0
0
13
8
0
151
255
248
52
0
0
0
0
2
4
0
0
0
0
0
0
0
0
0
0
0
0
0
0
7
2
0
143
246
247
123
0
7
5
3
1
0
0
0
0
0
0
0
0
0
0
0
0
0
0
0
0
0
126
191
255
244
195
19
0
0
0
0
4
4
0
0
5
0
0
0
0
0
0
0
0
0
0
0
0
0
210
253
255
255
249
170
73
87
34
0
0
8
3
0
3
0
0
0
0
0
0
0
0
0
0
0
0
2
40
131
172
144
240
253
249
255
140
18
0
0
4
0
0
0
0
0
0
0
0
0
0
0
0
0
0
0
1
4
0
9
29
64
132
250
255
73
0
11
0
0
2
0
0
0
0
0
0
0
0
0
0
0
0
4
2
3
0
1
8
0
10
231
229
124
0
0
3
13
0
0
0
0
0
0
0
0
0
0
0
0
0
3
0
2
7
6
0
0
8
134
255
79
3
0
2
1
0
0
0
0
0
0
0
0
0
0
0
0
0
2
0
7
0
0
0
0
6
157
230
113
7
0
0
4
0
0
0
0
0
0
0
0
0
0
0
0
0
0
5
11
0
0
14
1
0
238
213
90
13
4
0
0
0
0
0
0
0
0
0
0
0
0
0
0
0
1
0
0
6
9
0
12
88
252
183
1
1
13
0
0
4
0
0
0
0
0
0
0
0
0
0
0
0
13
0
0
7
3
0
28
197
225
9
19
0
0
0
17
0
0
0
0
0
0
0
0
0
0
0
0
0
0
10
2
0
14
27
101
255
138
0
0
7
1
0
11
0
0
0
0
0
0
0
0
0
0
0
0
0
0
0
14
0
67
133
252
222
19
10
0
0
0
1
2
0
0
0
0
0
0
0
0
0
0
0
0
0
6
2
62
134
235
221
165
17
9
4
0
0
0
2
1
0
0
0
0
0
0
0
0
0
0
0
0
0
0
0
0
0
0
0
15
1
0
0
0
0
2
3
0
0
0
0
0
0
0
0
0
0
0
0
0
0
17
2
1
8
2
0
4
0
0
0
0
0
2
2
0
0
0
0
0
0
