4
5
1
0
0
8
0
6
0
0
2
4
1
1
0
0
4
4
0
12
2
0
0
11
0
0
0
0
0
0
1
5
0
1
0
0
0
0
4
2
0
0
0
0
1
2
0
0
0
14
6
2
0
0
0
0
0
0
3
3
0
0
4
0
12
0
3
1
0
0
3
2
0
0
7
8
0
0
1
7
0
0
0
0
0
2
2
0
0
1
5
0
0
0
0
2
0
0
3
5
0
8
0
10
15
0
0
4
0
0
0
0
0
0
0
0
4
0
0
12
7
1
0
2
4
0
0
6
0
0
0
0
0
8
3
0
5
0
0
0
0
0
2
2
4
0
12
137
156
18
0
0
8
0
0
5
0
23
127
95
2
0
9
0
9
0
0
0
0
5
4
0
2
0
26
244
255
47
2
0
8
0
0
5
0
87
241
255
123
3
1
0
0
0
0
0
0
4
0
0
4
0
7
245
242
71
8
0
7
0
0
5
0
38
134
255
243
60
0
7
0
0
0
0
0
0
4
0
2
13
0
188
255
71
0
0
3
0
11
6
0
3
1
217
250
186
0
0
3
0
0
0
0
0
0
9
7
0
22
255
249
153
15
3
9
0
0
0
0
0
0
138
255
197
2
0
2
0
0
0
0
2
6
0
0
1
28
249
255
176
0
0
0
5
0
2
12
15
1
40
248
205
11
0
1
0
0
0
0
4
5
0
0
7
21
236
255
191
9
6
0
6
0
0
0
0
0
0
255
251
58
7
0
0
0
0
0
3
0
9
13
0
25
255
249
176
0
6
0
2
1
2
2
4
0
20
254
255
80
0
1
0
0
0
0
1
0
0
11
0
6
233
251
193
0
4
8
0
0
0
9
0
0
31
230
250
103
0
9
0
0
0
0
0
7
0
0
15
0
196
255
194
0
0
2
0
10
0
0
5
0
11
223
255
165
0
5
0
0
0
0
0
6
4
0
0
20
242
253
172
6
37
70
96
199
202
193
145
79
0
191
255
183
1
0
0
0
0
0
6
0
1
0
10
18
255
253
241
230
232
248
255
255
252
252
253
253
210
255
247
212
18
0
0
0
0
0
2
0
8
4
0
0
164
253
246
244
248
255
255
239
187
143
142
157
255
242
255
255
30
23
0
0
0
0
0
0
2
7
0
0
38
138
164
124
61
11
0
8
4
0
0
0
2
145
255
255
66
0
0
0
0
0
0
0
0
0
2
9
0
10
0
1
4
1
3
9
8
3
9
3
6
139
254
233
82
2
0
0
0
0
0
4
6
0
0
0
4
0
0
0
2
2
0
0
0
5
8
0
0
29
234
255
180
0
0
0
0
0
5
0
1
1
1
0
20
0
10
0
0
3
4
0
0
10
0
5
8
0
129
247
237
63
0
0
0
0
5
0
0
3
11
0
4
0
0
0
0
2
6
3
0
0
10
0
18
0
43
255
242
185
0
0
0
0
0
4
4
0
0
5
0
8
1
8
6
0
0
0
4
0
0
5
0
7
37
215
255
163
0
0
0
0
0
0
0
0
0
0
0
0
0
0
0
0
0
0
0
0
0
9
0
0
0
131
246
104
0
0
0
0
0
0
0
0
0
0
0
0
0
0
0
0
0
0
0
0
0
14
0
2
6
0
23
0
0
0
0
0
0
0
0
0
0
0
0
0
0
0
0
0
0
0
0
0
0
16
0
0
16
0
0
4
0
0
0
0
0
0
0
0
0
0
0
0
0
0
0
0
0
0
0
0
2
4
7
0
0
13
14
5
0
0
0
0
