2
0
0
0
0
0
0
0
0
4
1
0
0
0
2
2
2
3
8
0
8
0
0
0
5
0
0
0
0
0
0
0
0
0
0
0
0
0
11
0
8
10
0
8
0
0
0
10
0
7
17
7
0
0
0
0
0
0
0
0
0
0
0
0
0
5
0
6
143
244
251
254
255
130
13
0
7
5
0
0
18
0
0
0
0
0
0
0
0
0
0
0
0
0
25
148
178
122
67
75
201
250
191
50
0
4
4
8
0
0
0
0
0
0
0
0
0
0
0
0
0
0
0
30
6
0
18
0
13
88
245
217
38
0
0
0
14
0
0
0
0
0
0
0
0
0
0
0
0
0
14
4
0
0
0
10
0
0
79
243
127
9
6
0
8
0
0
0
0
0
0
0
0
0
0
0
0
3
5
0
7
19
0
11
0
0
7
206
228
0
0
2
0
0
0
0
0
0
0
0
0
0
0
0
0
0
2
7
0
0
0
0
0
8
0
55
254
38
12
0
11
0
0
0
0
0
11
0
0
5
0
0
8
0
2
6
0
0
0
3
0
0
0
22
255
117
6
0
3
0
0
0
0
0
0
0
1
4
0
0
0
3
0
0
8
6
4
7
5
0
5
3
227
192
2
9
0
0
0
0
0
20
3
0
5
1
0
1
1
9
0
0
4
0
0
0
0
2
3
0
172
234
0
2
0
0
0
0
0
0
0
0
1
0
2
2
0
3
1
5
2
0
0
7
7
8
0
3
150
216
0
0
6
0
0
0
0
6
0
22
4
0
0
5
6
22
0
0
1
3
4
2
0
8
0
1
200
193
4
0
6
0
0
0
0
0
0
5
0
24
134
197
230
239
230
221
176
80
2
0
5
0
0
21
255
164
0
9
0
0
0
0
0
10
5
0
0
92
240
255
241
178
181
207
243
250
203
96
0
0
14
123
244
85
0
3
0
0
0
0
0
0
0
0
8
141
246
136
8
0
0
0
22
118
230
237
165
12
44
245
198
1
3
0
11
0
0
0
0
3
0
0
4
172
144
8
0
3
0
0
9
0
18
195
246
255
245
247
64
0
0
0
0
0
0
0
0
0
0
20
0
160
174
0
0
0
8
17
3
5
0
0
135
251
255
254
86
13
0
0
7
0
0
0
0
3
0
0
7
98
226
42
13
7
0
0
0
0
36
69
229
250
154
208
236
160
24
0
3
0
0
0
0
0
24
0
0
27
243
188
6
0
16
0
47
126
187
220
255
89
14
14
120
255
237
124
0
0
0
0
0
0
2
8
0
3
95
255
199
187
143
144
216
254
247
205
27
0
0
6
2
57
191
235
89
0
0
0
0
10
0
10
2
3
0
124
242
245
255
255
199
171
76
11
0
0
1
1
0
14
24
30
11
0
0
0
0
0
2
0
0
0
17
0
1
5
0
1
0
2
2
0
13
24
0
0
6
0
0
1
0
0
0
0
0
1
0
1
6
0
1
1
0
0
8
0
5
0
4
0
1
0
0
6
0
0
12
0
0
0
0
0
0
0
0
0
0
0
0
0
0
0
0
0
0
0
0
0
0
0
0
0
0
0
0
0
0
0
0
0
0
0
0
0
0
0
0
0
0
0
0
0
0
0
0
0
0
0
0
0
0
0
0
0
0
0
0
0
0
0
0
0
0
0
0
0
0
0
0
0
0
0
0
0
0
0
0
0
0
0
0
0
0
0
0
0
0
0
0
0
0
0
0
0
0
0
0
0
0
0
0
0
0
0
0
0
0
0
0
0
0
0
0
0
0
