3
0
0
0
0
0
0
0
0
0
9
1
0
6
5
0
0
8
0
0
5
1
0
0
0
0
0
0
0
0
0
0
0
0
0
0
0
0
0
4
8
0
0
1
6
0
10
4
0
2
5
2
8
0
0
0
0
0
0
0
0
0
0
0
0
14
0
0
1
0
0
0
0
0
0
1
0
0
4
2
0
0
0
0
0
0
0
0
0
0
0
0
0
0
3
1
0
7
12
5
3
18
4
1
2
0
1
7
0
0
0
0
0
0
0
0
0
0
0
0
0
118
211
250
247
255
254
230
241
149
55
0
3
3
0
0
0
0
0
0
0
0
0
0
0
0
0
0
0
64
124
113
77
96
115
126
161
200
255
189
32
0
8
0
3
0
0
0
0
0
0
0
0
0
0
0
0
0
3
0
0
0
4
0
0
0
27
188
255
122
6
8
1
0
0
0
0
0
0
0
0
0
0
0
0
13
0
2
12
0
0
10
0
9
0
27
160
229
115
0
0
0
0
0
0
0
11
4
0
9
0
1
5
0
1
4
0
0
1
0
3
12
0
4
0
221
248
24
4
0
0
0
0
6
1
0
2
8
2
0
0
4
11
0
6
10
0
5
5
0
2
14
0
158
243
56
3
0
0
0
0
8
0
0
2
0
0
10
3
0
5
0
0
0
0
6
0
12
0
0
60
231
223
22
0
0
0
0
0
2
0
14
0
5
0
2
0
0
0
10
3
0
4
3
12
1
39
187
232
196
45
0
10
0
0
0
0
0
0
3
0
78
99
105
108
63
23
0
8
1
0
9
16
157
248
253
93
35
0
0
0
0
0
0
0
0
0
24
44
224
255
255
252
239
255
216
175
99
83
189
213
255
116
27
5
0
0
10
0
0
0
0
0
20
0
0
0
91
158
174
232
255
252
253
255
245
255
255
219
12
0
2
11
4
0
0
9
0
0
0
0
0
0
10
13
0
7
8
93
165
10
25
14
32
112
142
255
189
49
6
0
8
0
5
1
0
0
0
0
0
11
0
0
0
8
5
166
74
0
0
14
3
0
0
47
206
245
51
18
0
0
8
0
0
0
0
0
0
0
0
9
1
0
15
238
15
0
9
0
0
13
9
0
0
184
255
73
30
5
0
0
0
0
0
0
0
0
3
0
0
7
11
220
6
0
0
0
7
0
0
2
4
15
144
255
61
0
5
0
0
0
0
0
0
0
8
0
0
12
8
196
0
0
16
0
9
0
5
4
0
0
46
248
186
0
0
4
0
0
0
0
5
0
5
1
2
0
15
212
68
15
0
0
9
0
0
0
10
48
224
253
141
0
15
0
0
0
0
0
2
0
6
0
0
0
7
118
229
97
0
6
3
0
28
51
197
214
248
170
28
1
0
10
0
0
0
0
0
3
8
0
0
6
0
0
160
219
222
159
31
77
196
246
253
205
104
2
0
0
12
0
0
0
0
0
0
0
2
8
1
0
1
1
0
59
107
161
135
223
248
173
69
2
0
0
12
0
5
0
0
0
0
0
0
0
0
0
0
0
0
0
0
0
0
0
0
0
0
0
0
0
0
0
0
0
0
0
0
0
0
0
0
0
0
0
0
0
0
0
0
0
0
0
0
0
0
0
0
0
0
0
0
0
0
0
0
0
0
0
0
0
0
0
0
0
0
0
0
0
0
0
0
0
0
0
0
0
0
0
0
0
0
0
0
0
0
0
0
0
0
0
0
0
0
0
0
0
0
0
0
0
0
0
0
0
0
0
0
0
0
0
0
0
0
0
