5
0
0
0
0
0
0
0
0
3
0
2
7
2
0
0
0
0
6
8
0
0
2
0
0
0
0
0
0
0
0
0
0
0
0
0
0
10
0
0
0
2
1
3
9
10
1
0
0
7
1
0
4
0
5
8
5
0
0
0
0
0
0
0
0
0
17
21
0
0
0
0
0
0
3
0
0
0
1
1
9
3
0
0
0
0
0
0
0
0
0
0
0
4
0
0
0
10
3
0
16
0
3
4
5
7
0
0
0
3
0
0
4
0
0
0
0
0
0
0
0
0
0
2
4
5
0
0
0
9
1
0
0
5
0
0
13
0
0
1
4
0
0
0
0
0
0
0
0
16
1
0
0
0
6
10
0
0
79
130
125
123
134
127
110
98
52
5
0
0
0
0
0
0
0
0
0
0
0
7
18
0
10
115
195
42
170
255
254
246
252
219
167
153
90
23
0
0
0
0
0
0
0
0
0
1
3
0
0
50
218
255
173
18
23
13
2
7
7
0
0
5
0
0
0
0
0
0
0
0
0
0
0
3
0
10
17
177
255
203
9
0
0
3
0
3
6
0
0
0
0
0
0
0
0
0
0
0
0
0
0
7
14
0
177
255
235
28
0
9
0
0
9
0
0
16
0
0
0
0
0
0
0
0
0
0
0
0
0
0
0
128
255
250
71
0
3
0
23
12
2
2
0
0
0
0
0
0
0
0
0
0
0
0
0
0
0
4
5
160
239
233
218
221
102
17
0
0
0
0
18
0
16
0
0
0
0
0
0
0
0
0
0
0
0
8
0
90
251
255
255
251
255
247
61
4
14
3
5
0
0
0
0
0
0
0
0
0
0
0
0
0
0
4
0
0
8
54
84
108
121
247
139
3
0
0
0
15
0
0
0
0
0
0
0
0
0
0
0
0
0
0
8
4
10
0
11
4
3
170
255
102
0
8
0
5
0
0
0
0
0
0
0
0
0
0
0
0
0
0
3
3
0
9
0
0
2
138
255
163
7
0
8
1
0
0
0
0
0
3
6
0
4
0
0
6
48
21
5
0
0
0
3
6
0
170
253
131
0
6
0
18
0
0
0
0
0
0
6
0
7
2
16
141
253
249
192
102
23
0
0
2
5
201
249
39
0
4
0
0
2
0
0
0
0
3
6
0
0
8
0
146
255
246
255
134
2
1
0
7
86
248
178
0
2
0
0
0
9
0
0
0
0
0
3
4
4
0
0
132
255
255
143
32
0
3
58
161
252
238
55
1
5
0
1
4
0
0
0
0
0
1
1
7
0
0
0
17
98
255
241
221
207
216
245
255
254
131
0
14
1
0
0
10
0
0
0
0
0
2
0
0
3
6
34
0
3
61
226
255
236
255
205
91
54
12
0
0
0
7
0
5
0
0
0
0
0
6
1
8
0
0
0
0
12
12
8
19
38
36
14
0
0
0
10
0
0
10
0
0
6
0
0
0
0
4
0
0
0
18
0
0
0
0
1
8
0
0
0
7
0
9
0
18
0
0
0
0
1
0
0
0
0
0
0
0
0
0
0
0
0
0
0
0
0
0
0
0
0
0
0
0
0
0
0
0
0
0
0
0
0
0
0
0
0
0
0
0
0
0
0
0
0
0
0
0
0
0
0
0
0
0
0
0
0
0
0
0
0
0
0
0
0
0
0
0
0
0
0
0
0
0
0
0
0
0
0
0
0
0
0
0
0
0
0
0
0
0
0
0
0
0
0
0
0
0
0
0
0
0
0
0
0
0
0
0
0
0
0
0
0
0
0
0
0
