1
0
0
0
0
0
0
0
0
0
0
0
0
0
0
0
0
0
3
15
0
3
0
1
1
0
0
0
0
0
0
0
0
0
0
0
0
0
0
0
0
0
0
0
0
7
0
0
2
0
0
7
0
0
0
0
0
0
0
0
0
0
0
0
0
0
0
0
0
0
0
0
0
7
4
0
17
3
0
9
1
0
0
0
0
0
0
0
0
0
0
0
0
0
0
0
0
0
0
0
0
0
1
2
0
5
0
0
1
0
0
0
0
0
0
0
0
0
0
0
0
0
0
0
0
0
0
0
0
25
0
8
0
10
5
3
0
0
0
0
0
0
0
0
0
0
0
0
0
0
0
0
0
0
0
0
0
0
50
230
248
105
0
8
9
0
0
0
0
0
0
0
0
0
0
0
0
0
0
0
0
0
0
0
0
13
148
248
255
100
0
0
0
0
0
0
0
0
0
0
0
0
0
0
0
0
0
0
0
0
0
0
0
0
251
255
248
104
11
0
5
0
0
0
0
0
0
0
0
0
0
0
0
1
0
0
4
4
0
18
0
2
255
239
255
98
9
8
0
0
0
0
0
0
0
0
0
0
0
0
0
0
3
0
3
63
73
0
8
134
250
255
151
21
1
0
12
0
0
0
0
0
0
0
0
0
0
0
0
0
0
0
32
227
240
167
67
245
255
228
47
0
3
0
11
0
0
0
0
0
0
0
0
0
0
0
0
3
2
3
31
240
223
222
139
250
252
177
0
0
2
4
0
0
0
0
0
0
0
0
0
0
0
0
0
0
2
8
0
75
55
76
244
248
255
180
1
0
5
0
3
0
0
0
0
0
0
0
0
0
0
0
0
0
0
6
0
0
8
123
255
255
245
113
14
4
0
7
8
0
0
0
0
0
0
0
0
0
0
0
0
8
1
2
2
7
100
255
230
242
133
3
1
0
0
17
0
0
0
0
0
0
0
0
0
0
0
0
0
0
0
0
14
6
202
255
255
228
9
0
5
0
16
0
3
0
0
0
0
0
0
0
0
0
0
0
0
0
6
0
17
219
238
255
252
96
19
0
5
1
0
6
0
0
0
0
0
0
0
0
0
0
0
0
0
0
4
2
36
243
255
244
221
22
0
0
5
0
0
9
2
0
0
0
0
0
0
0
0
0
0
0
0
12
0
15
178
253
253
243
100
0
0
7
7
0
0
9
0
0
0
0
0
0
0
0
0
0
0
0
0
0
10
94
255
255
255
199
22
4
3
7
2
0
4
8
0
0
0
0
0
0
0
0
0
0
0
0
0
3
0
237
243
250
255
173
0
5
0
0
0
0
2
5
1
0
0
0
0
0
0
0
0
0
0
0
0
0
73
226
255
249
206
20
10
0
0
0
3
2
0
0
8
0
0
0
0
0
0
0
0
0
0
0
0
12
90
245
254
252
27
1
0
0
3
4
5
5
0
0
3
0
0
0
0
0
0
0
0
0
0
0
0
0
122
242
255
148
0
0
12
5
7
0
0
5
7
0
0
0
0
0
0
0
0
0
0
0
0
0
0
0
112
248
225
69
0
0
0
0
0
0
0
0
0
0
0
0
0
0
0
0
0
0
0
0
0
0
0
6
0
3
0
0
0
15
0
0
0
0
0
0
0
0
0
0
0
0
0
0
0
0
0
0
0
0
0
4
0
6
5
0
3
10
1
0
0
0
0
0
0
0
0
0
0
0
0
0
0
0
0
0
0
0
0
0
0
3
5
2
0
0
0
0
0
0
0
0
0
0
0
0
0
0
0
