6
0
0
0
0
0
0
0
0
0
4
0
0
0
1
3
0
0
5
0
0
5
0
0
1
0
0
0
0
0
0
0
0
0
0
0
0
9
0
2
6
7
0
7
0
2
8
11
0
0
1
6
4
0
0
0
0
0
0
0
0
0
0
0
0
0
0
3
0
0
0
0
11
5
0
1
3
0
12
0
0
0
0
0
0
0
0
0
0
0
0
0
0
0
8
0
0
10
168
242
246
114
12
0
0
0
4
0
5
0
0
0
0
0
0
0
0
0
0
0
0
4
0
0
0
48
238
255
127
114
12
0
0
0
4
0
5
0
0
0
0
0
0
0
0
0
0
0
0
0
4
14
4
196
255
166
0
5
0
1
3
0
12
0
0
0
0
0
0
0
0
0
0
0
0
0
0
3
6
0
16
219
211
54
19
2
8
11
0
0
1
6
4
0
0
0
0
0
0
0
0
0
0
0
0
0
0
48
205
249
168
0
3
0
5
0
0
5
0
0
1
0
0
0
0
0
0
0
0
0
0
0
0
0
0
103
249
223
67
0
1
5
0
0
1
5
1
0
3
0
0
0
0
0
0
0
0
0
0
0
0
18
37
224
255
129
0
11
1
0
6
11
4
0
0
0
0
0
0
0
0
0
0
0
0
0
0
0
0
0
47
253
255
50
0
2
0
1
0
0
0
0
5
9
8
0
0
0
0
0
0
0
0
0
0
0
0
0
59
240
251
36
15
0
6
6
0
0
12
14
1
0
0
0
0
0
0
0
0
0
0
0
0
0
0
0
48
255
250
56
0
0
0
0
0
0
0
0
0
0
9
0
0
0
0
0
0
0
0
0
0
0
0
4
28
253
247
43
17
32
4
5
13
7
0
0
9
6
0
0
0
0
0
0
0
0
0
0
0
0
0
2
8
187
255
159
219
255
253
190
154
95
35
0
0
0
12
0
0
0
0
0
0
0
0
0
0
0
0
0
1
176
246
255
243
245
235
255
254
255
232
128
10
0
7
0
0
0
0
0
0
0
0
0
0
0
0
7
6
160
236
255
71
75
44
193
245
211
249
228
65
0
0
0
0
0
0
0
0
0
0
0
0
0
0
0
2
56
255
255
40
0
7
26
0
16
183
255
249
21
11
0
0
0
0
0
0
0
0
0
0
0
0
5
8
28
235
246
134
3
0
0
5
7
202
253
255
33
0
0
0
0
0
0
0
0
0
0
0
0
0
0
14
1
50
239
233
17
6
1
100
208
255
222
140
7
0
0
0
0
0
0
0
0
0
0
0
0
0
6
3
0
22
204
251
212
108
222
255
252
238
165
0
12
4
0
0
0
0
0
0
0
0
0
0
0
0
3
0
20
0
100
240
255
243
246
247
232
72
2
0
0
0
0
0
0
0
0
0
0
0
0
0
0
0
0
16
0
15
16
88
246
149
253
120
16
0
4
1
5
3
0
0
0
0
0
0
0
0
0
0
0
0
3
0
16
0
0
10
0
0
4
0
3
0
0
0
6
0
0
0
0
0
0
0
0
0
0
0
0
0
0
0
0
0
0
0
0
0
0
0
0
0
0
0
0
0
0
0
0
0
0
0
0
0
0
0
0
0
0
0
0
0
0
0
0
0
0
0
0
0
0
0
0
0
0
0
0
0
0
0
0
0
0
0
0
0
0
0
0
0
0
0
0
0
0
0
0
0
0
0
0
0
0
0
0
0
0
0
0
0
0
0
0
0
0
0
0
0
0
0
0
0
0
0
0
0
0
0
0
0
0
0
0
0
