1
0
0
0
0
0
0
0
0
0
10
3
0
0
0
3
0
0
0
11
0
2
3
0
1
0
0
0
0
0
0
0
0
0
0
0
0
0
0
0
0
3
3
4
0
6
5
4
0
8
7
1
3
0
0
0
0
0
0
0
0
0
0
0
0
7
0
0
2
0
0
0
0
0
3
0
2
2
0
0
0
0
0
0
0
0
0
0
0
0
0
0
0
5
0
7
4
0
0
0
4
6
10
0
0
6
2
1
1
0
0
0
0
0
0
0
0
0
0
0
0
0
0
8
1
0
11
1
2
0
7
3
0
1
1
2
1
0
0
0
0
0
0
0
0
0
0
0
0
2
0
2
0
6
13
0
0
247
188
105
0
0
10
6
0
0
0
0
0
0
0
0
0
0
0
0
0
5
0
3
0
4
0
0
58
228
247
254
77
5
0
0
14
0
0
0
0
0
0
0
0
0
0
0
0
0
0
10
0
2
0
16
153
255
254
254
50
5
5
1
0
0
0
0
0
0
0
0
0
0
0
0
0
0
0
0
0
10
0
110
243
252
255
143
15
0
2
0
5
0
0
0
0
0
0
0
0
0
0
0
0
13
0
25
0
3
2
203
255
252
213
45
1
12
3
0
1
0
0
0
0
0
0
0
0
0
0
0
0
0
14
0
0
15
0
190
238
249
188
1
0
3
4
3
1
0
0
0
0
0
0
0
0
0
0
0
0
1
9
0
16
0
0
254
255
255
146
3
0
0
0
13
0
0
0
0
0
0
0
0
0
0
0
0
0
1
0
5
0
0
98
255
244
229
47
0
9
9
0
5
0
0
0
0
0
0
0
0
0
0
0
0
0
9
9
11
0
23
255
238
255
110
0
1
5
2
0
10
0
0
0
0
0
0
0
0
0
0
0
0
0
0
0
0
8
10
255
255
250
12
0
16
0
0
0
13
2
0
0
0
0
0
0
0
0
0
0
0
0
5
8
0
16
192
251
253
148
6
13
0
0
13
0
0
3
0
0
0
0
0
0
0
0
0
0
0
0
4
0
0
98
242
253
255
11
0
0
0
0
0
0
0
0
0
0
0
0
0
0
0
0
0
0
0
0
0
2
28
186
251
246
132
0
0
0
0
0
0
0
0
0
0
0
0
0
0
0
0
0
0
0
0
0
0
0
91
245
255
255
101
4
0
0
0
0
0
0
0
0
0
0
0
0
0
0
0
0
0
0
0
0
4
64
223
242
255
132
0
1
0
0
0
0
0
0
0
0
0
0
0
0
0
0
0
0
0
0
0
0
0
42
255
255
248
25
0
8
0
0
0
0
0
0
0
0
0
0
0
0
0
0
0
0
0
0
0
0
10
142
253
238
225
9
0
0
0
0
0
0
0
0
0
0
0
0
0
0
0
0
0
0
0
0
0
0
0
197
255
248
110
0
15
0
0
0
0
0
0
0
0
0
0
0
0
0
0
0
0
0
0
0
0
0
17
231
236
255
100
0
1
3
0
0
0
0
0
0
0
0
0
0
0
0
0
0
0
0
0
0
0
0
0
130
247
151
6
0
5
0
0
0
0
0
0
0
0
0
0
0
0
0
0
0
0
0
0
0
0
0
7
0
9
11
0
6
0
0
0
0
0
0
0
0
0
0
0
0
0
0
0
0
0
0
0
0
0
0
16
0
1
2
0
0
4
10
0
0
0
0
0
0
0
0
0
0
0
0
0
0
0
0
0
0
0
0
0
0
12
2
0
0
2
0
0
0
0
0
0
0
0
0
0
0
0
0
