8
0
0
0
0
0
0
0
0
2
0
0
5
0
0
17
0
4
0
2
7
0
0
4
0
0
0
0
0
0
0
0
0
0
0
0
0
0
8
8
4
0
0
0
0
1
3
0
0
10
9
5
1
0
0
0
0
0
0
0
0
0
0
0
0
0
3
0
0
1
14
0
8
1
5
0
0
0
0
0
0
0
0
0
0
0
0
0
0
0
0
0
0
0
0
0
1
0
8
0
0
2
4
11
4
2
4
0
9
0
0
0
0
0
0
0
0
0
0
0
0
5
0
0
8
0
0
0
10
3
0
8
7
0
4
1
0
0
0
0
0
0
0
0
0
0
0
0
0
0
73
151
255
255
239
156
95
31
0
8
0
0
13
0
0
0
0
0
0
0
0
0
0
0
0
0
0
94
232
231
255
254
252
248
255
252
201
128
33
5
0
0
18
0
0
0
0
0
0
0
0
0
0
0
0
29
255
255
189
95
35
57
135
135
210
255
234
226
135
0
1
0
0
0
0
0
0
0
0
0
0
0
0
157
253
169
7
4
0
5
0
6
23
146
233
255
155
0
3
0
0
0
0
0
0
0
0
0
0
0
0
146
247
150
2
0
18
0
3
0
8
35
255
246
130
4
6
0
0
0
0
0
0
0
0
0
0
0
0
57
255
217
60
0
6
0
6
0
63
218
255
215
23
0
0
0
0
0
0
0
0
0
0
0
0
0
0
35
251
252
105
14
0
18
0
38
231
255
204
37
2
0
1
0
0
0
0
0
0
0
0
0
0
0
0
0
155
255
244
84
0
0
3
162
252
248
41
0
8
2
2
0
0
0
0
0
0
0
0
0
0
0
0
11
9
232
240
200
21
23
138
251
249
105
25
16
0
15
0
0
0
0
0
0
0
0
0
0
0
0
0
7
0
64
233
249
209
116
222
252
104
0
0
6
5
1
9
0
0
0
0
0
0
0
0
0
0
0
0
0
3
0
119
255
250
242
255
145
2
5
0
2
3
2
0
0
0
0
0
0
0
0
0
0
0
0
0
1
1
0
5
102
255
250
216
14
4
0
0
9
0
10
0
0
0
0
0
0
0
0
0
0
0
0
0
0
0
0
68
238
247
255
207
26
3
5
0
3
0
0
4
0
0
0
0
0
0
0
0
0
0
0
0
0
27
2
183
249
203
213
255
171
0
0
16
0
0
1
0
0
0
0
0
0
0
0
0
0
0
0
0
3
0
82
255
201
23
33
227
242
0
0
15
0
0
9
0
0
0
0
0
0
0
0
0
0
0
0
0
0
10
237
246
98
0
0
190
231
76
2
0
11
0
0
0
0
0
0
0
0
0
0
0
0
0
0
0
8
0
242
255
94
6
12
241
255
94
11
0
7
0
0
0
0
0
0
0
0
0
0
0
0
0
0
0
9
0
216
255
218
118
140
233
211
4
0
0
0
0
11
4
0
0
0
0
0
0
0
0
0
0
0
0
0
1
47
238
255
255
245
255
129
0
17
3
0
14
0
0
0
0
0
0
0
0
0
0
0
0
0
0
0
0
13
89
195
255
235
184
15
9
2
0
0
1
0
0
0
0
0
0
0
0
0
0
0
0
0
0
5
5
0
0
0
4
0
0
8
4
0
0
0
1
1
0
0
0
0
0
0
0
0
0
0
0
0
0
0
1
7
0
0
3
12
15
0
0
0
0
0
0
0
0
0
0
0
0
0
0
0
0
0
0
0
0
0
2
3
2
3
3
0
0
0
0
0
0
0
0
0
0
0
0
0
0
