1
0
0
0
0
0
0
0
0
0
0
0
0
0
0
0
0
0
0
2
14
0
8
0
4
0
0
0
0
0
0
0
0
0
0
0
0
0
0
0
0
0
0
0
0
2
6
5
0
19
0
0
0
0
0
0
0
0
0
0
0
0
0
0
0
0
0
0
0
0
0
0
0
2
8
0
3
2
0
8
8
0
0
0
0
0
0
0
0
0
0
0
0
0
0
0
0
0
0
0
0
0
0
27
5
0
0
0
1
0
0
0
0
0
0
0
0
0
0
0
0
0
0
0
0
0
0
0
0
0
4
0
0
70
253
78
2
0
0
0
0
0
0
0
0
0
0
0
0
0
0
0
0
0
0
0
0
19
0
4
34
230
228
20
4
0
0
0
0
0
0
0
0
0
0
0
0
0
0
0
0
0
0
0
0
0
19
4
120
251
223
33
0
0
0
0
0
0
0
0
0
0
0
0
0
0
0
0
0
0
0
0
0
6
0
0
245
254
85
0
6
0
0
0
0
0
0
0
0
0
0
0
0
0
0
0
0
5
0
17
0
0
0
150
255
187
9
9
0
0
0
0
0
0
0
0
0
0
0
0
0
0
8
0
0
18
0
0
7
0
131
241
221
13
0
0
0
0
0
0
0
0
0
0
0
0
0
0
0
0
0
0
0
0
12
5
0
71
192
255
147
17
13
0
5
0
0
0
0
0
0
0
0
0
0
0
0
3
0
3
7
0
11
0
22
208
255
201
3
0
0
0
4
0
0
0
0
0
0
0
0
0
0
0
0
0
11
0
9
17
0
0
159
250
194
52
0
5
9
0
7
0
0
0
0
0
0
0
0
0
0
0
0
0
11
3
0
0
19
111
255
254
104
0
10
0
0
8
0
0
0
0
0
0
0
0
0
0
0
0
0
0
0
6
0
12
141
247
201
41
7
13
9
0
0
21
0
0
0
0
0
0
0
0
0
0
0
0
0
5
0
0
13
121
255
255
59
9
0
0
0
10
7
0
13
0
0
0
0
0
13
0
0
3
0
0
2
3
0
22
81
225
255
89
6
0
0
0
0
0
0
0
0
0
0
0
0
0
3
0
8
0
0
0
0
0
3
70
254
255
82
13
0
0
0
0
0
0
0
0
0
0
0
0
0
5
0
0
5
0
13
0
6
0
82
255
255
95
1
0
4
0
0
0
0
0
0
0
0
0
0
0
0
0
2
0
0
0
11
0
5
101
255
231
93
19
0
1
9
0
0
0
0
0
0
0
0
0
0
0
0
0
8
0
4
0
0
0
71
255
255
134
12
0
2
15
0
0
0
0
0
0
0
0
0
0
0
0
0
4
5
0
2
0
4
112
228
255
188
30
0
9
0
5
0
0
0
0
0
0
0
0
0
0
0
0
0
9
0
0
0
0
56
236
255
199
0
0
10
2
18
0
9
0
0
0
0
0
0
0
0
0
0
0
0
0
0
16
0
0
90
255
162
27
0
0
9
0
0
10
0
0
0
0
0
0
0
0
0
0
0
0
0
0
0
0
0
0
0
0
0
0
0
0
0
0
0
0
0
0
0
0
0
0
0
0
0
0
0
0
0
0
0
0
0
0
0
0
0
0
0
0
0
0
0
0
0
0
0
0
0
0
0
0
0
0
0
0
0
0
0
0
0
0
0
0
0
0
0
0
0
0
0
0
0
0
0
0
0
0
0
0
0
0
0
0
0
0
0
0
0
0
0
0
0
0
0
0
0
0
0
0
0
0
0
0
0
0
0
0
0
0
0
0
0
