7
0
0
0
0
0
0
0
0
5
0
0
0
4
4
1
0
7
3
0
0
0
0
0
1
0
0
0
0
0
0
0
0
0
0
0
0
0
4
1
6
0
0
0
1
0
0
5
9
7
1
0
0
0
0
0
0
0
0
0
0
0
0
0
0
0
6
0
9
0
1
0
3
7
5
1
0
0
0
1
3
0
0
0
0
0
0
0
0
0
0
0
0
0
0
0
0
0
6
2
1
0
0
0
0
3
7
2
0
0
0
0
0
0
0
0
0
0
0
0
0
8
3
5
0
3
0
0
0
10
7
4
2
1
1
1
0
0
0
0
0
0
0
0
0
0
0
0
0
0
0
3
1
0
0
4
10
0
0
0
0
0
0
0
7
0
0
0
0
0
0
0
0
0
0
0
0
5
10
0
12
0
12
0
0
18
9
2
1
5
6
0
0
0
0
0
0
0
0
0
0
0
0
0
0
13
31
18
123
152
255
244
255
255
173
68
4
0
4
6
0
0
0
0
0
4
0
0
0
0
38
42
103
219
255
255
249
248
255
255
246
246
255
232
38
4
4
0
11
0
0
0
0
0
3
7
3
62
204
242
255
254
236
252
233
216
159
62
69
127
255
254
66
0
7
0
0
0
0
0
0
0
0
3
0
67
231
255
253
180
47
58
49
0
0
5
4
0
240
254
84
0
0
8
3
0
0
0
0
4
0
0
0
12
90
110
86
3
0
0
15
4
0
14
0
55
255
239
75
0
0
2
8
0
0
0
0
7
0
6
9
0
0
3
0
0
13
0
0
3
2
2
0
178
255
176
16
1
12
0
0
0
0
0
0
6
0
6
4
0
0
4
0
13
0
11
0
0
5
0
20
228
242
117
0
0
10
4
0
0
0
0
0
3
0
1
0
3
0
9
0
0
0
2
0
16
3
0
125
255
240
75
1
0
0
1
0
0
0
0
0
0
3
5
0
13
0
0
0
6
0
0
14
0
0
114
243
247
194
0
1
9
0
1
0
0
0
0
0
0
0
0
0
0
0
0
0
4
0
2
2
0
2
181
255
255
42
11
0
3
0
4
0
0
0
0
0
0
0
0
0
0
0
0
0
4
0
9
0
0
6
194
247
228
21
0
0
1
0
7
2
0
0
0
0
0
0
0
0
0
0
0
0
2
0
0
0
14
47
245
255
149
0
1
3
2
0
2
5
0
0
0
0
0
0
0
0
0
0
0
0
0
4
0
0
3
43
244
250
125
2
1
3
3
0
0
0
0
0
0
0
0
0
0
0
0
0
0
0
0
4
7
3
0
56
250
255
128
19
0
0
0
8
2
0
0
0
0
0
0
0
0
0
0
0
0
0
0
0
0
5
14
128
255
242
51
3
0
0
0
2
0
3
0
0
0
0
0
0
0
0
0
0
0
0
14
3
0
0
3
167
245
166
0
0
7
11
0
0
0
7
0
0
0
0
0
0
0
0
0
0
0
0
0
8
10
2
0
182
241
156
11
2
0
0
0
7
0
0
0
0
0
0
0
0
0
0
0
0
0
0
4
9
0
0
10
124
249
221
20
0
10
8
0
7
8
0
0
0
0
0
0
0
0
0
0
0
0
0
0
3
2
7
0
55
213
255
106
14
0
0
0
4
1
1
0
0
0
0
0
0
0
0
0
0
0
0
0
1
0
13
0
0
102
171
82
5
0
4
1
0
0
8
0
0
0
0
0
0
0
0
0
0
0
0
3
6
0
1
4
0
7
11
0
0
9
11
0
0
0
3
0
0
0
0
