0
0
0
0
0
0
0
0
0
9
0
5
4
0
0
10
5
0
9
0
0
0
2
0
9
0
0
0
0
0
0
0
0
0
0
0
0
0
11
3
0
18
2
0
0
15
0
7
9
0
0
4
0
0
0
0
0
0
0
0
0
0
0
0
0
0
0
1
0
0
1
9
9
0
0
3
0
12
0
1
8
0
0
0
0
0
0
0
0
0
0
0
0
8
0
0
10
0
0
8
0
15
3
0
5
0
0
0
9
0
0
0
0
0
0
0
0
0
0
0
0
0
6
0
0
16
0
0
7
0
33
129
242
53
26
0
0
0
0
0
0
0
0
0
0
0
0
0
0
0
0
7
0
0
5
80
147
92
106
254
255
149
0
5
9
0
0
0
0
0
0
0
0
0
0
0
0
8
0
13
0
30
93
226
255
245
209
154
255
234
156
0
0
0
0
0
0
0
0
0
0
0
0
0
0
7
0
6
5
153
217
255
245
235
111
25
161
255
220
56
2
0
0
0
0
0
7
9
3
3
0
0
0
0
9
0
98
217
202
255
247
93
10
0
49
255
246
73
6
0
0
0
0
6
0
0
0
0
1
3
7
9
0
120
248
240
182
178
110
13
0
14
24
255
250
111
0
0
0
0
0
5
0
0
5
1
0
0
0
0
67
228
255
121
106
19
0
7
0
0
57
255
236
71
0
0
0
0
0
0
0
4
9
0
0
2
0
21
139
255
74
2
0
1
5
0
3
0
138
241
255
88
16
0
0
0
0
4
1
0
0
0
4
9
3
34
156
219
14
13
0
16
0
7
0
67
234
220
144
36
0
0
0
0
0
4
5
0
0
7
6
0
0
95
255
166
0
0
15
0
4
0
20
154
255
255
29
0
19
0
0
0
0
0
6
0
0
14
0
0
37
120
255
153
0
21
0
0
12
104
198
255
243
196
8
0
7
0
0
0
0
0
11
0
0
4
0
27
140
115
124
41
7
0
0
13
53
251
255
242
253
68
0
15
0
0
0
0
0
0
1
0
0
6
0
10
215
238
60
2
0
11
13
88
247
252
248
161
57
18
0
0
6
0
0
0
0
4
0
1
4
2
3
162
255
228
37
0
4
45
191
250
240
255
249
134
0
0
5
14
1
0
0
0
0
0
0
4
5
3
47
255
254
148
0
15
86
204
230
255
255
234
115
8
0
12
5
0
1
0
0
0
0
0
5
2
0
1
97
243
194
33
20
164
255
246
255
243
230
68
12
0
7
8
0
0
0
0
0
0
0
0
7
0
0
0
96
236
179
114
228
246
249
251
166
195
6
0
0
7
3
0
0
12
0
0
0
0
0
3
0
0
0
6
60
255
244
249
245
248
253
241
141
0
12
20
0
0
9
5
0
0
0
0
0
0
0
0
0
0
1
10
24
182
255
255
249
249
73
3
8
9
1
0
1
14
10
0
0
1
3
0
0
0
0
0
7
2
0
0
0
13
209
243
192
66
0
8
0
2
0
4
0
0
0
2
1
0
0
0
0
0
0
0
0
0
0
0
0
0
0
0
0
0
0
0
0
0
0
0
0
0
0
0
0
0
0
0
0
0
0
0
0
0
0
0
0
0
0
0
0
0
0
0
0
0
0
0
0
0
0
0
0
0
0
0
0
0
0
0
0
0
0
0
0
0
0
0
0
0
0
0
0
0
0
0
0
0
0
0
0
0
0
0
0
0
0
0
0
0
0
0
0
0
0
0
0
0
0
0
0
0
0
0
0
0
0
0
0
0
0
0
0
0
0
