3
0
3
6
1
0
2
2
0
0
5
11
0
0
0
10
0
3
0
0
9
0
0
1
3
0
0
0
0
0
4
3
0
0
0
0
0
7
0
0
6
5
3
0
0
0
5
0
5
1
11
0
0
0
0
0
0
2
3
0
0
0
1
1
0
13
3
6
8
0
0
0
1
0
9
0
0
0
5
0
6
0
0
0
0
1
0
0
0
2
5
4
2
0
0
3
0
0
5
12
0
6
7
4
7
1
0
0
2
0
0
0
0
0
0
0
2
4
2
0
0
5
0
0
15
10
0
0
0
6
0
0
3
3
1
7
0
0
0
0
0
0
0
1
3
0
0
0
0
0
15
14
24
113
232
241
163
115
58
18
0
0
5
15
0
0
0
0
0
0
0
2
3
0
0
1
11
0
46
157
252
255
252
247
255
255
226
123
7
0
0
1
0
0
0
0
0
0
0
2
3
0
0
12
29
201
230
255
255
244
253
255
244
246
255
160
2
1
0
0
12
0
0
0
0
4
2
0
0
13
0
34
226
247
255
247
250
255
178
176
253
252
250
171
5
0
13
0
0
0
0
0
0
0
1
13
0
5
5
70
255
255
255
191
114
11
0
172
242
255
255
160
3
0
0
7
5
0
0
0
0
1
2
9
0
0
0
14
117
217
161
25
3
38
134
255
255
255
216
60
2
6
0
0
10
0
0
0
0
7
0
0
0
4
4
0
5
35
2
31
175
255
255
228
250
249
149
33
10
0
0
13
0
0
0
0
0
0
0
5
0
0
4
3
3
0
110
226
252
230
255
254
252
254
243
145
0
3
0
4
17
0
0
0
0
0
0
6
2
0
0
0
0
7
169
245
255
254
240
251
255
255
253
255
199
11
1
20
0
0
0
0
0
0
0
0
8
9
7
7
0
0
170
253
253
255
218
202
196
199
246
254
255
50
2
6
13
0
0
0
0
3
0
0
0
0
0
0
1
0
71
231
214
105
18
0
8
6
186
254
245
165
0
0
3
0
0
0
0
8
0
0
0
6
5
4
7
0
0
34
20
0
24
0
0
1
75
248
243
227
3
0
4
0
0
0
0
0
0
7
5
0
0
0
0
13
4
50
40
0
0
11
9
0
119
255
255
220
8
5
0
0
0
0
0
0
5
4
0
0
4
15
16
0
61
236
245
48
8
0
6
0
152
255
243
220
0
12
0
0
0
0
0
0
2
4
2
2
0
0
0
62
233
255
173
0
0
12
0
112
239
251
255
115
0
0
4
0
0
0
0
4
0
0
8
5
0
0
13
239
244
183
0
5
0
10
151
235
255
247
188
4
0
12
0
0
0
0
0
7
0
0
2
0
0
31
76
254
255
165
30
37
55
180
241
255
241
203
28
0
0
9
1
0
0
0
0
0
0
4
10
0
0
0
16
250
236
255
255
235
255
255
255
255
197
96
0
0
15
0
8
0
0
0
0
7
1
0
0
3
5
0
0
216
255
253
236
255
243
244
252
239
51
7
0
0
0
10
0
0
0
0
0
0
0
0
0
0
0
0
0
14
101
132
152
234
255
199
143
15
9
2
0
0
1
0
0
0
0
0
0
0
0
0
0
0
0
0
0
0
16
0
0
14
14
0
5
8
4
0
0
0
1
1
0
0
0
0
0
0
0
0
0
0
0
0
0
0
2
1
4
5
0
0
6
0
0
0
0
0
0
0
0
0
0
0
0
0
0
0
0
0
0
0
0
0
1
2
0
0
6
8
1
0
0
0
0
0
0
0
0
0
0
0
0
