5
0
0
0
0
0
0
0
0
10
0
0
4
0
0
2
0
4
0
0
0
2
2
0
0
0
0
0
0
0
0
0
0
0
0
0
0
3
0
0
0
0
6
0
0
0
0
0
0
2
4
1
0
0
0
0
0
0
0
0
0
0
0
0
0
0
8
13
4
0
0
2
3
10
9
4
0
0
0
4
9
0
0
0
0
0
0
0
0
0
0
0
0
2
0
0
0
0
4
13
0
1
0
0
2
9
3
0
0
0
0
0
0
0
0
0
0
0
0
0
0
6
0
16
64
81
97
101
39
214
114
21
0
1
0
0
6
0
0
0
0
0
0
0
0
0
0
0
0
0
93
197
254
246
240
255
249
255
130
11
0
8
9
0
0
0
0
0
0
0
0
0
0
0
0
0
0
40
226
255
217
158
112
127
145
194
101
11
0
0
1
2
7
0
0
0
0
0
0
0
0
0
0
0
0
110
248
147
5
2
0
0
9
5
0
0
4
4
0
0
0
0
0
0
0
0
0
0
0
0
0
0
0
26
240
117
6
0
3
7
0
0
17
0
0
7
0
3
1
0
0
0
0
0
0
0
0
0
0
0
0
1
219
152
6
0
0
0
10
0
0
0
9
9
0
2
0
0
0
0
0
0
0
0
0
0
0
0
0
0
226
160
3
8
0
16
0
3
24
11
0
8
0
4
0
0
0
0
0
0
0
0
0
0
0
0
0
12
209
234
0
0
11
1
9
0
0
0
0
15
0
0
5
0
0
0
0
0
0
0
0
0
0
0
0
0
190
238
55
24
0
5
0
24
15
34
13
0
0
11
0
0
0
0
0
0
0
0
0
0
0
0
0
0
109
255
69
8
0
2
76
136
231
255
191
107
26
0
18
0
0
0
0
0
0
0
0
0
0
0
0
0
111
255
76
0
24
136
229
249
233
214
255
255
192
30
0
0
0
0
0
0
0
0
0
0
0
0
0
5
85
255
101
91
209
248
250
120
21
5
58
95
255
197
0
0
0
0
0
0
0
0
0
0
0
0
0
1
0
195
255
255
217
103
42
3
0
1
0
0
177
235
41
0
0
0
0
0
0
0
0
0
0
0
0
6
0
142
241
192
55
9
0
0
0
13
0
18
217
224
14
0
0
0
0
0
0
0
0
0
0
0
0
1
3
0
42
0
0
5
15
0
14
0
0
101
245
152
18
0
0
0
0
0
0
0
0
0
0
0
0
0
8
0
6
12
13
0
0
9
2
0
105
242
213
37
0
0
0
0
0
0
0
0
0
0
0
0
0
13
12
111
0
3
0
8
0
0
17
110
248
205
60
0
10
0
0
0
0
0
0
0
0
0
0
0
0
1
15
209
84
0
0
21
0
50
181
253
235
87
0
0
0
0
0
0
0
0
0
0
0
0
0
0
0
0
4
155
242
183
190
192
200
242
255
166
44
0
11
15
4
0
0
0
0
0
0
0
0
0
0
0
0
0
1
13
135
218
255
236
188
130
30
0
14
0
4
0
0
0
0
0
0
0
0
0
0
0
0
0
0
0
0
0
0
0
0
0
0
0
0
0
0
0
0
0
0
0
0
0
0
0
0
0
0
0
0
0
0
0
0
0
0
0
0
0
0
0
0
0
0
0
0
0
0
0
0
0
0
0
0
0
0
0
0
0
0
0
0
0
0
0
0
0
0
0
0
0
0
0
0
0
0
0
0
0
0
0
0
0
0
0
0
0
0
0
0
0
0
0
0
0
0
0
0
0
0
0
0
0
0
0
0
0
0
