2
0
0
0
0
0
0
0
0
2
11
0
2
8
2
0
7
0
0
0
0
9
0
3
0
0
0
0
0
0
0
0
0
0
0
0
0
4
0
18
0
0
3
0
4
0
17
6
0
0
0
2
2
0
0
0
0
0
0
0
0
0
0
0
0
0
0
11
0
0
10
0
0
6
0
0
11
0
9
13
0
0
0
0
0
0
0
0
0
0
0
0
0
14
0
0
12
0
1
16
12
0
17
8
0
0
3
0
10
0
0
0
0
0
0
0
0
0
0
0
0
0
13
5
2
95
97
102
235
213
41
0
11
13
0
0
8
0
0
0
0
0
0
0
0
0
0
0
0
8
0
164
206
255
255
245
255
255
227
144
6
0
2
0
8
0
0
0
0
0
0
0
0
0
0
0
0
8
62
218
255
248
242
235
234
238
255
237
43
0
7
11
0
0
0
0
0
0
0
0
0
0
0
0
0
0
220
249
255
129
40
0
3
144
244
252
26
0
0
3
2
0
0
0
0
0
0
0
0
0
0
0
0
103
248
253
248
27
0
0
10
46
209
255
76
3
8
0
4
0
0
0
0
0
0
0
0
0
0
0
0
102
248
255
249
1
5
10
0
9
191
246
57
1
0
6
4
0
0
0
0
0
0
0
0
0
0
0
0
7
108
202
243
38
0
9
1
15
202
249
41
0
0
15
0
0
0
0
0
0
0
0
0
0
0
0
0
0
5
115
166
86
0
4
5
82
237
255
34
0
0
13
0
0
0
0
0
0
0
0
0
0
0
0
0
6
0
8
2
25
0
0
0
166
255
246
24
0
6
7
0
0
0
0
0
0
0
0
0
0
0
0
0
5
9
0
0
0
13
1
77
230
255
176
14
0
7
0
2
0
0
0
0
0
0
0
0
0
0
0
0
0
3
3
14
0
0
0
159
255
252
78
8
0
0
0
0
0
0
0
0
0
0
0
0
0
0
0
0
7
0
3
0
0
9
66
252
249
234
2
6
0
0
3
5
0
0
0
0
2
0
0
0
4
0
2
0
9
0
0
14
70
176
255
255
255
236
98
13
4
0
7
0
0
0
0
0
3
0
0
1
5
0
0
0
0
13
87
176
255
255
250
249
252
255
247
211
103
0
3
12
0
0
0
0
0
2
3
0
2
0
2
15
43
119
245
251
255
252
233
236
174
217
250
255
238
229
168
7
0
0
0
0
0
7
6
0
1
9
0
0
151
239
255
226
243
253
255
119
9
34
99
185
230
244
173
17
0
0
0
0
3
0
0
0
4
3
0
25
238
249
255
194
252
255
157
12
4
0
0
9
0
0
0
0
0
0
0
0
5
0
5
3
0
0
41
182
255
249
255
233
255
155
3
0
0
12
7
0
0
5
5
4
0
0
0
0
1
0
13
6
0
0
56
224
242
255
225
255
213
42
15
0
10
2
2
3
4
0
0
0
0
0
0
0
2
0
1
0
7
2
0
84
255
229
255
173
14
0
0
7
1
0
4
5
0
2
5
0
0
0
0
0
0
0
0
0
0
0
0
0
0
0
0
0
0
0
0
0
0
0
0
0
0
0
0
0
0
0
0
0
0
0
0
0
0
0
0
0
0
0
0
0
0
0
0
0
0
0
0
0
0
0
0
0
0
0
0
0
0
0
0
0
0
0
0
0
0
0
0
0
0
0
0
0
0
0
0
0
0
0
0
0
0
0
0
0
0
0
0
0
0
0
0
0
0
0
0
0
0
0
0
0
0
0
0
0
0
0
0
0
0
0
0
0
