1
0
0
0
0
0
0
0
0
0
6
0
13
0
2
0
0
0
0
0
0
0
0
0
0
0
0
0
0
0
0
0
0
0
0
0
0
4
6
0
0
0
1
0
6
0
0
0
0
0
0
0
0
0
0
0
0
0
0
0
0
0
0
0
0
0
0
2
0
13
3
0
5
0
0
0
0
0
0
0
0
0
0
0
0
0
0
0
0
0
0
0
0
15
0
16
0
0
0
22
0
0
0
0
0
0
0
0
0
0
0
0
0
0
0
0
0
0
0
0
0
0
13
0
23
255
253
113
6
0
0
0
0
0
0
0
0
0
0
0
0
0
0
0
0
0
0
0
0
8
14
14
96
255
255
175
0
0
0
0
0
0
0
0
0
0
0
0
0
0
0
0
0
0
0
0
0
0
0
3
133
252
243
202
0
0
0
0
0
0
0
0
0
0
0
0
0
0
0
0
0
0
0
0
0
13
0
0
151
251
247
247
47
0
0
0
0
0
0
0
0
0
0
0
0
0
0
0
0
0
0
0
0
1
1
0
127
255
247
207
29
0
1
0
0
8
1
0
0
0
0
0
0
0
0
0
0
0
0
0
0
0
2
7
48
228
255
234
25
4
7
0
0
2
0
0
2
0
0
0
0
0
0
0
0
0
0
0
0
0
10
0
0
129
255
235
90
1
3
2
0
0
0
0
2
0
0
0
0
0
0
0
0
0
0
0
0
0
13
0
9
98
255
244
190
0
0
4
4
0
4
0
0
0
0
0
0
0
0
0
0
0
0
0
0
9
0
6
5
107
254
250
223
16
0
4
4
0
5
0
0
0
0
0
0
0
0
0
0
0
0
0
0
0
0
0
0
36
230
239
241
58
1
2
1
0
4
0
5
0
0
0
0
0
0
0
0
0
0
0
0
0
10
0
9
0
230
248
255
89
3
0
0
0
5
0
7
0
0
0
0
0
0
0
0
0
0
0
0
2
0
0
0
6
229
255
241
96
0
0
2
1
7
0
4
0
0
0
0
0
0
0
0
0
0
0
0
0
1
3
0
11
222
249
255
165
7
0
0
0
7
0
7
0
0
0
0
0
0
0
0
0
0
0
0
0
10
3
0
4
90
248
249
244
191
4
9
5
0
0
0
0
0
0
0
0
0
0
0
0
0
0
0
4
1
0
2
0
1
220
254
255
255
0
0
0
0
13
1
0
0
0
0
0
0
0
0
0
0
0
0
6
0
0
11
0
6
146
255
255
230
0
3
5
0
11
0
0
0
0
0
0
0
0
0
0
0
0
0
3
0
0
2
0
9
77
246
255
229
13
6
3
0
0
0
0
0
0
0
0
0
0
0
0
0
0
0
0
16
0
0
9
0
68
250
238
255
0
0
0
10
0
7
0
0
0
0
0
0
0
0
0
0
0
0
0
9
1
0
13
0
75
255
255
251
1
4
0
8
0
1
0
0
0
0
0
0
0
0
0
0
0
0
9
0
0
7
0
14
59
252
255
155
0
5
0
0
5
0
0
0
0
0
0
0
0
0
0
0
0
0
0
0
0
0
0
0
0
0
0
0
0
0
0
0
0
0
0
0
0
0
0
0
0
0
0
0
0
0
0
0
0
0
0
0
0
0
0
0
0
0
0
0
0
0
0
0
0
0
0
0
0
0
0
0
0
0
0
0
0
0
0
0
0
0
0
0
0
0
0
0
0
0
0
0
0
0
0
0
0
0
0
0
0
0
0
0
0
0
0
0
0
0
0
0
0
0
0
0
0
0
0
0
0
0
