8
0
6
7
0
0
1
0
0
1
0
1
4
0
0
6
1
0
3
2
5
0
0
0
15
0
0
0
0
6
0
0
0
0
5
5
3
0
14
0
0
13
5
0
0
0
0
0
0
5
5
1
0
0
0
0
0
6
0
0
3
3
2
0
0
0
2
11
9
0
0
4
9
0
0
10
0
7
6
19
3
0
0
0
0
0
0
5
8
0
0
3
0
8
0
0
8
0
0
10
0
4
0
6
7
0
0
0
0
0
0
0
0
0
3
3
0
0
2
11
6
0
7
4
0
5
0
0
8
2
0
0
6
3
13
1
0
0
0
0
0
0
6
0
0
3
3
0
0
6
0
2
5
0
0
3
0
0
13
5
0
0
0
2
9
0
0
0
0
0
7
0
0
15
0
0
23
50
43
133
236
255
255
221
117
255
255
244
168
130
17
0
0
0
0
0
0
0
10
0
0
11
0
17
114
231
238
255
255
251
248
252
249
255
239
255
236
244
49
0
4
0
0
0
0
0
11
0
2
0
4
15
203
246
255
246
206
225
102
63
71
79
116
255
242
240
32
0
0
0
0
0
0
0
9
0
1
0
0
2
155
255
250
123
17
0
6
0
4
0
90
243
255
60
0
14
0
0
0
0
0
0
0
0
8
1
14
15
117
252
254
127
4
17
0
2
0
51
149
254
110
62
14
0
0
0
0
0
0
6
0
0
4
0
0
0
35
213
251
226
12
0
0
2
7
25
9
98
248
244
26
0
11
0
0
0
0
6
0
0
4
0
0
0
0
76
255
249
218
33
3
0
0
8
36
199
255
164
17
7
0
0
0
0
0
0
0
0
7
3
11
11
4
12
198
255
245
215
9
0
5
60
242
241
237
68
0
3
9
0
0
0
0
1
0
0
0
0
0
0
0
3
111
238
248
243
221
25
80
238
255
255
122
3
0
0
0
0
0
0
0
0
0
0
0
2
0
8
3
8
0
132
255
247
255
235
224
255
238
194
85
0
20
0
0
0
0
0
0
0
0
0
0
0
0
0
0
0
8
1
81
232
252
252
255
235
172
12
3
2
1
0
0
0
0
0
0
0
0
0
0
0
0
0
0
8
0
19
0
117
244
253
241
207
20
5
1
6
0
13
0
0
0
0
0
0
0
0
0
0
0
0
0
0
14
0
0
118
255
250
255
253
176
7
0
13
0
0
12
0
0
0
0
0
0
0
0
0
0
0
0
21
0
0
13
100
232
255
209
245
245
204
31
0
6
0
5
0
0
0
0
0
0
0
0
0
0
0
0
0
2
0
0
99
255
111
48
248
243
248
111
0
8
8
0
0
0
0
0
0
0
0
0
0
0
0
0
15
0
0
4
123
255
148
0
25
247
255
174
0
0
4
3
0
0
0
0
0
0
0
0
0
0
0
0
0
0
21
0
250
232
236
111
3
62
245
255
151
7
0
7
0
0
0
0
0
0
0
0
0
0
0
0
2
1
0
0
142
252
255
253
222
229
252
255
128
3
15
0
0
0
0
0
0
0
0
0
0
0
0
0
0
9
1
0
51
177
250
249
255
250
255
205
61
0
0
2
0
0
0
0
0
0
0
0
0
0
0
0
17
0
0
6
0
0
82
187
171
125
98
61
0
0
2
0
0
0
0
0
0
0
0
0
0
0
0
0
0
0
1
0
0
0
2
3
12
0
0
3
2
7
9
0
0
0
0
0
0
0
0
0
0
0
0
0
0
1
3
3
3
3
0
0
0
0
0
0
1
0
0
5
0
0
0
0
