5
0
0
0
0
0
1
1
1
4
0
8
0
0
3
0
5
0
0
6
4
0
0
0
1
3
0
10
0
0
0
0
0
0
0
0
0
0
0
4
0
0
5
0
0
8
1
0
0
1
7
5
0
1
0
0
0
0
0
0
0
0
0
0
0
18
7
8
0
0
3
0
5
0
3
11
12
5
0
0
0
7
9
0
0
0
0
0
0
0
0
0
0
0
0
0
0
4
5
0
0
4
0
0
0
0
4
4
4
0
13
1
2
0
0
0
0
0
0
0
0
11
9
1
0
0
0
1
0
5
5
8
9
2
0
0
3
0
0
0
0
0
0
0
0
0
1
1
1
0
0
0
3
2
0
6
2
0
0
0
0
0
0
0
7
28
0
3
0
0
0
0
1
2
3
4
4
0
3
0
2
25
61
124
150
245
192
151
168
219
255
255
251
116
8
1
4
0
0
0
1
3
4
6
6
30
85
139
207
241
244
255
249
255
248
249
255
255
251
250
255
172
2
0
0
7
0
12
0
0
129
240
242
201
253
255
240
255
252
255
234
189
194
253
239
199
190
187
97
9
6
2
0
0
14
0
11
6
235
255
231
255
255
247
244
183
62
3
21
3
1
26
43
0
0
9
0
7
5
1
0
0
3
0
0
0
147
238
255
255
241
254
202
8
0
37
3
0
8
0
8
0
13
0
0
3
2
1
0
0
0
16
6
2
0
17
22
46
255
251
87
3
0
0
0
10
0
16
4
0
0
27
0
0
0
0
1
11
0
0
2
0
14
0
0
118
255
250
103
34
6
8
1
0
0
0
0
17
0
0
0
0
0
0
1
0
7
3
11
0
12
0
6
214
245
255
245
253
227
244
239
239
245
139
40
0
5
0
9
0
0
0
0
13
0
0
0
14
0
0
26
243
246
241
252
255
249
255
255
250
246
255
199
19
0
21
0
0
0
0
0
0
0
9
2
6
0
1
51
237
255
255
255
205
199
206
200
203
205
249
255
216
55
0
6
1
0
0
0
4
0
0
3
5
1
0
3
60
135
76
40
3
0
9
0
4
0
115
250
249
217
12
2
0
0
0
0
2
0
0
0
0
0
0
0
0
15
0
5
12
9
5
0
5
0
1
126
253
247
71
0
0
0
0
0
0
2
3
0
0
0
0
0
3
9
3
7
0
0
0
9
4
1
12
128
243
249
0
18
0
0
0
0
0
1
2
0
0
3
3
0
3
0
3
14
7
7
0
5
0
0
71
241
255
212
9
0
0
0
0
0
0
0
0
0
3
5
1
0
4
0
12
0
0
11
0
0
2
72
243
255
255
125
0
8
0
0
0
0
2
0
0
0
2
0
0
0
5
0
7
10
15
0
4
46
145
246
248
248
200
10
4
0
0
0
0
0
4
0
0
3
1
0
3
20
123
232
248
95
23
67
165
222
251
246
252
205
33
0
20
12
0
0
0
0
3
0
0
7
1
0
14
46
253
255
251
233
255
252
253
255
245
255
197
30
9
11
0
0
0
0
0
0
4
0
0
3
3
0
13
53
255
238
252
255
251
248
251
233
218
202
3
0
6
0
8
0
0
0
0
0
0
1
0
3
3
0
6
35
219
78
37
122
158
111
61
40
1
38
0
3
7
0
0
5
0
0
0
0
0
3
2
1
3
0
0
13
8
0
7
14
0
0
2
0
0
0
1
0
0
1
0
12
0
0
0
0
0
4
2
0
2
1
0
0
0
0
0
0
0
8
10
0
15
0
12
0
6
8
0
0
0
0
0
0
