5
0
0
0
0
0
0
0
0
10
0
0
16
0
0
4
2
0
17
0
0
26
0
14
0
0
0
7
0
0
0
0
0
0
0
0
0
0
14
11
0
4
9
7
0
1
0
2
0
0
11
0
9
14
1
1
0
0
0
0
0
0
0
0
0
11
0
3
8
4
0
0
12
6
0
11
0
14
0
12
0
3
0
3
0
0
0
0
0
0
0
0
0
1
0
0
0
0
10
0
4
0
0
0
10
0
0
5
0
0
0
8
0
0
0
0
0
0
0
0
0
0
11
0
7
16
13
87
255
197
67
93
38
145
146
116
57
34
1
0
0
0
0
0
0
0
0
0
0
8
0
17
5
0
45
220
254
255
241
255
248
255
252
246
245
103
15
0
1
0
0
0
0
0
0
0
0
8
6
0
124
239
255
253
239
242
255
228
204
187
99
127
104
81
5
0
5
0
0
0
0
0
0
0
0
0
0
9
251
241
255
201
102
57
45
0
5
0
8
0
3
1
0
7
8
0
0
0
0
0
0
0
0
0
3
25
251
255
255
79
5
6
0
13
4
0
0
4
7
0
0
0
0
0
0
0
0
0
0
0
0
12
26
232
236
254
156
19
0
0
0
0
0
26
9
0
0
0
0
0
0
0
0
0
0
0
0
0
0
4
66
255
255
160
14
0
3
2
22
2
0
0
0
0
15
0
0
0
0
0
0
0
0
0
0
0
0
0
244
238
241
57
3
0
13
0
0
0
17
0
5
0
2
0
0
0
0
0
0
0
0
0
0
0
0
81
247
241
238
156
253
248
242
255
194
70
0
0
0
0
5
0
0
0
0
0
0
0
0
0
0
0
0
125
255
255
251
246
236
142
169
190
255
210
13
1
2
3
0
0
0
0
0
0
0
0
0
0
0
0
0
129
234
224
145
22
0
0
0
6
166
255
111
0
0
7
0
0
0
0
0
0
0
0
0
0
0
0
0
3
20
27
6
0
0
10
0
0
60
232
215
1
1
0
1
0
0
0
0
0
7
0
0
0
9
0
9
0
6
0
0
8
7
0
0
0
137
255
225
51
8
0
5
0
0
0
0
7
0
0
0
20
0
8
0
2
0
0
0
0
0
2
7
2
207
251
211
2
0
0
10
0
0
0
0
5
0
17
17
0
87
17
2
0
3
11
11
0
1
1
0
23
246
250
95
0
0
8
0
0
0
0
0
0
6
0
0
0
255
134
0
0
0
0
0
0
5
5
31
194
255
254
113
0
17
6
3
0
0
0
0
0
0
0
22
15
143
255
255
161
112
17
0
1
0
20
122
251
255
201
0
7
0
0
0
0
0
0
0
5
0
6
0
0
50
215
255
245
255
206
198
202
214
204
255
255
250
59
0
0
28
0
7
0
0
0
0
15
0
1
2
2
0
8
51
195
244
247
255
235
255
250
255
236
75
0
35
0
0
15
0
0
0
0
0
0
14
1
0
11
0
10
2
0
44
142
255
215
189
146
134
28
5
3
0
0
9
0
12
0
0
0
0
0
0
0
0
0
0
0
0
0
0
0
0
0
0
0
0
0
0
0
0
0
0
0
0
0
0
0
0
0
0
0
0
0
0
0
0
0
0
0
0
0
0
0
0
0
0
0
0
0
0
0
0
0
0
0
0
0
0
0
0
0
0
0
0
0
0
0
0
0
0
0
0
0
0
0
0
0
0
0
0
0
0
0
0
0
0
0
0
0
0
0
0
0
0
0
0
0
0
0
0
0
0
0
0
0
0
0
0
0
0
0
0
