9
0
0
0
0
0
0
0
0
0
0
0
0
5
6
0
0
0
4
0
0
0
0
11
3
0
0
0
0
0
0
0
0
0
0
0
0
2
10
13
4
0
0
1
15
3
5
0
15
0
0
0
0
0
0
0
0
0
0
0
0
0
0
0
0
0
0
0
0
0
2
1
0
0
3
0
0
0
14
5
7
0
0
0
0
0
0
0
0
0
0
0
0
2
7
11
12
7
2
0
0
0
0
13
0
6
11
0
0
0
0
0
0
0
0
0
0
0
0
0
0
3
0
0
0
0
5
4
2
10
0
0
0
0
0
0
6
0
0
0
0
0
0
0
0
0
0
0
0
0
0
6
6
2
0
0
1
0
15
0
19
0
9
3
4
0
0
0
0
0
0
0
0
0
0
0
0
6
5
0
0
5
76
180
255
255
255
188
128
49
0
6
0
0
0
0
0
0
0
0
0
0
0
0
0
3
0
2
74
176
250
255
253
253
241
255
255
226
0
9
0
0
0
0
0
0
0
0
0
0
0
0
0
0
5
78
205
255
237
168
83
9
0
31
247
255
44
0
0
0
0
0
0
0
0
0
0
0
0
0
0
0
33
216
255
228
84
2
0
0
13
138
255
238
73
6
11
0
0
0
0
0
0
0
0
0
0
0
0
0
158
248
255
107
9
0
4
15
41
246
241
239
0
0
0
0
0
0
0
0
0
0
0
0
0
0
0
0
255
244
177
0
0
3
3
0
180
239
240
50
1
0
16
0
0
0
0
0
0
0
0
0
0
0
0
7
248
255
99
1
7
0
25
191
255
255
121
2
0
15
0
0
0
0
0
0
0
0
0
0
0
0
0
0
250
255
104
1
28
108
230
255
237
159
0
4
0
7
0
0
0
0
0
0
0
0
0
0
0
0
0
16
219
253
255
240
254
255
252
245
255
144
0
0
2
7
0
0
0
0
0
0
0
0
0
0
0
0
0
0
70
224
239
255
252
248
255
248
237
22
0
11
0
0
8
0
0
0
0
0
0
0
0
0
0
0
0
5
0
49
98
97
132
251
254
255
74
0
5
3
3
0
0
0
0
0
0
0
0
0
0
0
0
0
0
3
0
0
3
4
174
250
251
118
17
0
0
0
0
1
7
0
0
0
0
0
0
0
0
0
0
0
0
0
0
12
0
125
255
244
84
11
0
0
0
0
1
1
4
0
0
0
0
0
0
0
0
0
0
0
0
9
4
0
29
203
255
202
3
0
3
5
0
1
6
0
0
0
0
0
0
0
0
0
0
0
0
0
0
1
0
19
219
255
218
33
0
0
7
0
0
3
2
0
0
0
0
0
0
0
0
0
0
0
0
0
0
0
25
183
249
253
157
0
0
0
5
0
0
2
0
0
3
0
0
0
0
0
0
0
0
0
0
0
0
6
51
233
253
244
37
0
16
0
7
0
6
2
0
3
0
0
0
0
0
0
0
0
0
0
0
0
0
37
241
253
243
74
2
5
0
1
3
0
0
1
0
14
0
0
0
0
0
0
0
0
0
0
0
0
0
160
248
254
124
4
0
10
0
0
0
0
0
0
0
0
0
0
0
0
0
0
0
0
0
0
0
0
0
94
244
152
0
1
16
0
13
0
0
0
0
0
0
0
0
0
0
0
0
0
0
0
0
0
0
0
0
0
0
0
0
1
0
0
8
0
0
0
0
0
0
0
0
0
0
0
0
0
0
0
0
0
0
0
0
17
0
6
25
1
0
8
0
0
0
0
0
0
0
0
0
0
0
0
0
