4
0
0
0
0
0
0
0
0
0
7
3
0
0
2
0
0
5
0
15
0
0
10
0
5
0
0
0
0
0
0
0
0
0
0
0
0
0
0
2
3
3
3
3
5
0
12
0
0
14
2
0
0
0
0
0
0
0
0
0
0
0
0
0
0
2
0
0
5
0
0
0
0
0
8
0
5
8
0
4
1
0
0
0
0
0
0
0
0
0
0
0
0
8
0
0
0
0
0
2
0
11
0
0
20
0
0
0
0
0
0
0
0
0
0
0
0
0
0
0
0
0
0
0
0
0
9
9
0
0
20
0
0
0
3
0
6
0
0
0
0
0
0
0
0
0
0
0
0
0
5
2
0
6
4
0
0
171
239
65
7
11
0
0
0
0
0
0
0
0
0
0
0
0
0
0
0
0
9
0
0
9
0
0
35
234
237
18
0
0
0
11
3
0
0
0
0
0
0
0
0
0
0
0
0
0
8
0
0
15
0
12
98
255
145
0
10
0
0
4
0
0
0
0
0
0
0
0
0
0
0
0
0
0
1
17
0
3
7
0
135
249
58
1
0
12
5
6
0
0
0
0
0
0
0
0
0
0
0
0
0
7
103
17
0
3
0
3
158
252
48
0
9
0
0
3
7
0
0
0
0
0
0
0
0
0
0
0
0
97
255
87
9
0
0
15
198
242
7
0
58
15
3
0
1
0
0
0
0
0
0
0
0
0
0
0
0
135
255
55
1
2
0
19
255
242
10
34
207
0
1
9
0
0
0
0
0
0
0
0
0
0
0
0
0
153
249
49
0
4
2
59
240
243
111
241
79
0
15
0
12
0
0
0
0
0
0
0
0
0
0
0
0
141
249
40
0
0
0
136
251
245
252
118
0
0
11
0
7
0
0
0
0
0
0
0
0
0
0
0
0
200
239
17
10
11
1
141
244
255
80
0
11
3
0
9
0
0
0
0
0
0
0
0
0
0
0
0
0
213
255
52
9
83
210
255
255
107
0
13
0
0
19
0
0
0
0
0
0
0
0
0
0
0
0
0
0
161
234
214
247
251
232
246
243
91
0
0
3
0
5
0
6
0
0
0
0
0
0
0
0
0
0
0
0
20
168
254
216
113
8
171
255
80
3
4
5
0
6
0
3
0
0
0
0
0
0
0
0
0
0
0
0
0
0
0
0
3
0
239
255
53
1
5
3
0
7
0
1
0
0
0
0
0
0
0
0
0
0
0
0
8
6
0
17
1
2
246
211
20
0
2
0
0
6
1
1
0
0
0
0
0
0
0
0
0
0
0
0
3
0
0
0
0
0
255
190
0
0
2
0
0
5
2
0
0
0
0
0
0
0
0
0
0
0
0
0
0
0
18
0
14
4
255
159
0
4
5
0
0
2
1
0
0
0
0
0
0
0
0
0
0
0
0
0
8
0
15
0
6
0
234
138
0
8
2
0
1
0
0
0
0
0
0
0
0
0
0
0
0
0
0
0
3
0
1
0
3
5
196
118
0
5
0
0
2
0
0
2
0
0
0
0
0
0
0
0
0
0
0
0
0
0
0
0
1
33
85
126
0
0
0
0
0
0
0
0
0
0
0
0
0
0
0
0
0
0
0
0
0
4
7
2
0
0
0
7
0
0
0
0
0
0
0
0
0
0
0
0
0
0
0
0
0
0
0
0
0
0
3
5
5
3
1
0
0
0
0
0
0
0
0
0
0
0
0
0
0
0
0
0
0
0
0
0
4
1
0
0
0
2
4
5
0
0
0
0
0
0
0
0
0
0
0
0
