1
0
0
0
0
0
0
0
0
0
7
3
3
0
0
14
0
0
0
1
5
0
1
3
0
0
0
0
0
0
0
0
0
0
0
0
0
0
7
0
0
18
8
0
4
7
5
6
0
0
0
7
0
0
0
0
0
0
0
0
0
0
0
0
0
3
1
4
7
0
1
0
0
0
0
4
3
0
4
7
0
0
0
0
0
0
0
0
0
0
0
0
0
2
0
0
17
0
11
0
2
6
0
0
6
3
2
2
0
0
0
0
0
0
0
0
0
0
0
0
0
0
8
0
4
7
0
14
155
57
16
0
2
0
0
0
5
0
0
0
0
0
0
0
0
0
0
0
0
0
10
1
0
0
7
129
246
52
11
0
3
1
0
0
3
0
0
0
0
0
0
0
0
0
0
0
0
2
0
1
5
8
97
238
160
10
0
0
5
3
1
0
0
0
0
0
0
0
0
0
0
0
0
0
0
3
0
12
0
0
81
251
156
0
0
3
0
0
1
8
0
0
0
0
0
0
0
0
0
0
0
0
0
0
12
6
0
0
171
239
167
0
0
0
0
0
0
0
0
0
0
0
0
0
0
0
0
0
0
0
0
19
0
0
12
22
248
255
144
0
0
0
0
0
0
0
0
0
0
0
0
0
0
0
0
0
0
0
0
0
0
15
45
203
255
240
172
0
0
0
0
0
0
0
0
0
0
0
0
0
0
0
0
0
0
0
0
0
20
29
192
190
235
255
130
0
0
0
0
0
0
0
0
0
0
0
0
0
0
0
0
0
0
0
0
11
21
206
198
3
241
251
175
0
0
0
0
0
0
0
0
0
0
0
0
0
0
0
0
0
0
0
0
0
26
82
10
0
254
242
142
0
0
0
0
0
0
0
0
0
0
0
0
0
0
0
0
0
0
0
0
9
8
0
6
3
235
255
168
0
0
0
0
0
0
0
0
0
0
0
0
0
0
0
0
0
0
0
0
0
0
3
0
5
89
255
150
0
0
0
0
0
0
0
0
0
0
0
0
0
0
0
0
0
0
0
0
0
14
0
7
0
94
250
152
0
0
3
2
0
0
0
6
0
0
0
0
0
0
0
0
0
0
0
0
0
0
9
0
15
69
255
160
6
4
1
0
5
8
3
0
0
0
0
0
0
0
0
0
0
0
0
0
15
8
0
5
0
93
246
153
0
1
0
0
1
3
2
0
0
0
0
0
0
0
0
0
0
0
0
0
0
0
8
0
0
101
253
157
0
0
0
4
1
0
0
6
0
0
0
0
0
0
0
0
0
0
0
0
16
0
0
16
0
82
235
253
104
42
0
3
11
0
0
2
0
0
0
0
0
0
0
0
0
0
0
0
0
24
0
0
5
177
255
254
250
124
8
0
5
7
0
2
0
0
0
0
0
0
0
0
0
0
0
0
13
0
2
74
252
255
250
226
196
102
9
0
0
5
3
5
0
0
0
0
0
0
0
0
0
0
0
0
0
2
11
61
249
249
147
59
0
0
0
5
6
0
0
0
0
0
0
0
0
0
0
0
0
0
0
0
0
0
0
0
0
0
0
0
0
0
0
0
0
0
0
0
0
0
0
0
0
0
0
0
0
0
0
0
0
0
0
0
0
0
0
0
0
0
0
0
0
0
0
0
0
0
0
0
0
0
0
0
0
0
0
0
0
0
0
0
0
0
0
0
0
0
0
0
0
0
0
0
0
0
0
0
0
0
0
0
0
0
0
0
0
0
0
0
0
0
0
0
0
0
0
0
0
0
0
0
0
0
0
0
