1
0
0
0
0
0
0
0
0
6
0
5
0
0
7
0
0
0
0
0
0
11
6
0
5
0
0
0
0
0
0
0
0
0
0
0
0
0
0
3
2
0
0
0
0
26
0
0
0
1
0
15
0
0
0
0
0
0
0
0
0
0
0
0
0
0
0
0
8
0
0
6
2
0
3
18
0
0
24
0
2
0
0
0
0
0
0
0
0
0
0
0
0
1
3
0
2
0
0
8
0
3
0
3
0
12
0
0
0
0
0
0
0
0
0
0
0
0
0
0
0
2
8
0
0
2
0
0
0
98
230
0
0
5
123
1
3
0
0
0
0
0
0
0
0
0
0
0
0
0
5
4
0
9
1
0
38
247
205
3
0
6
193
3
0
0
0
0
0
0
0
0
0
0
0
0
0
1
0
6
0
12
0
3
140
252
135
19
0
0
199
0
10
0
0
0
0
0
0
0
0
0
0
0
0
7
0
4
0
10
0
26
237
238
17
0
6
0
4
8
0
0
0
0
0
0
0
0
0
0
0
0
0
2
0
2
11
0
6
126
250
178
4
0
5
1
0
0
10
0
0
0
0
0
0
0
0
0
0
0
0
0
0
0
0
0
0
189
253
104
8
0
6
0
8
5
0
0
0
0
0
0
0
0
0
0
0
0
0
7
5
0
3
7
89
255
242
30
5
0
0
0
0
7
0
0
0
0
0
0
0
0
0
0
0
0
0
0
0
0
1
0
190
248
169
3
0
11
0
6
0
0
6
0
0
0
0
0
0
0
0
0
0
0
0
0
0
14
0
54
230
236
80
2
0
9
0
3
76
0
8
0
0
0
0
0
0
0
0
0
0
0
0
11
0
7
7
190
247
233
22
0
5
0
3
0
186
0
0
0
0
0
0
0
0
0
0
0
0
0
0
4
0
0
87
255
247
130
0
0
3
0
7
0
218
0
0
0
0
0
0
0
0
0
0
0
0
0
0
0
11
7
207
255
242
0
6
7
0
0
2
2
181
0
3
0
0
0
0
0
0
0
0
0
0
0
0
0
21
91
243
255
77
0
2
4
0
10
0
13
179
0
5
0
0
0
0
0
0
0
0
0
0
0
0
1
4
208
255
189
20
7
5
0
3
0
0
0
214
3
0
0
0
0
0
0
0
0
0
0
0
0
0
4
80
254
244
41
0
0
0
0
4
0
0
0
182
2
0
0
0
0
0
0
0
0
0
0
0
0
0
11
222
255
176
0
12
8
5
0
0
8
0
3
71
0
2
0
0
0
0
0
0
0
0
0
0
0
0
44
255
245
50
1
0
0
0
0
0
5
0
8
0
0
2
0
0
0
0
0
0
0
0
0
0
0
0
195
253
194
0
20
0
3
11
0
16
0
4
0
0
10
0
0
0
0
0
0
0
0
0
0
0
0
0
255
225
67
0
0
8
0
0
0
10
0
6
0
9
9
0
0
0
0
0
0
0
0
0
0
0
0
0
205
205
0
5
0
0
2
2
0
0
1
3
0
9
0
0
0
0
0
0
0
0
0
0
0
0
0
0
0
0
0
0
0
0
0
0
0
0
0
0
0
0
0
0
0
0
0
0
0
0
0
0
0
0
0
0
0
0
0
0
0
0
0
0
0
0
0
0
0
0
0
0
0
0
0
0
0
0
0
0
0
0
0
0
0
0
0
0
0
0
0
0
0
0
0
0
0
0
0
0
0
0
0
0
0
0
0
0
0
0
0
0
0
0
0
0
0
0
0
0
0
0
0
0
0
0
0
0
0
0
0
0
