3
0
0
0
0
0
0
0
0
8
3
0
3
0
11
12
2
0
14
0
0
7
8
0
0
0
0
0
0
0
0
0
0
0
0
0
0
0
0
1
13
6
0
0
0
1
0
3
0
1
0
19
0
0
0
0
0
0
0
0
0
0
0
0
0
0
8
0
0
8
9
4
12
8
0
7
13
0
0
13
0
0
0
0
0
0
0
0
0
0
0
0
0
0
6
0
2
0
0
0
0
0
17
0
7
1
5
0
3
0
0
0
0
0
0
0
0
0
0
0
0
0
0
0
17
0
16
63
114
226
223
63
0
8
0
0
11
0
0
0
0
0
0
0
0
0
0
0
0
1
3
0
0
27
144
229
255
255
250
105
0
68
30
18
0
0
0
0
0
0
0
0
0
0
0
0
0
0
8
4
17
151
246
255
243
240
254
230
189
255
201
160
2
0
0
0
0
0
0
0
0
0
0
0
0
5
0
1
53
255
255
247
252
255
247
252
249
255
246
219
0
0
0
0
0
5
0
0
0
4
0
0
0
5
0
6
60
237
255
254
248
255
245
249
255
251
215
32
0
0
0
0
0
0
0
0
4
6
4
1
1
9
0
0
0
40
126
155
139
113
163
255
252
255
192
11
0
0
0
0
0
1
4
4
0
0
0
0
0
0
5
11
6
0
0
0
7
87
178
239
255
245
79
0
0
0
0
0
0
2
4
0
0
0
1
4
1
8
1
6
0
8
28
78
172
224
255
248
250
163
8
2
11
0
0
0
0
0
0
0
0
3
8
8
3
1
0
18
0
6
146
239
255
255
244
249
175
13
1
0
0
0
0
0
0
0
0
1
6
5
0
0
0
3
12
4
0
0
212
255
250
255
243
255
219
0
13
3
3
0
0
0
0
4
0
1
6
0
0
0
16
0
1
0
7
45
252
250
254
247
255
241
255
25
0
4
0
0
0
0
0
3
0
0
3
0
0
30
70
45
2
8
0
11
214
251
208
249
255
255
223
13
13
0
2
0
0
0
0
0
5
0
0
4
55
170
251
218
36
2
0
7
17
59
27
99
242
247
148
0
2
14
0
0
0
0
0
6
0
3
13
0
227
251
255
244
165
0
11
12
0
2
76
185
255
255
100
23
0
0
0
0
0
0
0
0
9
0
0
9
209
255
238
255
253
21
0
0
0
149
236
238
255
166
0
0
0
0
19
0
0
0
0
0
1
1
4
0
226
243
255
244
254
255
249
255
255
249
250
255
243
61
0
15
0
2
0
0
0
0
0
3
0
1
15
0
183
255
245
244
255
244
255
240
236
250
255
245
181
1
0
0
0
12
1
0
0
0
0
0
8
4
0
0
22
187
253
255
226
255
255
242
255
255
194
82
22
0
7
9
3
0
0
0
0
0
0
0
0
9
3
0
3
29
251
255
253
250
255
255
221
225
23
15
0
4
0
0
0
0
9
0
0
0
0
9
0
0
0
16
3
0
81
178
255
250
219
114
54
1
0
0
10
2
2
3
1
6
0
0
0
0
0
0
0
0
0
0
0
0
0
0
0
0
0
0
0
0
0
0
0
0
0
0
0
0
0
0
0
0
0
0
0
0
0
0
0
0
0
0
0
0
0
0
0
0
0
0
0
0
0
0
0
0
0
0
0
0
0
0
0
0
0
0
0
0
0
0
0
0
0
0
0
0
0
0
0
0
0
0
0
0
0
0
0
0
0
0
0
0
0
0
0
0
0
0
0
0
0
0
0
0
0
0
0
0
0
0
0
0
0
0
0
0
0
