1
0
0
0
0
0
0
0
0
0
2
0
0
12
3
0
7
1
0
0
0
0
4
5
3
0
0
0
0
0
0
0
0
0
0
0
0
9
0
7
11
0
0
0
0
1
1
0
0
0
1
2
1
0
0
0
0
0
0
0
0
0
0
0
0
0
9
1
0
4
6
0
8
0
1
1
1
0
0
0
0
0
0
0
0
0
0
0
0
0
0
0
0
0
10
0
0
0
8
0
0
0
0
1
2
0
0
0
2
0
0
0
0
0
0
0
0
0
0
0
0
0
0
5
6
28
217
247
76
0
0
0
2
2
0
0
4
0
0
0
0
0
0
0
0
0
0
0
0
7
0
0
0
19
219
255
124
7
0
0
1
3
0
0
5
0
0
0
0
0
0
0
0
0
0
0
0
0
0
0
27
9
86
168
237
17
3
0
0
4
0
0
2
0
0
0
0
0
0
0
0
0
0
0
0
0
14
0
0
0
163
255
248
25
6
0
0
4
0
0
0
0
0
0
0
0
0
0
0
0
0
0
0
0
3
2
0
35
228
240
253
111
0
0
3
0
1
3
2
0
0
0
0
0
0
0
0
0
0
0
0
1
2
2
1
51
247
254
255
167
15
4
1
0
0
2
1
0
0
0
0
0
0
0
0
0
0
0
0
0
0
0
1
59
255
255
254
166
1
0
0
7
10
0
0
0
0
0
0
0
0
0
0
0
0
0
0
0
0
0
0
57
253
251
246
234
41
0
0
0
2
1
6
0
0
0
0
0
0
0
0
0
0
0
0
4
2
0
2
55
251
252
252
241
49
8
4
0
0
0
4
0
0
0
0
0
0
0
0
0
0
0
0
2
2
1
2
54
250
255
255
167
1
0
8
9
3
0
0
0
0
0
0
0
0
0
0
0
0
0
0
0
0
0
0
54
251
254
255
174
10
0
0
0
0
1
8
0
0
0
0
0
0
0
0
0
0
0
0
3
1
0
3
58
255
253
251
161
5
0
3
0
2
0
0
0
0
0
0
0
0
0
0
0
0
0
0
0
0
4
5
51
251
248
255
131
2
2
0
3
12
0
1
0
0
0
0
0
0
0
0
0
0
0
0
3
5
0
0
67
250
255
249
47
0
4
0
3
0
0
4
0
0
0
0
0
0
0
0
0
0
0
0
0
2
0
0
70
243
255
248
14
0
3
0
4
0
4
2
0
0
0
0
0
0
0
0
0
0
0
0
0
7
2
0
65
251
249
255
89
10
0
0
2
0
7
0
0
0
0
0
0
0
0
0
0
0
0
0
0
0
2
0
51
255
236
255
171
7
0
0
0
4
2
0
0
0
0
0
0
0
0
0
0
0
0
0
4
0
0
0
54
255
254
255
158
0
2
4
0
1
0
3
0
0
0
0
0
0
0
0
0
0
0
0
9
2
6
4
62
223
255
242
76
0
4
0
1
0
0
5
0
0
0
0
0
0
0
0
0
0
0
0
0
2
6
0
31
134
248
189
9
6
2
0
12
3
0
0
0
0
0
0
0
0
0
0
0
0
0
0
0
0
0
0
0
0
0
0
0
0
0
0
0
0
0
0
0
0
0
0
0
0
0
0
0
0
0
0
0
0
0
0
0
0
0
0
0
0
0
0
0
0
0
0
0
0
0
0
0
0
0
0
0
0
0
0
0
0
0
0
0
0
0
0
0
0
0
0
0
0
0
0
0
0
0
0
0
0
0
0
0
0
0
0
0
0
0
0
0
0
0
0
0
0
0
0
0
0
0
0
0
0
0
0
