0
0
0
0
0
0
0
0
0
0
4
1
0
11
3
0
11
9
0
9
16
0
11
3
0
0
0
0
0
0
0
0
0
0
0
0
0
4
6
5
0
0
10
5
5
4
0
7
0
11
3
0
0
0
0
0
0
0
0
0
0
0
0
0
0
0
0
8
10
0
2
0
0
0
8
1
0
2
0
13
0
0
0
0
0
0
0
0
0
0
0
0
0
13
0
0
1
0
0
0
5
0
12
0
14
0
0
0
0
0
0
0
0
0
0
0
0
0
0
0
0
1
5
2
0
6
3
0
26
143
125
31
12
0
0
0
20
0
0
0
0
0
0
0
0
0
0
0
0
0
0
5
5
5
0
17
133
250
249
122
0
15
9
0
0
0
0
0
0
0
0
0
0
0
0
0
0
12
0
0
0
7
45
131
251
231
192
112
0
0
0
6
7
0
0
0
0
0
0
0
0
0
0
0
0
0
0
4
0
71
205
255
234
64
0
90
195
101
30
0
0
0
0
0
0
2
0
3
0
13
3
1
0
1
0
0
74
226
255
244
58
26
210
252
248
252
160
159
22
0
0
0
0
0
0
0
5
0
0
0
7
0
12
108
255
255
231
67
16
229
255
219
229
173
255
255
188
0
0
0
0
0
11
0
9
8
0
15
0
0
126
246
248
211
5
0
55
250
91
15
18
6
152
252
255
0
0
0
0
0
3
0
0
8
0
0
18
137
236
255
196
14
18
0
53
255
54
8
0
3
70
245
255
0
0
0
0
6
0
0
0
0
15
0
141
242
255
172
30
0
7
0
0
72
19
0
1
0
67
254
249
0
0
0
0
7
6
3
0
15
0
107
253
255
220
48
1
15
0
7
21
0
21
0
10
0
75
255
253
0
0
0
0
0
0
0
0
21
33
226
252
193
4
3
21
0
9
6
0
0
0
0
0
8
120
255
246
0
0
0
0
5
0
14
11
0
221
255
227
62
0
10
0
5
0
0
1
1
0
17
0
4
208
243
188
0
0
0
0
4
0
4
0
61
255
232
139
0
1
8
0
0
6
1
0
1
0
5
2
104
255
214
50
0
0
0
0
0
0
21
0
179
255
238
17
9
0
0
0
0
4
1
1
0
0
6
122
247
247
134
0
0
0
0
0
0
10
0
0
255
246
79
10
0
0
0
1
2
0
0
3
0
64
154
234
250
132
6
0
0
0
0
0
0
0
0
19
239
255
55
0
0
4
7
9
2
0
8
12
60
224
249
247
155
2
0
6
0
0
0
0
0
3
0
12
255
241
133
9
0
7
0
2
52
134
228
255
244
236
161
49
0
0
0
0
0
0
0
0
1
1
0
0
216
255
227
194
132
171
182
215
248
255
253
201
93
65
0
0
3
2
36
0
0
0
0
0
0
0
24
0
50
225
254
255
249
255
249
245
219
158
100
18
14
0
3
7
3
0
0
3
0
0
0
0
4
10
0
0
0
13
36
104
139
129
63
36
11
0
12
0
0
3
3
0
3
0
0
11
0
0
0
0
0
0
0
0
0
0
0
0
0
0
0
0
0
0
0
0
0
0
0
0
0
0
0
0
0
0
0
0
0
0
0
0
0
0
0
0
0
0
0
0
0
0
0
0
0
0
0
0
0
0
0
0
0
0
0
0
0
0
0
0
0
0
0
0
0
0
0
0
0
0
0
0
0
0
0
0
0
0
0
0
0
0
0
0
0
0
0
0
0
0
0
0
0
0
0
0
0
0
0
0
0
0
0
0
0
0
0
0
0
0
0
0
