1
0
0
0
0
0
0
0
0
0
4
0
3
0
4
1
1
0
0
0
0
0
0
0
0
0
0
0
0
0
0
0
0
0
0
0
0
10
0
0
10
0
3
3
0
0
0
0
0
0
0
0
0
0
0
0
0
0
0
0
0
0
0
0
0
0
9
0
0
11
1
0
10
0
0
0
0
0
0
0
0
0
0
0
0
0
0
0
0
0
0
0
0
0
0
10
11
0
0
14
0
0
0
0
0
0
0
0
0
0
0
0
0
0
0
0
0
0
0
0
0
8
5
0
0
10
0
0
0
0
0
0
0
0
0
0
0
0
0
0
0
0
0
0
0
0
0
0
0
0
13
18
0
6
207
252
107
0
0
0
0
0
0
0
0
0
0
0
0
0
0
0
0
0
0
0
0
14
5
0
0
44
235
255
159
0
0
0
0
0
0
0
0
0
0
0
0
0
0
0
0
0
0
0
0
0
5
0
13
26
249
255
86
0
0
0
0
0
0
0
0
0
0
0
0
0
0
0
0
0
0
0
0
0
2
0
6
25
250
253
170
4
0
0
0
0
4
0
5
0
0
0
0
0
0
0
0
0
0
0
0
1
1
0
0
24
253
255
208
26
3
2
0
0
3
0
2
0
0
0
0
0
0
0
0
0
0
0
0
4
0
0
0
27
254
255
245
48
3
0
4
0
2
0
0
0
0
0
0
0
0
0
0
0
0
0
0
2
0
4
2
32
253
244
255
57
0
0
4
0
1
1
0
0
0
0
0
0
0
0
0
0
0
0
0
2
0
4
2
32
253
244
255
57
0
0
4
0
1
1
0
0
0
0
0
0
0
0
0
0
0
0
0
4
0
0
0
27
254
255
245
48
3
0
4
0
2
0
0
0
0
0
0
0
0
0
0
0
0
0
0
1
1
0
0
24
253
255
208
26
3
2
0
0
3
0
2
0
0
0
0
0
0
0
0
0
0
0
0
0
2
0
6
25
250
253
170
4
0
0
0
0
4
0
5
0
0
0
0
0
0
0
0
0
0
0
0
0
1
0
11
18
254
255
157
0
0
0
0
0
0
0
0
0
0
0
0
0
0
0
0
0
0
0
0
0
10
1
0
68
255
245
59
0
0
0
0
0
0
0
0
0
0
0
0
0
0
0
0
0
0
0
0
2
0
0
2
159
255
250
37
0
0
0
0
0
0
0
0
0
0
0
0
0
0
0
0
0
0
0
0
7
0
0
6
176
241
248
23
0
0
0
0
0
0
0
0
0
0
0
0
0
0
0
0
0
0
0
0
0
6
4
2
160
252
255
17
0
0
0
0
0
0
0
0
0
0
0
0
0
0
0
0
0
0
0
0
0
2
0
31
198
255
251
29
0
0
0
0
0
0
0
0
0
0
0
0
0
0
0
0
0
0
0
0
13
4
0
53
242
243
163
4
0
0
0
0
0
0
0
0
0
0
0
0
0
0
0
0
0
0
0
0
0
14
1
51
255
247
135
6
0
0
0
0
0
0
0
0
0
0
0
0
0
0
0
0
0
0
0
0
0
5
0
79
247
242
86
0
0
0
0
0
0
0
0
0
0
0
0
0
0
0
0
0
0
0
0
0
0
9
0
0
6
0
0
1
0
0
0
0
0
0
0
0
0
0
0
0
0
0
0
0
0
0
0
0
8
0
3
7
0
2
9
0
0
0
0
0
0
0
0
0
0
0
0
0
0
0
0
0
0
0
0
0
0
0
0
5
0
4
6
0
0
0
0
0
0
0
0
0
0
0
0
0
