9
0
0
0
0
0
0
0
0
0
0
0
2
11
3
0
0
3
4
2
0
0
0
0
5
0
0
0
0
0
0
0
0
0
0
0
0
0
5
5
0
0
0
6
9
0
0
0
4
10
8
0
0
0
0
0
0
0
0
0
0
0
0
0
0
3
0
0
1
0
0
1
0
8
6
2
0
0
0
2
6
0
0
0
0
0
0
0
0
0
0
0
0
7
0
0
11
3
0
0
0
0
0
0
0
0
0
0
1
0
0
0
0
0
0
0
0
0
0
0
0
0
0
3
5
0
0
1
13
12
4
0
1
8
9
1
0
0
0
0
0
0
0
0
0
0
0
0
0
0
7
0
0
2
6
0
0
0
0
0
1
0
0
0
2
0
0
0
0
0
0
0
0
0
0
0
0
0
8
0
0
15
5
0
19
11
11
9
5
1
0
0
0
0
0
0
0
0
0
0
0
0
0
0
0
0
7
0
2
7
0
16
137
255
174
62
0
0
7
8
0
0
0
0
0
0
0
0
0
0
0
0
0
0
6
0
0
13
33
190
251
244
255
197
0
17
0
3
1
0
0
0
0
0
0
0
0
0
0
0
0
0
0
9
0
29
227
255
149
55
217
247
59
0
6
0
0
0
0
0
0
0
0
0
0
0
0
0
0
0
15
0
30
217
248
182
31
152
255
255
72
0
2
0
11
0
0
0
0
0
0
0
0
0
0
0
0
0
6
0
87
255
246
40
238
255
255
225
41
14
0
0
2
0
0
0
0
0
0
0
0
0
0
0
0
15
4
0
240
251
188
237
249
250
254
206
19
6
0
10
0
0
0
0
0
0
0
0
0
0
0
0
0
0
11
0
185
232
244
255
255
255
252
125
2
0
0
7
4
0
0
0
0
0
0
0
0
0
0
0
0
26
0
9
31
214
213
101
121
255
209
15
0
7
13
0
0
0
0
0
0
0
0
0
0
0
0
0
0
0
19
0
2
0
17
0
224
254
213
0
0
11
0
0
5
0
0
0
0
0
0
0
0
0
0
0
0
4
0
2
0
0
0
32
255
249
117
17
0
0
0
0
3
0
0
0
0
0
0
0
0
0
0
0
0
2
0
2
0
12
0
173
255
232
20
0
8
6
16
0
0
0
0
0
0
0
0
0
0
0
0
0
0
3
15
1
0
16
33
237
255
117
0
0
6
0
14
0
0
0
0
0
0
0
0
0
0
0
0
0
0
0
8
0
3
3
155
255
242
1
14
4
0
0
0
5
0
0
0
0
0
0
0
0
0
0
0
0
0
7
0
0
10
26
249
255
130
0
3
0
1
10
0
0
1
0
0
0
0
0
0
0
0
0
0
0
0
9
5
7
0
134
255
209
4
20
0
3
11
0
4
0
0
0
0
0
0
0
0
0
0
0
0
0
0
0
3
0
46
240
248
100
0
4
0
17
4
0
4
5
0
0
0
0
0
0
0
0
0
0
0
0
0
13
0
4
165
255
227
3
7
0
19
0
0
12
0
2
0
0
0
0
0
0
0
0
0
0
0
0
0
0
8
7
235
246
62
0
10
0
0
0
0
0
0
0
0
0
0
0
0
0
0
0
0
0
0
0
0
5
0
97
254
121
9
9
0
0
0
0
0
0
0
0
0
0
0
0
0
0
0
0
0
0
0
0
0
2
0
84
131
15
0
0
0
0
0
0
0
0
0
0
0
0
0
0
0
0
0
0
0
0
0
0
0
0
8
8
0
0
10
0
12
0
0
0
0
0
0
0
0
0
0
0
0
