2
0
0
0
0
0
0
0
0
0
7
2
0
5
2
0
0
0
9
0
0
5
5
0
0
0
0
0
0
0
0
0
0
0
0
0
0
17
0
0
1
0
4
12
0
14
0
0
26
0
0
10
0
0
0
0
0
0
0
0
0
0
0
0
0
5
0
0
8
2
0
0
3
0
9
0
0
0
9
2
4
0
0
0
0
0
0
0
0
0
0
0
0
0
10
19
0
0
49
143
201
193
252
171
17
15
2
0
0
0
0
0
0
0
0
0
0
0
0
0
0
15
0
0
0
19
156
255
243
243
255
247
133
0
0
12
1
0
0
0
0
0
0
0
0
0
0
0
0
0
16
27
106
232
255
248
255
250
240
254
255
32
4
0
0
0
0
0
0
0
0
0
0
0
0
0
0
0
29
157
255
255
254
255
223
187
217
251
255
63
7
0
7
0
0
0
0
0
0
0
0
0
0
0
0
86
210
255
243
255
246
135
20
0
126
255
237
79
0
6
0
0
0
0
0
0
3
0
3
10
0
5
95
255
248
253
230
186
52
0
2
0
76
251
242
85
2
0
4
0
0
0
0
0
6
0
0
0
0
84
230
244
253
244
57
0
14
7
4
5
149
255
255
55
12
0
6
0
0
0
0
0
4
0
0
0
4
112
255
255
205
65
2
19
0
0
0
66
255
238
252
74
0
5
0
0
0
0
0
0
1
0
2
5
0
49
140
236
81
3
0
0
0
8
29
202
237
255
177
21
10
7
0
0
0
0
0
0
1
0
0
8
0
0
7
7
0
0
3
7
12
78
211
255
254
228
49
0
12
0
6
0
0
0
0
0
6
0
0
1
5
0
0
0
14
0
6
8
106
253
255
255
212
58
0
5
0
0
9
0
0
0
0
0
5
3
0
0
3
6
6
8
0
26
109
191
255
249
255
185
31
0
18
0
4
13
0
0
0
0
0
0
1
4
2
0
0
0
0
51
159
217
255
241
255
253
171
2
16
0
0
9
0
0
0
0
0
0
0
0
0
4
0
6
4
22
164
249
241
254
255
248
202
43
0
4
0
0
5
0
0
3
2
15
0
14
0
8
0
1
5
1
0
187
255
249
255
247
237
114
0
1
0
0
14
6
153
74
5
11
0
0
0
9
10
0
11
0
0
12
5
244
228
255
245
196
31
9
14
0
12
21
0
0
240
249
220
202
125
130
56
0
0
1
0
0
8
9
6
143
255
246
250
253
183
117
74
67
68
50
53
121
248
255
252
255
247
234
128
1
1
0
0
10
5
0
0
32
212
255
249
255
255
250
249
238
255
255
250
255
241
253
247
244
252
255
155
13
5
3
0
12
0
0
8
0
8
132
252
248
245
252
255
255
250
239
255
245
251
255
252
251
255
189
93
0
0
13
0
0
11
7
0
5
0
13
24
144
158
175
255
243
255
253
255
240
255
218
148
88
35
1
0
3
1
0
10
1
2
0
0
6
0
0
6
0
0
21
0
1
1
4
0
1
5
0
0
11
0
9
0
14
0
0
0
0
0
0
0
0
0
0
0
0
0
0
0
0
0
0
0
0
0
0
0
0
0
0
0
0
0
0
0
0
0
0
0
0
0
0
0
0
0
0
0
0
0
0
0
0
0
0
0
0
0
0
0
0
0
0
0
0
0
0
0
0
0
0
0
0
0
0
0
0
0
0
0
0
0
0
0
0
0
0
0
0
0
0
0
0
0
0
0
0
0
0
0
0
0
0
0
0
0
0
0
0
0
0
0
0
0
0
0
0
0
