5
0
0
0
0
0
0
0
0
0
0
0
0
0
0
0
0
0
0
0
0
0
0
0
0
0
0
0
0
0
0
0
0
0
0
0
0
0
0
0
0
0
0
0
0
0
0
0
0
0
0
0
0
0
0
0
0
0
0
0
0
0
0
0
0
0
0
0
0
0
0
0
0
0
0
0
0
0
0
0
0
0
0
0
0
0
0
0
0
0
0
0
0
0
0
0
0
0
0
0
0
0
0
0
0
0
0
0
0
0
0
0
0
0
0
0
0
0
0
0
0
0
0
0
0
0
0
0
0
0
0
0
0
0
0
0
0
0
0
0
0
0
0
0
0
0
0
0
0
0
0
0
0
0
0
0
0
0
0
0
0
0
0
0
0
0
0
0
0
0
0
0
0
0
0
0
0
0
0
0
0
0
0
0
0
0
0
0
0
0
0
0
0
0
0
0
0
0
0
0
0
0
0
0
0
0
0
0
0
0
0
0
0
0
0
0
0
0
0
0
0
0
0
0
0
0
0
0
0
0
0
0
0
2
0
7
18
24
28
20
18
20
67
121
129
114
142
196
223
151
61
0
0
0
0
0
0
0
0
0
0
8
86
197
252
252
244
255
247
255
255
254
247
254
251
248
255
255
147
25
0
0
0
0
0
0
0
0
0
14
234
255
251
255
255
233
255
237
255
245
225
226
183
132
131
99
41
0
0
0
0
0
0
0
0
0
0
61
244
236
255
239
255
155
67
80
78
32
0
2
7
0
0
0
0
2
10
0
0
0
0
0
0
0
0
133
255
255
255
244
225
124
21
0
0
2
6
0
0
0
0
10
4
0
0
0
0
0
0
0
0
0
0
43
190
227
205
255
255
250
230
62
12
0
5
0
0
7
12
0
0
0
3
0
0
0
0
0
0
0
0
0
8
13
0
46
116
208
247
207
120
20
0
1
15
0
0
0
0
2
2
0
0
0
0
0
0
0
0
0
11
0
13
14
0
13
211
255
251
147
27
0
0
0
10
3
0
0
0
2
1
0
3
2
0
1
31
0
8
0
0
2
2
3
13
202
247
246
51
9
0
18
0
0
0
0
0
0
0
3
3
0
3
83
185
53
0
0
7
4
2
0
17
60
255
255
186
0
18
0
2
0
0
0
0
0
0
1
3
0
8
125
255
241
112
72
31
0
24
61
117
214
244
245
48
1
0
0
19
0
0
0
0
2
0
0
1
0
0
74
173
255
238
253
242
219
235
249
255
227
255
117
0
9
13
0
0
0
0
0
0
1
0
0
0
1
0
9
42
153
221
255
255
255
240
255
255
228
13
0
1
0
6
0
5
0
0
0
0
0
5
3
0
2
0
0
0
6
24
0
64
135
129
111
61
7
11
0
18
0
0
3
6
0
0
0
0
0
6
3
0
1
3
0
2
0
3
0
1
0
0
6
6
6
0
11
0
0
16
0
0
0
0
0
0
0
3
0
0
2
0
0
0
4
0
9
11
0
0
11
0
0
0
4
0
1
2
3
3
0
0
0
0
0
0
0
0
0
0
0
0
0
0
0
0
0
0
0
0
0
0
0
0
0
0
0
0
0
0
0
0
0
0
0
0
0
0
0
0
0
0
0
0
0
0
0
0
0
0
0
0
0
0
0
0
0
0
0
0
0
0
0
0
0
0
0
0
0
0
0
0
0
0
0
0
0
0
0
0
0
0
0
0
0
0
0
0
0
0
0
0
0
0
0
0
0
0
0
0
0
0
0
0
0
0
0
0
0
0
0
0
0
0
0
0
