1
0
0
0
0
0
0
0
0
0
6
0
0
0
0
0
1
0
15
0
10
8
3
0
0
0
0
0
0
0
0
0
0
0
0
0
0
0
0
0
1
6
2
2
0
0
0
20
0
0
17
0
14
0
0
0
0
0
0
0
0
0
0
0
0
5
0
0
2
0
0
0
0
7
6
0
4
16
0
0
0
0
0
0
0
0
0
0
0
0
0
0
0
1
0
10
1
0
0
2
0
0
0
0
10
0
4
23
0
0
0
0
0
0
0
0
0
0
0
0
0
0
0
12
0
0
14
4
0
115
255
132
3
19
0
2
6
0
0
0
0
0
0
0
0
0
0
0
0
2
0
3
0
4
14
0
0
228
255
206
0
3
2
0
2
0
0
0
0
0
0
0
0
0
0
0
0
7
0
1
0
4
0
0
60
247
239
108
0
17
0
0
0
0
0
0
0
0
0
0
0
0
0
0
0
2
0
6
0
4
0
13
158
249
255
53
2
0
7
0
7
0
0
0
0
0
0
0
0
0
0
0
0
0
0
12
0
8
0
15
224
250
240
18
0
8
0
0
10
0
0
0
0
0
0
0
0
0
0
0
0
6
0
10
0
0
4
0
253
255
168
2
0
7
2
0
0
0
0
0
0
0
0
0
0
0
0
0
0
4
0
1
4
0
10
59
255
255
83
0
4
0
4
5
0
0
0
0
0
0
0
0
0
0
0
0
0
1
0
0
8
1
2
211
244
236
30
0
0
0
1
4
0
0
0
0
0
0
0
0
0
0
0
0
0
4
9
0
1
5
11
255
240
154
5
6
0
0
2
0
3
0
0
0
0
0
0
0
0
0
0
0
0
0
13
0
0
2
77
251
255
55
0
6
0
5
4
0
6
0
0
0
0
0
0
0
0
0
0
0
0
0
0
0
0
13
175
239
230
2
0
0
0
7
0
1
1
0
0
0
0
0
0
0
0
0
0
0
0
3
0
2
4
31
240
255
160
0
10
0
2
2
0
5
0
0
0
0
0
0
0
0
0
0
0
0
0
0
10
0
3
80
255
225
46
0
0
0
0
0
0
0
0
0
0
0
0
0
0
0
0
0
0
0
0
12
0
0
0
136
234
255
4
0
0
0
0
0
0
0
0
0
0
0
0
0
0
0
0
0
0
0
0
0
0
5
6
212
255
204
0
0
0
0
0
0
0
0
0
0
0
0
0
0
0
0
0
0
0
0
0
0
10
0
59
255
255
74
5
0
0
0
0
0
0
0
0
0
0
0
0
0
0
0
0
0
0
0
0
6
0
0
152
255
238
76
0
0
0
0
0
0
0
0
0
0
0
0
0
0
0
0
0
0
0
0
0
9
0
10
235
252
255
69
0
0
0
0
0
0
0
0
0
0
0
0
0
0
0
0
0
0
0
0
0
0
0
14
233
246
225
11
7
0
0
0
0
0
0
0
0
0
0
0
0
0
0
0
0
0
0
0
0
2
5
0
176
238
67
4
0
0
0
0
0
0
0
0
0
0
0
0
0
0
0
0
0
0
0
0
0
0
0
0
0
0
0
0
0
0
0
0
0
0
0
0
0
0
0
0
0
0
0
0
0
0
0
0
0
0
0
0
0
0
0
0
0
0
0
0
0
0
0
0
0
0
0
0
0
0
0
0
0
0
0
0
0
0
0
0
0
0
0
0
0
0
0
0
0
0
0
0
0
0
0
0
0
0
0
0
0
0
0
0
0
0
0
0
0
0
0
0
0
0
0
0
0
0
0
0
0
0
0
0
0
