8
0
0
0
0
0
0
0
0
8
0
0
2
6
1
0
0
0
12
1
2
1
6
0
5
0
0
0
0
0
0
0
0
0
0
0
0
0
1
0
0
0
3
10
8
13
0
0
0
7
0
13
2
0
0
0
0
0
0
0
0
0
0
0
0
8
0
0
8
9
0
0
0
0
8
0
21
0
18
0
0
0
0
0
0
0
0
0
0
0
0
0
0
0
0
2
3
0
0
0
15
11
0
0
0
12
0
0
23
0
0
0
0
0
0
0
0
0
0
0
0
1
3
0
0
0
12
5
0
0
0
8
0
4
8
17
0
0
0
0
0
0
0
0
0
0
0
0
0
8
0
0
5
0
0
12
48
117
194
255
227
33
0
0
0
0
0
0
0
0
0
0
0
0
0
0
0
0
0
6
5
0
23
130
240
255
223
255
255
190
42
9
6
0
0
0
0
0
0
0
0
0
0
0
0
1
8
0
0
79
203
255
249
249
255
228
242
255
166
17
0
0
0
0
0
0
0
0
0
0
0
0
0
16
0
9
82
253
254
162
102
251
91
0
11
198
254
7
0
0
0
0
0
0
0
0
0
0
0
0
0
0
3
94
244
245
116
0
54
93
0
4
0
224
243
8
3
0
0
0
0
0
0
0
0
0
0
0
0
4
3
207
255
106
5
16
0
4
7
0
76
250
207
18
0
0
0
0
0
0
0
0
0
0
0
0
0
0
54
253
251
4
0
0
9
4
0
48
245
231
83
0
2
0
0
0
0
0
0
0
0
0
0
0
0
0
39
249
248
5
18
0
0
0
30
241
248
101
0
0
0
0
0
0
0
0
0
0
0
0
0
0
0
12
0
207
249
58
0
0
6
96
233
251
86
0
3
0
0
0
0
0
0
0
0
0
0
0
0
0
0
0
12
99
255
173
34
0
146
237
255
66
4
8
0
0
18
0
0
0
0
0
0
0
0
0
0
0
0
6
0
0
178
255
204
237
249
202
64
0
0
0
0
23
0
0
0
0
0
0
0
0
0
0
0
0
0
7
1
0
41
255
255
243
144
18
13
0
0
12
0
2
0
0
0
0
0
0
0
0
0
0
0
0
0
0
0
9
111
227
254
255
139
0
0
3
0
2
0
5
0
0
0
0
0
0
0
0
0
0
0
0
0
9
5
155
255
155
133
231
216
72
0
0
0
0
2
3
0
0
0
0
0
0
0
0
0
0
0
1
1
23
161
255
118
0
2
88
255
191
10
0
3
5
3
0
2
0
0
0
0
0
0
0
0
0
1
2
3
149
255
216
16
0
19
15
212
234
19
0
8
1
1
0
7
0
0
0
0
0
0
0
0
0
1
3
4
254
205
14
0
1
0
0
163
255
48
7
0
0
10
8
0
0
0
0
0
1
0
0
0
0
1
4
5
247
234
11
0
23
33
96
241
243
47
2
0
0
8
11
0
0
0
0
0
1
0
0
0
0
1
4
6
197
253
229
209
209
222
255
246
153
0
0
17
2
0
1
6
0
0
0
0
0
0
0
0
0
0
0
0
8
160
238
238
172
193
141
88
0
0
0
0
0
0
0
0
0
0
0
0
0
0
0
0
0
0
0
0
0
6
0
13
0
9
0
10
0
0
0
0
0
0
0
0
0
0
0
0
0
0
0
0
0
0
0
0
6
0
0
1
3
0
0
0
0
0
0
0
0
0
0
0
0
0
0
0
0
0
0
0
0
0
0
0
0
5
20
0
3
0
6
0
0
0
0
0
0
0
0
0
0
0
0
0
