6
0
0
0
0
0
0
0
0
0
0
0
2
0
0
0
10
4
0
0
2
8
0
0
5
0
0
0
0
0
0
0
0
0
0
0
0
0
8
0
13
10
0
16
0
0
5
12
0
0
0
17
0
0
0
0
0
0
0
0
0
0
0
0
0
8
0
17
0
0
7
0
19
0
5
114
252
237
26
0
1
0
0
0
0
0
0
0
0
0
0
0
0
0
6
0
0
1
0
0
1
43
213
255
253
218
43
0
11
0
0
0
0
0
0
0
0
0
0
0
0
0
17
0
0
18
5
0
3
170
253
255
241
88
1
20
0
0
0
0
0
0
0
0
0
0
0
0
0
1
0
4
3
0
0
41
177
247
255
120
57
8
0
0
0
0
0
0
0
0
0
0
0
0
0
0
0
0
10
0
21
0
15
192
241
249
165
25
0
0
7
0
9
0
0
0
0
0
0
0
0
0
0
0
0
0
9
0
0
26
183
255
102
45
4
0
6
0
0
3
0
0
0
0
0
5
6
0
0
0
0
4
0
0
0
0
0
167
247
194
88
9
0
1
11
0
0
15
0
0
0
0
0
0
0
0
6
3
0
3
0
0
18
39
202
254
190
37
0
0
9
3
0
0
0
0
6
0
0
0
0
10
0
2
6
0
0
0
1
0
24
156
255
148
22
0
10
0
9
0
0
11
14
0
0
0
0
0
0
3
0
0
0
0
4
3
6
5
124
253
202
21
1
0
0
5
0
9
10
0
0
1
3
0
0
0
0
0
0
6
0
5
5
0
0
128
255
252
19
5
0
22
9
5
0
0
6
5
8
0
2
0
0
0
0
8
8
10
0
4
0
0
57
209
253
98
10
0
6
0
0
4
17
20
16
56
46
0
7
0
0
0
0
0
0
0
0
6
4
43
203
255
98
0
0
8
0
4
29
45
147
237
250
255
195
43
0
0
0
0
0
0
0
3
0
11
0
47
255
164
0
9
6
0
30
44
217
255
253
255
241
255
255
129
11
0
0
0
0
0
15
0
8
0
0
196
236
52
0
1
54
119
208
255
255
243
208
185
154
254
255
44
2
0
0
0
0
4
6
0
0
0
66
238
113
5
0
117
233
246
255
226
116
56
0
6
107
243
188
23
0
0
0
0
0
1
0
20
0
2
139
255
194
86
124
228
244
255
226
48
5
0
26
177
242
255
35
0
13
0
0
0
0
0
17
0
0
6
39
197
255
246
255
251
254
242
226
210
163
215
231
243
255
138
19
0
0
0
0
0
0
8
0
5
0
2
0
29
168
255
243
255
255
248
255
255
243
255
219
148
116
0
10
6
19
0
0
0
0
0
0
0
7
12
0
20
40
255
209
113
85
8
12
128
80
103
15
5
0
0
0
0
0
0
0
0
0
9
0
11
1
0
4
0
0
0
17
0
0
19
5
0
5
11
0
0
23
0
12
0
14
0
0
0
0
0
3
0
4
0
0
8
0
6
0
0
0
0
0
1
2
0
12
2
0
0
0
0
0
0
0
0
0
0
0
0
0
0
0
0
0
0
0
0
0
0
0
0
0
0
0
0
0
0
0
0
0
0
0
0
0
0
0
0
0
0
0
0
0
0
0
0
0
0
0
0
0
0
0
0
0
0
0
0
0
0
0
0
0
0
0
0
0
0
0
0
0
0
0
0
0
0
0
0
0
0
0
0
0
0
0
0
0
0
0
0
0
0
0
0
0
0
0
0
0
0
0
0
0
0
0
0
0
0
0
0
0
0
0
0
0
0
0
0
0
