8
0
0
0
0
0
0
0
0
0
12
0
8
0
5
0
5
0
0
8
0
10
0
0
3
0
0
0
0
0
0
0
0
0
0
0
0
0
0
14
0
0
11
0
6
6
0
0
5
0
18
0
0
0
0
0
0
0
0
0
0
0
0
0
0
7
12
0
0
24
0
18
0
7
4
5
10
0
0
7
4
0
0
0
0
0
0
0
0
0
0
0
0
0
1
0
14
0
3
0
0
0
7
0
12
7
0
8
0
0
0
0
0
0
0
0
0
0
0
0
0
2
0
5
8
5
5
194
255
255
153
0
0
15
11
0
7
0
0
0
0
0
0
0
0
0
0
0
0
4
8
8
0
2
255
247
252
249
252
209
0
0
10
0
1
0
0
0
0
0
0
0
0
0
0
0
0
0
0
0
18
134
245
253
255
255
254
252
120
30
0
0
8
0
0
0
0
0
0
0
0
0
0
0
0
0
22
1
0
255
255
255
174
66
253
255
255
0
5
4
0
0
0
0
0
0
0
0
0
0
0
0
0
1
1
129
242
255
255
3
0
73
255
254
251
9
0
0
0
0
0
0
0
0
0
0
0
0
0
0
0
1
68
255
255
253
197
0
70
242
251
255
142
1
0
1
3
0
0
0
0
0
0
0
0
0
0
0
0
6
167
255
255
186
0
68
247
255
255
247
49
0
0
3
2
0
0
0
0
0
0
0
0
0
0
0
0
198
255
253
202
2
62
255
249
243
253
138
13
0
0
0
0
0
0
0
0
0
0
0
0
0
0
0
0
250
255
255
0
78
245
235
255
255
178
0
2
3
6
0
0
0
0
0
0
0
0
0
0
0
0
0
0
255
230
255
72
250
255
249
255
166
42
0
12
0
3
13
0
0
0
0
0
0
0
0
0
0
0
0
0
190
255
243
255
245
248
254
65
12
0
17
15
0
0
11
0
0
0
0
0
0
0
0
0
0
0
0
0
0
192
255
246
255
255
201
0
0
5
0
0
13
0
0
6
0
0
0
0
0
0
0
0
0
0
0
0
0
137
246
252
247
253
254
255
249
133
2
0
7
0
4
2
0
0
0
0
0
0
0
0
0
0
0
0
13
0
255
255
251
145
255
240
255
255
255
130
0
5
0
6
0
0
0
0
0
0
0
0
0
0
0
0
0
15
101
250
243
2
0
73
127
108
255
255
62
5
0
0
0
0
0
0
0
0
0
0
0
0
0
0
10
0
141
255
255
60
3
0
2
26
112
247
188
7
0
6
0
0
0
0
0
0
0
0
0
0
0
0
2
0
0
255
244
188
0
13
0
6
189
255
253
127
13
0
0
0
0
0
0
0
0
0
0
0
0
0
0
14
2
48
255
255
255
122
148
242
243
255
255
59
0
0
0
0
0
0
0
0
0
0
0
0
0
0
0
4
11
0
78
230
241
255
247
255
255
255
169
20
2
5
0
0
0
0
0
0
0
0
0
0
0
0
8
0
0
6
0
82
193
251
254
255
253
179
12
0
0
0
0
0
0
0
0
0
0
0
0
0
0
0
0
0
0
0
0
0
0
0
0
0
0
0
0
0
0
0
0
0
0
0
0
0
0
0
0
0
0
0
0
0
0
0
0
0
0
0
0
0
0
0
0
0
0
0
0
0
0
0
0
0
0
0
0
0
0
0
0
0
0
0
0
0
0
0
0
0
0
0
0
0
0
0
0
0
0
0
0
0
0
0
0
0
0
0
0
0
0
0
0
0
0
0
0
0
0
0
0
0
0
0
0
0
0
0
