5
0
0
0
0
0
0
0
0
0
0
3
0
0
0
0
1
0
8
10
0
0
4
0
3
0
0
0
0
0
0
0
0
0
0
0
0
11
0
0
1
10
6
4
8
3
0
0
3
9
0
0
11
0
0
0
0
0
0
0
0
0
0
0
0
0
3
10
3
0
0
0
0
0
11
0
1
3
0
19
0
0
0
0
0
0
0
0
0
0
0
0
0
7
3
0
0
0
8
9
5
12
0
20
10
0
0
0
9
0
0
0
0
0
0
0
0
0
0
0
0
0
0
2
16
9
0
0
1
4
0
0
0
0
6
16
0
0
0
0
0
0
0
0
0
0
0
0
0
0
6
2
0
0
9
11
0
0
0
3
11
1
0
0
0
0
0
0
0
0
0
0
0
0
0
0
0
8
0
0
48
151
247
255
245
232
55
117
137
188
176
0
23
0
0
0
0
0
0
0
0
0
0
0
0
0
6
86
211
255
255
240
255
255
234
255
254
252
195
39
0
0
0
0
0
6
0
1
0
0
6
0
0
5
58
225
249
248
255
242
255
255
239
142
76
63
30
3
0
0
0
0
0
0
0
4
1
0
2
0
6
25
246
253
180
253
254
214
42
43
38
0
0
1
0
0
8
0
0
0
0
0
0
5
0
3
0
0
33
224
254
113
8
46
104
5
3
0
0
0
0
7
3
0
5
0
0
0
0
0
3
3
0
2
0
5
65
236
255
85
136
134
126
144
125
26
15
10
0
0
11
0
0
0
0
0
0
0
3
3
0
2
0
5
65
254
255
255
242
255
255
255
243
254
223
153
56
0
0
0
0
0
0
0
0
0
0
5
0
3
0
0
33
175
145
120
70
77
59
78
128
201
249
251
205
110
16
1
18
0
0
0
0
0
0
4
1
0
2
0
6
0
28
0
8
3
0
0
6
0
76
164
255
244
68
0
0
0
0
0
0
6
0
1
0
0
6
0
0
0
0
5
0
2
0
11
0
10
0
2
185
251
90
7
1
0
0
0
0
0
0
0
0
0
0
0
0
3
0
0
7
0
1
7
0
0
3
0
173
249
213
2
4
0
0
0
0
0
0
0
0
0
0
0
0
0
1
13
1
5
1
0
6
0
24
61
239
255
129
8
0
0
0
0
0
0
0
0
0
0
0
0
0
34
57
0
0
0
0
2
0
0
0
90
255
244
82
0
4
0
0
0
0
0
0
0
0
0
0
0
0
121
233
0
0
12
6
0
8
4
33
119
255
190
20
11
0
0
0
0
0
0
0
0
0
0
0
0
0
167
255
3
13
0
0
4
0
0
66
255
242
112
0
0
7
0
0
0
0
0
0
0
0
0
0
0
0
207
233
68
0
0
1
13
0
44
215
255
227
2
2
0
4
0
0
0
0
0
0
0
0
0
0
0
0
141
255
134
0
19
0
0
68
217
242
231
72
15
0
8
0
0
0
0
0
0
0
0
0
0
0
0
0
68
238
242
170
68
64
178
241
250
209
45
0
0
0
5
0
0
0
0
0
0
0
0
0
0
0
0
0
6
123
255
251
236
255
254
255
183
82
0
0
9
3
0
0
0
0
0
0
0
0
0
0
0
0
0
0
0
21
188
157
255
190
138
22
12
0
0
1
3
0
0
12
0
0
0
0
0
0
0
0
0
0
0
0
1
0
4
0
0
19
0
0
0
0
10
9
5
3
1
0
0
0
0
0
0
0
0
0
0
0
0
0
0
0
0
6
0
10
0
7
7
6
0
0
0
7
5
0
0
0
0
0
