3
1
0
0
2
0
0
5
0
0
7
9
0
23
0
0
6
0
2
0
7
0
6
0
0
0
0
0
0
0
0
0
2
0
1
7
0
0
0
0
0
4
0
1
0
0
0
1
0
0
0
0
14
0
0
0
0
0
0
2
0
1
6
3
0
8
0
2
13
0
5
5
0
13
0
1
0
16
0
1
0
0
0
0
0
0
1
3
0
0
6
0
0
0
0
0
0
0
0
10
9
0
0
8
0
0
0
0
0
0
0
0
0
0
0
5
0
2
6
0
15
0
6
13
0
15
0
0
3
0
4
0
3
0
10
2
0
0
0
0
0
0
0
6
0
5
7
0
51
139
135
112
65
126
135
192
243
255
231
150
88
13
0
0
12
0
0
0
0
2
0
7
0
4
2
3
81
253
254
255
237
255
248
253
255
246
255
255
238
133
22
0
3
0
0
0
0
4
0
7
0
1
0
0
94
255
247
250
255
251
255
251
234
209
189
232
255
242
103
18
0
0
0
0
0
0
0
0
0
0
4
9
12
108
71
60
128
60
61
68
36
0
15
72
255
244
162
0
7
0
0
0
0
2
0
0
0
0
2
5
7
2
9
8
4
0
8
0
0
12
28
177
253
240
45
22
0
0
0
0
0
2
1
0
0
0
0
0
0
5
0
0
0
0
11
0
45
231
241
253
255
139
20
0
0
0
0
0
0
0
0
0
0
0
0
0
0
3
0
10
10
0
56
150
253
249
227
220
6
0
0
0
13
0
0
0
0
0
0
0
0
0
0
0
0
0
0
0
2
104
207
255
253
247
171
0
0
8
0
0
0
0
0
0
0
0
0
0
0
0
0
0
0
0
13
12
34
226
255
249
151
43
0
3
1
0
9
4
1
0
0
0
0
0
0
0
0
0
0
0
1
17
2
0
0
180
255
236
154
32
0
8
1
2
0
0
0
0
0
0
0
2
1
0
0
0
0
0
0
0
10
9
5
45
232
255
236
220
194
72
19
0
8
0
0
0
0
0
0
0
1
0
5
14
0
0
0
0
1
8
0
4
123
200
250
254
255
236
238
48
2
0
0
0
0
0
0
4
7
0
4
0
8
0
1
13
0
0
4
0
5
0
16
141
255
255
255
139
3
4
6
0
0
0
0
0
0
0
6
0
12
4
1
0
0
0
3
3
13
0
16
5
0
185
242
255
37
1
0
0
0
0
0
3
7
0
10
0
0
3
0
0
9
2
0
0
0
0
0
12
106
210
255
178
23
0
3
0
0
0
0
0
3
6
1
0
36
7
3
11
2
0
0
3
0
42
118
225
243
248
241
58
0
5
0
0
0
0
0
0
0
3
0
33
189
40
10
0
2
32
97
177
203
231
236
238
255
211
38
4
5
0
12
0
0
0
0
18
0
7
3
115
255
128
82
133
198
250
251
248
241
255
252
223
156
10
4
0
2
0
0
0
0
0
0
0
0
0
0
167
246
255
250
255
247
250
254
249
189
141
48
9
0
17
0
0
1
0
2
0
0
0
0
0
0
5
3
40
109
148
183
136
77
25
14
17
8
0
0
0
0
0
0
0
0
0
0
0
0
0
0
2
0
9
0
0
12
4
7
5
0
0
2
7
0
0
5
0
0
0
0
0
0
0
0
0
0
0
0
0
0
8
0
0
2
0
0
0
0
4
6
0
0
0
2
0
0
0
0
0
0
0
0
0
0
0
0
3
4
5
0
0
9
10
10
7
5
0
0
0
1
3
2
0
0
0
0
0
0
0
0
0
0
0
0
