8
0
0
0
0
0
0
0
0
0
0
0
0
0
0
0
0
0
15
2
0
0
11
0
4
0
0
0
0
0
0
0
0
0
0
0
0
0
0
0
0
0
0
0
0
0
0
0
2
0
0
0
0
0
0
0
0
0
0
0
0
0
0
0
0
0
0
0
0
0
0
0
0
13
0
0
1
0
4
16
12
0
0
0
0
0
0
0
0
0
0
0
0
0
0
0
0
0
0
0
0
0
11
0
1
8
14
0
0
0
0
0
0
0
0
0
0
0
0
0
0
0
0
0
0
0
0
0
0
0
0
140
230
16
0
26
5
0
0
0
0
0
0
0
0
0
0
0
0
0
0
0
0
0
0
0
0
6
0
121
255
119
22
0
0
0
0
0
0
0
0
0
0
0
0
0
0
0
0
0
0
0
0
0
0
6
0
121
253
142
13
0
2
0
0
0
0
0
0
0
0
0
0
0
0
0
0
0
0
0
0
0
0
0
6
167
249
139
0
0
7
0
0
0
0
1
0
0
0
2
13
0
0
11
125
196
121
0
5
0
0
2
61
249
238
23
0
2
0
0
0
0
0
0
6
8
0
2
0
0
37
199
255
243
237
2
2
0
18
0
95
240
202
14
13
0
14
0
0
0
0
0
11
0
0
4
0
25
128
255
247
253
103
0
1
4
0
50
239
254
159
3
3
0
0
0
0
0
0
0
0
0
0
9
0
0
60
224
250
247
217
81
6
24
41
180
242
224
26
0
1
0
0
0
0
0
0
6
0
3
5
0
0
0
0
47
214
240
255
250
214
57
211
255
221
22
19
0
8
1
6
0
0
0
0
9
0
8
3
0
2
15
8
0
9
36
149
253
236
233
255
218
80
14
0
8
3
0
0
0
0
0
0
0
0
13
10
0
2
0
0
8
0
5
6
141
251
255
254
73
10
0
1
4
0
15
0
0
0
0
0
7
1
0
0
4
7
0
7
0
2
4
20
220
255
254
251
85
1
0
9
0
0
0
9
0
0
0
0
0
0
0
0
0
0
0
0
0
1
44
180
248
253
233
255
223
33
6
0
12
0
0
0
0
0
0
0
0
0
0
0
0
0
0
0
0
15
103
255
245
78
42
250
255
119
14
0
0
0
1
7
0
0
0
0
0
0
0
0
0
0
0
0
2
25
250
255
147
0
1
172
251
162
2
1
0
2
2
0
0
0
0
0
0
0
0
0
0
0
0
0
0
1
253
236
0
17
6
176
247
143
0
6
4
3
1
0
0
0
0
0
0
0
0
0
0
0
0
0
19
35
242
237
0
0
13
189
255
107
0
4
1
0
6
3
0
0
0
0
0
0
0
0
0
0
0
0
0
0
192
255
165
101
224
255
218
51
0
2
1
0
2
5
0
0
0
0
0
0
0
0
0
0
0
0
8
0
71
255
240
236
255
235
85
5
0
1
5
0
0
0
0
0
0
0
0
0
0
0
0
0
0
0
0
9
10
96
206
255
167
76
0
1
0
0
2
2
1
4
0
0
0
0
0
0
0
0
0
0
0
0
0
0
0
0
0
0
0
0
0
0
0
0
0
0
0
0
0
0
0
0
0
0
0
0
0
0
0
0
0
0
0
0
0
0
0
0
0
0
0
0
0
0
0
0
0
0
0
0
0
0
0
0
0
0
0
0
0
0
0
0
0
0
0
0
0
0
0
0
0
0
0
0
0
0
0
0
0
0
0
0
0
0
0
0
0
0
0
0
0
0
0
0
0
0
0
0
0
0
0
0
0
0
0
0
