6
0
0
0
0
0
0
0
0
3
0
8
0
0
5
0
3
0
1
0
6
4
0
0
2
0
0
0
0
0
0
0
0
0
0
0
0
1
2
0
20
0
14
0
3
2
7
5
0
1
7
5
0
0
0
0
0
0
0
0
0
0
0
0
0
0
10
0
0
12
0
0
0
0
0
14
0
8
0
0
5
0
0
0
0
0
0
0
0
0
0
0
0
12
0
3
0
4
39
155
255
188
20
0
0
13
5
2
0
0
0
0
0
0
0
0
0
0
0
0
0
0
4
8
4
10
227
255
219
171
0
0
14
4
0
4
0
0
0
0
0
0
0
0
0
0
0
0
0
0
4
0
9
104
252
255
255
179
13
0
0
0
0
22
0
0
0
0
0
0
0
0
0
0
0
0
0
0
13
0
2
204
252
249
182
25
0
3
11
0
0
9
1
0
0
0
0
0
0
0
0
0
0
0
0
2
0
12
124
248
249
246
63
0
4
0
3
10
0
0
4
0
0
0
0
0
0
0
0
0
0
0
0
0
0
20
234
251
244
98
0
0
0
0
7
0
0
0
5
0
0
0
0
0
0
0
0
0
0
0
0
0
9
60
248
251
210
5
7
12
0
0
3
2
6
5
0
0
0
0
0
0
0
0
0
0
0
0
0
5
0
159
252
238
117
0
1
0
0
0
0
0
1
8
0
0
0
0
0
0
0
0
0
0
0
0
0
1
26
230
255
250
67
20
0
0
0
12
12
0
0
0
0
0
0
0
0
0
0
0
0
0
0
0
0
1
130
234
255
234
19
0
0
13
0
0
1
0
0
0
0
0
0
0
0
0
0
0
0
0
0
0
0
6
163
249
254
196
0
71
96
139
77
18
0
0
4
10
0
0
0
0
0
0
0
0
0
0
0
0
0
0
138
255
252
219
106
233
250
255
230
155
65
3
0
4
0
0
0
0
0
0
0
0
0
0
0
0
0
0
163
246
245
255
255
248
252
240
255
249
138
23
0
0
2
0
0
0
0
0
0
0
0
0
0
0
0
3
40
255
248
249
255
253
186
200
244
255
229
34
0
10
0
0
0
0
0
0
0
0
0
0
0
0
0
1
30
251
253
255
234
153
12
0
225
255
255
18
3
0
13
0
0
0
0
0
0
0
0
0
0
0
0
8
40
249
255
255
238
26
6
38
225
248
220
30
0
16
0
0
0
0
0
0
0
0
0
0
0
0
0
0
0
120
239
249
241
15
86
145
251
250
167
0
3
8
0
0
0
0
0
0
0
0
0
0
0
0
0
6
6
34
255
255
246
225
252
255
247
236
16
5
3
0
12
0
0
0
0
0
0
0
0
0
0
0
0
0
0
25
201
255
252
255
243
255
215
12
15
2
0
24
0
0
0
0
0
0
0
0
0
0
0
0
0
22
0
0
34
196
255
251
255
111
0
0
10
1
2
0
6
0
0
0
0
0
0
0
0
0
0
0
0
0
4
9
0
8
0
0
0
1
9
0
0
0
15
0
0
0
0
0
0
0
0
0
0
0
0
0
0
0
0
0
0
0
0
0
0
0
0
0
0
0
0
0
0
0
0
0
0
0
0
0
0
0
0
0
0
0
0
0
0
0
0
0
0
0
0
0
0
0
0
0
0
0
0
0
0
0
0
0
0
0
0
0
0
0
0
0
0
0
0
0
0
0
0
0
0
0
0
0
0
0
0
0
0
0
0
0
0
0
0
0
0
0
0
0
0
0
0
0
0
0
0
0
0
0
0
0
0
0
0
0
0
