3
0
2
1
1
0
1
8
0
0
2
6
0
3
0
10
0
0
0
0
0
0
0
2
2
0
0
0
0
8
0
0
0
0
4
6
0
12
4
0
17
0
3
8
0
0
0
0
0
0
0
1
2
0
0
0
0
0
0
11
6
0
0
0
0
0
7
2
0
7
0
6
1
0
0
0
0
0
0
1
2
0
0
0
0
2
6
7
0
0
2
0
0
0
13
0
0
19
0
0
1
1
0
0
0
0
0
1
1
0
0
0
0
11
0
0
2
20
12
0
7
15
24
35
105
10
5
0
3
1
1
0
0
0
0
0
1
0
0
0
0
0
0
8
6
0
0
21
133
194
255
251
247
219
171
49
0
2
1
0
0
0
0
0
0
0
0
0
0
6
8
12
0
0
59
143
255
255
233
255
251
255
255
226
4
2
1
0
0
0
0
0
0
0
0
0
0
0
0
0
0
119
253
253
246
248
255
255
231
227
238
255
203
2
2
0
0
0
0
0
0
0
0
0
0
0
0
3
2
219
255
233
255
255
153
82
40
10
85
250
245
159
7
0
0
2
0
3
8
0
0
0
0
4
0
0
10
85
214
255
214
45
7
0
3
3
0
131
255
219
40
0
10
0
0
0
0
0
0
0
0
10
0
7
0
0
67
185
42
3
16
7
0
6
0
99
251
250
182
9
0
3
0
5
13
0
0
0
0
0
0
11
0
4
0
74
0
4
0
0
0
0
9
126
255
255
248
49
0
6
0
0
0
0
0
0
0
0
12
0
6
6
6
8
14
0
21
14
0
29
149
246
255
249
253
255
146
30
15
0
19
0
0
0
0
6
4
0
0
0
0
0
0
7
123
154
205
255
255
249
244
255
255
229
255
210
48
2
0
0
0
0
0
1
0
13
0
9
0
10
0
3
236
255
245
248
239
252
255
240
255
255
232
246
242
36
0
0
0
0
0
0
8
0
9
0
0
0
2
40
249
246
252
255
254
255
240
255
222
122
211
255
242
89
0
0
0
0
0
0
0
0
0
0
0
0
0
32
120
93
124
255
253
246
209
103
0
7
15
206
252
231
23
0
0
0
0
0
0
0
0
0
0
0
0
1
6
0
3
43
49
59
0
0
8
0
1
106
248
255
32
0
0
0
0
0
0
0
0
0
0
0
0
0
9
2
0
2
2
7
13
0
10
0
0
15
237
241
209
0
0
0
0
0
0
0
0
0
0
0
0
0
0
13
9
0
0
0
0
3
6
0
16
0
214
255
245
0
0
0
0
0
0
0
0
0
0
0
0
0
14
1
0
52
117
22
8
30
10
0
0
94
255
245
255
0
0
0
0
0
0
0
0
0
0
0
0
12
0
0
13
58
255
243
151
130
166
51
101
242
231
255
193
0
0
0
0
0
0
0
0
0
0
0
0
0
11
0
0
53
253
255
242
248
248
255
251
243
251
255
62
0
0
0
0
0
0
0
0
0
0
0
0
0
19
0
0
26
150
127
160
148
150
147
134
155
151
115
8
0
0
0
0
0
0
0
0
0
0
0
0
0
0
0
0
0
0
0
0
0
0
0
0
0
0
0
0
0
0
0
0
0
0
0
0
0
0
0
0
0
0
0
0
0
0
0
0
0
0
0
0
0
0
0
0
0
0
0
0
0
0
0
0
0
0
0
0
0
0
0
0
0
0
0
0
0
0
0
0
0
0
0
0
0
0
0
0
0
0
0
0
0
0
0
0
0
0
0
0
0
0
0
0
0
0
0
0
0
0
0
0
0
0
0
0
