7
0
0
0
0
0
0
0
0
2
2
2
0
0
5
9
0
3
0
0
1
2
0
0
4
0
0
0
0
0
0
0
0
0
0
0
0
0
3
8
3
0
0
0
6
0
0
0
0
1
0
0
3
0
0
0
0
0
0
0
0
0
0
0
0
0
0
0
7
13
4
0
3
0
0
0
1
2
0
0
1
0
0
0
0
0
0
0
0
0
0
0
0
3
4
0
0
0
0
0
4
2
2
2
3
3
0
0
0
0
0
0
0
0
0
0
0
0
0
0
0
0
10
12
4
3
4
0
0
0
2
2
1
1
1
0
0
0
0
0
0
0
0
0
0
0
0
0
0
0
0
0
0
0
5
6
0
0
0
0
0
0
1
3
1
0
0
0
0
0
0
0
0
0
0
0
0
12
0
4
23
0
0
7
3
5
7
4
0
0
2
3
1
0
0
0
0
0
0
0
0
0
0
0
0
0
26
144
202
114
22
3
0
17
18
12
2
0
2
3
0
0
0
0
0
0
0
0
0
0
0
0
0
6
0
156
255
249
252
164
136
231
221
22
7
0
3
0
9
0
0
0
0
0
0
0
0
0
0
0
0
2
1
194
224
73
85
111
131
163
226
2
0
9
11
1
0
0
0
0
0
0
0
0
0
0
0
0
0
0
32
253
252
39
15
8
0
73
245
20
6
8
0
2
7
0
0
0
0
0
0
0
0
0
0
0
0
5
73
255
210
8
0
0
4
71
238
9
0
11
0
8
0
0
0
0
0
0
0
0
0
0
0
0
0
0
61
253
206
9
1
1
5
79
200
4
0
0
2
6
0
0
0
0
0
0
0
0
0
0
0
0
0
14
47
246
214
0
0
7
0
64
164
7
7
0
0
0
3
0
0
0
0
0
0
0
0
0
0
0
0
0
8
201
190
0
0
4
11
77
162
0
0
5
15
2
0
0
0
0
0
0
0
0
0
0
0
0
0
12
0
78
76
0
17
0
0
70
191
5
4
2
0
0
9
0
0
0
0
0
0
0
0
0
0
0
0
1
0
0
0
0
0
0
1
70
194
0
14
0
0
0
1
0
0
0
0
0
0
0
0
0
0
0
0
1
0
0
0
0
0
0
1
140
157
0
4
0
0
0
0
0
0
0
0
0
0
0
0
0
0
0
0
1
0
0
0
0
0
0
1
213
127
0
0
3
0
0
1
0
0
0
0
0
0
0
0
0
0
0
0
1
0
0
0
0
0
0
1
224
134
0
0
6
2
0
1
0
0
0
0
0
0
0
0
0
0
0
0
1
0
0
0
0
0
0
1
177
164
0
0
2
3
0
0
0
0
0
0
0
0
0
0
0
0
0
0
1
0
0
0
0
0
0
1
132
181
0
0
0
2
0
0
0
0
0
0
0
0
0
0
0
0
0
0
1
0
0
0
0
0
0
1
133
172
0
3
0
1
0
0
0
0
0
0
0
0
0
0
0
0
0
0
1
0
0
0
0
0
0
1
156
155
0
5
1
3
3
2
0
0
0
0
0
0
0
0
0
0
0
0
0
0
0
0
0
0
0
0
144
152
0
4
0
3
0
5
0
0
0
0
0
0
0
0
0
0
0
0
0
0
0
0
0
0
0
0
224
171
2
0
0
11
0
0
0
0
0
0
0
0
0
0
0
0
0
0
0
0
0
0
0
0
0
0
156
101
5
1
1
2
0
4
0
0
0
0
0
0
0
0
0
0
0
0
0
0
0
0
0
0
0
0
22
3
2
5
0
0
0
8
0
0
0
0
