3
0
0
0
0
0
0
0
0
4
0
12
3
0
0
0
4
1
0
5
0
3
0
11
0
0
0
0
0
0
0
0
0
0
0
0
0
0
0
0
0
8
14
1
0
9
5
0
10
0
9
3
0
0
0
0
0
0
0
0
0
0
0
0
0
5
18
0
0
2
0
0
4
0
0
0
11
0
3
0
6
0
0
0
0
0
0
0
0
0
0
0
0
0
0
0
9
1
1
0
14
13
5
2
0
6
0
0
0
0
0
0
0
0
0
0
0
0
0
0
0
5
0
7
3
0
24
0
0
0
0
0
2
0
0
0
3
0
0
0
0
0
0
0
0
0
0
0
0
4
43
70
61
72
208
255
255
253
177
73
50
0
16
3
3
0
0
0
0
0
0
0
0
0
0
0
0
40
198
245
255
241
255
255
244
249
255
244
212
29
0
0
7
0
0
0
0
0
0
0
0
0
0
0
0
80
255
236
255
255
237
239
249
255
247
255
234
86
20
9
0
0
0
0
0
0
0
0
0
0
0
0
0
75
255
184
179
184
15
0
110
178
198
255
248
144
0
9
0
0
0
0
0
0
0
0
0
0
0
0
0
32
110
17
0
0
26
0
12
5
112
243
237
57
0
17
0
0
0
0
0
0
0
0
0
0
0
0
0
2
0
0
7
13
0
14
132
185
237
248
170
27
0
0
12
0
0
0
0
0
0
0
0
0
0
0
0
0
2
7
83
51
70
142
255
255
255
194
22
0
1
4
0
0
0
0
0
0
0
0
0
0
0
0
0
3
7
129
236
188
239
255
247
227
86
44
0
11
0
5
0
0
0
0
0
0
0
0
0
0
0
0
0
0
6
229
255
249
239
255
241
64
25
6
0
0
2
0
6
0
0
0
0
0
0
0
0
0
0
0
0
10
77
235
255
244
255
250
254
255
181
22
2
0
11
0
9
0
0
0
0
0
0
0
0
0
0
0
0
6
0
88
80
104
108
247
253
247
253
194
139
4
0
11
0
0
0
0
0
0
0
0
0
0
0
3
5
46
28
0
0
5
0
35
145
216
223
255
241
134
1
0
0
0
0
0
0
0
0
0
0
0
0
3
4
233
155
110
4
0
16
0
4
2
58
149
251
185
13
24
0
0
0
0
0
0
0
0
0
0
0
2
4
255
255
235
12
0
7
7
0
4
2
0
247
245
198
0
0
0
0
0
0
0
0
0
0
0
0
2
2
86
248
220
47
23
2
0
2
2
0
30
43
255
255
9
1
0
0
0
0
0
0
0
0
0
0
1
1
68
255
255
255
172
99
0
9
0
3
0
48
241
255
1
0
0
0
0
0
0
0
0
0
0
0
0
0
36
163
255
250
238
255
119
0
0
14
0
183
253
128
20
0
0
0
0
0
0
0
0
1
0
0
0
0
0
15
166
244
255
241
248
255
111
227
241
249
119
0
4
0
0
0
0
0
0
0
1
1
1
0
0
0
0
5
0
137
203
249
255
249
245
255
253
104
4
5
0
7
0
0
0
0
0
0
0
0
0
0
0
0
0
11
0
0
60
209
255
255
252
170
66
2
0
2
5
0
0
0
0
0
0
0
0
0
0
0
0
0
1
11
1
4
0
10
0
0
15
9
2
1
4
4
0
0
0
0
0
0
0
0
0
0
0
0
0
0
0
0
0
11
0
0
0
16
0
0
1
0
0
0
0
8
0
0
0
0
0
0
0
0
0
0
0
0
4
1
0
1
0
0
0
0
11
9
6
3
0
0
0
0
0
0
0
0
