6
0
0
0
0
0
0
0
0
8
0
5
0
0
0
15
0
0
24
0
0
3
7
0
6
0
0
0
0
0
0
0
0
0
0
0
0
0
0
13
0
0
4
0
28
24
0
0
10
4
2
0
0
0
0
0
0
0
0
0
0
0
0
0
0
0
0
6
0
4
0
20
169
133
1
0
11
0
0
6
0
0
0
0
0
0
0
0
0
0
0
0
0
1
0
0
0
1
0
142
255
184
11
0
2
0
0
8
0
0
0
0
0
0
0
0
0
0
0
0
0
1
0
5
8
0
63
222
242
102
0
2
2
6
3
0
0
0
0
0
0
0
0
0
0
0
0
0
0
3
0
9
4
14
200
255
165
12
0
7
2
2
0
0
8
0
0
0
0
0
0
0
0
0
0
0
0
2
0
0
0
119
255
253
98
0
1
2
2
0
0
0
8
0
0
0
0
0
0
0
0
0
0
0
0
0
7
0
0
230
238
210
28
5
5
0
7
0
10
4
0
0
0
0
0
0
0
0
0
0
0
0
0
0
18
0
73
241
255
92
4
4
4
0
0
9
0
0
3
0
0
0
0
0
0
0
0
0
0
0
0
0
0
0
202
255
153
31
0
30
131
54
0
12
0
13
15
0
0
0
0
0
0
0
0
0
0
0
0
0
1
74
255
255
89
5
0
205
255
233
109
0
0
0
0
0
0
0
0
0
0
0
0
0
0
0
0
3
3
154
249
249
40
20
132
255
241
255
220
20
17
0
0
0
0
0
0
0
0
0
0
0
0
0
0
1
72
251
248
147
0
87
249
255
182
199
255
129
0
0
0
0
0
0
0
0
0
0
0
0
0
0
0
0
147
255
247
37
16
202
255
172
19
141
251
158
0
5
0
0
0
0
0
0
0
0
0
0
0
0
0
2
144
237
202
18
104
255
243
101
3
209
255
134
12
9
0
0
0
0
0
0
0
0
0
0
0
0
0
3
188
255
106
0
175
255
144
0
102
247
255
114
1
0
0
0
0
0
0
0
0
0
0
0
0
0
0
0
234
255
108
2
222
255
63
76
240
252
238
4
10
0
3
0
0
0
0
0
0
0
0
0
0
0
0
11
246
248
116
2
207
253
179
230
255
255
100
10
4
0
0
0
0
0
0
0
0
0
0
0
0
0
0
0
217
249
103
17
187
246
246
255
238
120
1
0
0
9
3
0
0
0
0
0
0
0
0
0
0
0
0
15
140
247
220
235
255
255
255
217
152
4
2
0
3
0
1
0
0
0
0
0
0
0
0
0
0
0
0
7
113
255
255
255
249
250
233
97
10
0
0
3
9
0
2
0
0
0
0
0
0
0
0
0
0
0
0
0
3
125
250
252
182
83
21
0
0
0
2
0
0
8
0
0
0
0
0
0
0
0
0
0
0
0
0
12
0
0
4
0
5
12
0
0
28
0
21
0
0
9
0
0
0
0
0
0
0
0
0
0
0
0
0
0
3
4
0
9
0
17
0
0
0
0
0
4
8
0
9
0
0
0
0
0
0
0
0
0
0
0
0
0
0
0
0
0
0
0
0
0
0
0
0
0
0
0
0
0
0
0
0
0
0
0
0
0
0
0
0
0
0
0
0
0
0
0
0
0
0
0
0
0
0
0
0
0
0
0
0
0
0
0
0
0
0
0
0
0
0
0
0
0
0
0
0
0
0
0
0
0
0
0
0
0
0
0
0
0
0
0
0
0
0
0
0
0
0
0
0
0
0
0
0
0
0
0
0
0
0
0
0
0
0
0
0
