9
0
0
0
0
0
0
0
0
10
0
0
0
1
2
0
0
0
0
0
0
0
0
0
0
0
0
0
0
0
0
0
0
0
0
0
0
0
2
13
7
0
0
4
9
0
0
0
0
0
0
0
0
0
0
0
0
0
0
0
0
0
0
0
0
0
3
0
0
0
5
4
2
0
0
0
0
0
0
0
0
0
0
0
0
0
0
0
0
0
0
0
0
1
12
8
1
1
0
0
3
0
0
0
0
0
0
0
0
0
0
0
0
0
0
0
0
0
0
0
0
0
0
0
4
12
4
0
4
0
0
0
0
0
0
0
0
0
0
0
0
0
0
0
0
0
0
0
0
17
0
0
2
0
0
0
0
0
0
0
0
0
0
0
0
0
0
0
0
0
0
0
0
0
0
0
0
0
0
12
13
0
3
21
0
0
0
0
0
0
0
0
0
0
0
0
0
0
0
0
0
0
0
0
0
11
0
16
96
182
255
230
111
0
0
0
0
0
0
0
0
0
0
0
0
0
0
0
0
0
0
0
0
1
0
125
252
245
237
250
229
33
94
136
11
0
0
2
4
0
0
0
0
0
0
0
0
0
0
0
0
9
30
236
243
84
96
252
227
68
225
193
4
8
1
17
0
0
0
0
0
0
0
0
0
0
0
0
0
0
153
241
38
0
115
255
232
233
255
192
10
0
7
0
0
0
0
0
0
0
0
0
0
0
0
0
0
0
203
246
60
134
215
241
243
236
244
182
0
0
0
9
1
0
0
0
0
0
0
0
0
0
0
0
0
6
107
255
255
255
252
164
55
217
255
67
2
15
0
0
0
0
0
0
0
0
0
0
0
0
0
0
0
0
14
121
127
39
13
0
15
207
228
17
0
0
0
0
14
0
0
0
0
0
0
0
0
0
0
0
0
12
0
0
3
16
6
0
140
255
246
200
18
11
0
16
0
0
0
0
0
0
0
0
0
0
0
0
0
0
0
17
0
21
130
185
255
248
205
63
0
6
6
0
3
0
0
0
0
0
0
0
0
0
0
0
0
0
7
0
28
126
86
159
255
246
30
4
1
0
0
10
0
0
0
0
0
0
0
0
0
0
0
0
0
9
0
7
0
0
1
111
243
166
0
0
0
6
0
12
0
0
0
0
0
0
0
0
0
0
0
0
0
0
0
3
2
14
7
210
255
139
16
8
1
7
0
4
0
0
0
0
0
0
0
0
0
0
0
0
0
0
19
0
0
18
31
255
250
69
3
2
0
0
0
0
5
0
0
0
0
0
0
0
0
0
0
0
0
0
9
0
0
0
168
242
150
2
0
0
0
6
0
0
0
0
0
0
0
0
0
0
0
0
0
0
0
6
0
0
10
70
255
255
39
3
4
9
4
4
0
0
0
0
0
0
0
0
0
0
0
0
0
0
0
0
2
3
0
127
231
180
3
0
0
0
0
0
0
7
7
0
0
0
0
0
0
0
0
0
0
0
0
3
0
5
17
214
255
46
6
0
5
3
9
0
0
1
0
0
0
0
0
0
0
0
0
0
0
0
0
0
0
6
39
255
255
0
3
0
0
0
0
0
0
0
0
0
0
0
0
0
0
0
0
0
0
0
0
0
13
2
33
255
252
0
14
0
0
0
0
0
0
0
0
0
0
0
0
0
0
0
0
0
0
0
0
0
0
0
41
236
235
20
0
0
0
0
0
0
0
0
0
0
0
0
0
0
0
0
0
0
0
0
0
0
0
10
0
0
8
0
16
0
0
0
0
0
0
0
0
0
0
0
0
