5
0
0
0
0
0
0
0
0
0
0
0
11
0
9
7
0
0
12
0
0
12
0
3
0
0
0
0
0
0
0
0
0
0
0
0
0
8
12
0
11
0
4
2
9
0
2
0
3
0
0
0
5
0
0
0
0
0
0
0
0
0
0
0
0
0
0
2
4
0
0
15
0
4
0
3
7
4
8
0
0
0
0
0
0
0
0
0
0
0
0
0
0
0
8
0
0
18
12
0
7
0
0
12
0
0
10
0
13
0
0
0
0
0
0
0
0
0
0
0
0
1
5
0
3
6
181
117
10
2
9
0
0
83
129
86
85
0
0
0
0
0
0
0
0
0
0
0
0
0
0
16
0
86
255
210
0
49
136
198
227
255
255
234
255
0
0
0
0
0
0
0
0
0
0
0
0
3
3
0
46
245
226
133
89
240
253
255
255
228
149
98
82
0
0
0
0
0
0
0
0
0
0
0
0
0
11
0
180
253
255
239
255
240
143
70
74
36
0
8
0
0
0
0
0
0
0
0
0
0
0
0
0
6
0
80
255
243
255
255
187
11
4
0
1
0
0
0
9
0
0
0
0
0
0
0
0
0
0
0
0
0
10
219
253
250
116
123
11
2
0
0
0
2
1
0
1
0
0
0
0
0
0
0
0
0
0
0
0
7
124
255
239
77
2
0
9
0
0
0
0
0
4
1
0
0
0
0
0
0
0
0
0
0
0
0
0
5
217
253
122
0
2
1
0
3
5
2
0
0
1
3
0
0
0
0
0
0
0
0
0
0
0
0
0
143
255
153
0
9
1
11
0
0
2
3
0
0
0
0
1
0
0
0
0
0
0
0
0
0
0
0
0
153
246
86
1
7
0
0
9
0
0
0
4
3
0
0
0
0
0
0
0
0
0
0
0
0
0
0
0
133
255
204
54
3
0
24
0
15
0
0
3
6
0
0
1
0
0
0
0
0
0
0
0
0
0
0
0
15
183
252
255
211
205
147
75
46
13
0
0
4
0
0
6
0
0
0
0
0
0
0
0
0
0
0
0
2
3
112
229
235
254
247
255
253
213
125
5
0
19
0
6
0
0
0
0
0
0
0
0
0
0
0
0
0
0
0
15
0
27
58
80
214
255
236
221
16
0
8
1
0
0
0
0
0
0
0
0
0
0
0
0
13
0
0
2
0
12
19
0
39
206
255
251
107
0
13
0
0
0
0
0
0
0
0
0
0
0
0
0
0
22
8
0
13
0
0
66
220
247
255
237
45
0
0
11
0
0
0
0
0
0
0
0
0
0
0
0
3
0
5
0
9
63
138
255
244
255
242
128
6
0
0
2
0
0
0
0
0
0
0
0
0
0
0
0
100
99
179
198
205
241
255
247
255
255
140
0
13
0
6
0
0
0
0
0
0
0
0
0
0
0
0
0
136
241
255
249
255
250
252
251
205
117
0
13
0
0
0
0
0
0
0
0
0
0
0
0
0
0
0
0
0
63
139
195
151
112
162
35
0
18
0
0
8
0
0
3
0
0
0
0
0
0
0
0
0
0
0
0
0
0
0
0
0
0
0
0
0
0
0
0
0
0
0
0
0
0
0
0
0
0
0
0
0
0
0
0
0
0
0
0
0
0
0
0
0
0
0
0
0
0
0
0
0
0
0
0
0
0
0
0
0
0
0
0
0
0
0
0
0
0
0
0
0
0
0
0
0
0
0
0
0
0
0
0
0
0
0
0
0
0
0
0
0
0
0
0
0
0
0
0
0
0
0
0
0
0
0
0
0
0
0
0
