9
0
0
0
0
0
0
0
0
0
7
6
0
0
5
4
0
4
0
0
2
7
3
0
0
0
0
0
0
0
0
0
0
0
0
0
0
4
0
0
7
6
0
0
10
0
0
0
0
0
0
0
7
0
0
0
0
0
0
0
0
0
0
0
0
1
4
5
2
0
0
0
0
1
8
11
7
1
0
0
0
0
0
0
0
0
0
0
0
0
0
0
0
0
2
2
0
0
9
11
0
0
0
0
0
0
7
5
0
0
0
0
0
0
0
0
0
0
0
0
0
11
0
0
0
0
0
0
0
6
3
0
0
0
1
3
0
0
0
0
0
0
0
0
0
0
0
0
0
0
0
5
0
0
7
8
0
0
0
2
7
5
0
0
0
0
0
0
0
0
0
0
0
0
0
0
0
12
123
222
249
253
247
191
118
26
4
0
0
4
0
0
4
0
0
0
0
0
0
0
0
0
0
0
0
168
227
255
255
248
253
255
243
188
109
30
0
0
0
0
2
0
0
0
0
3
0
0
10
0
3
13
157
241
255
241
255
213
228
230
240
249
255
226
57
47
4
6
3
0
0
0
0
0
11
5
10
1
3
154
246
255
238
187
79
8
45
33
96
87
159
242
255
254
166
7
0
0
0
0
0
11
2
0
0
4
85
254
255
245
46
10
14
2
15
0
6
6
4
132
254
255
213
35
24
0
0
0
0
2
0
6
1
0
175
249
249
129
0
0
2
0
0
17
0
0
0
161
240
244
255
91
0
0
0
0
0
0
0
11
6
2
227
242
241
59
11
0
0
26
0
0
13
7
0
150
247
255
214
39
8
0
0
0
0
7
5
0
0
16
182
252
234
27
0
16
0
0
14
0
0
0
129
221
249
255
210
17
0
0
0
0
0
0
4
10
0
0
89
247
254
205
28
0
16
0
0
16
9
147
237
254
255
247
117
0
8
0
0
0
0
13
0
0
11
0
92
247
254
249
201
143
136
42
3
135
180
253
239
251
255
250
50
0
0
0
0
0
0
5
0
2
3
3
0
39
207
244
255
237
255
255
247
255
255
255
249
255
246
255
57
14
0
0
0
0
0
0
0
0
0
11
6
0
49
168
243
251
247
255
255
243
173
127
27
147
255
244
55
0
5
0
0
0
0
0
3
6
0
0
9
0
0
7
51
66
69
97
70
61
8
7
0
151
253
244
158
11
0
0
0
0
0
3
1
5
0
0
0
6
13
0
0
0
0
19
0
0
1
0
7
133
255
255
202
0
0
0
0
0
0
8
0
0
1
0
0
5
0
0
18
0
0
0
6
5
4
5
0
58
255
247
192
0
0
0
0
0
0
0
2
0
0
0
2
8
0
0
12
0
0
0
7
0
0
0
14
14
240
251
203
5
0
0
0
0
0
0
12
2
0
0
0
12
3
5
1
0
2
5
1
0
7
0
18
0
246
255
191
0
6
0
0
0
0
0
5
0
2
8
0
0
0
5
0
0
0
11
0
0
1
1
0
0
255
240
200
31
0
0
0
0
0
0
0
0
0
0
0
0
0
0
0
0
0
0
0
0
0
3
0
3
231
254
255
74
7
0
0
0
0
0
0
0
0
0
0
0
0
0
0
0
0
0
0
0
0
0
0
4
140
225
237
98
0
0
0
0
0
0
0
0
0
0
0
0
0
0
0
0
0
0
0
0
0
0
4
12
0
0
0
11
7
0
0
0
0
0
0
0
0
0
0
0
0
0
0
0
0
0
0
0
0
11
3
0
7
2
4
0
0
0
0
0
0
