1
0
0
0
0
0
0
0
0
0
0
0
0
0
0
0
0
0
15
0
1
3
0
10
0
0
0
0
0
0
0
0
0
0
0
0
0
0
0
0
0
0
0
0
0
8
9
0
5
6
0
0
1
0
0
0
0
0
0
0
0
0
0
0
0
0
0
0
0
0
0
0
0
0
8
6
0
0
16
0
0
0
0
0
0
0
0
0
0
0
0
0
0
0
0
0
0
0
0
0
0
2
0
0
7
3
0
0
12
0
0
0
0
0
0
0
0
0
0
0
0
0
0
0
0
0
0
0
0
0
20
0
0
6
2
16
0
0
0
0
0
0
0
0
0
0
0
0
0
0
0
0
0
0
0
0
0
0
0
55
208
240
50
0
0
0
0
0
0
0
0
0
0
0
0
0
0
0
0
0
0
0
0
0
0
3
13
140
249
255
51
0
10
0
0
0
0
0
0
0
0
0
0
0
0
0
0
0
0
0
0
0
0
5
80
255
255
247
56
2
0
0
0
0
0
0
0
0
0
0
0
0
0
0
16
0
0
1
12
0
8
2
220
249
241
89
16
1
0
0
0
0
0
0
0
0
0
0
0
0
0
0
5
2
0
18
0
10
0
125
255
250
208
16
0
3
3
0
0
0
0
0
0
0
0
0
0
0
0
3
0
8
3
0
0
1
93
242
255
249
89
0
0
0
0
0
0
0
0
0
0
0
0
0
0
0
0
5
0
0
0
0
11
33
221
253
255
171
4
7
3
4
0
0
0
0
0
0
0
0
0
0
0
0
0
0
13
0
0
6
0
145
251
246
242
45
15
0
0
15
0
0
0
0
0
0
0
0
0
0
0
0
0
0
1
2
1
0
74
237
253
255
128
0
7
0
1
3
0
0
0
0
0
0
0
0
0
0
0
0
0
6
0
2
6
36
210
255
253
191
13
5
0
0
16
0
0
0
0
0
0
0
0
0
0
0
0
0
0
0
9
0
7
161
255
255
221
14
4
0
15
0
0
2
2
0
0
0
0
0
3
0
6
0
8
0
0
6
0
0
123
253
255
213
45
0
0
0
0
0
0
0
0
0
0
0
0
0
0
5
0
4
1
0
19
0
0
65
238
246
237
85
0
0
0
0
0
0
0
0
0
0
0
0
0
0
0
6
0
7
0
4
2
5
8
250
255
255
139
0
0
0
0
0
0
0
0
0
0
0
0
0
0
0
6
0
6
2
0
27
0
9
231
250
236
193
0
0
7
0
0
0
0
0
0
0
0
0
0
0
0
1
9
0
6
2
0
1
26
177
247
248
169
0
3
0
3
0
0
0
0
0
0
0
0
0
0
0
0
0
3
0
0
8
3
0
155
255
236
142
22
0
0
0
6
0
0
0
0
0
0
0
0
0
0
0
0
0
0
0
0
7
0
49
240
237
143
7
0
8
0
12
0
0
0
0
0
0
0
0
0
0
0
0
0
0
2
0
9
0
0
155
248
178
15
0
0
1
0
0
0
0
0
0
0
0
0
0
0
0
0
0
0
4
0
2
9
0
4
119
253
39
14
0
0
5
2
0
0
0
0
0
0
0
0
0
0
0
0
0
0
0
2
6
6
0
0
0
9
17
3
0
0
2
0
0
3
0
0
0
0
0
0
0
0
0
0
0
0
1
6
1
0
0
8
2
0
0
0
0
3
1
0
0
6
0
0
0
0
0
0
0
0
0
0
0
0
0
0
0
1
1
2
7
13
0
0
2
5
2
0
0
4
0
0
0
0
0
0
0
0
0
0
0
0
