0
0
0
0
0
0
0
0
0
0
0
4
3
0
0
0
3
0
8
0
0
9
0
0
2
0
0
0
0
0
0
0
0
0
0
0
0
6
0
2
0
17
0
2
4
0
15
4
0
6
0
0
0
0
0
0
0
0
0
0
0
0
0
0
0
8
0
9
0
0
0
18
0
0
0
1
9
7
0
17
0
0
0
0
0
0
0
0
0
0
0
0
0
0
16
0
0
19
1
0
10
8
6
0
5
0
0
0
11
0
0
0
0
0
0
0
0
0
0
0
0
15
0
1
0
0
0
145
247
248
192
18
0
9
28
0
3
0
0
0
0
0
0
0
0
0
0
0
0
3
0
19
5
45
67
232
255
245
246
169
94
0
0
0
1
0
0
0
0
0
0
0
0
0
0
0
0
0
20
0
33
223
255
255
230
242
255
255
195
50
0
14
0
0
0
0
0
0
0
0
0
0
0
0
0
0
0
39
222
255
253
191
111
63
165
250
255
250
85
3
0
0
0
0
0
0
9
0
1
0
0
17
0
0
58
234
247
255
199
27
0
1
7
210
254
245
202
18
0
0
0
0
0
0
2
8
0
8
0
0
10
7
93
255
244
255
10
8
8
0
0
40
195
255
232
157
5
0
0
0
0
0
0
6
0
9
0
0
4
16
221
255
255
137
2
0
3
15
1
0
89
253
255
243
54
0
0
0
0
0
4
0
5
0
4
20
0
217
229
255
210
3
0
7
0
0
3
15
39
248
255
237
64
0
0
0
0
0
6
0
8
0
6
0
53
255
254
255
74
0
9
2
0
3
21
0
0
97
248
255
146
0
0
0
0
0
2
9
0
0
4
0
160
249
242
233
91
4
6
0
7
0
0
0
14
0
255
250
203
0
0
0
0
1
0
9
0
0
2
77
236
246
255
176
2
6
1
1
0
13
0
5
6
22
255
242
195
0
0
0
0
5
0
0
11
0
1
215
253
255
165
33
0
0
5
0
2
0
20
0
10
216
239
251
82
0
0
0
0
0
11
0
0
9
0
227
245
252
160
0
11
1
0
10
0
1
3
0
114
255
240
225
38
0
0
0
0
0
0
4
0
6
0
200
255
245
135
15
4
0
0
0
6
0
33
193
236
248
255
125
5
0
0
0
0
3
0
8
0
0
0
215
255
251
146
0
0
8
2
22
0
129
214
249
255
242
182
25
0
0
0
0
0
1
0
0
8
0
0
249
235
255
200
38
7
0
3
118
163
233
249
255
228
109
58
0
5
0
0
0
0
0
4
0
4
1
0
202
247
255
247
240
255
251
255
245
254
255
249
210
124
7
0
11
0
0
0
0
0
0
4
7
0
8
0
81
243
247
255
251
255
250
255
255
251
242
174
59
3
3
0
19
0
0
0
0
0
1
0
10
0
0
1
2
147
249
255
250
242
255
201
204
125
89
0
7
0
0
7
1
2
0
0
0
0
2
0
1
16
0
6
0
23
116
143
219
118
96
5
11
0
0
25
0
2
19
0
1
0
0
0
0
0
0
0
0
0
0
0
0
0
0
0
0
0
0
0
0
0
0
0
0
0
0
0
0
0
0
0
0
0
0
0
0
0
0
0
0
0
0
0
0
0
0
0
0
0
0
0
0
0
0
0
0
0
0
0
0
0
0
0
0
0
0
0
0
0
0
0
0
0
0
0
0
0
0
0
0
0
0
0
0
0
0
0
0
0
0
0
0
0
0
0
0
0
0
0
0
0
0
0
0
0
0
0
0
0
0
0
0
0
0
0
0
0
