9
0
0
0
0
0
0
0
0
0
0
10
4
0
0
3
0
3
0
10
0
0
8
0
2
0
0
0
0
0
0
0
0
0
0
0
0
10
0
0
1
9
8
1
0
5
0
7
0
0
0
0
4
0
0
0
0
0
0
0
0
0
0
0
0
2
3
0
0
2
0
0
3
5
0
0
0
11
12
0
2
0
0
0
0
0
0
0
0
0
0
0
0
0
9
6
0
0
2
2
5
0
6
11
6
2
0
0
2
0
0
0
0
0
0
0
0
0
0
0
0
2
1
0
0
8
8
0
0
0
5
0
0
2
6
6
2
0
0
0
0
0
0
0
0
0
0
0
0
10
0
0
10
0
0
0
14
0
0
0
0
0
0
7
0
0
0
0
0
0
0
0
0
0
0
0
0
2
0
8
7
0
23
97
129
250
255
255
220
87
0
0
2
0
0
0
0
0
0
0
0
0
0
0
0
2
0
9
0
0
123
245
255
255
240
255
254
129
13
5
0
0
0
0
0
4
0
0
4
0
0
0
4
0
1
0
13
44
215
255
242
255
254
255
249
255
108
3
0
0
0
0
0
4
0
2
1
4
0
11
0
0
16
137
161
249
246
248
255
255
241
255
247
255
70
7
6
0
0
0
0
6
0
5
0
0
0
1
3
74
217
255
233
255
255
244
239
231
241
255
255
254
79
3
0
0
0
0
0
0
0
5
1
5
7
7
99
207
255
255
251
244
236
87
113
221
255
248
255
249
143
0
0
0
0
0
0
0
0
2
3
0
0
0
181
234
255
245
255
255
178
192
255
245
255
242
240
255
182
0
9
0
0
0
0
3
5
0
0
0
0
40
229
255
235
255
235
255
252
233
252
255
248
251
242
255
146
0
5
0
0
0
0
0
6
0
5
11
44
181
255
252
253
244
255
249
246
252
255
250
242
255
254
216
62
0
0
0
0
0
0
0
14
0
0
13
49
255
243
247
251
255
246
251
255
243
246
250
255
253
250
117
0
8
5
0
0
0
0
0
0
5
6
0
3
111
244
254
251
251
255
253
247
255
249
255
243
255
87
0
8
10
0
0
0
0
0
10
1
0
0
0
0
7
44
34
155
197
179
175
45
135
255
237
255
244
155
12
0
0
14
0
0
0
0
0
1
0
0
10
8
0
0
8
9
0
5
2
0
119
253
255
255
171
40
3
0
16
0
0
0
0
0
0
5
2
0
0
0
0
8
0
0
10
0
30
215
255
239
240
132
0
0
5
2
4
0
0
0
0
0
2
3
0
0
2
0
0
0
7
0
5
7
152
245
246
255
255
95
0
5
0
0
0
9
0
0
0
0
0
0
0
4
11
2
0
9
0
18
0
83
237
255
243
245
119
0
8
0
5
0
1
0
0
0
0
0
0
6
3
0
0
0
0
5
0
0
15
222
255
251
252
255
95
6
0
20
0
5
0
20
0
0
0
0
0
2
0
0
7
10
3
0
0
27
148
255
255
245
212
127
5
0
4
0
3
8
1
0
0
0
0
0
0
0
0
0
0
0
0
0
0
36
248
255
236
222
47
0
0
0
0
0
0
0
0
0
0
0
0
0
0
0
0
0
0
0
0
0
0
14
185
238
157
55
0
17
0
0
0
0
0
0
0
0
0
0
0
0
0
0
0
0
0
0
0
0
12
0
2
0
0
7
7
0
0
0
0
0
0
0
0
0
0
0
0
0
0
0
0
0
0
0
0
0
0
1
14
9
0
0
11
0
0
0
0
0
0
0
0
0
0
0
0
0
