5
0
0
0
0
0
0
0
0
0
0
0
0
0
0
0
0
2
1
0
0
0
0
0
1
0
2
2
0
0
0
0
0
0
0
0
0
0
0
0
0
0
0
0
0
0
0
1
4
4
4
2
0
0
0
0
0
0
0
0
0
0
0
0
0
0
0
0
0
0
0
0
0
0
1
3
3
2
0
0
0
0
1
1
0
0
0
0
0
0
0
0
0
0
0
0
0
0
0
0
0
5
3
0
0
0
0
0
2
2
4
5
2
0
0
0
0
0
0
0
0
0
0
0
0
0
0
0
0
1
0
0
0
0
1
3
4
0
0
2
4
0
0
0
0
0
0
0
0
0
0
0
0
0
0
0
0
0
0
0
0
0
0
0
0
0
0
0
0
0
0
0
0
0
0
0
0
0
0
0
0
0
0
0
0
3
1
0
0
1
5
10
14
11
1
0
0
0
0
0
0
0
0
0
0
0
0
0
0
0
0
0
0
4
0
0
0
11
32
54
69
29
12
0
0
0
1
7
4
0
0
0
0
8
0
3
4
3
17
14
0
10
49
122
109
139
254
235
255
228
14
0
2
7
0
0
0
0
1
3
6
0
0
6
56
169
253
209
175
170
203
255
255
255
254
255
148
60
0
8
8
4
0
0
3
6
0
0
0
0
25
96
237
255
255
249
255
255
240
211
129
94
11
15
13
0
0
6
0
0
0
4
5
1
0
0
1
11
131
249
255
215
231
169
167
178
46
7
6
0
11
7
0
7
11
0
0
0
5
3
0
0
4
10
7
6
255
255
207
119
36
2
0
0
0
0
23
0
0
19
0
0
1
0
9
1
2
0
0
0
4
0
0
11
255
237
227
211
188
175
57
1
2
0
0
15
0
0
10
0
0
2
7
0
0
0
7
4
0
0
13
58
86
219
255
231
254
238
255
155
42
0
0
0
9
0
0
5
0
1
0
5
0
0
7
0
0
37
100
2
0
3
47
47
62
152
182
253
213
0
4
0
5
0
2
0
0
6
0
0
18
4
0
3
15
200
37
3
0
6
10
0
0
10
0
227
243
67
0
7
12
0
0
0
0
0
0
0
0
0
0
0
103
208
1
0
2
0
0
3
3
0
1
165
255
99
19
0
0
0
14
0
0
0
0
2
0
6
26
0
251
175
0
24
0
0
8
0
0
12
22
205
244
35
0
6
11
0
0
0
0
0
0
0
8
0
0
10
158
255
141
0
15
5
1
5
0
32
162
255
193
0
0
5
2
0
3
0
0
0
0
2
0
0
0
12
12
186
251
228
185
170
180
178
186
218
243
241
106
8
0
0
0
0
10
0
0
0
0
1
0
18
11
0
3
8
124
169
230
248
245
255
255
237
239
112
7
3
0
4
6
6
0
0
0
0
0
0
10
0
0
12
0
8
0
0
20
61
73
62
67
42
0
0
0
8
7
0
0
2
6
0
0
0
0
0
0
0
6
1
7
0
2
2
0
2
0
0
1
11
4
1
12
0
5
3
1
0
3
0
0
0
0
0
0
0
0
0
0
0
0
0
0
0
0
0
0
0
0
0
0
0
0
0
0
0
0
0
0
0
0
0
0
0
0
0
0
0
0
0
0
0
0
0
0
0
0
0
0
0
0
0
0
0
0
0
0
0
0
0
0
0
0
0
0
0
0
0
0
0
0
0
0
0
0
0
0
0
0
0
0
0
0
0
0
0
0
0
0
0
0
0
0
0
0
0
0
0
0
0
0
0
0
0
0
0
0
0
0
0
0
0
0
0
0
