1
0
0
0
0
0
0
0
0
3
0
3
0
0
2
5
0
1
0
0
0
0
0
1
10
0
0
0
0
0
0
0
0
0
0
0
0
0
0
13
2
11
0
0
10
4
2
2
4
5
1
0
0
0
0
0
0
0
0
0
0
0
0
0
0
7
0
0
0
6
8
0
0
0
0
0
0
1
3
0
0
0
0
0
0
0
0
0
0
0
0
0
0
15
0
0
22
0
11
0
7
0
0
0
0
0
1
3
0
0
0
0
0
0
0
0
0
0
0
0
0
0
13
0
0
0
214
163
23
1
6
7
2
0
0
0
0
0
0
0
0
0
0
0
0
0
0
0
0
0
0
1
18
1
238
249
192
0
0
0
5
4
0
0
1
0
0
0
0
0
0
0
0
0
0
0
0
6
10
0
0
3
228
243
215
10
0
0
1
5
0
0
4
0
0
0
0
0
0
0
0
0
0
0
0
0
4
3
3
78
255
251
244
55
20
0
0
4
0
0
3
0
0
0
0
0
0
0
0
0
0
0
0
3
1
3
4
19
241
255
249
90
0
3
0
0
0
2
0
0
0
0
0
0
0
0
0
0
0
0
0
1
0
0
0
10
233
255
250
90
0
3
0
0
0
2
0
0
0
0
0
0
0
0
0
0
0
0
0
0
0
0
0
2
227
254
254
90
0
3
0
0
0
2
0
0
0
0
0
0
0
0
0
0
0
0
0
1
1
2
0
2
226
255
255
90
0
3
0
0
0
2
0
0
0
0
0
0
0
0
0
0
0
0
0
0
1
5
0
5
227
255
255
90
0
3
0
0
0
2
0
0
0
0
0
0
0
0
0
0
0
0
0
0
0
3
0
5
226
253
254
90
0
3
0
0
0
2
0
0
0
0
0
0
0
0
0
0
0
0
0
0
0
1
0
5
227
254
254
90
0
3
0
0
0
2
0
0
0
0
0
0
0
0
0
0
0
0
0
3
1
1
0
5
229
255
255
90
0
3
0
0
0
2
0
0
0
0
0
0
0
0
0
0
0
0
0
5
0
2
6
0
230
255
255
103
0
0
7
1
0
8
5
0
0
0
0
0
0
0
0
0
0
0
0
3
1
3
3
0
161
250
251
205
7
8
0
0
0
2
0
0
0
0
0
0
0
0
0
0
0
0
0
0
6
2
1
1
98
255
254
247
0
1
0
2
3
14
1
0
0
0
0
0
0
0
0
0
0
0
0
0
6
0
0
4
78
255
253
237
19
2
3
4
0
0
0
0
0
0
0
0
0
0
0
0
0
0
0
1
3
0
0
1
90
252
247
228
73
0
8
3
0
0
0
0
0
0
0
0
0
0
0
0
0
0
0
0
0
0
0
5
100
254
255
250
112
0
0
0
0
2
7
0
0
0
0
0
0
0
0
0
0
0
0
0
0
0
6
5
65
244
255
255
107
0
0
0
0
0
0
0
0
0
0
0
0
0
0
0
0
0
0
4
1
0
5
0
8
216
246
235
46
0
2
0
1
7
1
0
0
0
0
0
0
0
0
0
0
0
0
0
0
0
0
0
0
0
0
0
0
0
0
0
0
0
0
0
0
0
0
0
0
0
0
0
0
0
0
0
0
0
0
0
0
0
0
0
0
0
0
0
0
0
0
0
0
0
0
0
0
0
0
0
0
0
0
0
0
0
0
0
0
0
0
0
0
0
0
0
0
0
0
0
0
0
0
0
0
0
0
0
0
0
0
0
0
0
0
0
0
0
0
0
0
0
0
0
0
0
0
0
0
0
0
