2
0
0
0
0
0
0
0
0
0
4
2
0
3
0
8
1
3
4
0
12
4
5
0
9
0
0
0
0
0
0
0
0
0
0
0
0
1
3
0
0
0
1
4
0
0
10
5
0
0
0
0
4
0
0
0
0
0
0
0
0
0
0
0
0
9
0
0
14
0
6
66
139
16
4
0
0
14
7
2
4
0
0
0
0
0
0
0
0
0
0
0
0
0
4
0
0
24
158
238
255
189
65
0
7
0
0
0
5
0
0
0
0
0
0
0
0
0
0
0
0
0
7
1
0
52
231
255
249
255
164
51
0
0
0
1
0
0
0
0
0
0
0
0
0
0
0
0
0
6
0
0
26
79
234
255
240
233
255
170
0
14
0
7
0
0
0
0
0
0
0
0
0
0
0
0
0
0
0
0
0
67
255
255
169
151
255
247
78
0
0
0
5
0
0
0
0
0
0
0
0
0
0
0
0
0
0
4
0
4
149
120
40
3
155
251
229
30
8
0
0
0
0
0
0
1
8
0
0
10
0
0
1
0
3
0
0
3
2
9
0
0
138
255
251
65
0
0
7
0
0
0
0
10
0
16
4
0
2
5
0
2
5
0
8
4
0
0
0
0
59
237
255
76
2
5
0
0
0
0
0
0
0
13
0
0
0
0
5
0
2
0
2
0
0
4
3
0
37
248
255
85
0
0
0
0
0
0
0
0
17
0
0
8
2
0
5
0
9
1
0
0
4
10
0
25
119
255
234
75
0
0
13
0
0
0
0
2
0
0
21
0
12
0
0
14
6
0
0
16
26
40
32
5
150
255
255
84
0
0
5
0
0
0
0
7
0
9
8
0
11
0
24
6
19
70
177
244
246
250
252
254
255
245
244
72
0
6
0
0
0
0
0
0
10
2
0
0
0
48
142
255
252
239
255
255
247
250
255
245
255
255
255
107
3
2
20
0
0
0
0
0
13
0
7
13
0
203
255
243
255
255
252
248
249
255
249
255
254
246
255
250
136
14
0
0
0
0
0
1
0
7
0
9
0
253
252
255
250
255
192
209
225
255
255
255
251
255
255
251
231
136
6
9
0
1
0
0
4
0
8
2
0
255
240
255
224
176
139
212
226
245
238
246
205
110
77
177
255
237
162
5
21
0
4
0
9
0
0
0
5
240
255
247
255
255
234
255
243
255
255
205
27
0
17
0
54
208
253
203
183
12
3
0
7
5
0
5
2
106
240
254
246
249
255
255
241
235
101
19
0
0
9
14
0
15
90
157
134
0
0
0
2
8
0
13
0
0
106
140
226
179
129
139
70
25
2
2
0
0
0
0
11
7
0
0
0
0
7
1
2
0
6
2
0
8
0
0
8
7
16
2
0
5
0
0
1
0
0
5
0
0
10
11
0
16
8
6
0
0
0
0
0
26
0
3
0
0
6
2
0
1
9
0
20
2
0
1
7
0
5
3
0
0
0
0
0
16
0
2
0
0
7
0
8
3
0
1
5
0
6
5
0
0
5
0
1
9
0
0
17
0
7
0
0
0
0
0
0
0
0
0
0
0
0
0
0
0
0
0
0
0
0
0
0
0
0
0
0
0
0
0
0
0
0
0
0
0
0
0
0
0
0
0
0
0
0
0
0
0
0
0
0
0
0
0
0
0
0
0
0
0
0
0
0
0
0
0
0
0
0
0
0
0
0
0
0
0
0
0
0
0
0
0
0
0
0
0
0
0
0
0
0
0
0
0
0
0
0
0
0
0
0
0
0
0
0
0
0
0
0
0
0
0
0
