4
0
0
0
0
0
0
0
0
0
2
8
0
0
5
7
2
0
2
8
0
13
8
0
0
0
16
0
4
0
0
0
0
0
0
0
0
12
0
0
11
11
0
0
1
0
21
0
15
0
0
11
2
0
0
0
12
0
0
0
0
0
0
0
0
1
0
3
9
0
0
2
2
12
0
15
1
0
0
0
13
7
5
0
0
0
0
0
0
0
0
0
0
1
3
0
0
0
0
10
0
0
0
0
0
23
0
12
0
0
10
6
0
0
0
0
0
0
0
0
0
3
0
0
0
17
0
0
0
0
24
0
0
0
0
0
9
18
0
6
5
0
0
0
0
0
0
0
0
0
33
9
0
9
0
0
0
0
0
12
10
0
10
73
240
174
0
0
13
0
0
0
0
0
0
0
0
74
154
80
0
0
0
6
3
14
0
0
2
0
0
168
255
206
15
0
2
0
0
0
0
0
0
0
0
253
255
116
0
7
1
0
0
0
0
6
0
11
184
255
245
60
0
6
0
4
0
3
2
0
16
0
135
255
251
137
0
2
11
0
9
1
2
0
69
193
248
255
255
0
0
0
0
0
13
0
2
4
0
32
42
184
255
192
0
2
0
0
0
3
0
29
40
255
255
185
123
0
0
0
0
2
0
0
13
0
0
0
85
254
249
138
8
4
0
17
13
0
3
49
203
247
248
207
0
0
0
0
0
0
12
0
0
26
9
0
242
255
252
62
0
4
8
0
0
11
0
255
255
255
255
16
0
0
0
0
0
6
0
16
0
0
0
193
255
252
128
0
14
1
0
10
0
135
242
253
255
234
61
0
11
0
0
0
0
0
6
0
1
0
70
255
255
254
63
0
12
0
0
133
197
250
255
255
250
147
21
0
0
0
0
0
0
9
0
0
22
0
189
247
253
248
199
130
118
255
255
249
255
255
239
251
180
68
0
0
7
0
0
0
0
4
2
1
0
6
250
255
255
255
249
255
252
255
251
255
255
255
255
255
255
0
13
1
0
0
0
0
0
13
0
0
11
0
250
245
255
255
255
251
255
255
255
247
253
255
255
255
120
0
5
0
0
0
0
0
0
0
7
2
0
16
247
255
242
246
247
255
254
255
189
188
255
251
255
119
14
0
6
0
11
0
0
0
0
17
0
0
12
0
0
127
255
255
191
125
131
47
0
0
246
249
255
62
6
12
0
0
5
0
0
0
0
0
5
0
1
5
0
9
3
0
11
0
10
23
0
187
255
255
130
0
0
0
7
16
2
0
0
0
0
0
4
0
0
3
0
0
0
1
0
20
0
0
84
244
252
185
0
13
22
0
0
5
0
0
0
0
0
0
2
4
0
0
26
3
2
11
0
4
2
10
125
255
247
202
0
1
0
0
16
0
0
0
0
0
0
5
0
5
0
0
0
0
3
2
9
0
2
37
255
255
255
69
0
10
0
7
2
0
7
0
0
0
0
5
0
3
0
14
0
12
0
0
11
0
7
202
255
245
198
0
1
0
5
1
0
7
0
0
0
0
0
0
0
0
0
0
0
0
0
3
0
4
7
240
255
242
141
0
0
0
0
0
0
0
0
0
0
0
0
0
0
0
0
0
0
0
0
0
22
12
0
13
5
0
0
0
0
0
0
0
0
0
0
0
0
0
0
0
0
0
0
0
0
0
0
0
1
0
2
0
6
0
17
0
0
0
0
0
0
0
0
0
0
0
0
0
0
0
0
0
0
0
0
2
0
3
7
7
0
0
0
0
0
0
0
0
0
0
0
0
0
0
0
