5
3
2
0
0
1
7
0
6
3
0
0
1
3
3
2
2
0
9
0
0
18
0
11
0
0
0
0
0
0
0
0
0
4
0
0
4
0
0
2
2
0
0
0
0
5
0
0
15
0
1
3
3
0
0
0
0
0
1
0
6
3
0
0
3
0
4
8
7
3
0
2
4
0
0
0
5
0
7
0
6
0
0
0
0
2
5
0
2
0
0
5
0
4
2
0
0
0
0
0
0
0
13
0
0
16
10
0
0
0
0
0
0
1
6
0
0
1
0
0
0
0
2
5
0
0
0
7
11
0
8
0
3
0
0
16
0
0
0
0
0
0
1
5
0
5
2
0
36
151
116
94
131
209
255
244
201
156
161
155
188
34
2
39
22
0
0
0
0
2
0
9
0
5
0
11
135
247
253
252
245
245
251
250
242
226
190
184
255
143
102
96
106
0
0
0
0
10
0
9
0
2
0
33
228
250
255
255
253
255
255
255
242
255
154
108
200
255
202
106
116
0
0
0
0
0
0
0
9
4
0
7
154
241
255
213
175
84
168
154
91
167
178
13
5
114
73
97
0
0
0
0
0
1
4
0
0
0
0
6
158
241
250
69
0
8
0
0
0
0
0
0
0
10
0
0
3
0
0
0
0
0
4
0
0
0
13
4
169
249
222
2
12
4
6
0
21
0
19
1
3
0
10
8
0
0
0
0
0
0
0
0
5
0
8
0
173
198
253
142
240
244
224
64
18
12
0
0
7
4
15
0
13
0
0
0
0
1
0
0
10
0
0
0
191
195
255
247
232
242
240
255
115
202
93
6
0
4
0
17
0
0
0
0
0
4
0
0
9
2
0
55
239
255
255
255
25
129
248
246
252
238
134
199
92
3
0
9
4
0
0
0
0
1
0
0
2
5
2
110
255
230
255
181
47
0
37
168
247
255
218
242
200
121
0
0
0
0
0
0
0
1
2
2
0
0
0
121
235
105
22
6
5
0
1
4
132
120
238
255
251
241
70
20
0
0
0
0
0
0
8
9
0
0
5
0
34
0
14
0
0
11
0
3
0
0
99
243
62
214
255
126
17
0
0
0
0
0
0
0
0
18
7
7
2
0
7
0
0
0
0
0
0
6
0
78
123
255
255
244
137
0
0
0
0
0
5
0
2
0
0
24
0
2
0
9
3
0
1
2
6
14
0
12
152
235
252
253
152
0
0
0
0
11
6
0
0
13
14
114
32
13
0
3
5
0
1
0
1
0
60
137
209
255
255
122
0
0
0
0
0
0
8
11
16
0
0
171
182
119
56
47
42
36
52
61
86
174
232
255
246
255
238
98
11
0
0
0
0
14
0
0
1
0
5
180
255
255
243
252
255
255
255
239
240
252
244
255
255
209
73
11
0
0
0
0
0
0
0
0
4
0
6
122
245
244
255
253
243
243
249
255
255
255
247
250
205
136
7
3
8
0
0
0
0
2
2
1
0
3
4
0
45
155
238
255
255
255
251
255
239
169
188
155
16
0
0
0
0
0
0
0
0
0
0
0
0
0
0
0
0
9
68
136
253
198
228
133
49
5
4
3
2
0
0
0
0
0
0
0
0
0
0
0
0
0
0
0
0
0
0
0
18
0
21
13
0
4
3
3
1
0
0
0
0
0
0
0
0
0
0
0
0
0
0
0
0
9
3
6
0
0
0
6
0
2
2
1
1
0
0
0
0
0
0
0
0
0
0
0
0
0
0
0
0
0
0
6
2
10
0
0
4
0
0
0
0
0
0
0
0
0
0
0
0
