1
0
0
0
0
0
0
0
0
1
0
0
8
0
0
0
11
0
0
0
5
3
0
0
5
0
0
0
0
0
0
0
0
0
0
0
0
0
13
0
0
25
0
30
0
2
0
0
1
1
0
0
1
0
0
0
0
0
0
0
0
0
0
0
0
9
1
0
2
0
3
0
8
3
2
0
0
0
3
2
0
0
0
0
0
0
0
0
0
0
0
0
0
0
0
11
0
4
9
0
0
0
2
1
0
0
3
2
0
0
0
0
0
0
0
0
0
0
0
0
0
23
0
0
0
88
255
79
0
0
0
3
0
0
1
0
0
0
0
0
0
0
0
0
0
0
0
0
0
0
6
4
0
176
234
226
85
8
3
1
2
2
0
0
1
0
0
0
0
0
0
0
0
0
0
0
0
5
0
0
7
174
255
255
223
33
10
0
0
5
0
0
2
0
0
0
0
0
0
0
0
0
0
0
0
6
0
4
0
159
250
255
253
53
16
0
0
8
2
0
3
0
0
0
0
0
0
0
0
0
0
0
0
0
0
0
0
168
255
251
254
55
2
0
4
0
1
0
1
0
0
0
0
0
0
0
0
0
0
0
0
0
0
0
0
168
255
251
254
55
2
0
4
0
1
0
1
0
0
0
0
0
0
0
0
0
0
0
0
0
0
0
0
168
255
251
254
55
2
0
4
0
1
0
1
0
0
0
0
0
0
0
0
0
0
0
0
0
0
0
0
168
255
251
254
55
2
0
4
0
1
0
1
0
0
0
0
0
0
0
0
0
0
0
0
0
0
0
0
168
255
251
254
55
2
0
4
0
1
0
1
0
0
0
0
0
0
0
0
0
0
0
0
0
0
0
0
168
255
251
254
55
2
0
4
0
1
0
1
0
0
0
0
0
0
0
0
0
0
0
0
0
0
0
0
168
255
251
254
55
2
0
4
0
1
0
1
0
0
0
0
0
0
0
0
0
0
0
0
0
0
0
0
168
255
251
254
55
2
0
4
0
1
0
1
0
0
0
0
0
0
0
0
0
0
0
0
0
10
0
0
169
255
244
252
55
1
0
4
1
2
0
1
0
0
0
0
0
0
0
0
0
0
0
0
0
2
0
12
164
255
245
255
55
2
0
3
0
1
0
1
0
0
0
0
0
0
0
0
0
0
0
0
6
0
17
30
210
240
254
246
55
3
0
2
0
0
0
1
0
0
0
0
0
0
0
0
0
0
0
0
0
0
0
72
246
255
255
255
53
3
0
2
0
0
0
0
0
0
0
0
0
0
0
0
0
0
0
0
14
4
0
0
194
240
250
254
48
2
0
2
0
1
0
0
0
0
0
0
0
0
0
0
0
0
0
0
0
0
18
0
133
255
229
213
42
0
0
3
0
2
0
0
0
0
0
0
0
0
0
0
0
0
0
0
5
15
0
4
11
255
255
250
36
0
1
4
0
4
1
0
0
0
0
0
0
0
0
0
0
0
0
0
6
0
11
0
26
112
241
127
33
0
1
5
0
5
1
0
0
0
0
0
0
0
0
0
0
0
0
0
0
0
0
0
0
0
0
0
0
0
0
0
0
0
0
0
0
0
0
0
0
0
0
0
0
0
0
0
0
0
0
0
0
0
0
0
0
0
0
0
0
0
0
0
0
0
0
0
0
0
0
0
0
0
0
0
0
0
0
0
0
0
0
0
0
0
0
0
0
0
0
0
0
0
0
0
0
0
0
0
0
0
0
0
0
0
0
0
0
0
0
0
0
0
0
0
0
0
0
0
0
0
0
0
