4
0
0
0
0
0
0
0
0
0
0
4
0
0
0
3
1
1
3
0
0
0
4
0
0
0
0
0
0
0
0
0
0
0
0
0
0
0
3
4
1
0
1
2
1
0
5
0
10
4
2
0
0
0
0
0
0
0
0
0
0
0
0
0
0
3
0
0
0
1
0
0
0
0
9
0
7
0
0
7
0
0
0
0
0
0
0
0
0
0
0
0
0
1
0
0
0
0
0
0
4
10
1
0
0
0
0
0
4
0
0
0
0
0
0
0
0
0
0
0
0
0
0
1
3
0
0
0
5
0
0
14
0
22
12
0
0
0
0
0
0
0
0
0
0
0
0
0
0
0
1
2
0
0
0
0
0
9
181
246
84
0
0
0
12
0
0
0
0
0
0
0
0
0
0
0
0
0
0
0
0
2
14
8
0
74
234
173
29
0
12
21
0
0
0
0
0
0
0
0
0
0
0
0
0
0
3
0
0
16
37
27
0
202
244
38
0
0
0
0
0
0
0
0
0
0
0
0
0
0
0
0
0
0
18
0
0
60
241
187
11
255
210
0
22
0
2
0
0
0
0
0
0
0
0
0
0
0
0
0
0
9
0
11
0
67
255
162
0
245
180
0
0
0
9
8
5
0
0
0
0
0
0
0
0
0
0
0
0
1
8
3
2
204
255
45
112
255
132
11
15
11
0
0
11
0
0
0
0
0
0
0
0
0
0
0
0
0
0
0
78
254
185
0
200
247
59
0
0
2
9
10
0
0
0
0
0
0
0
0
0
0
0
0
0
0
11
0
176
243
99
13
215
214
0
0
15
0
0
2
0
0
0
0
0
0
0
0
0
0
0
0
0
0
43
31
236
253
49
42
251
177
0
5
3
0
13
11
6
0
0
0
0
0
0
0
0
0
0
0
0
6
0
98
255
175
8
127
255
93
22
0
0
39
162
82
0
0
0
0
0
0
0
0
0
0
0
0
0
1
0
189
255
99
8
198
255
6
21
77
166
241
246
60
11
0
0
0
0
0
0
0
0
0
0
0
0
0
7
215
255
152
120
240
255
237
229
249
255
188
66
0
0
0
0
0
0
0
0
0
0
0
0
0
0
0
66
229
246
255
247
255
232
252
228
155
54
0
0
5
7
0
0
0
0
0
0
0
0
0
0
0
0
20
119
255
170
136
224
248
107
0
10
9
0
0
4
3
0
0
0
0
0
0
0
0
0
0
0
0
0
0
9
97
16
0
208
241
13
15
0
0
1
5
0
0
8
0
0
0
0
0
0
0
0
0
0
0
0
12
2
7
1
53
251
172
0
0
0
0
0
0
5
2
0
0
0
0
0
0
0
0
0
0
0
0
0
0
4
0
1
93
248
112
10
0
5
8
1
0
5
4
0
0
0
0
0
0
0
0
0
0
0
0
0
15
17
0
0
113
252
101
0
0
0
0
2
1
0
0
3
0
0
0
0
0
0
0
0
0
0
0
0
0
0
4
6
163
246
85
2
1
6
5
0
0
3
4
0
0
0
0
0
0
0
0
0
0
0
0
0
2
0
9
2
138
227
71
0
0
0
0
0
0
0
0
0
0
0
0
0
0
0
0
0
0
0
0
0
0
5
14
0
10
22
0
1
0
0
0
0
0
0
0
0
0
0
0
0
0
0
0
0
0
0
0
0
5
4
0
0
2
0
0
11
0
0
0
0
0
0
0
0
0
0
0
0
0
0
0
0
0
0
0
0
0
9
0
9
8
3
15
0
0
0
0
0
0
0
0
0
0
0
0
0
