2
0
0
0
0
0
0
0
0
0
0
0
14
0
0
0
2
0
8
0
0
23
0
0
5
0
0
0
0
0
0
0
0
0
0
0
0
6
0
5
0
15
5
20
2
0
0
6
0
0
1
3
0
0
0
0
0
0
0
0
0
0
0
0
0
7
0
0
1
6
0
0
0
6
0
11
10
0
0
0
8
0
0
0
0
0
0
0
0
0
0
0
0
0
8
0
13
0
0
28
99
85
96
94
30
3
4
3
0
0
0
0
0
0
0
0
0
0
0
0
0
8
0
6
0
5
13
132
245
255
255
251
209
185
62
0
0
0
0
0
0
0
0
0
0
0
0
0
0
0
2
9
6
63
169
251
255
245
237
246
255
255
106
0
9
0
0
0
0
0
0
0
0
0
0
0
0
18
0
26
185
230
255
249
255
230
233
255
249
241
198
17
0
0
0
0
0
0
0
0
0
0
0
0
0
0
54
193
255
255
252
229
140
28
0
132
255
255
248
0
1
0
0
0
0
5
6
2
0
0
1
1
0
0
48
232
255
204
144
26
10
1
0
90
252
254
239
6
0
0
0
0
0
0
0
4
2
2
5
5
1
10
0
88
110
29
18
12
0
2
0
222
255
255
255
0
0
0
0
0
0
0
0
3
1
0
0
0
0
1
5
0
4
0
0
0
9
6
0
223
224
252
254
0
8
0
0
0
0
1
1
0
0
0
0
0
0
6
0
0
6
2
0
3
0
0
17
227
255
253
153
8
0
0
0
0
0
2
0
0
0
3
5
4
3
0
1
12
0
1
6
17
83
77
175
248
245
255
76
0
6
0
0
0
0
1
0
0
3
5
0
0
0
11
14
0
0
118
182
160
251
255
239
242
255
83
40
21
0
0
0
0
0
1
0
1
2
0
0
0
7
0
27
185
254
245
255
252
255
255
254
254
255
0
8
0
0
0
0
0
0
0
0
0
0
0
1
25
50
194
192
255
255
227
227
236
251
252
246
255
241
41
0
0
3
0
0
0
0
3
0
0
8
50
107
185
255
252
242
255
144
38
39
226
254
253
251
253
251
175
0
11
0
0
0
0
0
0
14
9
52
229
255
222
196
233
58
35
16
158
229
245
255
219
210
236
255
235
84
0
0
0
0
0
0
11
0
94
253
254
252
138
2
0
5
91
165
242
255
239
192
21
14
218
255
251
91
3
1
0
0
0
0
0
12
135
251
249
221
71
59
74
197
246
248
250
238
82
16
5
0
185
245
247
123
2
6
0
0
0
0
4
3
235
255
254
255
255
253
245
254
243
255
158
45
27
0
0
17
22
209
255
254
0
0
0
0
0
0
0
10
211
247
239
246
241
255
254
193
176
14
0
9
0
2
18
0
0
10
153
83
7
0
0
0
0
0
0
0
24
95
103
112
76
94
94
2
2
0
15
0
3
3
0
0
0
15
10
0
3
9
0
0
0
0
0
14
0
7
0
0
19
0
0
16
0
0
0
5
0
0
0
8
1
0
6
0
0
0
0
0
0
0
0
0
0
0
0
0
0
0
0
0
0
0
0
0
0
0
0
0
0
0
0
0
0
0
0
0
0
0
0
0
0
0
0
0
0
0
0
0
0
0
0
0
0
0
0
0
0
0
0
0
0
0
0
0
0
0
0
0
0
0
0
0
0
0
0
0
0
0
0
0
0
0
0
0
0
0
0
0
0
0
0
0
0
0
0
0
0
0
0
0
0
0
0
0
0
0
0
0
0
0
0
0
0
0
0
0
0
0
0
0
0
0
