8
0
0
0
0
0
0
0
0
0
4
6
0
5
2
0
11
1
0
0
0
0
0
0
3
0
2
2
0
0
0
0
0
0
0
0
0
2
5
0
0
1
8
6
0
0
0
0
0
0
0
0
0
0
0
0
0
0
0
0
0
0
0
0
0
4
0
0
19
7
0
4
8
4
3
2
4
6
7
4
0
0
1
1
0
0
0
0
0
0
0
0
0
0
2
0
0
0
4
3
0
0
0
0
0
0
0
0
0
2
4
5
2
0
0
0
0
0
0
0
0
7
0
8
0
0
0
0
6
0
4
5
0
0
0
3
4
0
0
2
4
0
0
0
0
0
0
0
0
11
0
0
0
0
11
10
0
0
5
5
0
0
1
4
2
0
0
0
0
0
0
0
0
0
0
0
0
0
0
3
12
0
78
144
24
0
2
1
0
1
9
3
0
11
1
0
0
0
0
0
0
0
0
0
0
9
0
64
170
66
61
248
219
165
166
164
164
175
183
170
149
29
12
0
0
0
0
0
0
0
0
0
0
12
46
255
251
252
255
247
246
255
246
255
252
245
252
247
253
243
3
0
0
0
0
0
0
0
0
0
0
0
51
250
255
184
69
82
93
74
79
70
99
50
0
88
181
251
0
5
9
0
0
0
0
0
0
0
0
0
19
85
244
241
49
6
0
4
0
2
0
9
0
19
191
255
0
0
0
0
0
0
0
0
0
0
0
6
0
20
131
245
224
30
2
0
10
2
0
0
52
180
255
234
22
8
0
0
0
0
0
0
0
0
0
0
12
12
0
168
255
222
47
0
0
0
94
218
250
229
202
43
0
0
0
0
0
0
0
0
0
0
0
9
0
0
14
0
206
252
187
17
81
220
243
232
249
138
0
0
9
1
0
0
0
0
0
0
0
0
0
8
0
5
9
0
9
251
251
236
255
230
211
137
16
0
1
2
5
0
0
0
0
0
0
0
0
0
0
0
16
0
0
9
118
249
254
255
227
132
18
0
8
0
3
1
0
8
4
5
0
0
11
0
0
0
14
68
89
156
189
250
255
247
255
207
8
0
10
0
6
0
7
0
0
0
0
7
0
0
0
6
13
185
218
241
255
255
245
229
127
52
169
240
97
0
0
5
2
0
0
0
0
0
0
3
0
19
0
0
187
237
255
223
170
69
16
9
0
11
187
255
119
5
0
5
2
0
0
0
0
0
0
0
16
0
9
0
255
255
99
13
0
0
22
0
5
122
255
218
40
3
7
0
5
0
5
0
0
0
0
11
0
1
1
0
182
255
88
0
6
0
0
37
153
255
210
104
0
0
12
0
3
0
3
0
0
0
0
0
6
0
8
11
22
194
231
89
44
41
162
255
239
199
71
1
10
0
1
12
0
3
0
0
0
0
0
0
0
15
3
2
10
28
214
248
253
251
248
198
95
33
3
0
17
0
0
5
0
8
0
0
0
0
0
5
0
0
8
0
2
6
9
98
105
115
73
1
5
0
3
13
0
8
4
0
1
8
0
0
0
0
0
0
0
0
0
0
0
0
0
0
0
0
0
0
0
0
0
0
0
0
0
0
0
0
0
0
0
0
0
0
0
0
0
0
0
0
0
0
0
0
0
0
0
0
0
0
0
0
0
0
0
0
0
0
0
0
0
0
0
0
0
0
0
0
0
0
0
0
0
0
0
0
0
0
0
0
0
0
0
0
0
0
0
0
0
0
0
0
0
0
0
0
0
0
0
0
0
0
0
0
0
0
0
0
0
0
0
0
0
0
0
0
0
