9
0
0
0
0
0
0
0
0
0
14
0
0
8
7
0
4
0
0
1
0
0
6
0
0
0
0
0
0
0
0
0
0
0
0
0
0
8
0
0
6
0
0
5
0
0
0
1
5
0
6
0
5
0
0
0
0
0
0
0
0
0
0
0
0
0
0
0
2
11
10
4
4
0
7
0
9
0
1
0
3
0
0
0
0
0
0
0
0
0
0
0
0
22
0
0
8
0
0
0
2
0
9
0
9
0
0
0
0
0
0
0
0
0
0
0
0
0
0
0
0
0
15
15
0
9
13
0
0
1
4
0
3
0
5
1
0
0
0
0
0
0
0
0
0
0
0
0
0
7
0
0
0
2
3
2
1
3
0
1
0
0
4
0
1
0
0
0
0
0
0
0
0
0
0
0
0
10
0
22
10
8
182
255
126
17
0
31
0
0
0
0
4
0
0
0
0
0
0
0
0
0
0
0
0
0
0
4
88
220
255
241
228
40
9
65
1
8
0
0
10
0
0
0
0
5
0
0
9
2
0
3
4
6
9
84
243
255
212
51
35
8
159
241
141
17
3
0
5
0
0
0
0
0
0
0
1
1
1
5
0
1
71
255
245
221
34
7
24
162
246
255
232
30
0
3
0
0
0
0
0
0
3
0
0
0
10
0
0
0
255
229
254
101
0
1
60
240
255
245
255
100
0
8
0
0
0
0
0
0
7
0
0
1
6
0
20
117
248
255
241
16
13
70
165
253
252
231
255
175
1
5
0
0
0
0
0
0
4
0
6
2
0
0
82
252
250
239
42
8
47
221
255
255
249
255
242
155
0
3
3
0
0
0
0
0
0
0
10
1
0
11
161
247
253
165
16
150
233
254
249
161
196
255
254
64
0
4
1
0
0
0
0
0
2
0
7
0
2
34
226
255
245
149
195
255
234
255
180
28
152
243
255
15
0
2
0
0
0
0
0
0
9
0
2
0
7
49
255
249
250
255
242
253
255
112
12
0
183
250
251
28
7
0
0
0
0
0
0
6
0
0
0
6
0
11
166
255
242
254
250
153
19
0
15
3
165
252
255
27
0
0
3
0
0
0
0
0
0
9
0
7
4
0
48
166
189
157
66
3
2
7
0
0
169
255
249
19
4
0
1
0
0
0
0
0
1
9
0
0
16
0
0
0
0
0
2
0
0
0
10
0
166
255
249
25
4
0
2
0
0
0
0
6
0
6
0
0
7
1
7
0
0
0
5
7
0
0
0
3
160
254
253
34
0
0
2
0
0
0
0
0
0
7
10
0
0
0
1
1
7
3
0
0
8
16
12
3
164
255
236
23
0
1
0
0
0
0
0
0
0
2
0
0
2
5
0
0
0
0
11
4
0
0
0
0
169
255
215
8
0
11
0
0
0
0
0
2
5
0
0
0
4
10
3
0
4
6
0
0
7
9
3
0
158
255
227
27
0
9
0
0
0
0
0
0
3
0
5
6
0
0
2
5
0
0
0
2
0
0
0
1
139
251
255
63
0
0
7
0
0
0
0
0
0
0
0
0
0
0
0
0
0
0
0
0
0
0
0
0
35
245
247
170
8
5
0
0
0
0
0
0
0
0
0
0
0
0
0
0
0
0
0
0
0
0
0
6
0
78
236
171
0
0
14
0
0
0
0
0
0
0
0
0
0
0
0
0
0
0
0
0
0
0
0
2
0
0
15
0
14
0
0
0
0
0
0
0
0
0
0
0
0
0
0
0
0
0
0
0
0
0
0
13
0
6
13
7
12
0
1
0
0
0
0
