9
0
0
0
0
0
0
0
0
6
0
0
0
1
0
0
5
3
0
14
0
0
4
7
0
0
0
0
0
0
0
0
0
0
0
0
0
1
1
4
6
4
0
0
0
0
0
0
3
2
0
0
4
0
0
0
0
0
0
0
0
0
0
0
0
0
0
4
1
0
0
0
0
0
13
12
0
4
0
7
0
0
0
0
0
0
0
0
0
0
0
0
0
0
0
0
0
0
0
2
0
0
0
0
2
10
0
6
3
0
0
0
0
0
0
0
0
0
0
0
0
3
2
0
0
1
6
4
0
11
5
2
21
0
5
6
0
0
0
0
0
0
0
0
0
0
0
0
0
0
0
0
3
5
1
0
0
7
0
6
0
7
0
6
1
0
0
0
0
0
0
0
0
0
0
0
0
0
0
0
4
2
0
0
15
0
18
125
185
255
137
0
5
0
0
0
0
0
0
0
0
0
0
0
0
8
0
0
5
0
0
17
51
93
240
244
255
248
255
1
0
0
0
0
0
0
0
0
0
0
0
0
0
0
0
0
7
4
0
159
250
255
255
240
255
255
221
54
5
0
0
0
0
0
0
0
0
0
0
0
0
8
0
4
0
14
187
244
250
242
197
158
32
165
185
8
0
0
0
0
0
0
0
0
0
0
0
0
0
0
15
5
22
240
250
255
211
109
0
0
15
199
103
0
1
0
0
0
0
0
0
0
0
0
0
0
0
8
0
10
231
244
254
202
39
0
11
42
199
247
150
4
0
0
0
0
0
0
0
0
0
0
0
0
0
4
20
244
245
249
97
7
0
0
138
229
248
245
132
0
22
0
0
0
0
0
0
0
0
0
0
0
0
0
238
244
207
69
2
57
125
245
248
255
255
250
64
0
0
0
0
0
0
0
0
0
0
0
0
0
0
112
252
252
40
58
137
235
247
242
255
239
220
71
0
0
10
0
0
0
0
0
0
0
0
0
0
0
0
220
255
245
239
255
247
242
255
255
246
254
48
0
7
0
3
0
0
0
0
3
0
0
0
0
0
0
0
237
255
255
254
255
211
226
255
255
244
113
12
0
0
0
1
0
0
0
0
0
0
0
1
3
3
8
15
241
221
248
201
132
51
215
255
255
152
19
0
1
4
5
0
0
0
0
0
1
0
0
2
0
0
1
7
0
76
13
3
0
177
246
255
178
41
0
0
2
2
0
0
0
0
0
0
3
0
0
2
0
0
0
0
11
0
0
44
210
239
243
191
38
0
9
17
0
0
0
0
0
0
0
0
1
0
0
4
7
5
0
0
0
0
12
160
255
255
241
28
0
0
11
0
0
9
0
3
0
0
0
0
2
0
0
2
4
2
0
0
0
101
240
241
255
134
1
4
1
8
0
0
1
6
0
4
0
0
0
0
2
1
1
0
0
0
0
9
33
236
251
254
255
40
0
13
0
8
0
3
9
0
0
0
0
0
0
0
0
0
4
1
0
0
15
35
255
252
254
184
30
0
12
0
0
2
0
5
4
0
10
0
0
0
0
0
0
5
4
0
7
0
0
93
245
255
161
20
0
8
0
0
0
0
0
0
0
0
0
0
0
0
0
0
0
0
1
0
11
5
5
72
255
145
16
0
16
0
0
6
0
0
0
0
0
0
0
0
0
0
0
0
3
0
0
0
4
2
0
23
0
6
8
1
5
4
1
6
0
0
0
0
0
0
0
0
0
0
0
0
6
0
0
0
0
0
0
0
18
5
0
0
0
6
3
0
0
0
0
0
0
0
0
0
0
0
0
0
