8
0
0
0
0
0
0
0
0
10
0
0
11
0
3
0
1
1
0
0
0
0
6
8
0
0
0
0
0
0
0
0
0
0
0
0
0
0
0
6
10
0
6
5
0
0
3
8
6
0
0
0
0
0
0
0
0
0
0
0
0
0
0
0
0
11
8
0
5
7
8
0
0
0
0
0
1
3
0
0
6
0
0
0
0
0
0
0
0
0
0
0
0
0
0
0
0
0
0
0
9
2
4
0
0
2
2
0
0
0
0
0
0
0
0
0
0
0
0
0
0
10
8
11
0
0
1
6
0
2
8
3
0
0
6
0
0
0
0
0
0
0
0
0
0
0
0
0
0
3
0
5
0
62
238
255
95
0
0
4
6
0
2
8
0
0
0
0
0
0
0
0
0
0
0
0
0
0
19
0
49
250
255
226
252
32
0
0
9
0
0
11
0
0
0
0
0
0
0
0
0
0
0
0
0
10
120
226
246
255
239
243
252
109
13
0
11
0
0
7
0
0
0
0
0
3
2
0
0
7
1
0
3
142
255
233
255
255
103
167
255
195
0
0
4
0
1
0
6
0
0
0
0
1
2
0
1
4
0
4
25
230
249
255
241
254
78
128
247
181
0
0
0
0
17
1
0
0
0
0
0
0
1
1
4
2
0
12
48
248
255
174
246
255
164
118
253
200
15
2
0
0
3
2
7
0
0
0
0
0
0
0
4
1
0
10
50
244
255
131
107
250
163
166
251
174
0
0
7
3
0
0
5
0
0
0
0
2
0
0
2
2
0
2
31
246
255
231
46
155
109
205
255
161
10
0
0
0
3
0
0
0
0
0
0
1
1
0
0
4
0
0
10
82
254
245
213
124
84
255
237
88
4
14
0
0
0
10
0
0
0
0
0
0
3
0
0
4
2
0
0
8
97
255
255
229
238
255
255
28
0
3
8
1
0
5
0
0
0
0
0
0
5
2
0
4
6
0
0
0
17
72
171
255
252
254
246
173
33
0
0
3
0
0
2
0
0
0
0
0
0
0
0
0
0
0
0
0
0
12
1
41
255
255
255
252
230
16
9
0
2
0
0
0
0
0
0
0
0
0
0
0
0
0
0
0
6
0
4
14
230
255
227
255
255
174
12
0
4
0
1
0
0
0
0
0
0
0
0
0
0
0
0
0
13
0
0
42
255
251
25
159
251
255
41
0
0
0
2
0
0
0
0
0
0
0
0
0
0
0
0
9
0
2
10
70
255
252
3
27
229
246
114
3
0
0
0
0
0
0
0
0
0
0
0
0
0
0
0
5
0
7
3
36
249
248
18
0
233
248
164
10
0
0
0
0
0
0
0
0
0
0
0
0
0
0
0
0
11
0
0
6
255
247
19
15
223
255
118
0
2
0
9
0
0
0
0
0
0
0
0
0
0
0
0
2
6
0
13
6
165
255
190
123
230
248
44
0
0
0
5
0
0
0
0
0
0
0
0
0
0
0
0
0
11
2
0
0
61
255
249
249
255
226
22
11
0
3
0
0
0
0
0
0
0
0
0
0
0
0
0
0
0
5
7
0
4
87
181
255
219
56
0
6
0
0
1
0
0
0
0
0
0
0
0
0
0
0
0
10
0
0
0
0
0
0
7
0
21
0
0
19
0
0
5
0
0
0
0
0
0
0
0
0
0
0
0
0
0
0
0
6
10
0
0
0
15
0
4
7
0
3
3
0
0
0
0
0
0
0
0
0
0
0
0
0
6
7
0
0
0
7
7
3
0
0
0
0
0
9
0
0
0
0
0
