7
0
3
0
4
11
0
3
1
1
0
0
1
7
7
0
0
4
0
0
0
0
0
0
4
0
0
0
0
3
19
5
0
0
0
5
0
0
0
0
0
0
0
0
7
0
0
0
3
5
3
1
0
0
0
0
0
0
0
0
3
2
2
12
0
6
9
10
6
0
0
0
0
0
0
0
0
2
4
1
0
0
0
0
0
10
0
0
13
8
0
0
0
0
0
0
0
3
5
2
0
1
4
1
0
0
0
2
0
0
0
0
0
4
0
4
4
0
0
0
8
6
3
0
0
0
0
1
1
0
5
7
2
0
0
3
4
0
0
0
0
0
0
0
0
1
14
0
0
0
0
7
6
0
0
0
0
0
0
1
6
4
0
0
0
0
0
0
0
10
11
2
0
9
6
0
20
0
0
0
0
0
2
2
1
15
0
0
1
4
0
0
0
0
0
0
0
0
0
0
0
4
0
22
160
129
80
23
0
0
6
1
0
49
15
0
0
4
0
0
7
0
0
0
0
0
0
7
3
0
13
109
255
255
230
228
212
99
69
78
213
233
224
208
51
0
0
8
0
0
0
0
0
8
0
2
3
0
0
150
246
251
252
249
255
231
255
253
255
244
255
255
206
29
22
0
12
0
0
0
0
8
0
0
9
0
11
213
246
248
124
57
105
114
112
184
250
255
255
238
255
152
31
14
0
0
0
0
0
0
0
0
12
0
61
248
255
254
76
0
6
16
0
0
3
7
11
145
255
255
136
3
0
0
0
0
0
0
5
0
1
4
130
250
255
148
25
1
0
0
10
11
0
0
4
0
251
245
214
3
0
0
0
0
0
0
7
0
0
27
204
255
246
32
0
16
4
0
0
0
2
5
2
103
254
255
199
0
26
0
0
0
0
1
0
0
0
61
245
255
179
23
0
6
0
0
18
9
0
3
0
151
226
255
71
13
0
0
0
0
0
10
0
2
6
82
245
249
92
3
1
0
7
3
0
0
2
0
15
188
255
207
34
13
6
0
0
0
0
0
11
0
11
143
255
187
7
6
0
0
11
0
15
7
0
8
22
255
251
188
0
10
0
0
0
0
0
2
0
0
2
61
106
66
0
5
1
0
0
0
0
0
0
10
160
255
255
66
0
4
0
0
0
0
0
7
0
0
3
3
0
0
1
0
9
0
0
8
0
0
4
69
255
239
254
32
13
11
5
0
0
0
0
1
0
3
5
0
0
0
10
0
7
0
0
11
3
6
0
75
245
255
199
45
0
0
0
0
0
0
0
0
3
1
0
2
10
5
0
0
2
0
1
0
0
0
0
200
253
246
11
0
0
15
0
0
0
0
0
5
1
0
0
1
2
0
0
4
0
0
7
0
0
0
43
217
255
255
1
0
0
0
3
0
0
0
0
4
0
0
2
2
0
0
3
0
0
0
10
0
3
3
169
252
241
168
0
1
4
0
0
0
0
0
0
0
0
2
0
0
1
0
0
0
7
0
8
0
0
0
255
254
254
115
3
0
0
6
2
0
0
0
0
0
0
0
0
0
0
0
0
0
6
0
11
0
0
114
255
250
221
9
0
9
0
1
3
0
0
0
0
0
0
0
0
0
0
0
0
12
9
0
0
0
32
130
255
251
97
15
0
0
5
0
0
0
0
0
0
0
0
0
0
0
0
0
0
0
0
2
14
24
0
5
238
164
0
10
0
0
8
3
0
0
0
0
0
0
0
0
0
0
0
0
0
0
2
5
0
0
22
12
6
32
0
4
0
9
0
10
0
0
0
0
0
