9
0
0
0
0
0
0
0
0
8
4
0
0
0
0
0
3
2
0
0
5
9
1
0
0
0
0
0
0
0
0
0
0
0
0
0
0
0
0
2
9
10
6
2
0
5
6
5
0
0
0
2
9
0
0
0
0
0
0
0
0
0
0
0
0
11
10
5
0
0
0
0
0
0
0
0
0
0
3
2
0
0
0
0
0
0
0
0
0
0
0
0
0
0
0
0
0
4
8
8
4
2
3
4
4
4
1
0
0
0
0
0
0
0
0
0
0
0
0
0
0
3
2
0
0
0
1
0
0
0
0
0
3
0
0
0
14
0
0
0
0
0
0
0
0
0
0
0
0
0
5
6
2
3
8
8
2
6
0
0
2
6
0
0
0
0
0
0
0
0
0
0
0
0
0
0
0
0
2
7
0
0
0
0
0
0
2
0
0
0
9
11
0
0
0
0
0
0
0
0
0
0
0
0
0
0
5
0
0
19
101
201
255
249
255
224
109
12
0
0
0
0
0
0
0
0
0
0
0
0
0
0
0
0
0
20
3
157
255
243
253
255
246
255
249
20
5
0
0
0
0
0
0
0
0
0
0
0
0
0
0
2
10
0
194
255
252
253
255
185
252
255
220
27
0
3
0
0
0
0
0
0
0
0
0
0
0
0
0
0
0
118
255
240
239
74
11
45
255
246
165
13
0
0
7
0
0
0
0
0
0
0
0
0
0
0
0
1
95
255
232
239
55
0
20
87
255
246
173
0
0
0
9
0
0
0
0
0
0
0
0
0
0
0
0
12
137
233
255
137
6
0
0
216
241
237
157
0
0
13
0
0
0
0
0
0
0
0
0
0
0
0
0
0
105
255
241
223
203
194
211
238
255
223
50
0
0
15
0
0
0
0
0
0
0
0
0
0
0
0
0
0
9
119
242
255
253
237
251
244
255
151
0
2
0
0
0
0
0
0
0
0
0
0
0
0
0
0
0
3
0
1
91
107
58
69
243
255
147
0
10
0
0
5
2
0
0
0
0
0
0
0
0
0
0
0
0
0
8
1
6
0
16
76
249
255
105
8
0
0
2
0
1
0
0
0
0
0
0
0
0
0
0
0
0
0
0
0
3
15
41
230
255
168
50
0
0
1
3
0
0
0
0
0
0
0
0
0
0
0
0
0
0
8
0
0
0
0
152
253
252
66
1
0
1
1
2
0
0
0
0
0
0
0
0
0
0
0
0
0
0
1
0
10
0
69
255
239
232
21
0
0
2
0
0
0
2
0
0
0
0
0
0
0
0
0
0
0
0
0
0
3
23
229
254
234
108
9
0
6
0
0
1
0
2
0
0
0
0
0
0
0
0
0
0
0
0
4
6
0
161
255
253
150
0
0
0
5
0
0
4
0
0
0
0
0
0
0
0
0
0
0
0
0
0
0
0
37
255
237
243
57
0
0
0
4
0
1
5
0
1
0
0
0
0
0
0
0
0
0
0
0
0
1
0
127
252
245
117
0
0
2
2
6
0
0
3
0
5
0
0
0
0
0
0
0
0
0
0
0
0
0
26
213
255
245
33
9
0
0
0
0
0
0
0
0
0
0
0
0
0
0
0
0
0
0
0
0
0
3
17
212
255
173
0
2
6
0
0
0
0
0
0
0
0
0
0
0
0
0
0
0
0
0
0
0
0
0
0
80
247
16
24
0
0
0
0
0
0
0
0
0
0
0
0
0
0
0
0
0
0
0
0
0
0
9
4
3
0
5
0
5
12
0
0
0
0
0
0
0
0
0
0
0
0
