8
7
0
0
0
1
0
0
0
0
9
3
0
3
0
0
0
6
0
0
13
0
0
18
0
0
0
0
0
0
0
0
5
6
3
3
4
9
2
0
0
4
3
4
12
6
0
6
4
11
0
0
6
0
0
0
0
0
1
5
2
0
0
0
0
0
1
1
0
3
0
0
2
0
11
6
0
0
13
3
0
0
0
0
0
1
5
3
0
0
0
0
0
0
11
15
0
0
4
0
1
8
11
0
16
4
0
0
4
0
0
0
0
1
1
0
0
0
3
4
1
0
0
2
0
3
11
0
7
0
0
10
7
0
0
0
12
0
0
0
0
0
0
0
2
0
0
0
0
10
0
5
0
7
28
56
126
199
218
241
47
0
13
1
0
0
0
0
0
2
0
0
4
0
0
0
16
0
46
141
189
229
254
240
255
227
255
241
61
10
0
0
13
0
0
0
0
2
0
0
5
0
0
23
63
212
235
255
243
253
255
161
94
24
206
90
12
0
1
6
2
0
0
0
0
0
7
0
0
12
0
109
255
249
249
245
175
63
3
10
0
38
215
26
0
0
8
0
0
0
0
0
0
0
6
0
3
2
0
187
240
233
78
21
0
3
6
0
17
48
79
0
19
6
19
58
4
0
0
0
0
0
0
0
1
2
0
200
253
104
3
8
13
4
0
4
0
5
11
47
152
200
231
227
58
0
0
0
0
3
0
11
0
12
0
103
255
227
9
0
0
0
6
4
69
122
201
250
255
254
219
152
19
0
0
0
0
4
0
8
0
14
2
6
181
254
190
65
11
0
16
139
254
252
255
182
98
58
18
0
8
0
0
0
0
1
0
0
9
3
0
0
44
217
255
255
136
28
199
255
207
86
69
8
2
3
4
0
0
0
0
0
0
0
4
0
11
0
0
9
0
29
210
243
253
241
255
102
16
6
8
0
0
0
0
16
9
0
0
0
0
0
4
6
0
0
0
14
1
0
7
88
231
242
255
55
0
1
0
0
11
8
0
6
0
0
0
0
0
0
0
0
0
0
0
0
0
0
6
0
192
255
253
225
103
0
6
0
2
0
2
0
7
0
0
0
0
0
0
0
0
0
0
0
0
5
0
14
233
255
251
244
254
188
19
0
0
0
12
0
0
0
0
0
0
0
0
0
0
0
0
0
0
9
0
2
230
235
90
74
182
244
249
79
10
5
1
0
1
0
0
0
0
0
0
0
0
0
0
0
0
2
0
10
109
253
216
22
5
120
207
240
134
7
0
6
0
0
0
0
0
0
0
0
0
0
0
0
0
0
8
0
80
255
255
149
46
0
1
178
240
167
18
9
3
0
0
0
0
0
0
0
0
0
0
0
0
14
0
19
0
106
252
240
165
5
6
0
172
255
128
0
2
0
0
0
0
0
0
0
0
0
0
0
0
0
0
0
9
14
73
189
255
188
148
102
186
237
255
0
13
0
0
0
0
0
0
0
0
0
0
0
0
2
16
0
4
0
0
2
124
235
245
255
255
253
188
17
0
0
0
0
0
0
0
0
0
0
0
0
0
0
0
0
0
0
0
0
0
66
129
255
252
204
41
7
0
0
0
0
0
0
0
0
0
0
0
0
0
0
0
0
0
0
0
0
0
0
0
11
4
7
0
0
1
0
0
0
0
0
0
0
0
0
0
0
0
0
0
0
0
0
0
0
0
3
8
0
0
0
14
7
6
0
0
0
0
0
0
0
0
0
0
0
0
0
0
0
0
0
0
0
0
0
10
2
10
0
7
0
0
0
0
0
0
