8
0
0
0
0
0
0
0
0
3
2
0
0
5
9
0
3
0
4
0
1
0
0
4
0
0
0
0
0
0
0
0
0
0
0
0
0
0
0
0
4
0
0
5
0
2
1
0
0
3
0
3
0
0
0
0
0
0
0
0
0
0
0
0
0
11
11
0
2
0
0
11
0
4
0
7
0
3
1
4
0
0
0
0
0
0
0
0
0
0
0
0
0
0
12
0
1
0
0
20
0
3
0
18
0
4
0
2
0
0
0
0
0
0
0
0
0
0
0
0
0
10
0
13
121
203
236
187
17
0
0
13
1
6
0
0
0
0
0
0
0
0
0
0
0
0
0
0
0
0
89
213
255
252
255
255
150
8
4
0
0
3
0
3
0
0
0
0
0
0
0
0
0
0
0
0
0
8
211
255
156
54
27
91
195
119
79
0
3
0
0
9
0
0
0
0
0
0
0
0
0
0
0
0
0
26
255
180
0
15
0
0
176
255
183
9
16
0
0
8
0
0
0
0
0
0
0
0
0
0
0
0
0
112
254
86
0
3
15
0
173
253
253
38
11
0
6
0
0
0
0
0
0
0
0
0
0
0
0
0
0
57
255
219
53
0
0
24
179
255
138
0
0
0
7
9
0
0
0
0
0
0
0
0
0
0
0
0
0
4
191
255
146
20
0
97
255
229
41
4
9
0
0
7
0
0
0
0
0
0
0
0
0
0
0
0
0
7
62
216
252
238
100
189
251
119
0
8
10
0
0
4
1
0
0
0
0
0
0
0
0
0
0
0
0
6
0
6
195
244
254
247
203
32
0
1
0
1
1
2
3
0
0
0
0
0
0
0
0
0
0
0
0
0
0
0
32
219
246
255
115
0
14
2
0
8
3
0
1
0
0
0
0
0
0
0
0
0
0
0
0
0
16
0
23
209
255
255
248
58
3
0
0
2
0
2
6
0
0
0
0
0
0
0
0
0
0
0
0
2
1
0
129
255
243
113
231
255
54
0
3
1
0
8
0
0
0
0
0
0
0
0
0
0
0
0
0
4
0
7
167
252
151
0
87
250
192
31
4
0
3
0
1
0
0
0
0
0
0
0
0
0
0
0
0
0
0
11
192
255
43
0
4
123
255
133
0
8
7
6
2
0
0
0
0
0
0
0
0
0
0
0
0
10
0
0
250
238
3
5
0
0
198
237
55
0
0
0
0
0
0
0
0
0
0
0
0
0
0
0
0
1
0
31
255
167
2
2
0
13
85
255
141
1
6
12
0
0
0
0
0
0
0
0
0
0
0
0
0
5
2
83
231
120
0
3
5
0
53
250
163
0
1
0
0
0
0
0
0
0
0
0
0
0
0
0
0
0
0
53
255
206
56
4
0
107
229
248
118
8
7
0
10
0
0
0
0
0
0
0
0
0
0
0
0
14
0
0
178
255
247
224
255
255
255
127
15
0
7
0
0
0
0
0
0
0
0
0
0
0
0
0
0
0
4
13
15
181
249
245
232
145
34
7
15
0
0
2
3
0
0
0
0
0
0
0
0
0
0
0
0
0
0
0
0
0
0
0
0
0
0
0
0
0
0
0
0
0
0
0
0
0
0
0
0
0
0
0
0
0
0
0
0
0
0
0
0
0
0
0
0
0
0
0
0
0
0
0
0
0
0
0
0
0
0
0
0
0
0
0
0
0
0
0
0
0
0
0
0
0
0
0
0
0
0
0
0
0
0
0
0
0
0
0
0
0
0
0
0
0
0
0
0
0
0
0
0
0
0
0
0
0
0
0
0
