0
0
0
0
0
0
0
0
0
5
0
4
0
4
0
0
0
0
0
1
2
1
1
2
4
0
0
0
0
0
0
0
0
0
0
0
0
0
12
0
9
0
1
9
2
0
6
8
0
0
0
0
0
0
0
0
0
0
0
0
0
0
0
0
0
7
0
0
0
9
0
3
0
14
0
0
5
16
5
0
2
0
0
0
0
0
0
0
0
0
0
0
0
0
0
20
0
1
12
0
7
0
1
10
3
0
0
0
1
0
0
0
0
0
0
0
0
0
0
0
0
0
5
0
0
35
204
38
0
10
0
0
0
4
0
0
1
0
0
0
0
0
0
0
0
0
0
0
0
0
3
16
0
67
152
0
0
6
0
0
0
0
1
2
3
0
0
0
0
0
0
0
0
0
0
0
0
21
0
4
0
157
40
3
32
32
117
145
73
4
0
7
0
0
0
0
0
0
0
0
0
0
0
0
0
0
2
0
47
255
94
179
246
254
249
255
241
150
32
0
4
0
0
0
0
0
0
0
0
3
4
2
0
0
0
24
127
255
255
243
253
228
240
225
249
249
208
40
0
0
0
0
0
0
0
1
0
0
0
0
0
8
19
0
210
255
248
249
140
40
3
0
69
209
255
120
13
0
0
0
0
0
1
1
0
0
0
0
3
0
0
190
255
237
197
24
0
5
0
0
3
74
241
166
0
0
0
0
0
1
0
0
1
2
1
2
5
4
145
255
251
211
24
0
4
0
0
11
0
8
255
234
11
0
0
0
0
4
0
0
2
5
2
0
0
11
227
255
255
214
14
4
3
10
0
0
0
74
255
193
0
0
0
0
0
6
0
0
1
3
0
0
0
76
255
244
249
101
3
0
0
0
5
0
0
186
255
145
7
0
0
0
0
3
0
0
2
0
0
3
17
162
255
245
158
12
2
0
16
4
11
0
30
246
255
86
0
0
0
0
0
0
0
2
5
0
0
14
39
255
251
216
19
0
0
5
0
0
0
11
151
255
208
20
5
0
0
0
0
0
3
3
2
0
2
3
218
253
255
100
0
3
0
0
6
0
0
70
249
249
112
7
0
0
0
0
0
0
0
0
6
4
0
4
235
253
207
17
3
1
10
9
0
3
13
186
254
215
0
5
0
0
0
0
0
0
3
0
0
1
0
11
244
255
92
0
10
4
0
8
2
1
191
255
249
18
8
0
10
0
0
0
0
0
9
5
0
0
1
37
255
245
22
11
0
0
5
19
3
186
255
223
86
20
0
1
0
0
0
0
0
0
1
2
0
5
5
55
255
252
30
0
18
5
44
109
241
255
237
138
2
0
0
1
3
0
0
0
0
8
0
0
5
8
0
28
188
248
203
42
6
143
225
244
255
227
66
1
0
22
0
0
0
0
0
0
0
11
0
0
1
0
0
0
76
255
255
253
255
255
247
255
100
52
3
4
6
0
10
13
0
0
0
0
0
0
0
13
0
0
11
3
4
79
247
252
255
219
151
40
0
0
0
3
2
0
5
0
0
0
0
0
0
0
0
0
0
0
0
0
0
0
0
0
0
0
0
0
0
0
0
0
0
0
0
0
0
0
0
0
0
0
0
0
0
0
0
0
0
0
0
0
0
0
0
0
0
0
0
0
0
0
0
0
0
0
0
0
0
0
0
0
0
0
0
0
0
0
0
0
0
0
0
0
0
0
0
0
0
0
0
0
0
0
0
0
0
0
0
0
0
0
0
0
0
0
0
0
0
0
0
0
0
0
0
0
0
0
0
0
0
0
0
0
0
