3
0
0
0
0
0
0
0
1
0
3
0
3
5
0
3
1
0
0
0
0
0
0
0
0
0
0
0
0
0
0
0
0
0
0
0
0
17
0
0
7
0
0
0
0
0
0
0
0
0
0
0
0
0
0
0
0
0
0
0
0
0
0
0
0
0
0
0
3
0
8
10
0
0
0
0
0
0
0
0
0
0
0
0
0
0
0
1
1
1
0
0
0
7
0
5
3
3
1
0
3
0
0
0
0
0
0
0
0
0
0
0
0
0
0
1
1
1
0
0
0
0
13
2
0
0
6
0
5
0
0
0
0
0
0
0
0
0
0
0
0
0
0
0
0
0
1
2
3
0
59
118
205
238
144
45
9
0
0
0
0
0
0
0
0
0
0
0
0
1
0
0
0
0
1
5
7
107
236
255
238
251
255
177
0
0
0
0
0
0
0
0
0
0
0
0
0
1
0
0
0
0
2
6
9
237
255
238
243
239
242
201
10
0
0
0
0
0
0
0
0
0
0
0
0
0
0
0
0
0
0
0
0
199
205
90
30
2
173
212
0
5
1
0
3
9
0
0
4
0
0
0
0
0
0
0
0
0
0
0
0
2
0
17
0
25
234
191
15
0
0
6
1
0
1
8
0
0
0
0
0
0
0
0
0
0
0
0
0
0
2
0
34
157
253
162
0
10
12
0
0
2
1
0
1
0
0
0
0
0
0
0
0
0
0
0
0
13
4
68
194
250
250
248
113
17
4
0
0
2
0
0
0
0
0
0
0
0
0
0
0
0
0
0
0
0
7
188
250
255
255
232
255
215
74
0
4
2
0
2
1
0
0
0
0
0
0
0
0
0
0
0
0
1
3
223
200
79
82
112
173
255
243
123
13
0
0
0
4
0
0
0
0
0
0
0
0
0
0
0
0
5
0
8
1
0
5
4
0
40
221
255
107
4
3
6
0
0
0
0
0
0
0
0
0
0
0
0
0
1
0
0
8
0
0
9
4
7
17
180
247
81
0
11
4
0
0
0
0
0
0
0
0
0
0
0
0
1
0
0
0
18
0
0
0
0
8
18
224
182
0
0
2
0
0
0
0
0
0
0
0
0
0
0
0
0
7
8
0
0
0
16
0
1
0
0
81
255
64
0
3
0
0
0
0
0
0
0
0
0
0
0
0
0
0
0
2
21
0
5
0
1
17
6
13
204
112
4
0
0
0
0
0
0
0
0
0
0
0
0
0
2
4
0
0
11
0
0
15
3
0
0
35
171
171
7
0
0
0
0
0
0
0
0
0
0
0
0
0
4
0
18
0
0
18
4
7
2
15
0
0
187
188
9
2
0
0
0
0
0
0
0
0
0
0
0
0
6
0
92
117
6
0
3
0
0
10
0
14
208
152
0
3
0
0
0
0
0
0
0
0
0
0
0
0
0
9
144
249
117
9
0
3
2
0
22
183
255
103
0
0
0
0
0
0
0
0
0
0
0
0
0
0
0
0
36
220
255
179
95
29
21
122
210
255
229
22
10
0
0
0
0
0
0
0
0
0
0
0
0
0
1
0
1
46
217
255
255
251
253
252
255
225
80
0
0
0
0
0
0
0
0
0
0
0
0
0
0
0
0
8
2
0
24
1
0
0
0
0
3
18
0
0
8
1
0
0
0
0
0
0
0
0
0
0
0
0
0
2
6
0
5
0
0
11
18
0
0
0
0
0
1
0
0
0
0
0
0
0
0
0
0
0
0
0
3
2
0
5
0
3
0
0
0
0
0
2
4
0
0
9
0
0
0
0
