1
0
0
0
0
0
0
0
0
3
0
5
0
0
7
0
2
0
0
0
0
0
0
0
0
0
0
0
0
0
0
0
0
0
0
0
0
1
1
0
7
2
0
18
0
0
0
0
0
0
0
0
0
0
0
0
0
0
0
0
0
0
0
0
0
0
4
0
11
3
0
0
4
0
0
0
0
0
0
0
0
0
0
0
0
0
0
0
0
0
0
0
0
4
0
9
0
0
34
5
0
0
0
0
0
0
0
0
0
0
0
0
0
0
0
0
0
0
0
0
0
2
7
0
128
254
180
0
14
0
0
0
0
0
0
0
0
0
0
0
0
0
0
0
0
0
0
0
0
3
0
0
151
255
251
186
0
0
0
0
0
0
0
0
0
0
0
0
0
0
0
0
0
0
0
0
0
0
0
2
104
255
255
255
6
0
0
0
0
0
0
0
0
0
0
0
0
0
0
0
0
0
0
0
0
1
13
0
0
251
255
246
0
0
0
0
0
0
0
0
0
0
0
0
0
0
0
0
0
0
0
0
0
3
4
0
0
255
255
243
137
0
1
9
0
4
0
1
3
0
0
0
0
0
0
0
0
0
0
0
0
0
6
8
0
193
242
255
241
6
0
0
0
5
0
2
0
0
0
0
0
0
0
0
0
0
0
0
0
0
0
1
3
125
245
255
255
59
0
5
1
3
0
1
0
0
0
0
0
0
0
0
0
0
0
0
0
6
0
0
1
64
255
249
244
117
13
7
3
0
0
4
0
0
0
0
0
0
0
0
0
0
0
0
0
0
5
0
0
6
255
254
255
131
2
0
0
0
0
6
5
0
0
0
0
0
0
0
0
0
0
0
0
0
8
2
2
0
255
255
255
128
0
0
0
3
5
0
2
0
0
0
0
0
0
0
0
0
0
0
0
0
4
0
6
0
255
252
242
130
2
2
0
6
6
0
0
0
0
0
0
0
0
0
0
0
0
0
0
3
3
0
6
0
247
255
255
127
2
0
0
1
5
0
6
0
0
0
0
0
0
0
0
0
0
0
0
4
1
2
0
0
255
252
254
134
0
6
2
0
0
0
4
0
0
0
0
0
0
0
0
0
0
0
0
1
2
0
1
0
255
255
255
115
20
0
0
11
0
7
0
0
0
0
0
0
0
0
0
0
0
0
0
0
4
0
0
6
255
255
253
151
0
6
2
0
0
2
3
0
0
0
0
0
0
0
0
0
0
0
0
0
6
0
0
63
255
249
250
123
0
0
19
0
7
0
0
0
0
0
0
0
0
0
0
0
0
0
0
0
6
1
0
127
255
246
255
255
209
10
0
0
0
5
5
0
0
0
0
0
0
0
0
0
0
0
0
0
2
3
0
135
255
253
255
255
181
0
0
4
13
0
0
0
0
0
0
0
0
0
0
0
0
0
0
0
0
3
0
71
229
255
255
247
68
5
11
0
11
0
5
0
0
0
0
0
0
0
0
0
0
0
0
2
0
2
0
1
196
255
248
128
11
0
0
6
0
0
4
0
0
0
0
0
0
0
0
0
0
0
0
0
0
0
0
0
0
0
0
0
0
0
0
0
0
0
0
0
0
0
0
0
0
0
0
0
0
0
0
0
0
0
0
0
0
0
0
0
0
0
0
0
0
0
0
0
0
0
0
0
0
0
0
0
0
0
0
0
0
0
0
0
0
0
0
0
0
0
0
0
0
0
0
0
0
0
0
0
0
0
0
0
0
0
0
0
0
0
0
0
0
0
0
0
0
0
0
0
0
0
0
0
0
0
0
