0
0
0
0
0
0
0
0
0
3
4
6
0
0
0
5
0
1
0
6
0
0
0
0
9
0
0
0
0
0
0
0
0
0
0
0
0
0
0
4
7
2
2
5
2
0
0
0
0
6
17
3
0
0
0
0
0
0
0
0
0
0
0
0
0
2
0
0
4
1
0
0
1
5
0
0
5
0
0
0
14
0
0
0
0
0
0
0
0
0
0
0
0
4
4
0
0
0
0
0
0
0
6
4
1
4
11
12
0
0
0
0
0
0
0
0
0
0
0
0
0
0
6
0
0
4
11
2
0
0
15
2
0
0
0
4
0
0
0
0
0
0
0
0
0
0
0
0
0
0
7
1
0
7
4
0
0
5
163
255
234
120
27
12
0
0
0
0
0
0
0
0
0
0
0
0
0
0
7
0
0
6
0
0
31
89
228
255
243
245
255
208
52
0
0
0
0
0
0
0
0
0
0
0
0
5
3
0
0
8
0
15
91
243
255
246
253
255
255
244
176
0
0
0
0
0
0
0
0
0
0
0
0
18
0
10
13
0
3
132
238
248
255
241
184
75
197
248
255
9
6
2
0
0
0
0
0
0
0
0
0
0
14
0
0
6
107
250
255
255
244
159
0
0
190
255
170
7
5
1
0
0
0
0
0
0
0
0
0
20
0
0
2
89
239
246
255
255
88
13
4
14
174
247
145
3
2
1
0
0
0
0
0
0
0
0
0
0
9
0
134
244
253
255
248
97
9
4
6
90
246
252
42
0
0
0
1
0
0
0
0
0
0
0
0
17
0
3
129
243
255
255
148
0
2
1
11
220
255
169
6
0
0
0
1
0
0
0
0
0
0
0
0
0
4
145
249
255
249
198
27
1
11
0
111
255
232
78
3
0
0
0
0
0
0
0
0
0
0
0
0
9
26
224
252
249
235
57
1
12
0
30
236
238
126
7
3
0
0
0
0
0
0
0
0
0
0
0
0
16
195
248
255
237
114
0
5
0
24
165
250
243
44
4
0
1
0
0
0
0
6
0
0
5
0
7
0
73
255
241
255
127
3
9
0
9
125
250
228
29
0
7
5
0
0
0
0
0
4
0
7
5
0
2
27
204
255
251
198
13
0
0
15
35
255
254
183
0
14
0
0
0
0
0
0
1
0
0
1
5
0
14
157
255
243
206
2
0
22
0
76
244
250
184
0
0
0
0
14
0
0
0
0
1
0
6
0
4
2
50
255
245
248
20
0
11
0
104
232
255
166
0
4
0
9
0
0
0
0
0
0
0
1
11
0
1
1
152
255
252
157
0
0
9
125
225
231
101
4
12
0
10
1
0
0
0
0
0
0
0
3
0
9
0
18
255
244
242
75
44
131
192
247
255
155
0
11
0
0
1
0
11
7
0
0
0
0
2
0
0
0
2
17
215
249
255
221
252
255
239
239
70
20
3
1
0
2
1
19
0
2
0
0
0
0
5
0
9
0
12
0
37
226
252
255
247
248
247
78
9
0
1
0
0
5
0
1
11
0
0
0
0
0
7
0
0
7
0
0
23
73
230
247
199
86
8
1
6
0
0
0
0
0
0
0
0
0
0
0
0
0
0
0
1
5
0
0
0
18
0
0
1
0
0
0
5
8
0
0
0
0
0
0
0
0
0
0
0
0
0
1
5
1
0
2
0
0
13
0
0
8
12
0
0
0
0
0
0
0
0
0
0
0
0
0
0
0
0
2
2
0
0
7
7
0
0
0
0
0
0
0
6
8
0
0
0
0
0
0
0
0
0
0
0
0
