1
0
0
0
0
0
0
0
0
0
0
0
0
0
0
0
0
0
2
0
11
7
0
0
10
0
0
0
0
0
0
0
0
0
0
0
0
0
0
0
0
0
0
0
0
21
0
0
0
1
0
0
0
0
0
0
0
0
0
0
0
0
0
0
0
0
0
0
0
0
0
0
0
0
0
5
16
0
18
3
3
0
0
0
0
0
0
0
0
0
0
0
0
0
0
0
0
0
0
0
0
2
0
0
0
0
10
0
11
0
0
0
0
0
0
0
0
0
0
0
0
0
0
0
0
0
0
0
0
0
0
127
255
19
13
0
6
0
0
0
0
0
0
0
0
0
0
0
0
0
0
0
0
0
0
0
0
9
1
189
238
189
0
6
0
0
0
0
0
0
0
0
0
0
0
0
0
0
0
0
0
0
0
0
0
0
77
248
255
206
0
11
0
0
0
0
0
0
0
0
0
0
0
0
0
0
0
0
0
0
0
0
0
25
195
255
246
88
0
0
1
0
0
0
0
0
0
0
0
0
0
0
0
7
0
0
6
0
14
5
0
134
248
255
195
2
4
0
0
0
0
0
0
0
0
0
0
0
0
0
0
0
19
0
0
15
0
0
39
208
255
221
49
4
0
0
3
0
0
0
0
0
0
0
0
0
0
0
0
0
14
0
0
6
23
14
220
251
255
119
0
2
1
0
2
0
0
0
0
0
0
0
0
0
0
0
0
5
0
6
5
0
0
0
208
255
241
28
9
3
4
0
0
0
0
0
0
0
0
0
0
0
0
0
0
5
0
0
0
10
14
175
255
255
123
3
0
5
0
14
1
0
0
0
0
0
0
0
0
0
0
0
0
0
0
0
14
0
134
254
244
218
14
10
0
0
0
3
1
0
0
0
0
0
0
0
0
0
0
0
0
15
3
0
0
14
243
255
248
108
0
8
7
0
15
0
0
0
0
0
0
0
0
0
0
0
0
0
0
0
0
4
7
136
247
247
172
9
0
3
0
1
0
6
0
0
0
0
0
0
9
3
0
1
3
4
0
0
1
7
74
255
241
241
88
0
0
0
0
0
0
0
0
0
0
0
0
0
3
0
0
0
0
0
0
2
4
73
243
253
255
93
0
0
0
0
0
0
0
0
0
0
0
0
0
7
0
0
2
0
0
0
1
0
32
165
252
255
156
6
0
0
0
0
0
0
0
0
0
0
0
0
0
6
0
0
2
0
4
1
0
0
139
255
247
238
34
0
0
0
0
0
0
0
0
0
0
0
0
0
0
1
0
5
0
0
10
0
0
73
237
250
207
37
0
3
5
0
0
0
0
0
0
0
0
0
0
0
0
0
0
8
0
0
6
0
18
179
255
242
144
9
13
7
2
0
0
0
0
0
0
0
0
0
0
0
0
0
0
7
0
2
0
0
75
255
240
143
5
1
0
0
0
0
0
0
0
0
0
0
0
0
0
0
0
1
0
6
0
9
0
4
128
248
133
4
9
0
15
12
0
0
0
0
0
0
0
0
0
0
0
0
0
0
0
0
0
0
0
0
0
0
0
0
0
0
0
0
0
0
0
0
0
0
0
0
0
0
0
0
0
0
0
0
0
0
0
0
0
0
0
0
0
0
0
0
0
0
0
0
0
0
0
0
0
0
0
0
0
0
0
0
0
0
0
0
0
0
0
0
0
0
0
0
0
0
0
0
0
0
0
0
0
0
0
0
0
0
0
0
0
0
0
0
0
0
0
0
0
0
0
0
0
0
0
0
0
0
0
0
0
0
0
0
0
