3
0
0
0
0
0
0
0
0
1
0
0
8
0
0
16
0
5
0
5
2
0
0
0
8
0
0
0
0
0
0
0
0
0
0
0
0
0
10
0
0
5
0
0
0
4
18
1
0
19
5
0
4
0
0
0
0
0
0
0
0
0
0
0
0
3
0
19
8
0
8
0
2
0
0
0
12
0
5
0
0
0
0
0
0
0
0
0
0
0
0
0
0
5
9
0
7
9
5
0
0
10
0
6
13
0
0
5
0
0
0
0
0
0
0
0
0
0
0
0
0
0
0
0
143
132
136
235
124
64
46
61
0
2
1
2
5
0
0
0
0
0
0
0
0
0
0
0
0
0
17
94
250
255
254
255
232
250
253
229
118
6
2
0
0
0
0
0
0
0
0
0
0
0
0
0
0
1
0
135
255
231
255
238
255
253
255
254
243
53
0
5
5
0
0
0
0
0
0
0
0
0
0
0
0
4
1
10
123
136
140
161
225
237
239
245
255
203
0
8
0
0
0
0
0
0
0
0
0
0
0
0
0
0
9
1
0
3
2
6
0
0
82
255
251
255
12
2
0
0
0
0
0
0
0
0
0
0
0
0
0
3
3
1
8
5
0
12
28
102
200
244
255
214
0
2
5
0
0
0
0
0
0
0
0
0
0
0
0
0
0
4
2
4
49
172
235
233
255
255
248
97
0
8
0
0
0
0
0
0
0
0
0
0
0
0
0
5
0
0
0
43
208
255
255
255
251
254
221
63
0
1
0
0
0
0
0
0
0
0
0
0
0
0
0
0
6
19
6
36
251
255
239
230
255
243
255
215
7
2
7
0
0
0
0
0
0
0
0
0
0
0
0
11
0
0
2
59
255
255
253
224
237
255
253
240
20
4
0
0
0
0
0
0
0
0
0
0
0
0
0
5
2
1
1
0
53
37
53
18
25
183
253
255
75
25
0
0
0
0
0
0
0
0
0
0
0
0
0
0
3
0
8
14
0
0
3
0
1
87
247
255
12
0
9
0
0
0
0
0
0
5
6
0
2
17
6
0
11
11
0
1
7
0
11
1
6
114
255
248
3
11
0
0
0
0
0
7
0
2
0
4
102
255
206
26
0
0
0
9
6
0
1
6
33
238
252
213
0
5
0
0
0
0
0
16
0
2
0
18
195
252
250
201
56
0
10
1
0
0
0
7
197
252
250
67
0
6
7
0
0
0
0
0
0
4
15
69
254
255
255
255
226
106
0
0
0
10
111
232
252
255
187
0
0
0
2
0
0
0
0
3
4
3
0
25
109
255
229
241
255
251
167
134
185
232
255
254
251
190
23
1
0
0
14
0
0
0
0
2
1
0
0
3
17
183
255
255
255
255
239
247
255
241
246
252
255
92
0
1
3
0
2
0
0
0
0
0
0
0
11
1
0
11
179
255
233
255
255
254
255
255
255
211
25
0
0
1
3
6
0
0
0
0
0
0
7
1
0
0
0
1
26
143
232
255
235
255
250
147
75
14
19
0
0
9
0
12
0
0
0
0
0
0
0
0
0
0
0
0
0
0
0
0
0
0
0
0
0
0
0
0
0
0
0
0
0
0
0
0
0
0
0
0
0
0
0
0
0
0
0
0
0
0
0
0
0
0
0
0
0
0
0
0
0
0
0
0
0
0
0
0
0
0
0
0
0
0
0
0
0
0
0
0
0
0
0
0
0
0
0
0
0
0
0
0
0
0
0
0
0
0
0
0
0
0
0
0
0
0
0
0
0
0
0
0
0
0
0
0
0
0
0
0
0
