0
5
0
0
1
0
0
3
0
1
0
0
0
7
16
0
2
2
1
0
0
6
1
0
5
0
0
0
0
0
0
4
3
0
1
5
0
0
7
9
5
1
0
7
7
2
4
0
2
1
3
0
0
0
0
0
0
0
3
5
0
0
0
1
0
0
5
0
0
0
0
13
0
0
8
0
4
0
5
0
6
0
0
0
0
0
5
0
0
0
3
0
0
0
5
0
8
19
9
8
0
0
2
0
6
0
2
0
0
0
0
0
0
0
2
0
0
10
5
0
0
5
10
4
0
0
0
0
16
8
2
0
8
0
9
4
0
0
0
0
0
0
3
0
0
6
0
0
19
38
39
48
37
60
57
0
0
13
0
0
1
0
0
9
0
0
0
0
0
0
6
0
0
0
0
35
117
254
250
255
255
247
218
109
0
0
9
79
81
43
0
0
0
0
0
0
0
0
5
0
0
3
18
110
241
251
245
244
249
239
255
245
91
0
82
239
250
165
26
11
0
0
0
0
0
2
1
0
2
0
21
248
253
255
244
248
255
240
255
251
233
92
69
255
240
238
168
45
3
2
7
0
0
0
9
6
7
0
17
248
255
232
194
121
198
248
247
237
255
206
52
239
255
255
249
148
19
0
0
4
0
0
2
0
0
0
50
245
245
187
68
0
41
214
248
255
235
204
96
243
246
241
255
238
186
43
0
2
2
3
6
0
0
9
159
255
250
161
0
9
16
58
217
250
248
195
20
126
250
255
241
254
251
169
3
0
10
5
5
0
1
5
250
255
251
161
0
0
0
2
21
252
230
51
0
31
156
232
240
255
248
253
10
0
14
0
0
0
0
0
255
243
247
170
0
4
25
0
10
15
16
0
3
0
114
255
255
242
255
254
4
0
7
0
10
4
7
0
248
245
255
156
1
5
0
0
0
1
5
0
9
8
3
2
143
255
251
243
0
6
0
0
5
0
0
6
217
244
251
174
27
0
7
4
0
3
0
0
0
7
0
1
170
253
249
255
0
3
0
1
0
9
0
0
27
255
243
248
166
65
24
7
0
2
0
8
0
6
8
28
185
255
242
255
0
6
2
4
0
3
2
0
26
234
255
234
255
244
140
68
98
101
3
0
9
0
46
187
251
250
255
247
10
5
0
3
0
0
4
0
13
155
238
247
240
254
255
254
255
230
115
115
114
116
168
252
251
255
238
143
0
3
0
0
0
0
2
1
0
47
136
254
246
244
248
235
251
255
243
254
236
255
255
237
241
249
149
24
0
4
5
0
3
0
0
3
0
0
41
93
175
235
255
255
234
240
248
252
255
253
242
251
255
133
0
0
0
6
0
0
2
0
0
6
9
0
7
0
28
75
177
255
249
245
255
236
255
245
158
81
69
11
20
0
7
0
0
2
0
4
0
4
7
0
4
0
11
2
21
50
49
42
28
45
42
49
34
0
0
0
0
0
0
0
0
4
0
9
0
0
0
1
0
0
0
0
4
0
0
13
3
5
0
0
0
5
0
18
0
3
3
0
0
0
0
0
0
0
0
0
0
0
0
0
0
0
0
0
0
0
0
0
0
0
0
0
0
0
0
0
0
0
0
0
0
0
0
0
0
0
0
0
0
0
0
0
0
0
0
0
0
0
0
0
0
0
0
0
0
0
0
0
0
0
0
0
0
0
0
0
0
0
0
0
0
0
0
0
0
0
0
0
0
0
0
0
0
0
0
0
0
0
0
0
0
0
0
0
0
0
0
0
0
0
0
0
0
0
0
0
0
0
0
0
0
