6
2
0
0
0
0
1
1
0
0
1
0
0
1
1
1
2
3
4
0
4
1
0
0
13
0
0
0
0
1
0
0
0
0
0
0
0
2
0
2
11
0
0
5
0
2
0
16
1
6
4
18
0
0
0
0
0
3
2
1
1
3
3
2
1
1
3
0
0
0
2
1
1
65
208
255
138
0
0
0
11
0
0
0
0
2
1
0
1
3
3
2
0
0
13
0
0
4
0
16
103
243
237
255
180
0
5
0
0
0
0
0
0
0
0
0
0
0
0
0
0
0
0
0
1
0
17
124
251
255
210
183
42
8
0
0
0
0
0
0
0
2
1
2
3
5
4
2
0
0
0
0
0
14
148
255
254
128
0
1
4
3
0
13
14
0
0
0
0
4
4
5
6
8
7
4
2
0
0
0
24
123
255
244
111
4
10
0
8
0
5
0
0
0
0
0
0
0
0
0
1
3
2
0
0
0
1
0
96
253
255
107
0
0
0
0
5
3
1
8
0
0
0
0
0
3
0
0
1
0
0
3
0
0
0
63
244
250
150
0
8
0
6
0
6
0
0
2
2
0
0
0
0
0
0
1
0
0
0
4
0
12
0
151
255
200
25
0
0
0
0
0
0
2
2
11
0
0
0
0
0
0
2
3
0
0
1
3
0
0
105
255
244
100
0
10
21
0
0
13
0
6
1
4
0
0
0
0
0
0
4
2
0
0
3
0
0
39
229
236
99
4
0
0
0
0
0
0
0
0
0
0
0
0
0
0
0
0
5
0
0
5
4
0
0
176
255
132
0
5
2
8
10
5
17
16
8
0
3
0
6
0
0
0
0
0
5
0
0
8
0
0
18
225
249
88
25
0
0
9
44
218
254
240
177
71
0
0
0
0
0
0
0
0
6
0
0
5
0
2
51
255
243
19
0
0
109
202
255
248
255
255
255
179
2
2
9
0
0
0
0
0
7
0
0
2
0
8
77
252
204
0
7
152
251
255
183
190
123
153
245
255
28
8
0
0
0
0
0
0
4
0
0
3
0
10
83
251
177
0
98
252
234
102
7
2
0
0
152
255
102
17
0
0
0
0
0
0
3
0
0
6
0
3
56
252
159
6
157
253
124
1
8
9
0
35
193
255
78
0
1
0
0
0
0
0
2
0
0
9
0
0
23
249
221
73
226
219
0
1
130
1
93
220
243
204
21
0
6
0
0
0
0
0
3
0
0
7
3
0
2
178
255
243
241
243
200
186
252
205
252
249
101
19
0
4
0
0
0
0
0
0
2
0
0
2
2
0
0
31
235
255
248
255
254
255
245
255
204
112
8
0
13
15
2
0
0
0
0
0
0
2
0
0
0
1
0
0
38
124
190
255
250
148
158
40
16
0
9
1
4
0
0
0
0
0
0
0
0
0
3
0
0
2
0
2
10
0
0
3
0
0
2
4
7
0
0
1
4
5
15
0
0
0
0
3
0
0
4
0
0
0
0
0
5
4
7
7
0
4
0
0
12
2
0
10
0
2
0
0
0
0
0
0
0
0
0
0
0
0
0
0
0
0
0
0
0
0
0
0
0
0
0
0
0
0
0
0
0
0
0
0
0
0
0
0
0
0
0
0
0
0
0
0
0
0
0
0
0
0
0
0
0
0
0
0
0
0
0
0
0
0
0
0
0
0
0
0
0
0
0
0
0
0
0
0
0
0
0
0
0
0
0
0
0
0
0
0
0
0
0
0
0
0
0
0
0
0
0
0
0
0
0
0
0
0
0
0
0
0
0
0
0
0
0
