4
0
0
0
0
0
0
0
0
0
0
0
0
0
0
0
0
0
6
0
5
2
3
0
4
0
0
0
0
0
0
0
0
0
0
0
0
0
0
0
0
0
0
0
0
4
0
1
1
0
0
7
0
0
0
0
0
0
0
0
0
0
0
0
0
0
0
0
0
0
0
0
0
6
0
0
9
5
2
2
0
0
0
0
0
0
0
0
0
0
0
0
0
0
0
0
0
0
0
0
0
0
20
0
0
0
3
8
0
0
0
0
0
0
0
0
0
0
0
0
0
0
0
0
0
0
0
0
0
6
0
40
202
107
0
0
14
0
0
0
0
0
0
0
0
0
0
0
0
0
0
0
0
0
0
0
0
0
10
139
234
36
0
16
0
0
0
0
0
0
0
0
0
0
0
0
0
0
0
0
0
0
0
0
0
0
23
221
211
14
0
4
0
0
0
0
0
0
0
0
0
0
0
0
0
0
0
0
0
0
0
0
0
0
48
248
119
0
13
0
6
0
0
0
0
0
6
0
0
5
5
0
1
0
9
0
1
2
8
0
9
8
117
233
36
0
8
0
5
0
0
0
0
5
0
0
0
3
0
7
6
1
88
182
4
0
7
0
0
16
226
214
0
2
2
9
0
0
0
0
0
3
0
0
3
7
0
14
0
69
241
164
0
3
11
0
9
72
255
153
21
64
106
4
0
0
0
0
0
0
0
0
0
4
10
0
0
140
255
43
8
0
0
0
8
194
240
10
134
243
11
0
11
0
0
0
0
0
6
1
0
0
11
0
74
243
117
10
0
0
5
16
16
235
238
207
206
16
4
0
0
0
0
0
0
5
1
0
6
0
6
37
210
186
4
5
20
10
0
7
74
255
244
166
51
0
4
9
0
0
0
0
0
6
0
0
9
0
4
121
255
75
12
0
0
0
3
98
245
237
131
0
1
0
0
6
0
0
0
0
0
5
0
0
3
2
0
164
215
3
0
8
35
133
213
255
254
222
5
0
0
9
5
0
2
0
0
0
0
0
12
0
5
6
3
170
255
193
152
215
249
215
167
75
252
194
2
0
8
0
0
3
0
0
0
0
0
0
13
0
0
0
0
131
214
254
251
211
143
45
2
52
251
179
8
0
9
0
0
0
0
0
0
0
0
0
0
0
5
7
0
17
28
34
46
15
0
0
0
91
255
135
0
0
0
0
2
0
3
0
0
0
0
6
0
0
0
10
9
0
0
0
0
7
0
10
8
74
255
102
0
0
0
1
4
0
6
0
0
0
0
0
0
7
0
0
7
4
17
4
0
6
2
1
0
66
255
102
4
8
0
3
3
0
1
0
0
0
0
0
0
7
9
0
2
0
0
0
10
0
3
13
1
96
249
104
2
6
0
0
2
0
1
0
0
0
0
6
4
0
3
0
13
7
6
0
19
0
7
0
0
77
249
110
0
0
0
0
1
0
5
0
0
0
0
0
8
0
14
0
0
0
0
6
0
0
10
0
8
25
218
130
3
3
0
0
0
0
2
0
0
0
0
0
0
0
0
0
0
0
0
0
0
0
0
0
0
0
0
0
0
0
0
0
0
0
0
0
0
0
0
0
0
0
0
0
0
0
0
0
0
0
0
0
0
0
0
0
0
0
0
0
0
0
0
0
0
0
0
0
0
0
0
0
0
0
0
0
0
0
0
0
0
0
0
0
0
0
0
0
0
0
0
0
0
0
0
0
0
0
0
0
0
0
0
0
0
0
0
0
0
0
0
0
0
0
0
0
0
0
0
0
0
0
0
