4
0
0
0
0
0
0
0
0
0
11
5
0
13
6
0
7
0
0
0
0
0
0
0
0
0
0
0
0
0
0
0
0
0
0
0
0
14
0
0
0
0
6
11
0
0
0
0
0
0
0
0
0
0
0
0
0
0
0
0
0
0
0
0
0
0
2
2
1
0
0
4
0
0
0
0
0
0
0
0
0
0
0
0
0
0
0
0
0
0
0
0
0
3
10
0
0
3
3
4
0
0
0
0
0
0
0
0
0
0
0
0
0
0
0
0
0
0
0
0
0
0
0
14
24
0
0
8
0
0
0
0
0
0
0
0
0
0
0
0
0
0
0
0
0
0
0
0
0
0
0
0
0
9
3
0
17
0
0
0
0
0
0
0
0
0
0
0
0
0
0
0
0
0
0
0
0
9
10
8
75
237
201
6
0
0
0
0
0
0
0
0
0
0
0
0
0
0
0
0
0
0
0
0
0
2
0
11
104
255
244
37
1
0
0
0
0
0
0
0
0
0
0
0
0
0
0
0
0
0
0
0
0
0
0
6
161
250
187
11
0
6
73
211
121
0
0
9
0
0
0
0
0
0
0
0
0
0
0
0
0
1
7
0
241
255
167
1
4
0
97
253
255
46
16
0
0
0
0
0
0
0
0
0
0
0
0
0
0
4
0
52
250
240
181
0
6
4
101
251
254
53
3
2
0
0
0
0
0
0
0
0
0
0
0
0
0
0
6
181
251
227
129
0
0
0
138
245
178
11
0
11
0
0
0
0
0
0
0
0
0
0
0
0
0
0
63
248
248
175
0
0
1
0
218
255
164
0
10
0
2
0
0
0
0
0
0
0
0
0
0
0
0
0
84
255
250
163
28
7
0
82
246
255
87
5
4
0
4
0
0
0
0
0
0
0
0
0
0
0
0
0
37
183
255
240
212
116
78
192
239
225
0
4
0
1
1
0
0
0
0
0
0
0
0
0
0
0
0
6
0
12
190
251
255
255
247
244
255
231
5
0
6
2
0
0
0
0
0
0
0
0
0
0
0
0
0
8
0
12
0
7
79
64
143
255
255
152
0
7
0
2
4
0
0
0
0
0
0
0
0
0
0
0
0
0
0
9
2
0
10
0
174
245
185
17
0
1
11
6
0
0
0
0
0
0
0
0
0
0
0
0
0
5
2
10
9
0
0
18
248
255
117
0
15
0
8
0
0
0
0
0
0
0
0
0
0
0
0
0
0
7
5
0
0
0
2
98
255
220
22
1
6
0
0
0
17
0
0
0
0
0
0
0
0
0
0
0
0
0
0
0
0
4
11
185
246
161
0
9
0
0
4
0
0
0
0
0
0
0
0
0
0
0
0
0
0
0
1
7
10
0
38
255
255
85
12
2
10
0
4
11
0
0
0
0
0
0
0
0
0
0
0
0
0
0
0
0
0
0
100
255
208
0
0
0
3
0
2
5
10
0
0
0
0
0
0
0
0
0
0
0
0
0
5
0
0
10
178
242
118
3
0
11
0
7
13
0
5
0
0
0
0
0
0
0
0
0
0
0
0
6
0
13
0
16
203
242
38
0
0
0
0
0
0
0
0
0
0
0
0
0
0
0
0
0
0
0
0
0
11
0
8
157
248
147
1
0
0
0
0
0
0
0
0
0
0
0
0
0
0
0
0
0
0
0
0
0
24
2
0
2
9
0
1
0
0
0
0
0
0
0
0
0
0
0
0
0
0
0
0
0
0
0
0
0
0
0
15
0
0
11
0
0
0
0
0
0
0
0
0
0
0
0
0
