1
0
0
0
0
0
0
0
0
0
10
0
0
7
5
0
1
5
1
0
19
0
0
14
0
0
0
0
0
0
0
0
0
0
0
0
0
0
4
0
0
3
0
0
0
0
0
0
0
10
0
0
9
0
0
0
0
0
0
0
0
0
0
0
0
0
0
1
1
0
0
0
5
7
0
10
0
6
9
2
0
0
0
0
0
0
0
0
0
0
0
0
0
1
0
2
0
0
5
2
3
0
7
0
3
8
0
0
14
0
0
0
0
0
0
0
0
0
0
0
0
0
0
6
0
0
9
0
0
38
238
108
0
0
11
0
0
0
0
0
0
0
0
0
0
0
0
0
0
0
0
9
0
0
1
0
23
141
252
52
0
0
0
0
11
0
0
0
0
0
0
0
0
0
0
0
0
0
0
7
0
3
0
9
125
251
222
21
4
0
1
19
0
0
0
0
0
0
0
0
0
0
0
0
0
6
0
2
0
4
0
46
229
252
175
0
0
15
0
0
8
0
0
0
0
0
0
0
0
0
0
0
0
2
0
0
4
0
0
85
249
252
99
1
2
0
0
2
0
0
0
0
0
0
0
0
0
0
0
0
0
0
0
0
1
5
11
181
255
206
23
0
4
0
0
2
5
0
0
0
0
0
0
0
0
0
0
0
0
0
1
4
0
1
36
255
255
193
0
6
7
0
4
0
2
0
0
0
0
0
0
0
0
0
0
0
0
0
1
8
0
0
88
255
242
178
0
12
0
0
9
1
0
0
0
0
0
0
0
0
0
0
0
0
0
2
0
8
0
2
170
247
245
100
0
3
0
8
2
6
0
0
0
0
0
0
0
0
0
0
0
0
0
5
0
4
0
53
243
242
227
14
4
3
0
8
0
3
0
0
0
0
0
0
0
0
0
0
0
0
0
2
0
2
0
126
255
254
146
0
6
6
0
3
0
0
0
0
0
0
0
0
0
0
0
0
0
0
0
0
1
3
2
180
253
255
54
7
0
0
0
0
7
1
0
0
0
0
0
0
0
0
0
0
0
0
0
7
0
7
28
241
251
255
54
0
0
0
0
0
0
0
0
0
0
0
0
0
0
0
0
0
0
0
0
0
15
0
147
255
250
191
15
0
0
0
0
0
0
0
0
0
0
0
0
0
0
0
0
0
0
0
0
0
4
28
243
255
255
71
6
0
0
0
0
0
0
0
0
0
0
0
0
0
0
0
0
0
0
0
0
12
0
57
255
240
225
0
8
0
0
0
0
0
0
0
0
0
0
0
0
0
0
0
0
0
0
0
0
0
2
32
250
245
193
7
0
0
0
0
0
0
0
0
0
0
0
0
0
0
0
0
0
0
0
0
0
0
2
34
255
255
214
10
0
0
0
0
0
0
0
0
0
0
0
0
0
0
0
0
0
0
0
0
0
7
0
49
242
255
176
0
7
0
0
0
0
0
0
0
0
0
0
0
0
0
0
0
0
0
0
0
0
0
3
22
208
231
58
0
3
0
0
0
0
0
0
0
0
0
0
0
0
0
0
0
0
0
0
0
0
0
0
0
0
0
0
0
0
0
0
0
0
0
0
0
0
0
0
0
0
0
0
0
0
0
0
0
0
0
0
0
0
0
0
0
0
0
0
0
0
0
0
0
0
0
0
0
0
0
0
0
0
0
0
0
0
0
0
0
0
0
0
0
0
0
0
0
0
0
0
0
0
0
0
0
0
0
0
0
0
0
0
0
0
0
0
0
0
0
0
0
0
0
0
0
0
0
0
0
0
0
0
0
0
