8
0
0
0
0
0
0
0
0
8
0
0
0
5
1
0
0
0
1
4
0
5
5
0
0
0
0
0
0
0
0
0
0
0
0
0
0
0
7
11
0
0
0
9
17
7
0
5
2
0
0
4
0
0
0
0
0
0
0
0
0
0
0
0
0
0
0
0
5
8
0
0
0
0
0
0
0
12
4
0
3
0
0
0
0
0
0
0
0
0
0
0
0
0
0
0
0
0
0
5
14
11
15
0
3
6
0
0
10
0
0
0
0
0
0
0
0
0
0
0
0
0
8
7
0
0
5
4
0
0
0
6
12
0
1
31
0
1
0
0
0
0
0
0
0
0
0
0
0
1
0
1
1
0
0
22
57
150
254
189
72
33
12
10
15
4
2
1
0
0
0
0
0
0
0
0
0
0
1
6
2
2
49
158
255
242
251
253
255
238
255
252
120
6
4
2
0
0
0
0
0
0
0
0
0
0
11
0
0
63
197
255
255
228
255
242
250
255
250
255
249
8
5
2
0
0
0
0
0
0
0
0
0
0
3
0
1
178
255
255
151
40
239
253
253
255
243
254
255
14
7
0
0
0
0
0
0
0
0
0
0
1
0
2
92
249
255
145
31
82
231
255
255
253
255
243
215
10
4
0
0
0
0
0
0
0
0
0
0
3
1
0
140
245
229
49
0
52
156
212
250
245
253
241
25
5
1
0
0
0
0
0
0
0
0
0
0
0
14
16
218
255
223
1
0
7
119
246
250
255
131
36
0
0
0
0
0
0
0
0
0
0
0
0
0
0
0
0
245
255
200
0
13
149
255
255
246
221
46
1
1
0
0
0
0
0
0
0
0
0
0
0
0
23
0
0
247
255
212
120
189
255
255
224
122
0
2
0
0
0
0
0
0
0
0
0
0
0
0
0
0
0
0
21
243
254
231
227
255
255
190
37
15
0
2
0
8
0
0
0
0
0
0
0
0
0
0
0
0
2
11
57
241
255
253
255
193
121
29
0
0
12
0
0
0
1
2
1
0
2
0
0
0
7
0
9
0
38
129
255
249
243
255
153
14
0
0
0
0
0
0
0
0
0
0
0
0
1
0
1
1
0
12
0
86
199
255
255
255
255
244
117
2
0
0
0
0
0
0
0
0
0
0
0
0
0
12
0
0
1
0
41
213
252
243
29
5
200
255
255
63
0
0
0
0
0
0
0
0
0
0
0
0
5
0
6
9
3
10
240
253
107
0
0
8
118
248
255
109
0
0
0
0
0
0
0
0
0
0
0
0
0
15
8
0
21
28
255
236
69
5
0
8
33
227
253
191
0
0
0
0
0
0
0
0
0
0
0
0
9
0
6
4
0
0
177
252
193
63
80
1
18
255
246
160
0
0
0
0
0
0
0
0
0
0
0
0
0
0
0
7
9
5
53
237
252
255
248
193
211
240
251
153
0
0
0
0
0
0
0
0
0
0
0
0
4
3
0
0
0
12
0
28
132
231
246
255
245
255
255
47
0
0
0
0
0
0
0
0
0
0
0
0
0
0
0
0
0
0
0
0
0
15
123
240
255
241
140
8
0
0
0
0
0
0
0
0
0
0
0
0
0
0
0
0
0
0
0
0
8
0
0
6
0
0
11
0
0
0
0
0
0
0
0
0
0
0
0
0
0
0
0
0
0
0
0
0
0
0
6
9
0
0
5
1
0
0
0
0
0
0
0
0
0
0
0
0
0
0
0
0
0
0
0
0
6
2
0
0
2
4
0
0
0
0
0
0
0
0
0
0
0
0
0
0
