0
0
0
0
0
0
0
0
0
11
0
0
8
6
4
3
0
0
14
16
0
0
13
0
0
0
0
0
0
0
0
0
0
0
0
0
0
0
0
6
0
0
0
12
10
0
1
0
17
19
0
14
7
0
0
0
0
0
0
0
0
0
0
0
0
7
6
1
1
8
3
0
0
2
10
7
3
0
0
14
0
0
0
0
0
0
0
0
0
0
0
0
0
0
5
0
0
6
0
0
17
0
0
0
2
0
10
0
8
0
0
0
0
0
0
0
0
0
0
0
0
0
3
0
0
6
3
0
0
28
167
225
255
168
32
0
9
0
0
0
0
0
0
0
0
0
0
0
0
7
0
0
10
4
0
3
48
175
230
246
255
244
157
0
0
0
0
0
0
0
0
0
0
0
0
0
0
0
0
5
0
0
28
129
216
253
164
172
211
255
253
24
9
0
0
0
0
0
0
0
0
0
0
0
0
0
12
4
0
44
189
255
215
74
11
0
40
156
255
99
0
0
0
0
0
1
0
0
10
0
0
17
0
0
0
0
48
255
245
233
70
4
0
0
13
143
255
101
0
0
0
0
0
4
0
4
0
6
0
0
12
4
17
87
235
255
196
56
8
1
0
0
3
143
245
113
1
0
0
0
0
5
0
3
0
6
0
0
5
5
36
254
240
230
29
0
0
0
2
0
4
145
250
99
1
0
0
0
0
3
1
0
8
0
0
9
0
70
250
237
226
34
0
0
10
0
11
0
7
164
255
50
0
0
0
0
0
0
6
0
10
0
1
0
46
222
241
236
25
0
12
0
0
0
4
0
0
202
244
7
0
0
0
0
0
0
4
5
0
1
6
0
177
255
206
39
0
0
5
5
0
3
0
0
12
243
187
0
3
0
0
0
0
0
1
5
0
3
2
78
254
247
102
3
0
12
0
0
2
0
0
0
94
255
132
2
1
0
0
0
0
0
0
0
6
0
0
199
252
175
4
3
0
0
13
0
0
0
16
0
186
255
107
7
0
0
0
0
0
11
0
6
6
0
14
255
249
42
1
0
7
1
3
9
0
0
5
1
216
204
17
0
0
0
0
0
0
0
5
11
0
0
132
245
229
2
0
0
0
0
0
0
8
2
0
192
250
103
7
8
0
0
0
0
0
10
0
6
6
0
85
255
129
0
15
14
1
10
11
0
0
8
0
242
161
12
0
0
7
0
0
0
0
0
0
0
14
0
113
234
170
6
0
0
0
0
0
2
10
31
165
255
54
0
3
0
1
0
0
0
0
0
9
0
0
0
92
255
236
32
0
3
15
0
0
14
2
202
255
172
2
1
6
0
0
0
0
0
0
3
0
0
4
0
0
253
255
196
28
0
9
11
47
158
237
244
102
1
0
5
0
0
6
0
0
0
0
0
3
0
8
0
18
73
242
254
255
255
252
226
255
249
169
48
0
0
11
0
5
13
0
0
0
0
0
3
7
3
0
0
1
0
40
150
194
251
246
165
82
38
17
0
18
8
0
8
0
0
2
0
0
0
0
0
0
0
0
0
0
0
0
0
0
0
0
0
0
0
0
0
0
0
0
0
0
0
0
0
0
0
0
0
0
0
0
0
0
0
0
0
0
0
0
0
0
0
0
0
0
0
0
0
0
0
0
0
0
0
0
0
0
0
0
0
0
0
0
0
0
0
0
0
0
0
0
0
0
0
0
0
0
0
0
0
0
0
0
0
0
0
0
0
0
0
0
0
0
0
0
0
0
0
0
0
0
0
0
0
0
0
0
0
0
0
0
