5
0
0
0
0
0
0
0
0
7
0
0
9
0
0
1
0
0
0
0
6
0
0
2
2
0
3
5
3
0
0
0
0
0
0
0
0
0
3
3
0
2
6
6
0
11
3
0
0
0
0
2
0
0
0
0
0
0
0
0
0
0
0
0
0
0
2
9
0
13
0
0
13
0
0
0
0
5
12
6
0
2
0
0
0
0
0
0
0
0
0
0
0
1
5
0
0
3
12
6
0
4
9
5
0
0
0
0
0
4
1
0
2
0
0
0
0
0
0
0
0
1
0
0
14
0
0
1
6
0
0
0
1
5
0
0
9
0
0
1
5
0
0
0
0
0
0
0
0
11
1
2
3
0
2
8
0
1
10
0
0
4
0
0
6
0
0
0
2
0
0
0
0
0
0
0
0
0
10
1
0
135
244
243
149
96
92
42
3
20
30
9
0
15
1
0
0
0
0
0
0
0
0
0
0
5
0
0
7
221
247
255
249
242
255
240
218
252
255
186
120
37
12
0
0
0
0
0
1
3
3
2
0
0
9
31
136
250
255
242
248
247
255
249
255
249
253
255
255
164
0
0
1
1
1
0
0
0
0
0
0
95
202
238
250
252
248
239
165
171
152
146
108
174
146
158
107
128
19
11
10
0
2
2
0
0
0
0
4
145
240
247
249
251
249
190
3
0
13
1
0
14
4
4
0
21
0
0
0
0
1
4
2
0
1
7
14
217
255
253
252
255
255
247
156
137
114
5
0
0
7
0
8
0
2
0
0
0
1
4
2
0
1
7
14
188
240
255
252
255
255
242
255
255
233
132
28
7
0
10
0
0
17
3
3
0
2
2
0
0
0
0
4
35
121
159
86
50
64
89
169
175
255
250
112
9
0
17
0
0
0
0
0
1
1
0
0
0
0
0
0
0
9
19
0
0
12
0
0
84
230
248
178
0
0
3
0
9
4
5
2
0
0
0
1
3
3
2
0
6
0
0
10
4
0
9
1
7
180
246
244
17
13
0
1
0
0
5
0
6
0
0
8
3
0
0
0
0
12
0
13
0
0
0
0
10
56
242
252
80
0
0
7
0
0
0
0
0
2
1
1
0
0
8
7
0
7
0
5
1
6
0
0
59
209
255
195
0
17
8
0
0
0
0
0
0
6
3
0
0
3
0
0
8
6
0
0
3
9
0
3
113
255
240
97
14
0
1
3
0
0
0
0
0
3
0
0
6
1
0
8
0
0
6
1
0
0
24
123
220
255
231
108
0
1
0
3
0
0
0
0
1
0
0
0
7
0
18
112
42
0
0
0
5
27
112
254
255
231
229
10
0
20
0
0
0
0
0
0
1
1
5
0
2
0
65
241
81
10
20
107
218
254
251
249
238
199
0
6
5
0
11
0
0
0
0
0
0
2
8
0
2
0
65
255
193
205
240
246
247
245
255
240
204
0
0
10
0
0
1
0
0
0
0
0
0
1
5
0
8
0
31
215
242
255
255
246
255
255
238
97
0
0
14
0
15
0
0
13
0
0
0
0
7
0
1
0
4
0
29
195
254
253
255
253
248
71
32
13
0
0
0
0
0
0
0
0
0
0
0
0
6
0
4
0
11
7
0
32
182
244
237
148
98
0
10
0
0
0
0
0
0
0
0
0
0
0
0
0
0
0
9
0
3
19
0
0
0
26
8
0
9
0
12
0
0
0
0
0
0
0
0
0
0
0
0
0
6
1
16
3
0
1
0
13
0
0
0
5
20
0
0
0
0
0
0
0
0
0
0
0
0
0
0
0
