0
0
0
0
0
0
0
0
0
0
13
4
6
0
1
0
1
2
0
2
0
0
5
0
1
0
0
0
0
0
0
0
0
0
0
0
0
6
0
0
3
16
1
8
0
6
0
7
4
0
2
0
0
0
0
0
0
0
0
0
0
0
0
0
0
6
12
7
0
0
0
0
8
2
0
5
0
0
6
18
0
0
0
0
0
0
0
0
0
0
0
0
0
0
2
0
0
27
7
0
4
0
5
4
0
17
4
0
10
0
0
0
0
0
0
0
0
0
0
0
0
5
0
15
0
0
0
113
204
41
0
0
2
0
6
3
0
0
0
0
0
0
0
0
0
0
0
0
0
5
0
0
15
0
136
252
255
235
64
0
9
0
0
2
12
0
0
0
0
0
0
0
0
0
0
0
0
0
13
0
3
6
208
255
181
203
254
164
7
0
30
0
0
0
0
0
0
0
0
0
0
0
0
0
0
8
0
0
4
196
255
194
39
19
133
251
180
20
0
2
2
0
0
0
0
0
0
0
0
0
0
0
0
4
0
4
101
255
235
12
12
3
1
65
245
128
3
1
3
0
0
0
0
0
0
0
0
0
0
0
0
0
0
12
230
248
74
1
0
0
0
10
124
232
85
0
1
0
0
0
0
0
0
0
0
0
0
0
0
4
0
162
255
202
0
18
0
7
2
0
31
255
187
2
1
0
0
0
0
0
0
0
0
0
0
0
0
0
60
251
240
60
17
0
3
0
6
0
3
152
231
20
0
0
0
0
0
0
0
0
0
0
0
0
0
0
163
255
156
8
0
0
0
0
0
0
10
52
247
45
0
0
0
0
0
0
0
0
0
0
0
0
0
30
224
245
51
27
0
14
0
6
2
0
9
50
254
59
0
0
0
0
0
0
0
0
0
0
0
0
0
108
249
146
7
0
14
0
2
0
2
0
0
53
247
75
0
0
0
0
0
0
0
0
0
0
0
0
0
222
255
59
0
7
0
0
4
0
12
1
10
44
255
122
10
0
0
0
0
0
0
2
0
0
2
0
66
255
229
0
4
0
0
14
0
0
3
0
2
51
254
72
0
0
0
0
0
0
0
0
2
0
1
4
115
252
109
0
2
4
0
0
4
0
0
2
0
118
234
12
12
0
0
0
0
0
0
0
3
3
0
13
149
255
58
13
0
0
0
3
0
11
4
0
59
227
179
10
0
0
0
0
0
0
6
0
0
3
0
5
126
249
100
0
0
12
1
10
0
0
0
33
195
237
32
0
13
0
0
0
0
0
11
0
0
3
0
0
67
255
212
23
5
0
0
0
22
1
73
195
238
142
2
0
0
0
0
0
0
0
9
0
0
3
6
0
20
196
255
176
97
26
35
7
64
136
255
241
135
12
0
15
0
0
0
0
0
0
4
0
6
0
3
0
4
49
206
255
255
254
255
255
255
255
195
10
0
0
0
15
0
0
0
0
0
1
0
0
11
0
0
0
4
1
20
66
165
204
148
171
125
40
3
2
16
0
2
0
9
0
0
0
0
0
0
0
0
0
0
0
0
0
0
0
0
0
0
0
0
0
0
0
0
0
0
0
0
0
0
0
0
0
0
0
0
0
0
0
0
0
0
0
0
0
0
0
0
0
0
0
0
0
0
0
0
0
0
0
0
0
0
0
0
0
0
0
0
0
0
0
0
0
0
0
0
0
0
0
0
0
0
0
0
0
0
0
0
0
0
0
0
0
0
0
0
0
0
0
0
0
0
0
0
0
0
0
0
0
0
0
0
0
0
0
0
