5
0
9
1
0
5
2
1
0
1
0
0
0
0
5
6
5
0
0
0
0
2
3
0
7
0
0
0
0
0
0
0
0
0
0
3
3
0
0
1
13
9
0
0
0
4
3
0
0
2
3
0
0
0
0
0
0
11
1
4
4
0
0
0
0
0
11
9
0
0
10
21
8
0
0
3
2
0
0
0
0
0
0
0
0
0
0
2
1
0
8
9
3
4
0
0
6
7
0
0
0
9
3
0
0
0
0
7
0
0
0
0
0
0
0
8
0
0
5
0
0
0
4
8
3
0
0
6
9
0
0
0
13
7
0
10
0
0
0
0
0
5
2
14
0
0
0
0
31
196
185
136
106
168
255
242
164
148
80
7
5
0
0
7
0
0
0
0
0
0
0
2
0
8
3
17
121
250
250
250
251
253
255
255
254
245
255
255
241
111
0
3
12
0
0
0
0
12
0
4
2
6
0
4
155
255
252
250
255
255
253
250
252
250
252
255
255
142
13
2
0
0
0
0
0
1
0
1
7
0
0
18
55
250
242
255
246
160
238
226
233
222
232
231
228
70
0
9
1
0
0
0
0
2
0
0
3
0
0
6
29
255
250
255
164
0
0
16
0
3
0
0
10
9
6
12
0
0
0
0
0
0
0
0
0
0
0
0
4
153
247
254
225
58
5
0
14
3
0
11
0
0
0
12
0
0
0
0
0
0
0
0
0
1
4
2
0
28
247
255
244
142
160
154
172
170
54
0
6
16
0
0
5
0
0
0
0
0
0
2
0
0
2
3
0
0
156
255
255
245
239
255
248
245
255
160
21
0
6
0
4
0
0
0
0
0
1
2
0
0
0
0
0
21
147
237
251
255
255
241
255
255
242
253
183
47
0
15
3
0
0
0
0
1
0
0
0
0
0
0
0
0
161
255
241
248
216
73
68
107
203
255
235
196
6
0
5
0
0
0
0
3
0
0
2
5
1
0
0
4
59
255
250
253
113
0
2
0
20
182
255
247
16
20
0
0
0
0
0
0
0
0
0
0
0
0
0
0
20
139
248
188
10
5
7
0
5
84
249
250
65
5
4
0
0
0
0
0
0
0
0
0
0
0
0
6
0
8
53
16
0
0
0
0
0
27
229
255
230
41
0
0
0
0
0
0
0
0
0
0
0
0
0
2
0
23
109
57
1
11
12
6
7
0
104
255
235
152
4
0
0
0
0
0
0
0
0
0
0
0
0
0
5
30
251
84
10
0
0
0
6
0
97
255
255
137
0
0
0
0
0
0
0
0
0
0
0
0
0
0
19
180
255
92
0
21
0
0
21
0
127
255
243
139
3
0
0
0
0
0
0
0
0
0
0
0
0
0
29
253
255
73
13
26
20
87
87
140
255
251
255
20
3
0
0
0
0
0
0
0
0
0
0
0
0
14
0
173
244
246
223
247
241
255
246
255
255
221
99
6
0
0
0
0
0
0
0
0
0
0
0
0
0
0
7
40
243
255
255
249
249
244
255
244
243
152
23
0
0
0
0
0
0
0
0
0
0
0
0
0
0
0
12
15
118
163
255
251
255
152
144
103
40
0
0
1
0
0
0
0
0
0
0
0
0
0
0
0
0
6
8
0
8
0
6
0
0
0
9
12
0
0
1
5
0
0
0
0
0
0
0
0
0
0
0
0
0
0
0
9
0
4
0
7
9
0
0
1
0
0
0
0
0
0
0
0
0
0
0
0
0
0
0
0
0
10
0
9
0
8
0
4
0
14
8
3
3
2
0
0
3
0
0
0
0
