1
0
0
0
0
0
0
0
0
0
0
0
0
0
0
0
0
2
0
0
17
0
0
17
0
0
2
0
0
0
0
0
0
0
0
0
0
0
0
0
0
0
0
0
0
4
0
5
0
20
0
0
9
0
3
0
0
0
0
0
0
0
0
0
0
0
0
0
0
0
0
0
0
0
15
7
8
0
16
0
0
0
2
2
0
0
0
0
0
0
0
0
0
0
0
0
0
0
0
0
0
0
0
0
0
0
0
24
0
0
0
6
0
0
0
0
0
0
0
0
0
0
0
0
0
0
0
0
0
6
0
7
6
12
0
0
13
9
0
5
2
0
0
0
0
0
0
0
0
0
0
0
0
0
0
0
0
19
0
11
0
0
255
253
76
35
0
3
2
0
0
0
0
0
0
0
0
0
0
0
0
0
0
0
0
0
0
0
23
108
237
250
255
69
0
2
1
0
0
0
0
0
0
0
0
0
0
0
0
0
0
0
0
1
7
0
252
254
255
255
251
94
5
1
0
0
0
0
0
0
0
0
0
0
0
11
3
0
7
0
4
0
47
191
242
249
255
255
247
63
23
0
0
0
0
0
0
0
0
0
0
15
0
0
0
17
0
16
0
54
255
238
253
255
247
196
113
16
0
0
0
0
0
0
0
0
0
0
0
0
0
8
10
2
0
12
54
222
249
254
255
249
188
26
0
0
0
0
0
0
0
0
0
0
0
0
0
0
11
0
0
0
22
41
255
255
254
251
255
183
0
18
0
1
4
3
0
0
0
0
0
0
0
0
0
10
0
0
24
0
170
212
255
248
249
252
66
47
2
0
0
0
0
0
0
0
0
0
0
0
0
0
0
0
3
8
80
195
247
255
229
255
226
167
0
0
9
0
20
0
0
0
0
0
0
0
0
0
0
0
0
8
1
0
255
242
255
244
255
227
76
0
0
14
0
0
0
4
3
3
6
0
0
0
0
0
0
0
0
0
28
189
255
255
232
255
160
65
0
0
0
0
0
14
1
0
0
0
1
3
4
0
10
0
0
5
0
0
210
250
240
255
251
252
0
0
0
0
0
0
0
0
0
0
0
0
0
1
6
0
0
8
17
0
5
66
251
254
255
243
223
58
0
0
0
0
0
0
0
0
0
0
0
0
0
4
7
0
0
3
0
0
71
217
244
254
254
255
47
11
2
0
0
0
0
0
0
0
0
0
0
0
0
0
0
0
10
5
0
82
237
247
255
240
255
213
0
0
6
0
0
0
0
0
0
0
0
0
0
0
0
6
5
0
6
0
0
149
255
255
245
255
178
27
11
9
0
0
0
0
0
0
0
0
0
0
0
0
0
0
0
0
7
11
83
255
255
251
255
241
7
0
2
0
15
0
0
0
0
0
0
0
0
0
0
0
0
0
0
0
0
4
90
244
238
244
246
140
14
0
0
3
0
0
0
0
0
0
0
0
0
0
0
0
0
1
0
14
0
0
68
216
255
255
248
87
0
0
7
8
0
0
0
0
0
0
0
0
0
0
0
0
0
0
2
0
3
8
0
73
242
255
166
51
0
0
10
8
0
0
0
0
0
0
0
0
0
0
0
0
0
0
5
0
0
13
0
0
21
10
7
3
1
1
0
0
0
0
0
0
0
0
0
0
0
0
0
0
0
3
12
0
0
1
10
0
0
0
0
0
1
0
0
0
2
0
0
0
0
0
0
0
0
0
0
0
0
0
0
5
5
1
2
6
5
12
7
2
3
7
6
0
0
0
0
0
0
0
0
0
0
0
0
0
0
