6
0
0
0
0
0
0
0
0
10
0
1
7
0
14
0
0
0
0
0
0
0
0
0
0
0
0
0
0
0
0
0
0
0
0
0
0
2
0
2
3
7
0
20
5
0
0
0
0
0
0
0
0
0
0
0
0
0
0
0
0
0
0
0
0
6
0
4
1
111
187
136
15
0
0
0
0
0
0
0
0
0
0
0
0
0
0
0
0
0
0
0
0
0
17
0
85
255
249
255
86
0
0
0
0
0
0
0
0
0
0
0
0
0
0
0
0
0
0
0
0
0
0
39
234
253
255
239
97
0
0
0
0
0
0
0
0
0
0
0
0
0
0
0
0
0
0
0
0
5
18
184
250
192
7
226
92
0
0
0
0
0
0
0
0
0
0
0
0
0
0
0
0
0
0
0
0
1
13
235
255
178
0
47
9
0
0
0
0
0
0
0
0
0
0
0
0
0
0
0
0
0
0
0
0
0
155
252
241
93
18
0
15
0
0
0
0
0
0
0
0
0
0
0
0
0
0
0
0
0
0
0
0
4
255
250
222
1
0
0
8
6
0
4
8
0
0
11
0
0
0
0
0
0
0
0
0
0
0
0
0
0
240
252
147
9
0
9
0
0
13
0
0
13
8
0
11
0
0
0
0
0
0
0
0
0
0
0
0
15
255
255
130
3
10
6
0
9
0
0
2
0
0
5
0
0
0
0
0
0
0
0
0
0
0
0
0
12
255
252
134
0
11
0
8
0
1
4
6
8
0
0
2
0
0
0
0
0
0
0
0
0
0
0
0
3
243
255
125
7
3
0
5
6
25
78
88
39
15
18
0
0
0
0
0
0
0
0
0
0
0
0
0
10
255
255
152
0
4
0
5
55
185
249
255
255
179
46
0
0
0
0
0
0
0
0
0
0
0
0
0
5
252
239
204
0
0
19
94
241
240
241
213
217
255
206
21
0
0
0
0
0
0
0
0
0
0
0
0
3
218
255
249
77
10
119
252
249
119
44
0
41
251
255
0
0
0
0
0
0
0
0
0
0
0
0
0
8
74
255
255
209
7
233
247
156
0
0
0
46
250
255
0
0
0
0
0
0
0
0
0
0
0
0
0
0
13
197
242
237
208
235
238
6
7
0
11
163
250
232
8
0
0
0
0
0
0
0
0
0
0
0
0
2
0
53
254
255
239
255
137
11
0
0
75
255
247
107
4
0
0
0
0
0
0
0
0
0
0
0
0
0
9
5
117
251
254
255
215
62
57
129
251
251
166
3
0
0
0
0
0
0
0
0
0
0
0
0
0
0
0
9
0
162
248
255
242
251
255
241
255
117
32
7
0
0
0
0
0
0
0
0
0
0
0
0
0
0
1
10
4
3
76
254
250
255
223
147
67
3
0
6
0
0
0
0
0
0
0
0
0
0
0
0
0
11
3
0
0
8
0
0
0
2
0
14
0
7
14
0
5
0
0
0
0
0
0
0
0
0
0
0
0
0
1
2
5
0
0
0
7
0
16
0
5
0
4
4
0
0
0
0
0
0
0
0
0
0
0
0
0
0
0
0
0
0
0
0
0
0
0
0
0
0
0
0
0
0
0
0
0
0
0
0
0
0
0
0
0
0
0
0
0
0
0
0
0
0
0
0
0
0
0
0
0
0
0
0
0
0
0
0
0
0
0
0
0
0
0
0
0
0
0
0
0
0
0
0
0
0
0
0
0
0
0
0
0
0
0
0
0
0
0
0
0
0
0
0
0
0
0
0
0
0
0
0
0
0
0
0
0
0
0
0
0
