8
0
1
2
0
2
6
4
0
0
0
7
3
9
0
0
8
0
6
0
0
6
0
0
6
0
0
0
0
0
3
4
0
0
0
0
0
0
18
0
0
0
27
0
4
5
0
9
10
0
0
16
0
0
0
0
0
0
4
4
0
0
0
0
1
10
0
10
0
24
0
0
0
0
0
0
4
12
2
0
0
0
0
0
0
1
2
2
0
0
2
3
2
0
0
6
2
0
0
25
0
0
30
13
0
0
11
0
0
0
0
0
0
3
0
0
0
3
3
0
0
4
5
0
2
13
2
6
0
1
0
0
9
0
0
10
4
0
0
0
0
5
0
0
0
0
0
0
0
0
39
89
135
240
135
137
169
116
49
3
2
3
0
0
2
0
0
0
0
2
0
0
0
0
0
2
13
104
228
255
255
255
255
255
255
248
255
152
15
0
11
6
0
0
0
0
0
0
0
3
2
0
0
14
35
234
255
254
149
111
121
228
171
213
247
255
167
37
0
0
7
0
0
0
0
1
0
0
5
0
0
26
67
255
244
130
0
1
3
5
0
5
56
216
250
54
2
0
1
0
0
0
0
1
0
0
5
0
0
0
19
172
255
229
56
0
0
0
8
94
206
255
250
81
2
1
2
0
0
0
0
0
0
0
3
1
0
0
0
17
255
247
173
29
6
0
88
246
255
240
168
21
0
0
4
0
0
0
0
0
0
0
0
0
4
5
3
13
96
255
240
87
32
167
246
244
183
9
0
10
0
1
0
0
0
0
0
0
4
2
0
0
0
0
0
6
0
210
255
207
181
255
255
207
50
15
8
0
23
0
0
0
0
0
0
0
0
4
2
0
0
0
0
5
8
27
199
246
255
242
126
10
0
0
10
0
0
0
13
0
0
0
0
0
0
0
4
5
2
1
3
0
0
0
190
255
235
255
31
22
0
3
5
0
13
5
0
0
0
0
0
7
0
0
0
0
0
0
0
0
4
66
222
253
249
255
201
15
18
0
2
8
0
8
0
0
0
0
0
0
0
0
0
0
0
0
0
0
0
217
255
124
84
255
251
139
0
0
11
0
0
10
0
0
0
0
0
0
0
0
0
0
0
0
0
7
49
255
208
13
1
73
255
254
99
0
2
0
18
5
0
0
0
0
0
0
0
0
0
0
0
0
0
0
86
254
174
0
12
7
140
250
166
22
0
0
2
0
1
0
0
0
0
0
0
0
0
0
0
0
0
7
71
255
196
4
1
0
0
194
250
150
3
17
0
2
6
0
0
0
0
0
0
0
0
0
0
0
0
10
0
234
252
32
0
0
29
57
251
215
10
2
0
2
0
0
0
0
0
0
0
0
0
0
0
0
0
3
0
118
255
135
68
0
0
0
241
253
62
2
13
10
3
0
0
0
0
0
0
0
0
0
0
0
0
0
15
20
206
254
241
175
71
95
253
251
67
0
0
0
0
0
0
0
0
0
0
0
0
0
0
0
0
4
0
0
73
189
255
255
243
249
252
199
8
4
0
7
6
0
0
0
0
0
0
0
0
0
0
0
0
3
0
0
0
17
73
149
204
218
131
36
0
0
4
1
0
0
0
0
0
0
0
0
0
0
0
0
0
0
0
8
8
2
0
1
6
4
0
0
7
5
0
0
7
0
0
0
0
0
0
0
0
0
0
0
0
5
3
0
0
0
0
0
0
0
0
0
2
0
0
0
10
0
0
0
0
0
0
0
0
0
0
0
0
1
0
0
2
6
9
9
7
16
4
0
2
8
4
0
0
0
0
0
0
