1
0
0
0
0
0
0
0
0
3
1
0
0
0
0
0
0
6
0
0
5
0
0
5
1
0
0
0
0
0
0
0
0
0
0
0
0
0
0
0
0
0
1
1
0
0
5
6
0
6
0
0
5
0
0
0
0
0
0
0
0
0
0
0
0
0
0
0
0
0
0
0
0
15
0
0
0
22
0
0
3
0
0
0
0
0
0
0
0
0
0
0
0
0
0
0
0
0
0
0
0
0
0
30
0
0
0
14
0
0
0
0
0
0
0
0
0
0
0
0
0
0
0
2
1
0
0
0
0
0
1
0
0
20
0
0
1
0
0
0
0
0
0
0
0
0
0
0
0
0
2
3
1
0
0
0
3
38
230
158
12
0
2
0
0
0
0
0
0
0
0
0
0
0
0
0
0
0
1
2
0
0
0
4
10
123
244
93
2
0
1
11
1
0
0
0
0
0
0
0
0
0
0
0
0
0
0
1
0
0
0
8
15
255
207
1
12
0
0
16
0
0
0
0
0
0
0
0
0
0
0
0
0
0
4
0
11
0
4
8
18
255
130
6
6
0
0
0
6
0
0
0
0
0
0
0
0
0
0
0
0
1
2
0
8
0
3
0
67
243
89
0
0
0
1
1
3
0
0
0
0
0
0
0
0
0
0
0
0
1
0
0
4
0
2
0
144
255
65
0
0
1
4
3
0
0
0
0
0
0
0
0
0
0
0
0
0
2
0
0
0
0
2
11
215
249
48
6
2
0
1
4
0
0
0
0
0
0
0
0
0
0
0
0
0
2
0
2
0
0
3
58
255
173
12
0
0
0
0
4
1
0
0
0
0
0
0
0
0
0
0
0
0
2
0
3
0
0
6
128
255
79
0
0
4
2
0
0
0
0
0
0
0
0
0
0
0
0
0
0
0
3
0
3
2
0
8
198
241
18
4
0
5
4
2
0
0
0
0
0
0
0
0
0
0
0
0
0
0
3
0
3
4
0
10
243
223
0
16
0
0
0
2
0
7
0
0
0
0
0
0
0
0
0
0
0
0
11
0
8
0
0
119
255
37
0
0
0
0
0
0
0
0
0
0
0
0
0
0
0
0
0
0
0
0
0
11
0
0
20
203
222
15
0
0
0
0
0
0
0
0
0
0
0
0
0
0
0
0
0
0
0
0
0
7
0
0
0
235
171
0
0
0
0
0
0
0
0
0
0
0
0
0
0
0
0
0
0
0
0
0
5
11
0
6
54
246
120
0
0
0
0
0
0
0
0
0
0
0
0
0
0
0
0
0
0
0
0
0
0
14
0
15
200
232
40
4
0
0
0
0
0
0
0
0
0
0
0
0
0
0
0
0
0
0
0
0
0
0
0
67
255
136
0
0
0
0
0
0
0
0
0
0
0
0
0
0
0
0
0
0
0
0
0
0
13
0
17
144
246
53
7
0
0
0
0
0
0
0
0
0
0
0
0
0
0
0
0
0
0
0
0
0
0
5
0
166
255
38
7
0
0
0
0
0
0
0
0
0
0
0
0
0
0
0
0
0
0
0
0
0
5
0
0
115
249
42
9
0
0
0
0
0
0
0
0
0
0
0
0
0
0
0
0
0
0
0
0
0
0
11
0
0
30
0
10
9
0
0
0
0
0
0
0
0
0
0
0
0
0
0
0
0
0
0
0
0
0
0
11
0
0
0
2
0
0
0
0
0
0
0
0
0
0
0
0
0
0
0
0
0
0
0
0
0
12
0
0
9
0
17
0
0
0
0
0
0
0
0
0
0
0
0
0
0
