3
0
0
0
0
0
0
0
0
8
0
11
5
0
15
0
0
0
0
0
1
0
0
0
5
0
0
0
0
0
0
0
0
0
0
0
0
2
10
0
0
16
0
0
0
2
0
0
0
1
0
0
0
0
0
0
0
0
0
0
0
0
0
0
0
0
16
2
0
16
0
0
8
2
0
0
0
0
3
2
0
0
0
0
0
0
0
0
0
0
0
0
0
12
0
7
4
0
8
8
0
0
3
4
1
0
2
2
0
0
0
0
0
0
0
0
0
0
0
0
0
32
227
248
255
246
132
5
13
0
0
3
7
5
0
0
0
0
0
0
0
0
0
0
0
0
0
0
0
121
255
196
239
245
255
219
81
13
0
0
0
5
2
0
1
0
0
0
0
0
0
0
0
0
0
0
0
18
90
9
19
68
190
255
242
130
58
0
0
3
4
0
3
0
0
0
0
0
0
0
0
0
0
0
0
3
0
8
2
0
0
38
210
255
154
33
0
3
3
0
0
0
0
0
0
0
0
0
0
0
0
0
0
0
0
0
0
7
0
10
5
159
254
79
0
1
0
0
10
0
0
0
0
0
0
0
0
0
0
0
0
5
5
0
2
9
21
0
0
0
197
144
1
0
7
3
0
0
0
0
0
0
0
0
0
0
0
0
0
0
13
13
0
1
0
0
0
15
229
140
0
6
7
3
0
0
0
0
0
0
0
0
0
0
0
0
0
0
0
0
17
20
0
6
14
74
251
96
13
4
0
0
17
0
0
0
0
0
0
0
0
0
0
0
0
9
0
5
247
250
240
223
232
250
221
43
0
0
13
11
0
0
0
0
0
0
0
0
0
0
0
0
0
0
0
3
213
234
254
255
255
164
19
5
16
0
0
5
0
0
0
0
0
0
0
0
0
0
0
0
0
5
0
0
20
55
99
184
248
220
60
0
3
0
0
0
0
0
0
0
0
0
0
0
0
0
0
0
0
0
2
4
0
0
5
29
167
251
240
40
5
1
0
1
0
0
0
0
0
0
0
0
0
0
0
0
0
2
9
0
0
11
0
0
14
182
236
188
18
0
0
9
6
0
0
0
0
0
0
0
0
0
0
0
0
0
0
6
13
0
0
14
0
60
255
255
38
1
7
0
0
0
0
0
0
0
0
0
0
0
0
0
0
0
19
0
0
0
0
0
0
0
130
247
110
7
0
6
3
0
0
0
0
0
0
0
0
0
0
0
0
6
0
0
10
0
9
15
0
8
76
255
193
19
0
11
0
0
0
0
0
0
0
0
0
0
0
0
0
144
215
115
12
0
3
0
11
8
142
255
119
0
5
2
2
0
0
0
0
0
0
0
0
0
0
0
0
187
247
252
237
121
36
39
117
231
252
188
26
0
19
0
0
0
0
0
0
0
0
0
0
0
0
0
0
34
181
239
255
240
255
255
255
236
129
28
0
0
8
0
9
0
0
0
0
0
0
0
0
0
0
0
0
6
1
45
188
226
248
172
72
16
0
0
7
3
1
0
4
0
0
0
0
0
0
0
0
0
0
0
0
0
0
0
0
0
0
0
0
0
0
0
0
0
0
0
0
0
0
0
0
0
0
0
0
0
0
0
0
0
0
0
0
0
0
0
0
0
0
0
0
0
0
0
0
0
0
0
0
0
0
0
0
0
0
0
0
0
0
0
0
0
0
0
0
0
0
0
0
0
0
0
0
0
0
0
0
0
0
0
0
0
0
0
0
0
0
0
0
0
0
0
0
0
0
0
0
0
0
0
0
0
0
0
0
