1
0
0
0
0
0
0
0
0
0
0
0
0
1
3
1
0
0
0
7
0
7
0
0
5
0
0
0
0
0
0
0
0
0
0
0
0
0
1
2
0
0
0
0
0
10
0
3
4
0
0
0
0
0
0
0
0
0
0
0
0
0
0
0
0
1
2
3
1
0
0
0
4
0
0
21
8
0
9
8
0
0
0
0
0
0
0
0
0
0
0
0
0
0
0
0
0
1
0
1
4
4
0
1
0
0
0
0
0
0
0
0
0
0
0
0
0
0
0
0
0
3
0
0
1
4
1
0
0
99
255
239
33
0
7
15
0
0
0
0
0
0
0
0
0
0
0
0
0
7
0
0
2
4
0
0
0
153
255
152
0
10
0
0
0
0
0
0
0
0
0
0
0
0
0
0
0
4
0
0
3
0
0
4
18
199
252
76
0
4
0
0
8
0
0
0
0
0
0
0
0
0
0
0
0
0
0
1
3
0
0
13
38
253
240
6
0
2
2
0
0
0
0
0
0
0
0
0
0
0
0
0
0
4
0
8
0
2
17
0
81
242
255
0
5
5
0
1
0
0
0
0
0
0
0
0
0
0
0
0
0
0
4
0
0
11
0
72
255
255
204
5
0
0
0
7
4
0
0
0
0
0
0
0
0
0
0
0
0
1
1
11
11
8
0
150
253
217
78
6
0
0
0
2
0
0
0
0
0
0
0
0
0
0
0
0
0
10
0
0
0
0
51
227
236
112
0
0
2
0
4
0
0
0
0
0
0
0
0
0
0
0
0
0
0
0
4
0
0
0
141
252
255
51
0
0
5
0
2
0
10
0
0
0
0
0
0
0
0
0
0
0
0
0
7
17
11
0
220
255
157
8
10
0
7
0
0
0
9
0
0
0
0
0
0
0
0
0
0
0
0
0
0
2
0
0
245
255
64
0
0
0
3
0
3
0
0
0
0
0
0
0
0
0
0
0
0
0
0
2
10
0
8
23
221
202
30
7
0
1
0
0
7
6
0
0
0
0
0
0
0
0
0
0
0
0
0
9
0
0
89
180
255
182
9
0
0
0
0
0
0
0
0
0
0
0
0
0
0
0
0
0
0
0
0
0
8
5
186
255
233
200
0
0
0
0
0
0
0
0
0
0
0
0
0
0
0
0
0
0
0
0
0
0
23
0
176
251
106
2
2
0
0
0
0
0
0
0
0
0
0
0
0
0
0
0
0
0
0
0
0
4
0
9
197
234
204
25
9
0
0
0
0
0
0
0
0
0
0
0
0
0
0
0
0
0
0
0
0
10
0
61
255
254
166
0
0
0
0
0
0
0
0
0
0
0
0
0
0
0
0
0
0
0
0
0
0
0
21
141
230
255
171
3
0
0
0
0
0
0
0
0
0
0
0
0
0
0
0
0
0
0
0
0
0
3
0
147
255
248
70
0
8
0
0
0
0
0
0
0
0
0
0
0
0
0
0
0
0
0
0
0
0
0
20
0
186
251
29
5
0
0
0
0
0
0
0
0
0
0
0
0
0
0
0
0
0
0
0
0
0
0
0
0
0
0
0
0
0
0
0
0
0
0
0
0
0
0
0
0
0
0
0
0
0
0
0
0
0
0
0
0
0
0
0
0
0
0
0
0
0
0
0
0
0
0
0
0
0
0
0
0
0
0
0
0
0
0
0
0
0
0
0
0
0
0
0
0
0
0
0
0
0
0
0
0
0
0
0
0
0
0
0
0
0
0
0
0
0
0
0
0
0
0
0
0
0
0
0
0
0
0
0
0
0
