7
0
0
0
0
0
0
0
0
0
0
1
0
0
0
0
0
0
1
9
0
0
7
0
2
0
0
0
0
0
0
0
0
0
0
0
0
1
1
1
0
0
0
0
0
2
0
0
0
1
8
1
0
0
0
0
0
0
0
0
0
0
0
0
0
1
1
1
0
0
0
0
0
12
6
0
1
0
0
7
8
0
0
0
0
0
0
0
0
0
0
0
0
0
0
0
0
0
0
0
0
0
0
0
19
9
0
2
0
0
0
0
0
0
0
0
0
0
0
0
0
0
0
0
0
0
0
0
0
6
0
0
0
0
3
8
2
0
0
0
0
0
0
0
0
0
0
0
0
0
0
0
0
1
2
0
0
0
5
14
0
4
7
0
2
0
0
0
0
0
0
0
0
0
0
0
0
3
0
0
0
3
5
3
0
0
0
10
0
1
22
0
2
0
0
0
0
0
0
0
0
0
0
0
0
5
1
0
1
6
8
5
1
5
50
137
178
255
248
71
6
0
0
0
0
0
2
0
0
2
4
0
0
0
4
0
15
188
242
183
104
227
238
255
253
248
242
66
0
0
0
0
0
0
3
4
2
5
0
0
0
9
11
12
189
248
252
253
247
248
254
255
233
255
88
0
0
0
0
0
0
0
4
0
0
2
1
1
10
0
54
238
244
255
250
255
255
252
255
243
245
255
60
0
22
0
0
0
0
7
3
0
0
4
4
0
2
150
250
251
255
248
255
232
216
250
252
255
253
216
0
0
0
0
0
0
0
0
2
0
2
6
0
0
0
176
255
244
255
207
216
61
20
87
242
253
184
45
6
0
6
0
0
0
0
0
4
6
2
0
0
12
46
241
255
255
77
7
0
15
9
133
255
232
18
0
0
8
0
0
0
0
0
0
3
0
0
0
0
23
61
255
233
223
46
0
6
29
144
255
241
82
0
8
3
0
19
0
0
0
0
0
0
0
1
9
0
0
9
158
232
55
0
7
0
147
255
240
181
30
0
0
2
4
0
0
0
0
0
0
0
0
0
0
0
0
0
3
0
24
0
4
101
247
249
213
11
0
10
0
3
0
6
0
0
0
0
0
0
0
0
0
0
0
0
0
4
0
10
9
203
252
251
69
0
2
3
0
12
0
2
0
0
0
0
0
0
0
0
0
0
0
0
5
4
0
1
111
243
250
129
0
0
6
0
0
7
0
8
0
0
0
0
0
0
0
0
0
0
0
0
0
0
0
44
224
255
224
23
1
11
0
0
5
0
0
7
0
0
0
0
0
0
0
0
0
0
0
0
2
9
19
182
254
255
114
2
1
0
0
6
6
0
1
0
0
0
0
0
0
0
0
0
0
0
0
0
5
0
137
255
255
167
6
0
0
0
1
3
0
0
13
0
0
0
0
0
0
0
0
0
0
0
0
0
0
37
232
255
218
48
0
5
3
4
7
0
0
1
6
2
0
0
0
0
0
0
0
0
0
0
0
0
13
172
244
255
97
0
2
1
0
0
0
0
13
10
0
0
0
0
0
0
0
0
0
0
0
0
0
0
11
246
252
247
105
11
0
0
0
0
0
0
0
0
0
0
0
0
0
0
0
0
0
0
0
0
0
0
93
233
255
239
56
0
17
0
0
0
0
0
0
0
0
0
0
0
0
0
0
0
0
0
0
0
0
0
10
251
236
82
0
0
0
5
0
0
0
0
0
0
0
0
0
0
0
0
0
0
0
0
0
0
0
0
12
0
0
5
0
8
14
0
0
0
0
0
0
0
0
0
0
0
0
0
