2
0
0
0
0
0
0
0
0
0
8
9
0
7
4
3
0
0
14
0
0
10
0
7
4
0
0
0
0
0
0
0
0
0
0
0
0
9
0
0
17
0
0
0
10
18
0
0
1
9
10
0
0
0
0
0
0
0
0
0
0
0
0
0
0
15
0
0
6
0
7
11
0
0
0
4
7
0
0
0
7
0
0
0
0
0
0
0
0
0
0
0
0
0
0
10
11
1
2
1
0
0
19
0
0
8
4
0
3
0
0
0
0
0
0
0
0
0
0
0
0
4
0
0
0
51
48
105
172
209
253
255
251
246
173
14
2
0
0
0
0
0
0
0
0
0
0
0
0
2
1
23
64
234
254
253
242
255
234
244
240
255
215
0
3
0
0
0
0
0
0
0
0
0
0
0
0
1
0
0
12
158
194
160
88
74
12
36
164
251
211
14
1
0
0
0
0
0
0
0
0
0
0
0
0
0
0
8
0
5
0
2
0
5
5
44
242
245
111
6
0
0
0
0
0
0
0
0
0
0
0
0
0
0
14
0
7
6
0
5
0
0
0
202
241
194
4
8
2
0
0
0
0
0
0
0
0
0
0
0
0
2
5
8
0
3
0
0
6
11
161
252
236
108
0
5
0
0
0
0
0
0
0
0
0
0
0
0
0
0
0
0
2
0
23
13
0
132
248
255
89
0
3
0
18
0
0
0
0
0
0
0
0
0
0
0
0
15
16
0
16
1
0
0
31
239
248
131
0
0
0
3
0
0
0
0
0
0
0
0
0
0
0
0
0
0
0
1
1
0
16
18
244
255
167
12
0
3
14
0
0
0
0
0
0
0
0
0
0
0
0
0
0
9
8
9
0
14
6
217
255
166
38
2
0
0
1
0
15
0
0
0
0
0
0
0
0
0
0
0
0
5
0
0
21
15
236
248
188
16
0
0
8
27
0
16
0
0
0
0
0
0
0
0
0
0
0
0
0
0
8
5
14
210
246
233
36
2
0
0
6
0
13
0
4
0
0
0
0
0
14
0
15
0
5
1
7
1
5
42
220
249
203
46
0
3
0
0
14
0
0
3
0
0
0
0
0
0
0
10
0
12
2
0
0
2
71
246
238
246
46
18
0
0
8
30
32
143
245
133
0
0
0
0
0
11
1
0
17
0
0
19
5
170
242
234
187
32
0
20
117
141
202
229
254
248
240
187
21
0
0
0
0
0
0
10
0
0
7
12
119
247
255
255
253
255
255
255
245
255
255
253
223
178
93
4
0
0
0
0
0
13
3
0
5
3
39
217
255
247
255
251
253
244
247
235
243
191
87
45
22
0
0
1
0
0
0
0
0
0
0
0
51
134
218
255
255
255
212
149
82
70
23
3
0
0
17
0
3
17
0
8
0
0
0
0
0
0
14
3
242
255
255
212
99
13
7
0
0
10
5
2
10
15
0
16
3
0
0
0
8
0
0
0
0
0
0
2
213
206
82
40
0
0
5
0
0
0
3
0
0
0
6
0
5
7
3
11
0
0
0
0
0
0
0
0
0
0
0
0
0
0
0
0
0
0
0
0
0
0
0
0
0
0
0
0
0
0
0
0
0
0
0
0
0
0
0
0
0
0
0
0
0
0
0
0
0
0
0
0
0
0
0
0
0
0
0
0
0
0
0
0
0
0
0
0
0
0
0
0
0
0
0
0
0
0
0
0
0
0
0
0
0
0
0
0
0
0
0
0
0
0
0
0
0
0
0
0
0
0
0
0
0
0
0
0
0
0
0
0
0
0
0
0
0
