3
0
7
0
0
16
0
0
9
0
6
0
10
0
0
0
12
13
0
0
0
6
0
0
5
0
0
0
0
13
2
3
0
0
2
17
0
4
0
0
0
11
14
17
0
0
2
15
0
0
13
13
0
0
0
0
0
0
0
0
5
11
6
0
4
0
0
16
0
0
0
7
0
2
0
0
8
5
0
0
1
0
0
0
0
0
11
2
0
0
2
0
5
6
0
0
21
0
8
6
0
7
17
0
0
2
9
10
0
0
0
0
0
0
1
9
0
0
134
177
141
245
254
255
239
146
121
116
115
0
3
6
1
3
0
0
3
0
0
0
0
2
0
0
0
58
241
255
231
253
247
255
255
255
255
255
232
255
162
56
0
0
2
0
1
0
0
0
0
0
1
0
21
112
255
239
210
199
199
232
245
255
236
252
255
243
246
211
21
0
4
7
7
0
0
0
0
6
0
2
0
6
141
97
0
16
2
28
128
155
144
152
222
255
254
242
36
8
4
0
0
0
0
0
0
0
0
0
0
0
0
0
0
0
8
0
19
0
2
0
184
253
255
252
89
0
0
2
0
0
0
0
0
0
0
0
0
0
0
0
0
0
19
0
0
6
68
200
232
243
255
204
17
3
8
1
0
0
0
0
0
0
0
0
0
0
0
0
0
4
0
83
101
182
250
255
254
253
255
163
0
22
0
0
12
0
0
0
0
0
0
0
0
0
0
0
0
5
184
251
254
252
245
238
255
254
248
216
37
0
12
0
0
0
0
0
0
0
0
0
0
0
0
0
0
68
255
246
246
255
255
255
255
245
255
246
226
75
0
30
3
0
0
0
0
0
0
0
0
0
0
0
0
33
227
243
255
235
175
255
250
255
236
255
255
235
194
0
1
0
0
0
0
0
0
0
0
0
0
0
0
0
98
198
91
38
41
62
68
63
191
255
233
242
251
36
0
0
0
0
0
0
0
0
0
0
0
0
0
0
9
3
0
8
0
1
2
0
51
149
255
247
247
188
0
0
0
0
0
2
0
0
5
1
0
1
0
2
2
2
4
4
1
0
0
0
3
18
161
250
247
213
0
0
0
0
0
6
0
0
0
0
0
0
3
1
4
0
0
0
7
9
3
4
0
0
48
246
255
255
1
0
0
0
0
0
0
5
10
0
0
12
40
0
1
4
5
2
0
0
0
0
19
10
16
255
251
230
15
0
0
0
0
5
0
0
0
0
22
122
235
178
104
29
0
0
0
0
6
0
0
32
105
255
255
255
126
0
0
0
0
0
0
4
10
0
0
104
251
244
253
253
224
176
143
145
163
148
168
248
255
247
253
247
45
0
0
0
0
8
2
0
0
0
0
106
255
245
255
255
244
242
255
255
238
255
243
255
235
255
236
175
2
0
0
0
0
0
2
0
5
6
0
19
95
191
223
249
252
252
255
255
255
255
239
255
255
238
60
0
1
0
0
0
0
0
8
0
0
9
0
0
10
0
42
135
225
255
249
244
255
216
141
107
57
0
0
17
0
0
0
0
0
0
0
0
0
0
0
0
0
0
0
0
0
0
0
0
0
0
0
0
0
0
0
0
0
0
0
0
0
0
0
0
0
0
0
0
0
0
0
0
0
0
0
0
0
0
0
0
0
0
0
0
0
0
0
0
0
0
0
0
0
0
0
0
0
0
0
0
0
0
0
0
0
0
0
0
0
0
0
0
0
0
0
0
0
0
0
0
0
0
0
0
0
0
0
0
0
0
0
0
0
0
0
0
0
0
0
0
0
0
0
0
0
