5
0
0
0
0
0
0
0
0
0
0
0
0
0
0
0
0
0
0
0
0
0
0
0
0
0
0
0
0
0
0
0
0
0
0
0
0
0
0
0
0
0
0
0
0
0
0
0
0
0
0
0
0
0
0
0
0
0
0
0
0
0
0
0
0
0
0
0
0
0
0
0
0
0
0
0
0
0
0
0
0
0
0
0
0
0
0
0
0
0
0
0
0
0
0
0
0
0
0
0
0
0
0
0
0
0
0
0
0
0
0
0
0
0
0
0
0
0
0
0
0
0
0
0
0
0
0
0
0
0
0
0
0
0
0
0
0
0
0
0
0
0
0
0
0
0
0
0
0
0
0
0
0
0
0
0
0
0
0
0
0
0
0
0
0
0
0
0
0
0
0
0
0
0
0
0
0
0
0
0
0
0
0
0
0
0
0
0
0
0
0
0
0
0
0
0
0
0
0
0
0
0
0
0
0
0
0
0
0
0
0
0
0
0
0
0
0
0
0
0
0
0
0
0
0
0
2
3
0
0
0
0
0
5
0
3
0
0
125
100
0
6
0
5
0
40
126
118
114
117
121
6
0
0
1
1
0
0
0
0
0
0
11
0
9
185
230
252
86
1
11
92
221
229
248
249
255
250
254
0
0
1
0
0
0
1
0
0
0
0
19
52
160
255
243
201
40
17
186
238
254
255
251
255
250
223
227
10
8
2
0
0
0
2
0
0
0
12
55
185
255
237
254
58
0
184
235
255
247
255
136
126
119
25
1
0
0
2
0
0
1
2
0
0
3
70
236
235
255
255
253
244
234
119
177
152
0
28
0
1
5
22
0
24
7
2
0
0
2
2
0
3
12
173
255
255
246
253
243
245
255
236
21
0
13
14
0
0
0
0
2
0
0
1
0
0
3
0
0
6
22
208
250
250
255
252
255
255
239
252
151
81
0
0
16
4
7
0
26
0
7
1
0
0
4
0
0
9
28
149
253
226
36
2
47
173
254
251
255
230
56
14
0
0
3
6
0
1
0
0
0
0
5
2
0
10
53
55
80
34
6
0
121
205
255
234
255
228
34
14
0
9
0
0
0
0
0
6
0
1
16
0
22
142
239
255
223
158
158
175
240
249
251
255
200
79
0
0
0
2
5
0
0
0
0
2
5
2
0
0
0
107
255
244
251
252
250
245
251
255
255
241
138
18
3
7
6
0
0
0
0
0
0
0
13
0
0
15
0
27
143
252
255
255
237
255
255
228
165
32
2
0
2
0
4
0
12
0
0
0
0
5
0
0
4
2
0
10
35
176
210
221
148
114
82
64
18
9
4
3
11
0
2
0
0
0
0
0
0
4
5
0
0
0
0
0
0
0
1
15
0
4
0
3
0
1
0
0
0
0
0
5
0
0
0
0
0
0
13
1
0
18
10
0
11
6
0
0
0
7
0
2
0
0
1
1
6
1
1
0
4
0
0
0
0
9
0
0
8
0
0
7
0
0
0
3
3
0
0
0
6
0
10
0
0
0
12
0
0
0
0
0
0
0
0
0
0
0
0
0
0
0
0
0
0
0
0
0
0
0
0
0
0
0
0
0
0
0
0
0
0
0
0
0
0
0
0
0
0
0
0
0
0
0
0
0
0
0
0
0
0
0
0
0
0
0
0
0
0
0
0
0
0
0
0
0
0
0
0
0
0
0
0
0
0
0
0
0
0
0
0
0
0
0
0
0
0
0
0
0
0
0
0
0
0
0
0
0
0
0
0
0
0
0
0
0
0
0
0
0
0
0
0
0
0
