1
0
0
0
0
0
0
0
0
1
4
5
0
0
10
1
0
9
0
0
0
1
0
0
6
0
0
0
0
0
0
0
0
0
0
0
0
3
0
0
4
5
8
0
0
0
0
7
4
3
1
0
0
0
0
0
0
0
0
0
0
0
0
0
0
0
2
6
0
0
11
0
14
5
5
0
0
0
7
3
0
0
0
0
0
0
0
0
0
0
0
0
0
4
0
0
0
0
10
0
0
0
1
0
11
0
0
0
7
0
0
0
0
0
0
0
0
0
0
0
0
3
0
2
13
0
0
120
251
249
137
0
0
0
13
2
0
0
0
0
0
0
0
0
0
0
0
0
0
5
0
0
10
5
4
182
253
250
147
7
10
0
0
0
2
0
0
0
0
0
0
0
0
0
0
0
0
0
9
6
0
0
11
254
255
255
158
0
1
0
2
4
4
0
0
0
0
0
0
0
0
0
0
0
0
0
1
0
0
4
0
255
242
246
156
3
4
0
2
4
0
0
0
0
0
0
0
0
0
0
0
0
0
1
8
0
7
0
0
255
251
248
164
3
0
12
0
0
6
0
0
0
0
0
0
0
0
0
0
0
0
0
0
0
8
2
31
255
248
253
102
0
0
0
2
0
4
0
0
0
0
0
0
0
0
0
0
0
0
0
0
5
3
0
91
253
252
253
41
4
6
0
2
0
0
0
0
0
0
0
0
0
0
0
0
0
0
6
0
0
0
0
147
241
255
202
4
1
7
0
2
1
0
0
0
0
0
0
0
0
0
0
0
0
0
2
0
0
0
11
201
236
255
113
0
0
0
2
0
9
2
0
0
0
0
0
0
0
0
0
0
0
0
0
5
0
7
92
250
246
255
53
9
0
0
5
0
5
0
0
0
0
0
0
0
0
0
0
0
0
0
1
5
6
5
180
255
252
225
28
13
1
8
0
0
0
0
0
0
0
0
0
0
0
0
0
0
0
0
0
0
0
0
225
255
244
189
7
0
0
9
0
8
0
3
0
0
0
0
0
0
0
0
0
0
0
0
2
0
11
45
243
249
246
71
0
0
0
0
0
0
0
0
0
0
0
0
0
0
0
0
0
0
0
0
2
0
0
177
249
250
233
0
0
0
0
0
0
0
0
0
0
0
0
0
0
0
0
0
0
0
0
0
0
15
38
245
245
255
231
48
0
0
0
0
0
0
0
0
0
0
0
0
0
0
0
0
0
0
0
0
0
22
46
241
255
235
243
0
0
0
0
0
0
0
0
0
0
0
0
0
0
0
0
0
0
0
0
0
11
0
181
255
246
255
229
13
0
0
0
0
0
0
0
0
0
0
0
0
0
0
0
0
0
0
0
0
5
2
172
244
255
255
183
0
0
0
0
0
0
0
0
0
0
0
0
0
0
0
0
0
0
0
0
0
0
33
255
255
240
205
36
4
0
0
0
0
0
0
0
0
0
0
0
0
0
0
0
0
0
0
0
0
2
25
247
243
156
87
0
4
0
0
0
0
0
0
0
0
0
0
0
0
0
0
0
0
0
0
0
0
0
0
0
0
0
0
0
0
0
0
0
0
0
0
0
0
0
0
0
0
0
0
0
0
0
0
0
0
0
0
0
0
0
0
0
0
0
0
0
0
0
0
0
0
0
0
0
0
0
0
0
0
0
0
0
0
0
0
0
0
0
0
0
0
0
0
0
0
0
0
0
0
0
0
0
0
0
0
0
0
0
0
0
0
0
0
0
0
0
0
0
0
0
0
0
0
0
0
0
0
0
0
0
0
