1
0
0
0
0
0
0
0
0
0
11
0
0
0
1
4
0
0
0
0
0
0
0
0
0
0
0
0
0
0
0
0
0
0
0
0
0
10
0
11
1
3
9
0
0
0
0
0
0
0
0
0
0
0
0
0
0
0
0
0
0
0
0
0
0
6
0
15
0
0
1
2
0
0
0
0
0
0
0
0
0
0
0
0
0
0
0
0
0
0
0
0
0
7
9
0
17
18
0
7
8
0
0
0
0
0
0
0
0
0
0
0
0
0
0
0
0
0
0
0
0
5
0
6
144
210
48
6
1
0
0
0
0
0
0
0
0
0
0
0
0
0
0
0
0
0
0
0
0
0
15
0
255
255
233
23
0
0
0
0
0
0
0
0
0
0
0
0
0
0
0
0
0
0
0
0
0
5
0
8
112
255
238
165
14
0
0
0
0
0
0
0
0
0
0
0
0
0
0
0
0
0
0
0
0
0
0
0
102
250
247
255
38
0
0
0
0
0
0
0
0
0
0
0
0
0
0
0
0
0
0
0
0
0
7
0
24
146
255
250
92
0
6
1
0
0
0
7
1
0
0
0
0
0
0
0
0
0
0
0
0
2
17
0
0
55
236
255
183
0
0
0
3
4
1
2
0
0
0
0
0
0
0
0
0
0
0
0
0
0
3
4
4
40
255
252
210
20
0
0
5
6
1
0
0
0
0
0
0
0
0
0
0
0
0
0
0
3
0
0
2
32
255
255
231
63
8
0
4
1
0
0
4
0
0
0
0
0
0
0
0
0
0
0
0
2
1
0
0
9
182
253
255
90
12
0
4
0
0
0
6
0
0
0
0
0
0
0
0
0
0
0
0
0
0
2
7
9
141
248
252
90
4
0
6
0
2
0
2
0
0
0
0
0
0
0
0
0
0
0
0
14
2
0
0
0
145
255
255
87
0
0
6
0
5
0
0
0
0
0
0
0
0
0
0
0
0
0
0
0
0
4
4
0
160
249
248
92
0
0
3
0
6
0
2
0
0
0
0
0
0
0
0
0
0
0
0
0
0
6
5
0
156
240
255
93
1
0
0
11
0
6
0
0
0
0
0
0
0
0
0
0
0
0
0
0
3
0
0
23
215
255
250
83
0
10
5
7
0
3
0
0
0
0
0
0
0
0
0
0
0
0
0
0
3
0
0
34
197
254
250
152
0
8
0
0
2
3
0
0
0
0
0
0
0
0
0
0
0
0
0
0
0
0
2
3
81
236
255
226
0
2
0
0
9
0
0
0
0
0
0
0
0
0
0
0
0
0
0
0
0
3
2
0
0
250
255
238
0
5
5
0
0
0
8
0
0
0
0
0
0
0
0
0
0
0
0
0
1
2
0
0
0
255
248
249
0
0
1
2
0
0
7
0
0
0
0
0
0
0
0
0
0
0
0
0
6
0
0
11
5
232
249
228
6
0
0
0
5
0
0
0
0
0
0
0
0
0
0
0
0
0
0
0
6
0
0
5
0
166
255
155
0
10
2
0
0
1
0
0
0
0
0
0
0
0
0
0
0
0
0
0
0
0
0
0
0
0
0
0
0
0
0
0
0
0
0
0
0
0
0
0
0
0
0
0
0
0
0
0
0
0
0
0
0
0
0
0
0
0
0
0
0
0
0
0
0
0
0
0
0
0
0
0
0
0
0
0
0
0
0
0
0
0
0
0
0
0
0
0
0
0
0
0
0
0
0
0
0
0
0
0
0
0
0
0
0
0
0
0
0
0
0
0
0
0
0
0
0
0
0
0
0
0
0
