3
0
0
0
0
0
0
0
0
3
0
9
0
3
0
4
0
1
0
0
12
7
0
4
0
0
0
0
0
0
0
0
0
0
0
0
0
0
0
0
0
16
2
2
3
0
11
0
2
0
0
12
4
0
0
0
0
0
0
0
0
0
0
0
0
0
6
7
0
3
0
0
0
0
5
0
0
5
2
4
0
0
0
0
0
0
0
0
0
0
0
0
0
0
0
2
0
0
0
12
0
5
2
0
0
10
0
0
0
0
0
0
0
0
0
0
0
0
0
0
0
8
19
134
211
112
9
0
7
7
5
3
0
0
0
0
6
0
0
0
0
0
0
0
0
0
0
0
0
0
28
147
253
243
222
126
0
0
0
9
3
0
5
4
0
0
0
0
0
0
0
0
0
0
0
0
0
18
0
30
173
234
255
252
242
76
3
0
5
0
6
1
0
0
0
0
0
0
0
0
0
0
0
0
0
0
12
0
2
27
124
200
255
244
61
0
1
0
0
0
9
0
0
0
0
0
0
0
0
0
0
0
0
5
0
0
5
0
0
28
136
255
218
0
17
11
0
11
0
0
0
0
0
0
0
0
0
0
0
0
0
0
4
0
0
6
14
0
25
224
253
99
0
0
5
0
14
0
0
0
0
0
0
0
0
0
0
0
0
0
15
1
0
0
0
0
26
230
252
75
0
20
0
0
0
0
0
0
0
0
0
0
0
0
0
0
0
0
0
0
9
0
6
31
139
250
248
76
0
0
19
0
0
0
0
0
0
0
0
0
0
0
0
0
0
0
9
6
0
0
68
155
254
255
234
9
0
7
0
0
8
0
0
0
0
0
0
0
0
0
0
0
0
8
0
56
171
250
255
254
255
224
7
1
14
0
3
1
0
0
0
0
0
0
0
0
0
0
0
0
0
0
85
233
245
244
255
237
144
33
10
4
0
14
0
0
10
0
0
0
0
0
0
0
0
0
0
0
0
6
23
165
223
255
255
255
189
52
0
0
18
0
2
12
0
0
0
0
0
0
0
0
0
0
0
0
0
0
6
0
32
96
167
254
243
235
9
0
0
4
0
0
7
0
0
0
0
0
0
0
0
0
0
0
0
0
4
6
0
10
0
45
204
255
89
37
0
7
3
0
0
0
0
0
0
0
0
0
0
0
0
0
0
9
14
0
0
5
15
15
193
247
22
0
0
0
3
12
2
0
0
0
0
0
0
0
0
0
0
0
0
0
0
18
0
0
1
151
255
251
21
0
26
12
0
0
0
0
0
0
0
0
0
0
0
0
0
0
0
13
0
0
0
19
141
252
246
72
0
0
0
0
0
0
10
0
0
0
0
0
0
0
0
0
0
0
0
4
49
184
107
196
255
255
149
9
0
13
0
0
5
6
0
0
0
0
0
0
0
0
0
0
0
0
0
0
86
255
255
255
243
115
14
9
0
0
11
0
7
9
0
0
0
0
0
0
0
0
0
0
0
0
0
4
4
149
252
212
69
9
0
0
15
2
0
8
3
0
12
0
0
0
0
0
0
0
0
0
0
0
0
0
0
0
0
0
0
0
0
0
0
0
0
0
0
0
0
0
0
0
0
0
0
0
0
0
0
0
0
0
0
0
0
0
0
0
0
0
0
0
0
0
0
0
0
0
0
0
0
0
0
0
0
0
0
0
0
0
0
0
0
0
0
0
0
0
0
0
0
0
0
0
0
0
0
0
0
0
0
0
0
0
0
0
0
0
0
0
0
0
0
0
0
0
0
0
0
0
0
0
0
0
0
0
0
