8
0
0
0
0
0
0
0
0
0
0
3
2
0
0
0
0
0
14
0
0
0
9
0
5
0
0
0
0
0
0
0
0
0
0
0
0
10
0
0
4
12
5
0
0
0
0
0
5
16
8
0
0
0
0
0
0
0
0
0
0
0
0
0
0
5
1
0
0
0
0
0
12
5
3
6
3
0
0
0
15
0
0
0
0
0
0
0
0
0
0
0
0
0
0
0
0
7
16
6
0
0
2
0
2
0
13
2
0
0
0
0
0
0
0
0
0
0
0
0
0
11
11
7
0
0
0
0
0
0
9
0
6
0
9
0
4
0
0
0
0
0
0
0
0
0
0
0
0
0
0
0
7
6
0
0
13
0
8
0
1
3
5
0
6
0
0
0
0
0
0
0
0
0
0
0
0
4
0
8
56
134
208
245
252
255
219
102
0
0
2
0
0
0
0
0
0
0
0
0
0
0
0
0
0
8
120
221
248
254
255
239
195
185
242
196
11
9
0
8
0
0
0
0
0
0
21
0
0
0
14
0
126
237
255
244
156
100
37
14
4
2
148
216
0
0
14
0
5
0
0
0
0
3
0
0
14
0
0
16
216
236
196
42
0
2
17
2
4
0
147
225
132
54
0
11
0
0
0
0
0
6
0
0
10
0
0
9
140
255
168
13
4
0
0
8
0
4
238
234
224
42
0
19
0
0
0
0
0
0
5
2
0
0
10
0
6
210
253
136
0
10
0
0
15
3
211
234
48
0
4
0
0
0
0
0
0
0
0
3
9
0
2
0
2
40
215
255
78
8
7
0
0
116
247
138
0
7
2
20
0
0
0
0
0
0
0
0
6
0
1
6
7
10
84
244
236
55
0
5
56
242
212
0
20
0
0
8
0
0
0
0
0
0
3
1
0
0
5
4
0
0
12
124
255
223
83
22
160
229
40
2
0
0
10
0
20
0
0
0
0
4
1
0
5
6
0
3
6
7
0
6
106
250
224
201
252
99
6
0
10
0
4
0
0
0
0
0
0
0
0
0
0
0
0
0
0
0
8
0
0
131
252
255
186
7
0
0
20
0
0
11
0
0
0
0
0
0
0
0
0
0
0
0
0
6
0
0
13
0
181
255
219
28
0
18
0
14
19
0
14
0
0
0
0
0
0
0
0
0
0
0
0
0
0
8
4
12
246
186
245
227
43
6
0
0
0
1
0
0
0
0
0
0
0
0
0
0
0
0
0
0
6
0
0
126
255
35
126
255
174
0
0
21
0
0
5
0
0
0
0
0
0
0
0
0
0
0
0
0
16
0
38
208
163
0
11
142
255
102
0
0
0
14
2
0
0
0
0
0
0
0
0
0
0
0
0
0
0
0
84
255
106
9
7
37
233
223
28
0
0
0
5
0
0
0
0
0
0
0
0
0
0
0
0
4
0
12
109
255
62
0
0
0
64
255
171
9
7
15
0
0
0
0
0
0
0
0
0
0
0
0
0
0
7
0
148
233
5
15
0
0
32
240
218
2
0
0
10
0
0
0
0
0
0
0
0
0
0
0
0
0
18
0
186
192
6
0
7
2
0
144
230
0
0
1
0
0
0
0
0
0
0
0
0
0
0
0
0
17
0
28
126
236
0
4
0
0
12
139
197
15
0
0
11
0
0
0
0
0
0
0
0
0
0
0
0
0
10
0
0
10
0
2
4
11
0
3
24
0
5
0
0
0
0
0
0
0
0
0
0
0
0
0
0
0
11
10
6
0
12
0
2
8
0
0
0
0
14
2
13
0
0
0
0
