2
0
0
0
0
0
0
0
0
0
9
0
2
0
0
4
0
11
0
5
0
4
0
0
0
0
0
0
0
0
0
0
0
0
0
0
0
0
4
0
0
4
0
14
7
0
23
0
0
0
24
0
16
0
0
0
0
0
0
0
0
0
0
0
0
0
9
5
5
0
0
0
0
0
6
0
12
14
0
15
0
0
0
0
0
0
0
0
0
0
0
0
0
0
2
0
0
4
15
12
0
12
0
0
0
0
16
0
5
0
0
0
0
0
0
0
0
0
0
0
0
11
0
0
16
50
92
134
171
180
232
114
0
3
8
0
0
0
0
0
0
0
0
0
0
0
0
0
0
0
0
55
162
251
255
253
249
255
255
235
42
6
3
0
10
0
0
0
0
0
0
0
0
0
0
0
0
0
81
210
255
255
252
239
251
195
254
255
236
23
1
2
0
0
0
0
0
0
0
0
0
0
0
0
0
9
137
255
255
242
227
129
35
12
155
254
255
41
1
4
0
0
0
0
0
0
0
0
0
0
0
0
0
4
155
243
255
216
42
0
6
99
247
255
237
59
0
4
2
0
0
0
0
0
0
0
0
0
0
0
0
150
238
255
205
125
0
0
0
65
241
242
255
46
0
0
0
0
0
0
0
0
0
0
0
0
0
0
0
0
33
44
13
5
0
7
15
8
159
255
248
95
0
15
0
0
0
0
0
0
0
0
0
0
0
0
0
0
0
7
0
0
14
0
0
0
136
255
250
74
18
0
0
0
0
0
0
0
0
0
0
0
0
0
0
5
0
18
6
0
6
0
5
0
168
247
249
38
7
0
5
0
0
0
0
0
0
0
0
0
0
0
0
5
0
0
4
0
4
0
12
4
222
247
239
38
0
11
6
0
0
0
0
0
0
0
0
0
0
0
0
12
1
0
5
1
12
0
0
94
255
243
182
0
6
0
0
0
0
0
0
0
0
0
0
0
0
0
0
0
7
0
3
0
3
0
5
186
242
255
28
0
0
12
4
0
0
0
0
4
0
4
0
2
6
0
11
4
29
89
155
188
255
244
248
250
252
197
0
6
0
13
0
1
3
6
6
9
0
0
0
0
5
13
0
80
226
255
247
249
243
255
255
252
252
192
8
0
3
0
13
0
0
0
0
0
20
1
5
14
0
55
175
255
255
255
218
124
132
249
245
255
255
255
231
108
0
0
22
20
6
0
0
0
13
3
1
0
55
221
255
251
183
64
23
0
181
255
253
197
158
196
252
249
187
141
249
30
16
3
1
5
1
0
0
3
98
255
244
246
26
12
14
160
240
255
204
70
0
0
130
241
255
234
106
8
1
0
0
0
6
0
0
20
68
236
255
54
11
0
129
255
255
188
69
0
2
17
0
36
51
24
4
0
0
0
1
6
0
12
0
0
53
236
244
173
32
184
249
253
222
33
3
3
11
0
7
0
0
24
0
3
1
1
4
0
0
0
0
14
0
130
255
248
252
236
254
255
86
13
0
0
4
0
1
14
2
0
0
3
0
0
1
0
0
0
0
0
0
0
0
0
0
0
0
0
0
0
0
0
0
0
0
0
0
0
0
0
0
0
0
0
0
0
0
0
0
0
0
0
0
0
0
0
0
0
0
0
0
0
0
0
0
0
0
0
0
0
0
0
0
0
0
0
0
0
0
0
0
0
0
0
0
0
0
0
0
0
0
0
0
0
0
0
0
0
0
0
0
0
0
0
0
0
0
0
0
0
0
0
0
0
0
0
0
0
0
0
0
0
0
0
0
0
0
