6
0
0
0
0
0
0
0
0
0
1
8
0
3
0
5
1
0
2
0
0
0
2
5
6
0
0
0
0
0
0
0
0
0
0
0
0
0
6
0
0
18
0
0
17
0
0
5
5
1
0
0
0
0
0
0
0
0
0
0
0
0
0
0
0
1
0
0
0
0
9
3
0
5
0
3
0
12
0
2
6
0
0
0
0
0
0
0
0
0
0
0
0
0
22
0
4
2
0
5
101
220
255
238
127
95
9
0
5
0
0
0
0
0
0
0
0
0
0
0
0
7
0
0
5
6
99
204
255
243
247
255
252
237
83
0
0
0
0
0
0
0
0
0
0
0
0
0
0
0
2
29
107
194
255
253
237
252
244
239
245
255
118
8
0
0
0
0
0
0
0
0
0
0
0
0
0
4
0
100
231
255
251
255
215
113
0
112
255
143
0
6
0
0
0
0
0
0
0
0
0
0
0
0
0
0
86
231
255
250
240
176
13
0
15
22
18
12
2
0
0
0
0
0
0
0
9
0
0
5
13
0
0
0
104
244
254
255
95
0
4
3
0
0
1
0
0
24
0
0
0
0
0
3
1
0
0
2
0
7
2
70
243
255
231
202
36
0
0
0
0
11
4
3
0
0
0
0
0
0
0
3
0
0
3
1
0
10
5
235
254
247
227
92
0
31
1
4
0
0
0
3
18
0
20
0
0
0
0
0
0
0
0
1
4
0
24
253
255
247
118
11
0
0
0
3
37
123
206
203
109
0
0
0
0
0
0
0
2
0
3
0
13
0
99
255
248
226
50
0
12
6
12
117
204
253
251
244
241
169
26
0
0
0
0
2
0
0
10
0
0
25
199
237
253
156
9
6
10
106
239
255
255
253
250
255
255
246
136
0
0
0
0
4
0
0
7
0
0
112
253
255
180
21
0
71
173
255
255
255
241
230
184
233
247
255
194
0
0
0
0
0
0
3
0
0
10
193
253
253
171
18
93
233
255
239
253
196
100
43
3
173
254
253
202
0
0
0
0
0
6
4
0
0
12
198
254
243
218
209
255
242
238
255
129
29
0
23
17
210
255
250
145
0
0
0
0
0
0
0
4
5
0
145
255
255
246
247
253
255
205
82
2
0
17
95
238
255
241
180
31
0
0
0
0
11
0
0
0
0
0
73
240
246
255
255
215
160
8
8
0
20
118
216
240
255
255
0
11
0
0
0
0
0
0
10
1
3
0
0
154
250
255
246
205
13
0
2
134
225
255
255
237
232
47
1
2
0
0
0
0
0
0
7
0
0
16
16
204
255
233
254
245
245
248
214
255
251
246
231
231
74
15
0
0
0
0
0
0
7
0
0
0
0
12
50
237
255
251
244
255
234
244
255
255
252
255
150
39
0
0
18
5
0
0
0
0
0
1
4
12
4
0
0
81
249
169
254
239
255
255
245
181
102
79
3
10
0
0
12
0
0
0
0
0
0
13
0
0
1
0
2
2
0
10
0
5
0
0
1
3
2
5
0
0
0
11
0
2
0
0
0
0
0
0
0
0
0
0
0
0
0
0
0
0
0
0
0
0
0
0
0
0
0
0
0
0
0
0
0
0
0
0
0
0
0
0
0
0
0
0
0
0
0
0
0
0
0
0
0
0
0
0
0
0
0
0
0
0
0
0
0
0
0
0
0
0
0
0
0
0
0
0
0
0
0
0
0
0
0
0
0
0
0
0
0
0
0
0
0
0
0
0
0
0
0
0
0
0
0
0
0
0
0
0
0
0
0
0
0
0
0
0
0
0
