3
2
0
0
2
4
2
0
0
1
0
0
0
0
0
0
0
0
10
0
0
2
10
6
0
0
0
0
0
0
1
0
0
0
0
2
0
8
4
6
13
0
0
0
0
0
0
13
1
0
0
0
16
0
0
0
0
0
0
0
1
4
8
5
0
0
0
0
7
0
3
4
0
7
0
12
0
2
11
5
0
0
0
0
0
5
0
0
5
0
0
0
3
13
6
0
0
16
0
0
11
2
0
6
2
0
0
5
0
0
0
0
0
4
0
0
8
0
0
60
135
242
255
251
255
255
139
92
197
97
33
0
10
10
0
0
11
0
0
0
0
1
0
0
4
0
18
127
245
255
244
223
36
200
139
233
255
238
147
24
0
10
10
0
0
0
0
0
0
8
1
0
0
0
0
61
134
125
111
46
8
7
0
57
210
255
248
182
0
0
3
1
1
0
0
0
0
0
0
0
7
10
5
0
0
2
11
0
0
0
0
2
53
246
251
255
6
0
7
0
12
0
0
0
0
0
0
0
0
0
0
0
0
0
0
6
0
6
10
0
138
251
242
254
1
0
7
0
12
0
0
0
0
0
0
0
0
0
0
0
0
0
6
2
5
0
0
255
253
255
255
183
10
0
0
11
0
0
0
0
0
0
0
0
0
0
0
0
0
0
6
8
0
31
137
255
253
241
192
29
0
4
0
10
0
0
0
0
0
0
0
0
0
0
0
0
0
9
8
0
78
154
248
245
251
198
111
0
0
2
2
0
9
0
0
0
0
0
0
0
0
0
0
0
0
26
227
235
225
255
255
255
173
0
0
4
9
0
10
0
2
0
0
0
0
0
0
0
0
0
0
0
0
171
235
254
238
244
250
255
173
7
5
0
1
0
1
12
0
0
0
0
0
0
0
0
0
0
0
0
0
93
255
255
255
250
255
250
248
255
204
99
64
0
0
9
0
0
0
0
0
0
0
0
0
0
0
0
0
8
115
208
230
211
248
243
255
238
255
246
175
21
5
0
0
0
0
0
0
1
3
1
0
0
0
0
0
2
3
4
0
6
73
130
133
251
254
255
241
242
73
0
13
0
0
0
0
3
0
0
3
7
4
4
8
7
0
0
6
6
3
4
5
27
66
217
255
240
120
18
0
0
0
0
0
0
1
3
0
0
0
0
0
0
7
7
0
0
0
0
4
5
0
166
255
253
123
4
0
0
0
0
0
0
0
6
2
4
13
12
2
0
10
0
0
12
16
0
0
0
73
199
247
255
125
0
2
0
0
0
0
11
4
0
0
0
0
3
20
22
31
32
31
27
30
93
186
186
245
254
255
255
117
4
10
0
0
0
0
0
0
0
11
3
22
121
233
255
252
242
245
253
248
249
255
255
255
241
255
213
70
0
0
0
0
0
0
0
0
3
6
0
7
101
206
224
247
255
255
248
255
255
240
252
244
212
141
40
0
8
0
0
0
0
0
7
2
0
0
1
4
1
0
61
106
194
253
252
245
255
255
173
92
37
4
0
1
0
4
0
0
0
0
0
0
0
0
0
0
0
0
0
0
0
0
0
0
0
0
0
0
0
0
0
0
0
0
0
0
0
0
0
0
0
0
0
0
0
0
0
0
0
0
0
0
0
0
0
0
0
0
0
0
0
0
0
0
0
0
0
0
0
0
0
0
0
0
0
0
0
0
0
0
0
0
0
0
0
0
0
0
0
0
0
0
0
0
0
0
0
0
0
0
0
0
0
0
0
0
0
0
0
0
0
0
0
0
0
0
0
0
0
0
0
0
