5
0
0
0
0
0
0
0
0
2
5
3
0
0
0
3
8
4
4
0
0
7
0
10
0
0
0
0
0
0
0
0
0
0
0
0
0
0
0
0
5
13
11
0
0
0
3
6
0
1
0
0
7
0
0
0
0
0
0
0
0
0
0
0
0
1
3
1
0
0
0
3
13
1
2
10
0
12
0
1
0
0
0
0
0
0
0
0
0
0
0
0
0
9
1
0
2
8
6
0
0
0
0
0
5
0
0
24
0
0
0
0
0
0
0
0
0
0
0
0
0
0
0
0
0
0
0
0
11
6
3
10
0
0
7
0
4
0
0
0
0
0
0
0
0
0
0
0
0
0
1
6
8
3
2
18
38
126
166
237
239
255
243
1
10
0
0
0
0
0
0
0
0
0
0
0
0
11
0
0
26
88
152
208
243
242
252
255
255
255
241
0
0
0
0
0
0
0
0
0
0
0
0
0
0
0
73
185
255
255
242
245
255
255
252
210
215
109
108
9
0
0
0
0
0
0
3
0
0
4
4
6
0
53
230
255
250
243
252
223
168
133
77
19
0
1
2
0
0
0
0
0
0
7
10
5
0
0
0
0
10
230
253
254
255
255
103
13
0
4
0
0
0
1
0
0
4
0
0
0
0
0
0
2
0
2
1
0
63
240
254
247
211
255
92
12
0
0
0
4
9
3
0
0
3
0
0
0
0
4
0
11
0
2
0
0
84
223
79
139
11
79
98
0
1
8
1
0
0
0
0
0
3
0
0
0
0
3
0
10
0
4
0
0
89
243
1
7
0
0
3
2
0
0
0
0
0
4
4
1
0
0
0
0
0
0
0
1
0
6
6
7
72
249
82
11
0
0
1
0
24
6
8
10
6
0
0
0
0
0
0
0
0
4
7
4
0
2
0
0
14
211
255
94
12
7
3
5
0
0
0
0
0
0
0
1
6
0
0
0
0
0
2
0
0
2
1
4
0
36
219
255
164
23
0
3
0
0
0
0
0
6
7
0
0
0
0
0
0
0
13
1
0
0
6
0
0
0
107
210
253
255
184
62
0
0
0
7
3
0
8
0
9
0
0
0
0
0
0
1
9
13
1
0
6
0
4
0
121
247
255
243
205
114
8
0
5
0
10
0
2
0
0
0
0
17
0
0
0
0
0
0
4
7
0
0
0
102
235
246
255
250
188
130
0
0
2
12
7
0
0
0
0
0
0
0
7
5
17
17
0
0
7
6
6
11
24
77
133
238
243
236
186
38
0
0
0
0
0
0
0
6
1
8
2
0
2
22
18
0
6
6
0
0
0
0
14
43
179
253
255
201
33
6
19
0
0
0
0
3
0
0
4
0
23
90
152
122
13
2
0
5
24
0
15
5
4
20
239
248
129
13
0
0
0
0
0
0
0
0
5
0
0
9
56
202
207
172
123
102
109
95
40
48
107
139
203
255
134
10
0
0
0
0
0
0
9
1
0
7
4
0
7
0
66
218
255
254
255
239
255
249
252
255
255
254
118
0
11
0
0
0
0
0
0
0
0
0
0
0
0
0
13
22
65
159
107
231
210
184
178
158
116
65
24
3
0
0
0
0
0
0
0
0
0
0
0
0
0
0
0
0
0
19
0
17
4
0
3
5
2
0
0
0
0
0
0
0
0
0
0
0
0
0
0
0
0
8
0
6
3
0
0
0
0
0
0
0
0
5
8
9
8
0
0
0
0
0
0
0
0
0
0
0
0
0
0
0
0
0
15
0
7
5
1
0
0
0
0
0
0
0
0
0
0
