2
0
0
0
0
0
0
0
0
6
0
1
6
1
0
0
1
0
3
4
0
0
2
3
2
0
0
0
0
0
0
0
0
0
0
0
0
0
20
6
0
0
0
0
3
10
5
0
8
12
1
0
0
0
0
0
0
0
0
0
0
0
0
0
0
14
0
0
0
12
1
9
1
0
3
0
0
0
0
7
2
0
0
0
0
0
0
0
0
0
0
0
0
0
0
12
9
0
0
0
0
3
15
0
2
21
0
0
0
0
0
0
0
0
0
0
0
0
0
0
0
6
0
0
0
1
14
103
255
116
73
3
0
11
0
5
9
0
0
0
0
0
0
0
0
0
0
0
0
0
0
22
0
0
140
255
224
249
255
174
14
0
0
10
0
0
0
0
0
0
0
0
0
0
0
0
0
0
13
0
38
162
255
255
148
82
223
255
52
0
9
11
0
0
0
0
0
0
0
0
0
0
0
0
0
9
0
20
208
255
252
220
0
4
166
255
78
4
0
0
7
0
0
0
0
0
0
0
0
0
0
0
0
6
0
35
255
237
255
57
5
2
75
255
97
0
4
0
7
0
0
0
0
0
0
0
0
0
0
0
0
0
3
83
248
255
178
0
1
7
59
246
76
0
4
0
0
0
0
0
0
0
0
0
0
0
0
0
0
0
14
83
250
183
17
22
0
0
61
255
92
6
0
10
0
0
0
0
0
0
0
0
0
0
0
0
0
10
0
0
66
17
0
0
1
0
94
255
107
1
0
12
0
0
0
0
0
0
0
0
0
0
0
0
0
2
3
0
5
0
15
0
0
12
141
250
93
0
0
12
0
0
0
0
0
0
0
0
0
0
0
0
0
0
21
9
7
0
0
5
0
1
189
254
89
1
3
5
0
0
0
0
0
0
0
0
0
0
0
0
0
0
0
1
0
70
89
0
5
0
229
255
64
11
0
0
1
0
0
0
0
0
0
0
0
0
0
0
0
2
8
101
234
254
252
169
1
30
252
232
3
3
0
1
0
0
0
0
0
0
0
0
0
0
0
0
0
0
212
255
105
101
225
244
173
223
254
117
0
11
7
0
5
0
0
0
0
0
0
0
0
0
0
0
0
158
237
101
10
0
124
255
255
245
127
0
13
0
0
16
0
0
0
0
0
0
0
0
0
0
0
0
0
215
235
20
0
43
227
255
252
255
2
0
9
0
0
10
0
0
0
0
0
0
0
0
0
0
0
0
0
255
255
0
96
232
255
208
223
255
58
19
0
7
4
0
0
0
0
0
0
0
0
0
0
0
0
0
0
191
255
210
254
248
137
0
90
250
214
4
0
0
12
0
0
0
0
0
0
0
0
0
0
0
0
0
0
93
244
255
196
84
14
3
11
213
254
49
9
0
0
1
2
0
0
0
0
0
0
0
0
0
0
0
0
7
18
51
5
0
14
5
0
166
231
102
0
3
0
0
4
0
0
0
0
0
0
0
0
0
0
0
0
0
2
0
4
6
0
4
3
146
255
64
0
5
4
2
0
0
0
0
0
0
0
0
0
0
0
0
0
0
0
0
0
0
0
0
0
0
0
0
0
0
0
0
0
0
0
0
0
0
0
0
0
0
0
0
0
0
0
0
0
0
0
0
0
0
0
0
0
0
0
0
0
0
0
0
0
0
0
0
0
0
0
0
0
0
0
0
0
0
0
0
0
0
0
0
0
0
0
0
0
0
0
0
0
0
0
0
0
0
0
0
0
0
0
0
0
0
0
0
0
0
0
0
0
0
0
0
0
0
0
0
0
