5
0
0
0
0
0
0
0
0
0
2
2
0
0
1
4
0
0
0
8
4
0
0
0
10
0
0
0
0
0
0
0
0
0
0
0
0
15
2
0
0
4
2
1
3
16
20
0
0
3
5
3
0
0
0
0
0
0
0
0
0
0
0
0
0
0
0
15
5
0
5
0
2
0
7
0
0
7
0
6
0
0
0
0
0
0
0
0
0
0
0
0
0
0
28
0
0
0
0
23
0
18
0
0
12
2
0
2
4
0
0
0
0
0
0
0
0
0
0
0
0
3
0
13
60
156
245
254
244
173
18
0
9
0
5
0
0
0
0
0
0
0
0
0
0
0
0
0
0
0
62
205
243
248
255
230
255
208
19
0
5
0
14
0
1
0
0
0
0
0
0
0
0
0
0
0
0
94
227
244
255
194
101
92
1
89
0
0
4
0
8
0
6
0
0
0
0
0
0
0
0
0
0
0
0
165
240
255
94
0
6
0
0
0
0
1
0
0
4
0
1
0
0
0
0
0
0
0
0
0
0
0
0
92
251
251
118
0
9
2
2
0
2
2
0
2
7
4
0
0
0
0
0
0
0
0
0
0
0
0
0
10
222
254
140
7
6
0
3
4
0
0
0
0
0
0
8
0
0
0
0
0
0
0
0
0
0
0
0
0
203
249
152
0
9
0
1
0
6
11
9
0
0
0
3
0
0
0
0
0
0
0
0
0
0
0
0
12
197
250
155
0
12
13
0
0
2
0
0
0
13
9
0
0
0
0
0
0
0
0
0
0
0
0
0
0
202
255
183
65
106
97
92
100
50
8
1
0
0
0
10
0
0
0
0
0
0
0
0
0
0
0
0
0
208
255
231
238
255
242
255
244
255
202
88
10
3
7
0
0
0
0
0
0
0
0
0
0
0
0
0
9
174
253
255
255
252
216
231
255
243
252
253
161
25
0
17
0
0
0
0
0
0
0
0
0
0
0
0
0
112
250
249
139
44
24
15
53
87
176
255
255
145
33
0
0
0
0
0
0
0
0
0
0
0
0
0
1
4
1
3
0
0
6
0
7
0
0
128
244
246
206
0
0
0
0
0
0
0
0
0
0
0
0
0
0
12
0
0
0
0
1
0
0
0
20
0
99
255
246
45
0
0
0
0
0
0
0
0
0
0
0
0
3
22
0
11
4
1
0
5
9
0
0
11
6
199
247
48
0
0
0
0
0
0
0
0
0
0
0
0
0
0
0
16
0
7
0
0
0
4
22
0
118
247
245
34
0
0
0
0
0
0
0
0
0
0
0
0
8
0
91
84
1
18
0
3
0
0
30
135
255
237
204
0
0
0
0
0
0
0
0
0
0
0
0
0
0
51
235
223
109
94
87
104
127
200
255
255
250
214
26
2
0
0
0
0
0
0
0
0
0
0
0
0
7
87
250
255
252
250
255
255
255
249
255
200
122
0
0
23
0
0
0
0
0
0
0
0
0
0
0
0
0
19
56
91
209
248
255
199
147
156
95
5
10
4
8
0
0
0
0
0
0
0
0
0
0
0
0
0
0
0
0
0
0
0
0
0
0
0
0
0
0
0
0
0
0
0
0
0
0
0
0
0
0
0
0
0
0
0
0
0
0
0
0
0
0
0
0
0
0
0
0
0
0
0
0
0
0
0
0
0
0
0
0
0
0
0
0
0
0
0
0
0
0
0
0
0
0
0
0
0
0
0
0
0
0
0
0
0
0
0
0
0
0
0
0
0
0
0
0
0
0
0
0
0
0
0
0
0
0
0
0
0
