5
0
0
0
0
0
0
0
0
6
0
0
16
7
0
0
1
0
10
0
0
0
8
4
0
0
0
0
0
0
0
0
0
0
0
0
0
0
3
0
0
0
3
18
0
0
0
0
14
16
0
0
1
0
0
0
0
0
0
0
0
0
0
0
0
7
13
5
8
3
0
3
0
0
0
3
0
0
0
5
4
0
0
0
0
0
0
0
0
0
0
0
0
0
0
0
4
5
0
0
4
1
7
12
0
3
3
6
0
0
0
0
0
0
0
0
0
0
0
0
0
0
10
4
0
0
9
0
0
1
0
0
9
2
0
0
7
0
0
0
0
0
0
0
0
0
0
0
0
0
0
0
2
11
0
0
17
3
9
35
136
205
216
99
0
0
0
0
0
0
0
0
0
0
0
0
0
7
0
49
162
225
142
12
0
14
141
218
159
45
0
0
7
0
0
0
0
0
0
0
0
0
0
0
0
0
114
245
235
112
0
21
176
248
185
98
4
0
0
11
0
0
0
0
0
0
4
0
6
0
0
4
0
48
236
174
11
15
166
251
161
32
0
4
0
6
3
4
0
0
0
0
0
0
0
0
7
3
1
0
24
214
191
20
27
0
167
84
5
28
0
1
0
5
11
0
12
0
0
0
0
0
5
6
3
0
0
39
195
241
71
7
0
0
15
3
0
0
0
9
8
0
8
0
0
0
0
0
0
2
1
0
0
4
7
53
254
138
0
0
0
12
0
0
0
9
23
0
2
8
0
5
0
0
0
0
0
2
1
0
0
5
7
52
252
117
49
2
9
0
2
0
0
0
14
0
0
16
0
0
1
0
0
0
0
0
5
5
4
0
0
37
189
197
195
184
205
228
179
137
95
30
0
23
0
0
0
5
0
0
0
0
0
2
0
0
8
8
5
0
15
0
16
0
13
0
53
144
232
226
42
0
12
0
0
4
3
0
0
0
0
1
4
0
7
0
4
2
0
6
0
0
5
0
0
10
6
162
187
18
0
10
0
5
0
0
0
0
0
0
0
0
0
0
0
0
0
2
0
0
0
2
7
4
0
39
225
150
17
0
0
11
0
0
0
0
0
0
0
0
0
0
0
0
0
9
0
0
4
1
0
0
10
0
126
255
42
6
0
0
1
0
0
0
0
0
0
0
0
0
0
0
0
0
0
8
3
1
6
3
0
0
51
247
74
0
7
1
7
0
0
0
0
0
0
0
0
0
0
0
0
17
0
0
0
0
0
0
11
0
1
221
108
0
1
0
1
0
0
0
0
0
0
0
0
0
0
0
0
0
0
0
0
0
3
2
0
13
0
231
74
0
12
0
0
0
0
0
0
0
0
0
0
0
0
0
0
3
5
4
2
1
0
0
0
0
75
230
83
0
11
14
0
0
0
0
0
0
0
0
0
0
0
0
0
6
0
8
91
126
80
27
12
8
199
242
104
1
0
1
3
0
0
0
0
0
0
0
0
0
0
0
0
1
4
0
15
128
249
255
189
217
255
212
0
10
3
0
5
0
0
0
0
0
0
0
0
0
0
0
0
0
5
5
0
0
67
180
255
225
126
26
0
1
6
1
0
0
0
0
0
0
0
0
0
0
0
0
0
0
0
0
0
1
4
5
4
11
0
0
5
6
0
0
5
0
0
0
0
0
0
0
0
0
0
0
0
8
5
2
4
6
3
0
0
0
0
0
0
0
0
0
7
0
0
0
0
0
0
0
0
0
0
0
0
0
0
1
1
0
0
1
9
9
6
1
0
3
6
0
0
0
0
0
0
