4
0
0
0
0
0
0
0
0
0
11
0
0
3
7
0
7
0
0
8
0
11
0
0
4
0
0
0
0
0
0
0
0
0
0
0
0
0
0
1
9
0
0
0
0
2
2
0
3
5
0
14
3
0
0
0
0
0
0
0
0
0
0
0
0
5
0
0
2
0
11
15
0
3
0
0
10
0
0
6
0
0
0
0
0
0
0
0
0
0
0
0
0
11
4
2
4
0
0
0
1
0
0
17
0
0
12
0
1
0
0
0
0
0
0
0
0
0
0
0
0
0
0
0
1
3
22
0
0
8
0
0
0
15
0
0
14
0
0
0
0
0
0
0
0
0
0
0
0
12
186
248
173
0
0
0
14
0
20
0
0
17
0
18
0
0
0
0
0
0
0
0
0
0
0
0
0
0
166
255
248
11
0
0
2
1
4
152
232
196
34
0
6
0
0
0
0
0
0
0
0
0
0
0
0
5
12
108
252
63
16
0
2
1
25
245
138
30
5
0
2
0
0
0
0
0
0
0
0
0
0
0
0
0
7
95
255
179
0
2
0
9
185
246
95
5
1
2
0
0
0
0
0
0
0
0
0
0
0
0
0
5
0
135
247
183
0
0
5
8
254
255
60
0
0
0
16
0
0
0
0
0
0
0
0
0
0
0
0
0
0
195
249
195
7
0
2
20
255
255
10
4
10
11
0
0
0
0
0
0
0
0
0
0
0
0
0
1
17
236
255
179
6
0
0
119
237
236
10
2
0
2
3
0
0
0
0
0
0
0
0
0
0
0
0
9
73
247
255
130
0
1
6
165
255
255
29
0
9
0
8
0
0
0
0
0
0
0
0
0
0
0
0
0
113
253
255
85
0
3
0
188
255
254
2
15
1
0
1
0
0
0
0
0
0
0
0
0
0
0
0
0
129
255
236
38
0
5
6
228
233
255
198
188
34
0
1
0
0
0
0
0
0
0
0
0
0
0
0
8
138
251
192
0
0
14
35
247
255
236
255
83
14
0
0
0
0
0
0
0
0
0
0
0
0
0
0
7
190
250
180
60
115
193
236
243
252
255
125
5
4
0
3
0
0
0
0
0
0
0
0
0
0
0
0
14
229
255
250
237
255
254
243
255
240
135
5
2
0
10
0
0
0
0
0
0
0
0
0
0
0
0
0
42
234
252
255
246
255
255
228
245
253
86
0
14
0
5
0
0
0
0
0
0
0
0
0
0
0
0
0
5
226
255
255
224
125
32
30
252
255
65
0
6
0
1
0
0
0
0
0
0
0
0
0
0
0
0
0
10
56
90
69
5
0
3
29
251
249
96
2
0
6
0
0
0
0
0
0
0
0
0
0
0
0
0
0
0
4
22
9
6
4
0
41
253
241
170
1
0
0
0
0
0
0
0
0
0
0
0
0
0
0
0
0
11
0
1
0
0
0
11
25
255
255
206
0
1
10
5
1
0
0
0
0
0
0
0
0
0
0
0
0
0
13
0
0
16
1
0
0
149
255
255
50
7
0
0
12
0
0
0
0
0
0
0
0
0
0
0
0
0
0
0
0
0
0
0
0
10
170
239
47
4
0
6
0
0
0
0
0
0
0
0
0
0
0
0
0
0
0
0
0
0
0
0
0
0
13
20
0
13
12
0
0
0
0
0
0
0
0
0
0
0
0
0
0
0
0
0
0
0
0
0
0
0
0
0
0
0
5
0
11
0
0
0
0
0
0
0
0
0
0
0
0
0
0
0
0
0
0
0
0
1
10
1
10
0
15
0
0
0
0
0
0
