1
0
0
0
0
0
0
0
0
0
0
0
0
0
0
0
0
0
5
0
3
7
6
0
3
0
0
0
0
0
0
0
0
0
0
0
0
0
0
0
0
0
0
0
0
4
6
5
4
0
0
0
0
0
0
0
0
0
0
0
0
0
0
0
0
0
0
0
0
0
0
0
0
0
0
16
0
0
2
13
3
0
0
0
0
0
0
0
0
0
0
0
0
0
0
0
0
0
0
0
0
20
0
0
0
19
0
0
0
0
0
0
0
0
0
0
0
0
0
0
0
0
0
0
0
0
0
0
0
9
183
158
13
0
10
11
6
0
0
0
0
0
0
0
0
0
0
0
0
0
0
0
0
0
0
0
0
74
239
136
6
0
3
0
0
0
0
0
0
0
0
0
0
0
0
0
0
0
0
0
0
0
0
0
0
132
255
96
1
0
6
7
3
0
0
0
0
0
0
0
0
0
0
0
0
0
0
0
0
0
0
0
0
215
255
34
2
0
2
1
0
0
0
0
0
0
0
0
0
0
0
0
0
1
6
2
0
5
0
14
19
247
224
0
3
0
0
6
1
0
0
0
0
0
0
0
0
0
0
0
0
4
0
3
7
3
0
0
159
255
147
0
2
3
0
1
2
0
0
0
0
0
0
0
0
0
0
0
0
0
9
0
0
11
7
16
250
244
50
3
1
4
0
0
3
0
0
0
0
0
0
0
0
0
0
0
0
7
0
3
4
0
3
163
251
170
0
3
0
2
2
0
2
0
0
0
0
0
0
0
0
0
0
0
0
0
7
0
8
0
48
245
255
67
0
1
0
0
7
0
1
0
0
0
0
0
0
0
0
0
0
0
0
0
13
0
0
3
164
254
172
0
3
0
0
0
6
1
0
0
0
0
0
0
0
0
0
0
0
0
0
20
0
3
11
34
244
250
25
0
6
3
0
2
0
3
2
0
0
0
0
0
0
0
0
0
0
0
0
0
14
0
0
167
253
160
0
5
0
5
0
6
0
3
3
0
0
0
0
0
0
0
0
0
0
0
0
0
0
20
24
219
248
38
1
0
0
0
0
0
0
0
0
0
0
0
0
0
0
0
0
0
0
0
0
0
0
0
140
255
123
0
0
0
0
0
0
0
0
0
0
0
0
0
0
0
0
0
0
0
0
0
0
8
11
48
245
239
32
11
5
0
0
0
0
0
0
0
0
0
0
0
0
0
0
0
0
0
0
0
0
0
0
134
255
91
0
14
0
0
0
0
0
0
0
0
0
0
0
0
0
0
0
0
0
0
0
0
0
6
28
223
255
22
5
4
0
0
0
0
0
0
0
0
0
0
0
0
0
0
0
0
0
0
0
0
0
0
118
247
178
0
2
0
0
0
0
0
0
0
0
0
0
0
0
0
0
0
0
0
0
0
0
0
0
3
183
255
94
0
10
10
5
0
0
0
0
0
0
0
0
0
0
0
0
0
0
0
0
0
0
0
0
0
143
233
48
1
0
0
0
0
0
0
0
0
0
0
0
0
0
0
0
0
0
0
0
0
0
0
0
0
0
0
0
0
0
0
0
0
0
0
0
0
0
0
0
0
0
0
0
0
0
0
0
0
0
0
0
0
0
0
0
0
0
0
0
0
0
0
0
0
0
0
0
0
0
0
0
0
0
0
0
0
0
0
0
0
0
0
0
0
0
0
0
0
0
0
0
0
0
0
0
0
0
0
0
0
0
0
0
0
0
0
0
0
0
0
0
0
0
0
0
0
0
0
0
0
0
0
0
0
0
0
0
