1
0
0
0
0
0
0
0
0
0
3
12
4
0
0
6
0
4
0
0
7
0
0
12
0
0
0
0
0
0
0
0
0
0
0
0
0
5
0
0
0
0
3
6
0
2
0
0
0
5
0
3
7
0
0
0
0
0
0
0
0
0
0
0
0
2
0
0
5
6
0
0
0
0
2
5
0
12
0
0
4
0
0
0
0
0
0
0
0
0
0
0
0
0
2
2
2
2
0
0
4
2
0
0
0
1
27
3
0
0
0
0
0
0
0
0
0
0
0
0
0
1
8
0
0
0
1
0
6
217
254
251
173
0
0
0
4
0
0
0
0
0
0
0
0
0
0
0
0
0
5
0
0
9
1
0
0
214
249
255
178
0
13
6
2
0
0
0
0
0
0
0
0
0
0
0
0
0
2
0
5
12
0
13
73
222
249
255
154
0
3
0
0
0
0
0
0
0
0
0
0
0
0
0
0
1
5
0
0
0
0
79
213
255
244
220
90
0
2
0
3
0
0
0
0
0
0
0
0
0
0
0
0
0
0
0
15
0
77
215
253
245
255
198
0
5
2
0
1
0
0
0
0
0
0
0
0
0
0
0
0
6
11
0
2
0
109
255
251
255
245
207
0
1
2
4
0
0
0
0
0
0
0
0
0
0
0
0
0
0
0
0
7
0
99
255
245
248
255
174
14
0
0
8
16
0
0
0
0
0
0
0
0
0
0
0
0
0
0
0
5
28
139
253
253
255
224
20
0
3
8
0
0
0
0
0
0
0
0
0
0
0
0
0
0
0
12
0
0
76
233
255
251
255
156
1
15
0
5
0
22
0
0
0
0
0
0
0
0
0
0
0
0
0
6
9
95
164
255
248
249
243
23
0
0
0
8
0
0
0
0
0
0
0
0
0
0
0
0
0
0
1
2
28
236
247
255
240
255
136
0
27
6
0
0
7
7
0
0
0
0
0
0
0
0
0
0
0
0
0
0
3
255
252
252
255
246
38
12
0
0
16
2
6
0
0
0
0
0
0
0
0
0
0
0
0
0
10
0
210
249
247
255
238
255
29
12
0
0
3
2
0
0
0
0
0
0
0
0
0
0
0
0
0
0
0
18
224
252
255
241
255
71
11
1
0
0
3
2
0
0
0
0
0
0
0
0
0
0
0
0
0
0
38
221
255
254
250
255
213
64
0
0
0
0
3
1
0
0
0
0
0
0
0
0
0
0
0
0
0
0
166
243
245
255
255
190
77
6
0
0
2
4
2
0
0
0
0
0
0
0
0
0
0
0
0
0
0
0
172
255
254
247
255
141
0
0
2
4
5
2
0
0
0
1
0
0
0
0
0
0
0
0
0
0
0
0
140
254
255
255
186
66
11
5
0
1
1
0
0
0
3
2
0
0
0
0
0
0
0
0
0
0
0
0
184
255
245
238
192
2
0
1
0
0
0
0
0
3
4
0
0
0
0
0
0
0
0
0
0
0
0
0
164
241
245
241
0
2
18
0
0
2
2
0
1
6
3
0
0
0
0
0
0
0
0
0
0
0
0
0
0
0
0
0
0
0
0
0
0
0
0
0
0
0
0
0
0
0
0
0
0
0
0
0
0
0
0
0
0
0
0
0
0
0
0
0
0
0
0
0
0
0
0
0
0
0
0
0
0
0
0
0
0
0
0
0
0
0
0
0
0
0
0
0
0
0
0
0
0
0
0
0
0
0
0
0
0
0
0
0
0
0
0
0
0
0
0
0
0
0
0
0
0
0
0
0
0
0
0
0
0
0
0
0
