6
0
3
7
7
0
1
0
8
0
6
1
0
0
0
1
5
0
13
0
0
14
0
22
0
0
0
0
0
4
0
0
0
4
0
5
0
6
5
0
2
4
0
0
0
0
0
6
6
0
0
1
0
0
0
0
0
4
0
2
3
6
0
2
6
7
0
0
3
0
2
3
0
10
0
126
0
3
14
0
5
0
0
0
0
0
0
0
10
0
34
0
2
0
0
5
1
0
3
6
2
2
97
229
0
1
3
3
0
0
0
0
0
2
3
0
7
0
155
25
0
0
0
12
1
0
8
0
0
35
235
222
15
0
0
17
0
0
0
0
0
0
19
0
2
8
205
64
0
5
0
7
0
1
5
0
12
169
255
209
1
0
4
0
3
0
0
0
0
0
2
1
0
0
97
34
0
4
0
3
0
1
0
13
119
255
240
150
0
9
13
0
7
0
0
0
0
9
0
2
0
10
0
0
3
1
0
10
2
0
0
59
246
243
222
21
7
0
0
11
0
0
0
0
0
0
0
0
0
0
0
0
0
0
9
2
0
0
18
213
255
250
38
7
0
0
1
0
0
0
0
0
0
0
0
0
0
0
0
0
0
0
0
0
6
0
146
241
250
108
4
0
5
0
1
8
1
0
0
0
0
0
0
0
0
0
0
0
0
7
9
0
2
3
213
251
193
14
0
0
5
0
0
5
2
0
0
0
0
0
0
0
0
0
0
0
0
0
8
0
0
94
232
246
96
0
4
13
0
10
0
0
0
0
0
0
0
0
0
0
0
0
0
0
0
0
0
0
8
212
253
180
0
0
27
72
0
6
6
0
12
0
0
0
0
0
0
0
0
0
0
0
0
7
0
11
58
243
255
121
24
173
221
235
20
6
0
0
2
0
0
0
0
0
0
0
0
0
0
0
0
0
0
0
112
237
250
173
179
241
255
207
0
0
0
1
8
0
0
0
0
0
0
0
0
0
0
0
0
2
14
0
161
255
247
245
255
255
228
122
0
9
5
0
0
0
0
0
0
0
0
0
0
0
0
0
0
4
2
0
243
254
255
249
252
174
10
8
5
8
0
0
0
0
0
0
0
0
0
0
0
0
0
0
0
0
7
0
240
240
255
254
255
246
7
0
0
1
0
6
9
0
0
0
0
0
0
0
0
0
0
0
0
2
13
11
255
251
240
161
139
89
14
81
14
4
0
2
0
0
0
0
0
0
0
0
0
0
0
0
0
0
0
22
241
255
255
220
238
221
239
223
0
0
19
0
0
0
0
0
0
0
0
0
0
0
0
0
0
6
0
12
167
250
255
252
243
255
255
219
8
0
0
0
17
0
0
0
0
0
0
0
0
0
0
0
0
13
0
0
53
165
241
255
250
203
114
70
0
5
13
0
0
0
0
0
0
0
0
0
0
0
0
0
0
0
2
17
0
0
3
0
1
10
0
4
0
0
0
5
2
0
0
0
0
0
0
0
0
0
0
0
0
11
0
0
0
0
6
0
6
0
12
0
0
4
0
0
3
0
0
0
0
0
0
0
0
0
0
0
0
0
0
0
0
0
0
0
0
0
0
0
0
0
0
0
0
0
0
0
0
0
0
0
0
0
0
0
0
0
0
0
0
0
0
0
0
0
0
0
0
0
0
0
0
0
0
0
0
0
0
0
0
0
0
0
0
0
0
0
0
0
0
0
0
0
0
0
0
0
0
0
0
0
0
0
0
0
0
0
0
0
0
0
0
0
0
0
0
0
0
0
0
0
0
0
0
0
0
0
0
0
0
0
0
