6
0
0
0
0
0
0
0
0
6
0
0
0
0
10
3
0
13
0
3
0
13
0
0
1
0
0
0
0
0
0
0
0
0
0
0
0
0
21
0
5
2
0
0
9
151
147
0
0
0
0
1
3
0
0
0
0
0
0
0
0
0
0
0
0
0
8
0
9
0
17
7
39
250
182
0
7
0
5
1
0
0
0
0
0
0
0
0
0
0
0
0
0
14
0
0
1
0
0
1
116
243
63
2
3
0
4
0
0
0
0
0
0
0
0
0
0
0
0
0
0
4
5
0
1
13
0
85
240
161
0
10
0
0
0
0
8
0
0
0
0
0
0
0
0
0
0
0
0
0
6
0
0
0
45
238
196
45
0
3
0
5
2
0
3
0
0
0
0
0
0
0
0
0
0
0
0
2
1
0
0
8
124
226
24
0
5
0
1
7
1
2
0
0
0
0
0
0
0
0
0
0
0
0
0
0
0
0
13
118
201
121
0
9
0
10
2
0
0
18
0
0
0
0
0
0
8
0
0
1
1
4
2
5
0
9
0
201
50
0
1
2
0
3
0
0
10
10
0
0
0
0
0
0
1
0
3
3
0
0
0
0
0
0
7
175
0
2
7
11
0
2
6
8
0
0
17
0
0
0
0
1
0
1
6
0
0
0
0
1
8
34
212
62
21
7
0
0
0
0
0
1
14
0
0
0
0
0
0
4
0
4
0
0
3
3
0
0
66
213
225
15
0
11
8
28
71
117
78
12
0
0
3
0
0
0
0
1
0
8
0
0
5
0
0
47
234
234
53
0
5
52
178
241
243
255
247
178
69
0
9
0
0
0
0
0
0
10
0
0
2
0
32
197
215
61
0
13
181
252
255
246
199
153
187
255
224
66
0
0
0
0
0
0
0
5
0
4
0
7
109
204
88
0
0
227
241
230
155
10
0
0
8
135
253
171
8
0
0
0
0
9
0
0
0
7
0
26
184
140
0
13
194
249
211
57
0
4
0
20
0
27
231
247
24
0
0
0
0
0
0
0
0
16
0
48
254
60
1
46
254
199
17
0
0
0
0
11
0
7
187
255
66
0
0
0
0
6
0
0
9
0
7
132
192
0
2
149
187
0
15
0
3
16
0
0
35
134
255
208
5
0
0
0
0
1
7
0
6
0
9
139
249
142
78
255
98
6
5
35
5
56
120
215
244
255
234
104
7
0
0
0
0
0
6
5
0
13
2
56
240
250
239
255
243
214
255
241
255
238
255
255
202
135
56
0
0
0
0
0
0
2
0
9
0
0
0
6
54
112
187
206
201
242
197
194
183
148
109
35
7
4
0
6
7
0
0
0
0
7
0
0
9
0
0
13
0
0
22
0
0
0
0
11
8
0
0
0
2
2
0
11
0
0
0
0
0
2
9
0
7
8
0
11
6
1
0
0
13
1
19
0
0
7
7
4
2
0
0
8
2
0
0
0
0
0
0
9
0
0
9
0
0
0
11
4
0
0
0
3
10
0
0
9
0
0
8
0
2
0
0
0
0
0
0
0
0
0
0
0
0
0
0
0
0
0
0
0
0
0
0
0
0
0
0
0
0
0
0
0
0
0
0
0
0
0
0
0
0
0
0
0
0
0
0
0
0
0
0
0
0
0
0
0
0
0
0
0
0
0
0
0
0
0
0
0
0
0
0
0
0
0
0
0
0
0
0
0
0
0
0
0
0
0
0
0
0
0
0
0
0
0
0
0
0
0
0
0
0
0
0
0
0
0
0
0
0
0
0
0
0
0
0
0
0
