4
0
0
0
0
0
0
0
0
0
0
11
2
0
10
5
0
0
3
0
0
0
0
0
8
0
0
0
0
0
0
0
0
0
0
0
0
2
2
0
8
0
0
1
4
0
2
6
5
0
4
0
0
0
0
0
0
0
0
0
0
0
0
0
0
0
0
0
0
5
18
20
0
7
2
0
0
0
7
0
6
0
0
0
0
0
0
0
0
0
0
0
0
11
0
13
1
0
0
0
8
3
0
0
19
9
7
0
1
0
0
0
0
0
0
0
0
0
0
0
0
1
0
14
0
0
18
4
0
0
16
0
0
0
0
0
2
0
0
0
0
0
0
0
0
0
0
0
0
3
4
0
3
0
0
11
4
7
209
255
230
123
0
0
5
0
0
0
0
0
0
0
0
0
0
0
0
1
10
147
231
180
58
0
12
0
216
250
248
195
13
11
0
0
0
0
0
0
0
0
0
0
0
0
0
0
8
221
249
249
230
19
0
0
215
242
255
218
0
7
9
0
0
0
0
0
5
0
0
1
0
1
7
9
163
246
255
242
198
21
0
0
224
250
254
201
0
1
2
0
0
0
0
0
7
1
0
9
4
0
0
0
206
255
255
253
127
0
9
6
197
243
255
225
3
5
0
0
0
0
0
0
9
2
0
5
5
0
9
118
250
239
245
243
85
0
4
75
241
255
255
193
1
0
0
0
0
0
0
0
5
1
0
0
0
0
45
221
255
252
255
150
6
1
4
84
252
250
255
111
2
0
6
0
0
0
0
0
0
2
4
6
0
8
110
255
236
241
255
100
2
0
0
119
246
242
254
81
1
0
1
0
0
0
0
6
0
0
0
6
0
58
218
250
255
255
254
102
30
14
67
228
255
254
251
95
0
0
0
0
0
0
0
9
0
0
0
1
8
83
255
247
255
244
255
246
250
238
255
255
250
243
240
84
0
8
7
0
0
0
0
0
0
13
1
3
0
55
227
250
255
252
250
255
255
255
247
249
255
253
255
70
8
1
0
0
0
0
0
0
0
2
5
0
0
14
39
227
255
240
255
253
251
255
252
252
253
255
189
10
5
0
4
0
0
0
0
3
0
0
2
0
0
3
17
21
90
39
23
19
35
183
238
255
249
207
62
0
0
12
0
0
0
0
0
6
0
0
1
3
0
0
0
8
0
7
0
0
0
122
255
252
255
185
0
0
0
9
0
0
0
0
0
4
0
0
2
5
2
0
0
0
14
0
0
9
2
210
252
252
255
186
11
3
0
0
3
0
0
0
0
1
0
0
1
2
1
2
5
0
18
0
3
0
1
255
253
255
239
183
4
0
10
0
4
0
0
0
0
0
1
1
0
0
0
0
3
5
0
1
13
0
6
239
249
255
243
199
5
0
3
6
0
0
0
0
0
0
0
1
0
0
0
0
0
0
22
0
0
0
12
255
253
247
255
157
13
2
0
4
0
0
0
0
0
0
0
0
0
3
4
2
0
6
0
2
8
3
0
158
255
253
255
53
0
0
7
0
5
0
0
0
0
0
0
0
0
0
0
0
0
0
0
4
0
4
0
18
154
245
140
31
0
0
3
2
1
0
0
0
0
0
0
0
0
0
0
0
0
2
4
0
0
12
11
0
25
11
0
0
5
7
0
0
4
0
0
0
0
0
0
0
0
0
0
0
0
0
5
4
0
1
10
0
0
0
0
0
0
0
0
0
6
0
0
0
0
0
0
0
0
0
0
0
0
0
0
2
4
0
0
2
13
11
7
0
0
0
4
0
0
0
0
0
0
