9
0
0
0
0
0
0
0
0
8
0
0
0
6
1
0
0
8
0
0
5
10
3
0
0
0
0
0
0
0
0
0
0
0
0
0
0
0
0
4
4
0
0
0
0
0
0
0
0
0
0
4
13
0
0
0
0
0
0
0
0
0
0
0
0
0
1
5
0
0
2
6
6
4
9
10
5
0
0
0
0
0
0
0
0
0
0
0
0
0
0
0
0
8
2
0
0
0
0
0
0
0
0
0
0
1
6
2
0
0
0
0
0
0
0
0
0
0
0
0
0
3
0
0
5
8
4
4
11
4
4
0
0
0
4
5
4
0
0
0
0
0
0
0
0
0
0
0
0
0
0
4
6
0
0
0
0
0
0
6
9
3
0
0
2
0
0
0
0
0
0
0
0
0
0
0
0
3
9
3
0
0
13
14
1
6
0
0
0
1
0
0
2
0
0
0
0
0
0
0
0
0
0
0
0
0
3
0
2
62
141
164
140
124
63
8
0
3
0
0
2
0
0
0
0
0
0
0
0
0
0
0
0
10
0
15
160
243
255
253
247
252
231
128
14
12
0
15
0
0
0
0
0
0
0
0
0
0
0
0
0
0
8
156
237
255
255
236
255
255
254
239
234
52
0
0
8
0
0
0
0
0
0
0
0
0
0
0
0
7
163
255
235
203
104
79
103
201
250
255
241
193
13
0
13
0
0
0
0
0
0
0
0
0
0
0
0
60
244
236
179
14
0
0
0
20
181
249
255
229
36
0
0
0
0
0
0
0
0
0
0
0
0
0
0
126
254
232
3
16
4
4
3
0
185
251
255
224
20
9
0
0
0
0
0
0
0
0
0
0
0
0
0
179
255
250
230
141
73
97
200
164
250
255
240
189
3
0
7
0
0
0
0
0
0
0
0
0
0
0
0
66
254
236
242
255
250
255
241
254
253
255
232
49
7
0
0
0
0
0
0
0
0
0
0
0
0
0
0
32
203
255
246
252
246
252
255
255
249
234
46
0
10
0
15
0
0
0
0
0
0
0
0
0
0
0
0
2
41
124
142
124
129
133
194
248
242
50
9
0
1
8
0
0
0
0
0
0
0
0
0
0
0
0
0
0
3
0
2
0
17
107
255
255
145
0
0
0
3
2
5
0
0
0
0
0
0
0
0
0
0
0
0
8
9
0
4
6
11
242
241
255
80
2
7
5
3
0
2
0
0
0
0
0
0
0
0
0
0
0
0
0
5
3
0
5
180
245
255
127
11
3
0
0
0
0
3
0
0
0
0
0
0
0
0
0
0
0
0
11
0
2
0
66
255
247
213
9
0
1
0
4
0
2
6
0
0
0
0
0
0
0
0
0
0
0
0
6
0
0
35
181
238
233
31
0
8
6
0
18
0
0
3
0
0
0
0
0
0
0
0
0
0
0
0
0
7
4
91
242
255
91
10
0
0
0
0
7
0
0
6
0
0
0
0
0
0
0
0
0
0
0
0
5
0
29
187
255
131
4
0
4
0
12
0
0
6
0
1
0
0
0
0
0
0
0
0
0
0
0
0
2
2
185
243
255
20
0
2
0
0
0
0
0
0
0
0
0
0
0
0
0
0
0
0
0
0
0
0
0
7
174
255
247
34
0
5
0
0
0
0
0
0
0
0
0
0
0
0
0
0
0
0
0
0
0
0
5
0
192
255
101
0
26
0
0
0
0
0
0
0
0
0
0
0
0
0
0
0
0
0
0
0
0
0
0
12
0
0
16
0
0
1
0
0
0
0
0
0
0
0
0
0
0
0
