4
0
0
0
0
0
0
0
0
0
0
2
13
0
0
1
0
2
0
0
0
0
0
0
2
0
0
0
0
0
0
0
0
0
0
0
0
8
4
0
0
0
0
0
3
3
0
0
11
0
12
4
0
0
0
0
0
0
0
0
0
0
0
0
0
0
9
0
0
5
3
0
0
0
0
0
9
0
0
1
2
0
0
0
0
0
0
0
0
0
0
0
0
0
5
8
3
1
1
2
4
0
19
1
0
7
6
2
0
0
0
0
0
0
0
0
0
0
0
0
0
8
0
2
2
0
0
13
0
0
126
127
14
5
0
0
22
0
0
0
0
0
0
0
0
0
0
0
0
4
0
0
3
0
0
1
0
139
243
159
0
10
3
6
0
0
0
0
0
0
0
0
0
0
0
0
0
0
11
5
2
9
0
0
35
239
253
106
0
0
0
1
0
0
0
0
0
0
0
0
0
0
0
0
0
11
55
27
0
5
0
12
125
249
171
4
0
0
3
0
5
0
0
0
0
0
0
0
0
0
0
0
0
31
255
113
17
0
0
6
162
255
115
10
12
0
5
0
0
0
0
0
0
0
0
0
0
0
0
0
0
54
241
213
6
4
3
3
171
255
128
1
0
7
0
12
0
0
0
0
0
0
0
0
0
0
0
0
0
12
255
251
132
5
0
0
163
249
14
0
3
4
0
0
3
0
0
0
0
0
0
0
0
0
0
0
0
42
197
255
159
0
5
55
241
246
0
0
8
0
1
0
3
0
0
0
0
0
0
0
0
0
0
0
0
2
136
255
224
18
4
112
249
250
120
2
0
4
0
12
0
0
0
0
0
0
0
0
0
0
0
0
0
0
124
250
255
87
61
206
250
251
100
6
0
0
0
7
0
0
0
0
0
0
0
0
0
0
0
0
0
2
16
248
250
255
242
255
243
249
0
1
7
0
2
0
0
0
0
0
0
0
0
0
0
0
0
0
0
0
14
171
250
255
255
245
255
251
6
0
0
15
0
8
1
0
0
0
0
0
0
0
0
0
0
0
0
7
0
67
247
237
244
255
255
239
0
8
0
8
0
0
0
0
0
0
0
0
0
0
0
0
0
0
0
0
0
0
0
0
51
208
249
255
0
9
8
0
6
0
7
0
0
0
0
0
0
0
0
0
0
0
0
0
7
18
0
2
2
190
255
243
0
0
0
2
0
9
0
0
0
0
0
0
0
0
0
0
0
0
0
5
0
0
3
0
0
178
255
250
4
4
0
8
0
10
0
0
0
0
0
0
0
0
0
0
0
0
0
0
0
8
11
1
16
191
236
255
13
2
17
0
0
0
6
0
0
0
0
0
0
0
0
0
0
0
0
12
0
12
0
0
3
185
255
240
168
0
7
0
0
2
5
0
0
0
0
0
0
0
0
0
0
0
0
4
0
5
6
9
0
109
252
255
246
9
2
16
0
3
0
0
0
0
0
0
0
0
0
0
0
0
0
0
9
0
12
0
0
24
205
251
62
6
0
0
0
2
6
0
0
0
0
0
0
0
0
0
0
0
0
0
0
0
0
0
0
0
0
0
0
0
0
0
0
0
0
0
0
0
0
0
0
0
0
0
0
0
0
0
0
0
0
0
0
0
0
0
0
0
0
0
0
0
0
0
0
0
0
0
0
0
0
0
0
0
0
0
0
0
0
0
0
0
0
0
0
0
0
0
0
0
0
0
0
0
0
0
0
0
0
0
0
0
0
0
0
0
0
0
0
0
0
0
0
0
0
0
0
0
0
0
0
0
0
