7
0
0
0
0
0
0
0
0
0
0
0
0
1
0
0
0
0
3
4
0
0
0
0
6
0
0
0
0
0
0
0
0
0
0
0
0
0
0
0
0
0
1
1
1
7
0
0
5
15
7
0
0
0
0
0
0
0
0
0
0
0
0
0
0
0
0
0
0
0
0
2
4
0
0
3
4
0
0
0
1
0
0
0
0
0
0
0
0
0
0
0
0
0
0
0
0
0
0
0
1
0
2
0
0
0
11
11
0
0
0
0
0
0
0
0
0
0
0
0
0
0
0
2
2
0
0
0
0
0
1
2
1
0
0
0
0
0
0
0
0
0
0
0
0
0
0
0
0
0
0
3
2
0
0
0
0
9
0
0
3
6
0
1
14
0
0
0
0
0
0
0
0
0
0
0
0
0
1
2
0
0
0
4
9
0
3
3
0
0
0
0
0
0
0
0
0
0
0
0
0
0
0
0
0
0
2
1
0
0
0
10
19
75
189
247
165
46
0
0
8
0
0
0
0
0
0
6
0
0
0
0
52
2
3
57
74
105
158
196
255
255
238
255
255
221
0
4
0
0
0
0
0
1
5
3
0
0
2
0
9
4
8
93
178
252
254
252
255
255
255
235
245
227
15
9
0
0
0
0
0
2
3
0
0
3
0
1
0
0
237
255
252
245
255
255
250
191
89
13
252
253
0
10
0
0
0
0
0
0
0
0
8
8
0
3
4
107
255
236
251
255
161
99
0
4
0
31
246
255
0
0
8
0
0
0
0
0
0
0
2
6
0
0
0
225
248
255
255
93
0
2
8
0
14
227
255
131
0
8
0
0
0
0
0
0
5
4
0
1
7
0
5
255
248
253
98
0
18
0
0
2
165
255
250
42
1
0
8
0
0
0
0
2
0
8
0
2
4
0
88
255
255
205
0
15
0
1
18
50
248
255
204
0
7
11
0
0
0
0
0
7
0
6
0
8
0
9
195
255
255
25
6
4
9
0
32
255
255
244
0
3
2
0
6
0
0
0
0
0
6
0
8
0
0
0
255
255
165
9
0
5
0
1
230
239
255
81
12
3
0
7
3
0
0
0
0
5
1
0
5
0
8
16
188
198
4
0
0
15
0
90
242
255
176
17
0
6
6
1
0
0
0
0
0
0
0
3
16
0
0
0
19
2
5
18
7
0
0
255
255
197
50
0
0
5
5
0
0
0
0
0
0
2
3
0
0
0
0
2
0
2
0
0
0
10
217
247
255
45
0
14
4
0
0
0
2
0
0
0
0
0
7
0
0
9
5
14
5
0
18
0
6
156
243
244
177
0
0
15
0
0
1
6
0
0
0
0
0
0
7
0
0
8
0
0
0
0
4
8
21
255
255
215
10
0
7
0
0
6
1
3
0
0
0
0
0
10
2
0
0
0
2
5
17
1
0
2
171
255
250
68
0
0
0
0
7
0
0
0
2
0
0
0
0
4
0
3
16
0
12
0
0
0
6
64
245
249
185
0
13
11
0
1
10
0
10
0
0
0
0
0
0
0
0
0
0
0
0
0
0
0
8
225
254
207
4
0
3
0
0
0
0
0
0
0
0
0
0
0
0
0
0
0
0
0
0
0
0
0
80
253
250
151
0
0
3
0
0
0
0
0
0
0
0
0
0
0
0
0
0
0
0
0
0
0
0
9
251
255
234
0
23
0
0
0
0
0
0
0
0
0
0
0
0
0
0
0
0
0
0
0
0
0
0
0
1
0
7
13
0
0
1
0
0
0
0
0
0
0
0
0
0
0
0
