7
0
0
0
0
0
0
0
0
1
4
3
0
1
7
5
0
0
10
7
0
0
3
0
0
0
0
0
0
0
0
0
0
0
0
0
0
0
0
0
0
0
0
0
0
2
0
0
0
0
3
6
8
0
0
0
0
0
0
0
0
0
0
0
0
0
0
0
2
3
3
5
10
6
0
0
8
3
0
0
0
0
0
0
0
0
0
0
0
0
0
0
0
9
3
0
0
0
0
0
1
4
0
0
0
0
0
8
3
0
0
0
0
0
0
0
0
0
0
0
0
1
0
0
3
2
0
1
5
0
4
12
7
0
3
3
0
0
0
0
0
0
0
0
0
0
0
0
0
0
0
1
2
4
5
0
0
0
4
0
0
0
0
0
8
0
0
0
0
0
0
0
0
0
0
0
0
5
7
0
0
0
5
4
0
1
6
0
0
22
1
0
4
0
0
0
0
0
0
0
0
0
0
0
0
0
1
0
0
21
67
91
89
137
173
205
254
255
148
19
0
0
0
0
0
9
1
0
10
54
141
171
168
167
198
249
250
247
255
251
255
255
255
255
255
246
221
4
0
0
0
0
0
0
0
13
0
250
246
255
254
253
251
255
255
255
245
188
153
166
115
82
245
255
96
10
7
0
0
0
0
0
14
0
4
75
86
70
86
104
74
42
3
0
7
1
0
7
0
154
253
249
0
0
6
0
0
0
0
11
0
0
10
0
3
16
7
0
0
9
3
0
0
0
0
0
38
255
235
148
0
1
0
0
0
0
0
6
0
6
0
21
0
0
0
2
3
0
0
2
5
8
3
9
169
246
255
38
6
9
1
0
0
0
0
0
11
2
0
10
0
0
20
1
3
0
0
1
0
0
0
33
241
255
237
0
0
0
1
0
0
0
0
11
0
0
0
3
0
8
0
0
8
0
2
0
0
12
14
143
252
255
84
0
6
7
0
0
0
0
0
0
3
0
9
0
8
0
0
0
4
0
5
5
0
2
0
199
253
220
4
0
1
7
0
0
0
0
0
0
0
0
0
0
0
0
0
0
1
3
0
0
0
2
148
255
255
68
11
4
0
4
0
0
0
0
0
0
0
0
0
0
0
0
0
2
0
0
0
10
2
30
244
255
154
21
0
0
0
6
1
0
0
0
0
0
0
0
0
0
0
0
0
3
0
9
0
0
5
140
255
251
61
0
0
0
2
2
0
0
0
0
0
0
0
0
0
0
0
0
0
1
0
6
1
0
41
245
239
196
17
0
3
4
0
0
0
0
0
0
0
0
0
0
0
0
0
0
0
1
11
0
3
24
127
255
255
81
1
0
0
6
0
3
0
0
0
0
0
0
0
0
0
0
0
0
0
2
2
0
1
0
214
254
220
0
4
3
0
2
0
2
2
0
0
0
0
0
0
0
0
0
0
0
0
1
0
8
1
34
250
255
111
0
8
4
0
0
2
0
2
0
0
0
0
0
0
0
0
0
0
0
0
0
4
0
4
169
249
255
57
8
0
0
0
0
13
0
4
0
0
0
0
0
0
0
0
0
0
0
0
1
0
0
4
215
255
204
0
0
0
0
0
0
0
0
0
0
0
0
0
0
0
0
0
0
0
0
0
0
9
16
78
255
238
84
0
0
0
0
0
0
0
0
0
0
0
0
0
0
0
0
0
0
0
0
0
6
3
0
35
222
232
59
16
0
0
0
0
0
0
0
0
0
0
0
0
0
0
0
0
0
0
0
0
0
16
10
0
0
15
0
0
0
0
0
0
0
0
0
0
0
0
0
0
