6
0
0
0
0
0
0
0
0
0
8
3
0
14
4
0
0
0
0
0
0
0
0
0
0
0
0
0
0
0
0
0
0
0
0
0
0
0
0
6
1
0
0
0
6
0
0
0
0
0
0
0
0
0
0
0
0
0
0
0
0
0
0
0
0
17
0
12
5
14
2
3
0
0
0
0
0
0
0
0
0
0
0
0
0
0
0
0
0
0
0
0
0
0
11
0
57
203
155
0
2
0
0
0
0
0
0
0
0
0
0
0
0
0
0
0
0
0
0
0
0
0
12
79
200
254
141
0
9
0
0
0
0
0
0
0
0
0
0
0
0
0
0
0
0
0
0
0
0
4
6
218
255
223
0
4
0
0
0
0
0
0
0
0
0
0
0
0
0
0
0
0
0
0
0
0
0
0
104
255
243
212
0
0
0
0
0
0
0
0
0
0
0
0
0
0
0
0
0
0
0
0
0
0
0
37
210
252
255
10
0
10
0
0
0
0
0
0
0
0
0
0
0
0
0
0
0
0
0
0
0
0
0
80
255
255
134
3
4
0
3
1
0
15
1
0
7
6
0
0
0
0
0
0
0
0
0
0
0
0
0
71
254
255
127
0
3
0
4
11
0
0
0
7
0
5
0
0
0
0
0
0
0
0
0
0
0
0
0
129
255
252
128
5
8
0
0
0
36
21
15
0
11
0
4
0
0
0
0
0
0
0
0
0
0
0
0
196
255
244
134
8
0
0
31
93
200
238
193
14
0
5
2
0
0
0
0
0
0
0
0
0
0
0
0
195
252
255
129
0
1
83
176
251
255
255
242
200
21
0
4
0
0
0
0
0
0
0
0
0
0
0
0
182
251
255
117
15
109
223
255
251
255
228
244
255
74
0
0
0
0
0
0
0
0
0
0
0
0
0
0
194
250
255
120
87
229
255
205
156
34
28
255
247
66
6
4
0
0
0
0
0
0
0
0
0
0
0
0
200
242
254
135
134
255
219
54
2
12
9
193
255
73
0
7
0
0
0
0
0
0
0
0
0
0
0
0
74
255
255
175
144
255
196
6
0
0
171
200
255
56
0
6
0
0
0
0
0
0
0
0
0
0
0
0
27
212
255
238
255
250
244
132
7
0
133
255
252
77
11
0
0
0
0
0
0
0
0
0
0
0
0
0
18
51
255
255
237
241
222
134
0
0
151
235
255
62
0
6
0
0
0
0
0
0
0
0
0
0
0
0
0
0
186
255
252
253
87
0
0
8
255
255
249
60
0
0
0
0
0
0
0
0
0
0
0
0
0
0
0
19
25
205
255
248
244
160
93
77
250
221
41
6
0
3
0
0
0
0
0
0
0
0
0
0
0
0
14
0
0
20
162
255
244
255
252
254
255
210
0
0
13
0
0
0
0
0
0
0
0
0
0
0
0
0
0
7
16
4
0
76
237
238
255
255
186
92
3
0
0
0
0
0
0
0
0
0
0
0
0
0
0
0
0
0
2
2
0
1
0
3
1
0
10
0
0
13
0
4
0
0
0
0
0
0
0
0
0
0
0
0
0
0
0
0
0
0
0
0
0
0
0
0
0
0
0
0
0
0
0
0
0
0
0
0
0
0
0
0
0
0
0
0
0
0
0
0
0
0
0
0
0
0
0
0
0
0
0
0
0
0
0
0
0
0
0
0
0
0
0
0
0
0
0
0
0
0
0
0
0
0
0
0
0
0
0
0
0
0
0
0
0
0
0
0
0
0
0
0
0
0
0
0
0
0
0
0
0
0
0
0
0
0
0
0
