1
0
0
0
0
0
0
0
0
0
9
0
0
7
0
0
8
0
3
0
13
0
0
0
1
0
0
0
0
0
0
0
0
0
0
0
0
0
5
0
0
4
0
0
1
11
0
0
2
0
0
0
10
0
0
0
0
0
0
0
0
0
0
0
0
0
1
1
0
0
1
0
0
0
0
17
4
0
2
4
0
0
0
0
0
0
0
0
0
0
0
0
0
2
0
4
0
0
2
0
2
5
0
0
0
0
3
4
0
0
0
0
0
0
0
0
0
0
0
0
0
2
0
5
0
0
2
0
25
161
91
7
0
7
0
0
3
0
0
0
0
0
0
0
0
0
0
0
0
1
0
6
0
1
1
0
62
255
237
79
17
0
0
1
0
0
0
0
0
0
0
0
0
0
0
0
0
0
0
6
0
5
0
1
100
232
255
60
3
0
0
10
0
0
0
0
0
0
0
0
0
0
0
0
0
0
1
6
0
8
0
1
124
253
233
0
0
13
0
0
0
0
0
0
0
0
0
0
0
0
0
0
0
0
10
0
0
3
0
11
193
255
220
0
5
8
6
0
1
0
0
0
0
0
0
0
0
0
0
0
0
6
0
0
7
6
1
15
202
248
166
0
0
0
0
0
0
0
0
0
0
0
0
0
0
0
0
0
0
0
0
0
5
0
6
65
252
252
95
9
0
0
1
10
5
0
0
0
0
0
0
0
0
0
0
0
0
0
5
0
0
0
10
135
255
251
20
2
0
0
0
2
0
0
0
0
0
0
0
0
0
0
0
0
0
1
7
0
3
12
2
175
241
255
0
0
2
3
0
0
0
0
0
0
0
0
0
0
0
0
0
0
0
4
1
0
5
0
0
203
254
221
4
2
10
4
0
2
7
0
0
0
0
0
0
0
0
0
0
0
0
0
0
0
3
0
56
239
255
111
0
0
5
0
0
0
0
0
0
0
0
0
0
0
0
0
0
0
0
0
0
3
5
6
162
255
208
19
0
0
16
0
7
0
0
0
0
0
0
0
0
0
0
0
0
0
0
0
8
0
18
0
241
255
174
0
0
0
0
0
0
0
0
0
0
0
0
0
0
0
0
0
0
0
0
11
8
6
0
112
255
232
92
0
0
0
0
0
0
0
0
0
0
0
0
0
0
0
0
0
0
0
0
0
0
0
51
217
255
207
23
0
0
0
0
0
0
0
0
0
0
0
0
0
0
0
0
0
0
0
0
4
3
10
70
255
247
98
0
0
0
0
0
0
0
0
0
0
0
0
0
0
0
0
0
0
0
0
0
2
0
1
96
255
249
201
1
0
0
0
0
0
0
0
0
0
0
0
0
0
0
0
0
0
0
0
0
2
0
6
111
238
254
87
0
0
0
0
0
0
0
0
0
0
0
0
0
0
0
0
0
0
0
0
0
1
1
0
205
250
253
81
13
0
0
0
0
0
0
0
0
0
0
0
0
0
0
0
0
0
0
0
0
0
0
5
147
248
243
39
0
0
0
0
0
0
0
0
0
0
0
0
0
0
0
0
0
0
0
0
0
0
0
0
0
0
0
0
0
0
0
0
0
0
0
0
0
0
0
0
0
0
0
0
0
0
0
0
0
0
0
0
0
0
0
0
0
0
0
0
0
0
0
0
0
0
0
0
0
0
0
0
0
0
0
0
0
0
0
0
0
0
0
0
0
0
0
0
0
0
0
0
0
0
0
0
0
0
0
0
0
0
0
0
0
0
0
0
0
0
0
0
0
0
0
0
0
0
0
0
0
0
0
0
0
