0
0
0
0
0
0
0
0
0
0
17
0
0
23
0
0
0
5
5
0
0
10
0
0
4
0
0
0
0
0
0
0
0
0
0
0
0
0
0
18
0
0
17
0
13
0
0
0
7
0
6
0
0
0
0
0
0
0
0
0
0
0
0
0
0
2
0
10
0
0
0
13
0
7
8
18
1
0
0
15
0
0
0
0
0
0
0
0
0
0
0
0
0
0
5
0
8
0
0
6
0
1
0
0
0
18
3
3
0
0
0
0
0
0
0
0
0
0
0
0
0
1
10
0
4
14
147
139
229
212
145
18
8
0
11
0
11
0
0
0
0
0
0
0
0
0
0
0
0
0
1
1
0
117
234
241
255
255
243
187
22
12
0
12
0
0
0
0
0
0
0
0
0
0
0
0
0
10
0
8
32
203
255
255
231
186
255
255
171
0
9
6
0
0
0
0
0
0
0
0
0
0
0
0
0
0
0
113
220
255
255
110
47
1
60
222
250
121
4
13
0
0
0
0
0
0
3
0
0
13
0
5
5
0
64
252
255
195
35
32
0
6
0
124
255
255
107
0
0
0
3
2
0
1
0
11
0
0
0
6
0
35
227
255
181
5
23
0
16
0
2
35
200
251
240
65
0
0
2
2
0
0
0
11
0
0
11
0
25
121
250
192
15
15
0
0
0
9
9
0
54
121
248
162
1
0
1
1
0
0
8
0
0
23
4
0
115
255
255
37
0
0
13
0
1
1
0
5
0
5
191
231
8
0
0
0
0
1
5
0
0
16
0
22
192
255
160
16
0
0
0
7
0
0
0
0
15
0
153
255
109
4
1
0
0
1
0
6
8
0
5
149
241
201
15
4
4
0
7
0
0
11
2
0
0
3
58
231
234
9
2
0
0
0
0
3
12
0
22
246
255
184
0
0
0
8
6
0
7
0
0
11
0
22
0
192
255
15
4
0
0
3
6
0
0
5
16
255
255
76
21
0
11
0
0
1
0
0
4
0
5
0
9
203
255
18
6
0
0
8
0
0
12
0
29
251
255
57
13
3
0
9
0
11
0
3
11
0
0
9
9
187
255
15
8
0
0
6
10
4
0
10
113
255
255
75
0
0
0
0
0
2
0
8
0
13
5
0
0
202
237
11
5
0
0
0
0
8
0
0
27
255
242
77
4
10
3
9
10
0
14
0
9
0
0
2
84
255
85
6
2
0
0
21
9
4
5
7
0
231
255
189
23
0
9
0
0
6
0
6
10
5
0
12
193
202
9
1
0
0
0
0
2
0
0
0
17
58
234
255
144
1
10
11
4
0
2
0
0
0
97
200
245
141
0
0
0
0
0
0
8
8
4
0
0
0
123
228
255
215
190
77
80
100
47
8
76
230
239
253
175
7
3
0
0
0
1
8
0
0
0
16
0
14
0
56
221
255
255
230
255
255
251
226
227
207
86
42
5
0
8
1
1
1
1
0
4
9
0
0
6
0
8
4
16
18
124
146
179
123
135
139
37
7
0
0
9
0
1
2
3
2
1
0
0
0
0
0
0
0
0
0
0
0
0
0
0
0
0
0
0
0
0
0
0
0
0
0
0
0
0
0
0
0
0
0
0
0
0
0
0
0
0
0
0
0
0
0
0
0
0
0
0
0
0
0
0
0
0
0
0
0
0
0
0
0
0
0
0
0
0
0
0
0
0
0
0
0
0
0
0
0
0
0
0
0
0
0
0
0
0
0
0
0
0
0
0
0
0
0
0
0
0
0
0
0
0
0
0
0
0
0
0
0
0
