7
5
0
14
0
2
0
1
0
0
9
0
0
6
5
0
0
0
0
0
0
0
0
0
0
0
0
0
0
2
0
2
0
0
2
5
6
0
0
0
0
3
0
0
7
0
0
0
0
0
0
0
0
0
0
0
0
0
5
0
5
6
0
0
0
2
0
0
9
2
0
0
0
0
0
0
0
0
0
0
0
0
0
0
0
0
7
0
0
7
0
6
15
9
0
0
2
0
0
8
5
0
0
0
0
0
0
0
0
0
0
0
0
0
0
0
3
10
0
0
0
1
0
11
13
0
2
3
0
0
0
0
0
0
0
0
0
0
0
0
0
10
4
8
0
0
17
6
0
0
0
0
0
0
3
9
5
0
0
0
0
0
0
0
0
0
0
0
0
0
0
0
4
25
222
255
255
41
18
0
1
6
0
0
8
0
0
0
0
0
0
0
0
0
0
0
0
0
7
0
4
0
255
255
243
241
233
236
255
224
112
13
0
0
0
0
0
0
0
0
0
0
0
0
0
9
0
1
0
0
255
242
254
251
246
245
255
255
236
222
233
129
7
0
6
0
13
0
0
0
0
0
0
0
10
3
0
11
252
245
255
255
255
255
252
255
255
255
242
239
195
232
230
157
7
0
11
0
0
0
0
0
1
0
16
0
50
68
217
244
245
255
255
235
241
255
255
245
255
242
239
241
174
0
4
0
0
0
0
4
4
0
2
0
0
0
78
71
82
168
255
255
248
254
255
255
255
248
254
255
237
166
1
0
0
0
0
6
6
0
0
4
19
10
0
0
0
73
203
255
251
248
244
250
221
255
252
234
255
236
165
0
0
0
0
6
0
2
19
0
0
0
0
10
0
6
56
81
91
100
97
171
255
239
255
252
251
241
240
0
0
0
0
0
0
2
3
0
9
13
0
0
1
6
3
0
0
0
0
32
144
255
251
255
250
255
233
0
0
0
0
0
1
0
2
0
3
0
2
0
5
0
0
2
5
1
1
58
194
237
255
252
247
247
242
0
0
0
0
0
0
0
0
0
0
0
0
4
0
0
6
0
9
66
111
176
255
241
255
244
255
245
117
0
0
0
0
0
0
0
0
0
0
0
0
0
0
7
0
0
57
177
255
245
252
246
255
255
227
128
17
0
0
0
0
0
0
0
0
0
0
0
0
6
0
0
13
63
181
255
243
255
224
255
252
220
143
0
0
0
0
0
0
0
0
0
0
0
0
0
0
0
8
0
54
186
255
252
251
239
255
216
176
119
6
10
0
0
0
0
0
0
0
0
0
0
0
0
0
0
0
65
182
248
252
248
254
255
218
126
16
1
0
8
5
0
0
0
0
0
0
0
0
0
0
0
0
0
57
183
255
253
252
255
249
229
123
1
0
4
0
2
0
0
0
0
0
0
0
0
0
0
0
0
0
38
216
255
230
255
255
212
227
121
4
0
3
11
16
0
17
0
0
0
0
0
0
0
0
0
0
0
0
211
238
255
255
254
238
131
0
0
0
6
6
0
7
3
0
0
0
0
0
0
0
0
0
0
0
0
0
200
248
255
248
255
232
113
3
0
0
0
0
0
0
0
0
0
0
0
0
0
0
0
0
0
0
0
0
3
195
255
244
240
120
0
9
0
0
0
0
0
0
0
0
0
0
0
0
0
0
0
0
0
0
0
0
4
0
3
9
0
2
6
0
0
0
0
0
0
0
0
0
0
0
0
0
0
0
0
0
0
0
0
0
0
0
0
0
0
0
4
7
0
0
0
0
0
0
0
0
0
0
0
0
