2
0
1
7
0
0
3
0
5
0
10
6
3
0
0
6
0
11
0
1
0
0
10
0
15
0
0
0
0
6
0
0
0
3
5
0
0
2
0
0
0
0
9
0
16
0
1
3
28
0
4
21
0
0
0
0
0
2
0
0
2
1
0
5
0
21
0
5
0
0
3
0
0
0
14
0
0
9
0
10
18
0
0
0
0
0
0
0
4
0
0
12
0
0
0
14
0
7
0
9
8
4
0
0
1
4
6
0
0
0
0
0
0
0
5
4
3
0
2
5
0
0
8
0
2
8
8
80
106
178
255
247
255
252
237
60
4
0
0
0
0
5
0
1
0
5
5
0
7
22
92
106
223
222
224
254
255
255
246
245
255
251
239
212
4
0
0
0
0
6
0
3
0
3
0
0
95
216
253
232
255
255
255
255
232
215
175
185
187
255
247
245
1
0
0
0
0
6
0
15
1
2
0
23
203
249
255
255
188
207
192
168
72
26
2
0
21
106
254
221
0
0
0
0
0
5
0
0
2
4
0
49
170
233
203
96
0
0
6
3
0
0
6
0
0
69
246
247
0
0
0
0
0
0
2
7
7
6
0
0
10
0
1
0
0
12
6
0
0
1
0
2
14
208
255
212
5
0
0
0
0
0
8
1
0
0
10
10
0
2
0
0
7
5
0
0
9
0
15
2
0
199
255
225
7
0
0
0
0
3
0
1
0
0
2
6
0
8
0
0
0
0
0
0
0
2
0
3
17
202
231
241
0
0
0
0
0
0
0
2
12
5
0
0
0
0
0
2
8
8
13
13
3
6
0
5
76
243
245
255
0
0
0
0
0
5
1
0
0
1
7
6
4
5
3
0
0
0
0
0
3
0
12
0
130
238
255
181
4
0
0
0
0
0
5
0
0
4
0
0
0
0
30
47
52
59
43
12
0
0
0
27
234
255
208
31
9
0
0
0
0
0
5
0
0
8
0
9
62
162
231
253
243
255
236
151
81
6
6
181
254
255
128
0
0
0
0
0
0
0
16
0
6
14
0
153
255
255
252
176
104
107
232
255
247
192
147
243
255
206
34
8
0
0
0
0
0
4
0
0
0
1
160
249
242
233
120
0
2
9
20
208
255
242
255
243
223
97
0
0
3
0
0
0
0
0
0
12
0
50
241
193
25
24
0
9
0
0
7
62
255
255
255
255
158
3
0
0
18
0
0
0
0
0
3
0
1
125
255
192
0
0
0
7
4
4
11
205
224
249
234
255
194
17
19
0
0
0
0
0
0
0
0
0
0
91
252
247
133
19
0
23
85
57
186
255
255
254
255
246
255
88
0
5
0
0
0
0
0
0
0
16
0
0
231
255
236
200
201
214
231
255
255
252
213
146
188
255
255
190
0
0
16
0
0
0
0
2
0
9
4
0
156
220
255
248
255
236
255
248
222
146
31
0
20
225
245
185
16
0
0
0
0
0
0
0
6
0
12
0
0
39
113
208
250
194
104
118
38
0
5
0
0
111
209
18
0
16
0
0
0
0
0
0
0
0
0
0
0
0
0
0
0
0
0
0
0
0
0
0
0
0
0
0
0
0
0
0
0
0
0
0
0
0
0
0
0
0
0
0
0
0
0
0
0
0
0
0
0
0
0
0
0
0
0
0
0
0
0
0
0
0
0
0
0
0
0
0
0
0
0
0
0
0
0
0
0
0
0
0
0
0
0
0
0
0
0
0
0
0
0
0
0
0
0
0
0
0
0
0
0
0
0
0
0
0
0
0
0
0
0
0
0
0
0
