5
0
0
0
0
0
0
0
0
0
0
8
4
0
4
10
2
0
0
0
2
4
0
0
7
0
0
1
0
0
0
0
0
0
0
0
0
11
0
0
1
2
0
0
0
7
0
0
0
7
13
4
0
4
1
1
5
0
0
0
0
0
0
0
0
0
0
0
4
7
0
0
17
5
0
0
6
0
0
0
13
4
0
0
1
0
0
0
0
0
0
0
0
0
8
4
0
0
0
0
2
0
6
10
0
0
11
17
0
2
0
0
0
0
0
0
0
0
0
0
0
5
1
0
0
5
6
0
0
0
0
5
11
7
1
0
0
0
7
7
0
0
0
0
0
0
0
0
0
0
0
0
11
0
0
0
7
9
1
0
0
12
13
4
8
0
0
2
0
0
0
0
0
0
0
0
0
0
0
9
7
0
8
20
0
0
114
159
150
209
242
141
13
18
0
0
0
0
0
0
0
0
0
0
0
3
0
2
0
32
122
122
12
61
208
255
243
249
255
235
227
73
23
0
0
0
0
0
0
0
0
0
0
2
5
0
27
222
239
243
59
196
222
212
241
255
246
244
255
215
0
1
0
0
0
0
0
0
0
0
0
0
0
25
186
255
255
252
176
2
19
14
66
141
170
194
212
245
24
0
0
0
0
0
0
0
0
0
0
11
3
134
241
255
255
144
50
0
12
0
0
14
7
7
13
53
0
13
4
0
0
0
0
0
0
0
0
0
2
177
255
234
208
36
0
0
7
6
0
0
0
0
0
0
0
7
0
0
0
0
0
0
0
0
0
2
0
134
239
255
86
2
0
5
5
1
0
0
8
6
8
26
2
0
1
0
0
0
0
0
0
0
0
14
1
151
242
252
196
1
10
0
0
5
0
0
1
0
1
0
0
1
8
0
0
0
0
0
0
0
0
0
8
0
100
247
247
210
0
4
0
10
9
1
2
0
6
6
9
5
0
0
0
0
0
0
0
0
0
5
0
7
43
103
155
255
198
59
8
0
0
0
9
0
0
5
0
3
5
0
10
0
6
0
0
0
10
0
0
13
0
3
8
202
250
130
26
2
8
0
0
13
0
0
0
0
0
6
0
0
0
8
4
0
0
6
0
14
0
0
0
13
235
255
133
6
0
6
7
0
0
0
0
0
0
14
0
5
14
0
0
0
21
1
0
0
60
62
72
33
112
237
212
64
6
3
3
0
7
0
0
0
0
0
2
0
0
6
186
199
183
187
196
187
255
245
246
255
238
255
255
70
0
0
11
0
4
0
0
0
0
0
10
1
0
0
195
240
252
255
250
255
245
255
240
236
250
235
176
17
5
0
0
0
2
0
0
0
0
15
0
11
8
0
2
46
110
161
158
153
142
172
166
93
112
45
34
0
16
0
0
0
1
0
0
0
0
0
0
3
0
5
0
2
0
0
11
0
0
0
1
4
0
0
0
0
0
0
14
15
0
0
0
0
0
0
10
0
3
0
3
0
2
0
0
4
0
7
0
5
3
3
0
6
4
2
0
0
0
0
0
0
0
0
0
0
0
0
0
0
0
0
0
0
0
0
0
0
0
0
0
0
0
0
0
0
0
0
0
0
0
0
0
0
0
0
0
0
0
0
0
0
0
0
0
0
0
0
0
0
0
0
0
0
0
0
0
0
0
0
0
0
0
0
0
0
0
0
0
0
0
0
0
0
0
0
0
0
0
0
0
0
0
0
0
0
0
0
0
0
0
0
0
0
0
0
0
0
0
0
0
0
0
0
0
0
0
0
0
0
0
0
0
0
0
