3
0
0
0
0
0
0
0
0
7
0
0
2
0
0
2
2
10
0
4
0
10
0
3
0
0
0
0
0
0
0
0
0
0
0
0
0
0
0
0
7
6
0
2
0
0
0
2
0
2
0
0
3
0
0
0
0
0
0
0
0
0
0
0
0
0
42
0
0
20
6
0
8
15
0
3
9
0
0
20
0
0
0
0
0
0
0
0
0
0
0
0
0
2
0
0
1
0
0
0
4
0
0
0
0
17
9
0
0
0
0
0
0
0
0
0
0
0
0
0
0
9
0
18
44
71
65
56
148
160
182
255
226
95
0
0
4
0
0
0
0
0
0
0
0
0
0
0
0
0
23
180
251
239
255
255
255
255
241
244
255
243
101
4
0
0
0
0
0
0
0
0
0
0
0
0
0
13
163
255
255
254
246
246
249
160
90
96
229
253
149
16
0
0
0
0
0
0
0
0
0
0
0
0
0
13
177
246
249
164
43
22
10
5
1
35
235
255
146
0
12
0
0
0
0
0
0
0
0
0
0
0
0
0
4
45
43
37
4
0
3
7
24
206
247
240
44
5
0
0
0
0
0
0
0
0
0
0
0
0
0
7
0
0
19
0
0
20
2
6
205
255
233
64
0
0
12
0
0
0
0
0
0
0
0
0
0
0
0
0
10
6
0
8
0
4
65
215
255
255
76
9
0
11
0
0
0
0
0
0
0
0
0
0
0
0
0
5
0
0
0
51
96
188
255
238
243
246
121
0
0
0
10
0
0
0
0
0
0
0
0
0
0
0
0
0
13
37
103
255
247
255
238
255
255
255
239
33
5
11
0
0
0
0
0
0
0
0
0
0
0
0
0
8
0
201
253
251
254
244
202
63
71
253
255
113
0
8
0
0
0
0
0
0
0
0
0
0
0
0
0
7
0
200
255
255
222
60
0
13
0
221
253
116
8
0
9
0
0
0
0
0
0
0
0
0
0
0
0
0
10
0
44
36
16
13
0
0
37
233
246
125
0
10
0
0
0
0
0
7
0
11
0
11
6
0
18
0
0
3
7
0
2
8
0
7
84
255
255
80
2
0
13
0
0
0
0
0
12
0
0
0
10
0
0
9
1
0
0
0
3
1
1
0
211
247
248
3
10
7
0
0
0
0
0
13
4
0
99
108
26
16
0
0
0
0
12
0
0
0
13
47
254
255
123
20
0
4
0
0
0
0
0
0
0
133
238
235
226
46
2
15
8
0
0
12
0
0
6
171
241
246
68
0
9
2
0
0
0
0
0
3
16
249
246
228
28
3
2
0
0
14
0
0
0
66
134
252
255
192
0
0
11
0
12
0
0
0
0
0
0
154
255
255
212
97
78
93
76
79
77
148
184
241
255
239
253
3
0
14
0
0
4
0
0
0
0
18
0
8
189
243
245
250
255
247
247
248
250
250
255
255
240
183
1
16
0
0
15
0
0
0
0
0
0
0
1
0
0
42
150
232
255
249
255
253
246
164
147
88
48
0
13
0
10
0
0
0
6
0
0
0
0
0
0
0
0
0
0
0
0
0
0
0
0
0
0
0
0
0
0
0
0
0
0
0
0
0
0
0
0
0
0
0
0
0
0
0
0
0
0
0
0
0
0
0
0
0
0
0
0
0
0
0
0
0
0
0
0
0
0
0
0
0
0
0
0
0
0
0
0
0
0
0
0
0
0
0
0
0
0
0
0
0
0
0
0
0
0
0
0
0
0
0
0
0
0
0
0
0
0
0
0
0
0
0
0
0
0
0
0
0
0
0
0
