5
0
0
0
0
0
0
0
0
0
0
0
0
3
8
0
0
5
0
12
0
0
13
0
4
0
0
0
0
0
0
0
0
0
0
0
0
0
4
8
0
14
0
0
5
0
5
0
4
3
0
8
0
0
0
0
0
0
0
0
0
0
0
0
0
0
3
0
7
0
7
1
0
4
3
0
13
9
0
12
3
0
0
0
0
0
0
0
0
0
0
0
0
0
2
14
6
0
0
9
0
8
0
12
0
0
9
0
0
0
0
0
0
0
0
0
0
0
0
0
0
8
0
0
7
0
5
0
4
57
145
242
173
42
0
0
11
0
0
0
0
0
0
0
0
0
0
0
0
0
17
38
0
3
2
14
142
250
255
255
247
117
0
0
5
0
0
0
0
0
0
0
0
0
0
0
0
12
0
242
143
3
32
228
248
252
238
248
255
139
11
0
0
0
0
0
0
0
0
0
0
0
0
0
0
0
84
253
229
75
245
253
250
253
253
255
138
6
0
3
0
0
0
0
0
0
0
0
0
0
0
0
0
0
173
246
243
255
255
253
248
245
191
72
0
0
9
0
1
0
0
0
0
0
0
0
0
0
0
0
0
9
97
248
255
236
243
250
168
56
16
0
6
12
0
0
9
0
0
0
0
0
0
0
0
0
0
0
0
6
92
255
243
255
255
111
16
7
0
0
7
0
0
8
1
0
0
0
0
0
0
0
0
0
0
0
0
0
40
217
255
233
66
0
0
5
0
9
7
0
7
10
0
0
0
0
0
0
0
0
0
0
0
0
0
0
12
249
235
230
80
0
3
3
0
0
1
6
0
0
6
0
0
0
0
0
0
0
0
0
0
0
0
12
0
83
255
249
244
0
2
0
5
0
0
0
0
0
9
0
0
0
0
0
0
0
0
0
0
0
0
0
0
15
145
240
249
255
98
5
0
0
5
0
6
6
0
0
0
0
0
0
0
0
0
0
0
0
0
0
4
0
24
173
255
241
255
117
10
0
12
0
0
10
3
0
0
0
0
0
8
0
0
0
0
2
3
4
10
0
0
23
129
255
251
238
135
0
4
8
1
0
6
0
0
0
0
0
0
0
3
0
2
6
0
0
0
15
4
0
27
122
243
250
248
3
0
0
0
9
0
0
0
0
0
4
0
0
5
0
1
4
0
19
0
0
12
6
0
22
210
241
243
178
0
6
0
1
12
0
0
0
0
3
0
0
0
2
0
0
53
130
69
0
0
14
7
82
205
255
248
231
45
0
4
4
0
0
0
0
0
0
6
0
0
8
0
1
123
246
254
230
229
232
235
255
246
248
239
254
66
0
7
4
0
0
0
0
0
0
7
4
0
10
0
6
142
255
244
255
255
241
249
254
252
248
254
249
35
18
0
1
9
0
0
0
0
0
0
9
0
1
2
2
84
251
249
246
255
253
249
255
251
255
245
72
13
0
0
12
0
0
0
0
0
5
0
12
0
0
7
0
13
122
255
249
254
253
240
253
135
138
36
7
0
5
0
1
2
0
0
0
0
0
0
0
0
0
0
0
0
0
0
0
0
0
0
0
0
0
0
0
0
0
0
0
0
0
0
0
0
0
0
0
0
0
0
0
0
0
0
0
0
0
0
0
0
0
0
0
0
0
0
0
0
0
0
0
0
0
0
0
0
0
0
0
0
0
0
0
0
0
0
0
0
0
0
0
0
0
0
0
0
0
0
0
0
0
0
0
0
0
0
0
0
0
0
0
0
0
0
0
0
0
0
0
0
0
0
0
0
0
0
0
0
