2
0
0
0
6
0
0
4
0
0
0
7
8
0
0
0
3
8
0
0
2
1
0
0
1
0
0
0
0
0
4
2
0
0
0
5
0
11
0
0
1
0
4
0
10
0
11
0
0
0
4
2
0
0
0
0
0
0
4
1
0
4
6
0
0
0
7
0
11
5
0
13
0
0
14
0
4
0
4
8
0
0
0
0
0
1
0
0
0
10
0
0
15
65
170
253
238
255
255
218
80
10
0
0
10
0
0
7
0
0
0
0
0
3
0
0
0
4
0
11
116
255
227
255
231
236
255
244
253
115
6
1
7
0
0
4
0
0
0
0
0
0
0
4
0
2
0
64
246
255
183
4
1
55
202
255
242
233
81
2
0
3
5
1
0
0
0
0
0
0
0
6
0
7
1
62
254
239
176
0
2
0
35
209
255
255
184
7
0
0
8
0
0
0
0
0
0
1
3
3
0
7
0
5
163
153
32
6
0
10
0
117
251
242
254
14
3
0
2
0
9
0
0
0
0
3
0
0
0
0
1
0
0
0
12
0
7
0
6
71
253
254
249
24
0
0
0
0
0
0
0
0
0
1
0
0
0
1
2
1
0
0
0
0
5
0
0
26
243
255
249
24
0
1
2
1
0
0
0
0
0
0
0
0
0
2
3
2
0
5
0
5
6
7
0
0
213
255
248
22
0
2
4
3
0
0
0
0
0
0
0
0
0
1
1
0
0
5
0
0
0
1
15
0
241
255
247
20
0
2
4
2
0
0
0
0
0
0
0
0
0
0
0
0
0
0
0
4
0
5
7
0
251
254
246
20
0
0
2
1
0
0
0
0
0
0
0
0
0
0
0
0
0
0
0
0
10
0
0
23
255
254
249
24
0
0
0
0
0
0
0
0
0
0
1
1
0
0
0
4
8
0
7
0
22
14
34
102
255
255
253
30
1
0
0
0
1
0
0
0
0
0
0
1
0
0
2
9
15
95
165
181
248
248
254
252
255
255
255
35
5
0
0
0
3
0
0
0
0
0
9
0
21
0
5
83
217
255
235
250
251
247
255
239
255
250
254
255
115
8
12
0
7
0
0
0
0
2
1
0
0
5
24
228
232
253
218
108
63
33
48
214
249
246
255
235
243
207
41
21
0
0
0
0
0
0
2
7
0
9
107
251
255
203
6
0
2
0
138
250
247
173
241
250
255
255
195
6
12
0
0
0
0
0
8
0
4
2
165
235
255
230
0
4
9
28
241
251
233
7
29
134
255
232
255
173
0
1
1
0
0
2
0
0
0
0
116
255
233
224
114
0
34
236
255
215
18
0
12
0
99
255
246
246
127
3
2
1
0
3
0
8
0
0
38
192
255
255
248
173
236
248
228
61
15
2
0
0
0
151
255
251
213
4
3
1
0
0
0
9
0
0
6
39
206
243
255
252
255
214
14
27
0
0
9
4
0
14
189
255
220
5
4
1
0
0
14
0
0
1
0
3
4
0
8
0
7
0
8
0
7
10
0
4
3
0
4
0
0
6
4
1
0
0
0
0
0
0
0
0
0
0
0
0
0
0
0
0
0
0
0
0
0
0
0
0
0
0
0
0
0
0
0
0
0
0
0
0
0
0
0
0
0
0
0
0
0
0
0
0
0
0
0
0
0
0
0
0
0
0
0
0
0
0
0
0
0
0
0
0
0
0
0
0
0
0
0
0
0
0
0
0
0
0
0
0
0
0
0
0
0
0
0
0
0
0
0
0
0
0
0
0
0
0
0
0
0
0
0
0
0
0
0
0
0
