2
7
0
8
2
0
0
0
0
0
1
1
0
0
1
2
1
0
0
0
0
0
0
0
0
0
0
0
0
3
0
5
0
0
8
3
5
0
0
0
0
0
0
0
2
0
0
0
0
0
0
0
0
0
0
0
0
1
0
1
0
1
6
0
0
0
0
0
2
3
0
0
0
0
0
0
0
0
0
0
0
0
0
0
0
1
3
0
0
6
0
0
20
0
2
4
3
0
0
1
8
0
0
0
0
0
0
0
0
0
0
0
0
0
4
0
1
0
0
67
161
242
255
212
106
27
10
2
0
0
0
0
0
0
0
0
0
0
0
0
0
0
2
0
0
0
12
142
255
255
247
255
255
197
67
0
10
0
0
0
0
0
0
0
0
0
0
0
0
0
0
0
4
0
11
111
187
28
112
196
242
255
239
124
0
0
0
0
0
0
0
0
0
0
0
0
0
4
0
0
11
2
0
23
9
0
1
19
89
207
255
222
119
0
0
0
0
0
0
0
0
0
0
0
0
0
0
0
0
0
0
0
0
4
0
0
11
9
201
254
252
57
0
5
0
3
0
0
3
0
0
0
0
0
0
0
0
0
0
0
0
0
25
0
0
11
18
233
245
156
0
0
0
8
0
0
4
0
0
0
0
0
0
0
0
0
0
0
0
0
8
1
0
10
0
142
255
241
30
0
0
7
0
0
2
0
0
0
0
0
0
0
0
0
0
0
0
8
0
3
8
0
23
15
246
255
86
11
0
0
2
5
0
0
0
0
0
0
0
0
0
0
0
0
0
3
0
5
0
0
0
4
249
247
122
4
4
0
0
2
0
0
0
0
0
0
0
0
0
0
0
0
0
0
0
1
0
4
0
23
255
254
103
0
4
4
0
0
1
0
0
0
0
0
0
0
0
0
0
0
0
2
0
0
5
0
11
6
234
254
42
0
0
2
0
1
0
0
0
0
0
0
0
0
0
0
0
0
0
0
3
0
9
2
0
60
255
239
0
16
0
0
0
14
0
0
0
0
0
0
0
0
0
0
0
0
0
15
0
0
13
0
1
202
242
152
2
0
17
0
0
0
2
10
0
16
4
0
0
0
0
0
0
0
0
0
0
14
0
8
35
219
255
42
10
0
0
0
23
67
144
219
54
0
0
0
0
0
0
0
0
0
0
0
2
0
0
3
174
255
163
6
0
14
84
156
219
245
236
104
12
0
6
0
0
0
0
0
0
0
0
0
14
4
3
26
232
246
108
27
135
231
252
239
242
176
35
0
0
5
0
0
0
0
0
0
0
0
0
0
0
0
0
161
255
255
219
239
255
239
167
86
5
0
8
12
0
3
2
0
0
0
0
0
0
0
0
9
0
35
95
232
255
255
241
255
174
76
10
0
0
2
2
0
0
4
7
0
0
0
0
0
0
0
0
0
3
132
255
255
245
249
228
149
6
0
6
0
6
6
0
6
10
0
0
0
0
0
0
0
0
0
0
10
0
124
253
243
89
48
19
9
0
16
2
0
8
0
5
0
5
1
4
0
0
0
0
0
0
0
0
0
0
0
0
0
0
0
0
0
0
0
0
0
0
0
0
0
0
0
0
0
0
0
0
0
0
0
0
0
0
0
0
0
0
0
0
0
0
0
0
0
0
0
0
0
0
0
0
0
0
0
0
0
0
0
0
0
0
0
0
0
0
0
0
0
0
0
0
0
0
0
0
0
0
0
0
0
0
0
0
0
0
0
0
0
0
0
0
0
0
0
0
0
0
0
0
0
0
0
0
0
0
0
0
