4
0
0
0
0
0
0
0
0
0
0
0
0
0
0
0
0
0
4
5
1
0
0
0
5
0
0
0
0
0
0
0
0
0
0
0
0
0
0
0
0
0
0
0
0
3
12
0
14
0
9
6
0
0
0
0
0
0
0
0
0
0
0
0
0
0
0
0
0
0
0
0
0
11
0
21
0
22
0
1
0
0
0
0
0
0
0
0
0
0
0
0
0
0
0
0
0
0
0
0
0
0
26
0
0
36
229
17
0
0
0
0
0
0
0
0
0
0
0
0
0
0
0
0
0
0
0
0
0
11
0
0
2
197
209
0
9
0
0
0
0
0
0
0
0
0
0
0
0
0
0
0
0
0
0
0
0
0
0
21
55
245
78
0
0
0
0
0
0
0
0
0
0
0
0
0
0
0
0
0
0
0
0
0
0
9
0
2
174
232
9
12
10
0
0
0
0
0
0
0
0
0
0
0
0
0
0
0
0
0
0
0
0
1
8
60
252
112
0
9
0
0
0
0
0
0
0
0
1
1
0
0
0
8
5
1
1
0
9
11
0
0
3
174
209
21
0
13
0
0
0
0
0
0
0
1
1
0
0
0
0
0
0
0
4
13
0
2
8
0
70
255
65
0
2
6
5
0
0
0
0
1
1
1
0
0
0
0
0
0
17
3
100
215
26
0
5
18
188
192
8
2
1
3
0
0
0
0
0
2
2
1
0
0
0
0
0
3
0
48
199
226
0
0
0
105
254
61
17
7
0
5
0
0
0
0
0
2
2
0
0
0
0
0
0
7
0
199
255
113
0
17
11
225
184
18
0
0
0
2
6
0
0
0
0
2
1
0
0
0
0
1
2
0
129
247
108
0
6
1
148
241
60
0
13
0
4
0
5
0
0
0
0
0
0
0
0
0
0
2
4
27
247
186
16
7
8
42
252
131
15
34
87
11
7
0
0
0
0
0
0
0
0
0
0
0
1
4
5
212
237
23
0
0
0
188
231
22
40
197
117
0
0
2
3
0
0
0
0
0
5
0
0
0
4
24
137
252
227
146
117
122
134
255
243
219
221
112
0
0
13
2
0
0
0
0
0
0
4
1
14
0
19
218
255
227
186
209
198
240
249
197
81
58
41
1
0
15
0
0
14
0
0
0
0
0
9
0
0
2
72
194
58
9
0
11
0
182
225
2
25
5
0
0
0
12
0
0
3
0
0
0
0
0
4
7
19
0
9
12
0
0
18
0
104
255
87
0
0
3
8
5
0
0
5
10
0
0
0
0
0
12
0
0
0
0
16
0
15
2
0
31
244
99
2
2
14
0
0
0
4
0
0
2
0
0
0
0
0
0
4
20
0
0
0
11
0
9
17
220
126
11
0
6
0
6
0
5
12
4
0
0
0
0
0
0
0
12
0
0
0
13
0
9
9
2
103
164
1
0
4
8
0
0
0
0
0
0
5
9
3
0
0
0
0
0
13
0
0
0
11
0
8
4
0
5
0
0
2
0
9
2
4
0
0
5
0
0
2
0
0
0
0
0
0
0
0
0
0
0
0
0
0
0
0
0
0
0
0
0
0
0
0
0
0
0
0
0
0
0
0
0
0
0
0
0
0
0
0
0
0
0
0
0
0
0
0
0
0
0
0
0
0
0
0
0
0
0
0
0
0
0
0
0
0
0
0
0
0
0
0
0
0
0
0
0
0
0
0
0
0
0
0
0
0
0
0
0
0
0
0
0
0
0
0
0
0
0
0
0
0
0
0
0
0
0
0
0
0
0
0
0
0
0
0
