1
0
0
0
0
0
0
0
0
0
0
0
0
0
0
0
0
0
12
0
6
3
1
5
0
0
0
0
0
0
0
0
0
0
0
0
0
0
0
0
0
0
0
0
0
7
0
14
1
0
16
3
2
0
0
0
0
0
0
0
0
0
0
0
0
0
0
0
0
0
0
0
0
9
12
0
0
17
9
0
11
0
0
0
0
0
0
0
0
0
0
0
0
0
0
0
0
0
0
0
0
0
11
0
18
0
2
21
0
0
0
0
0
0
0
0
0
0
0
0
0
0
0
0
0
0
0
0
0
26
0
15
0
48
230
5
1
0
0
0
0
0
0
0
0
0
0
0
0
0
0
0
0
0
0
0
0
0
0
0
28
229
78
0
11
0
0
0
0
0
0
0
0
0
0
0
0
0
0
0
0
0
0
0
0
10
1
12
217
151
10
0
0
0
0
0
0
0
0
0
0
0
0
0
0
0
0
0
0
0
0
0
0
0
9
178
192
0
3
8
0
0
0
0
0
0
0
0
0
0
0
0
0
4
0
0
7
0
7
0
2
0
102
240
23
0
12
0
0
0
0
0
0
0
0
0
0
0
0
0
0
0
0
0
0
0
0
14
0
70
240
163
21
0
4
0
0
0
0
0
0
0
0
0
0
0
0
0
0
4
9
4
0
10
0
0
27
181
237
13
3
0
1
0
8
0
0
0
0
0
0
0
0
0
0
0
0
0
2
0
0
3
0
1
153
255
126
0
3
15
3
0
0
0
0
0
0
0
0
0
0
0
0
0
0
0
0
0
0
0
0
115
253
157
21
13
0
0
2
6
0
0
0
0
0
0
0
0
0
0
0
0
0
1
1
9
6
0
24
232
198
13
0
2
0
0
0
2
7
0
0
0
0
0
0
0
0
0
0
0
0
0
0
0
0
8
110
217
56
3
6
0
10
15
0
0
3
0
0
0
0
0
0
0
0
0
0
0
0
0
11
0
7
53
238
161
0
0
0
4
0
0
0
2
2
0
0
0
0
0
1
2
0
0
0
0
0
0
8
2
25
214
212
0
5
0
0
0
0
0
0
0
0
0
0
0
0
0
1
0
0
0
0
1
1
15
0
0
107
255
127
4
0
0
0
0
0
0
0
0
0
0
0
0
0
2
0
0
0
1
1
1
1
0
14
45
255
218
4
6
0
0
0
0
0
0
0
0
0
0
0
0
0
2
0
0
1
3
1
0
0
0
22
156
221
71
0
14
0
0
0
0
0
0
0
0
0
0
0
0
0
1
0
0
4
4
0
0
0
0
50
255
89
1
6
6
1
0
0
0
0
0
0
0
0
0
0
0
0
0
0
0
4
3
0
0
5
67
185
207
29
4
0
3
0
0
0
0
0
0
0
0
0
0
0
0
0
1
0
0
2
0
0
6
22
222
228
36
0
0
0
13
0
0
0
0
0
0
0
0
0
0
0
0
0
2
0
0
0
0
0
14
36
255
94
9
0
1
7
0
6
0
0
0
0
0
0
0
0
0
0
0
0
0
0
0
0
0
0
0
0
0
0
0
0
0
0
0
0
0
0
0
0
0
0
0
0
0
0
0
0
0
0
0
0
0
0
0
0
0
0
0
0
0
0
0
0
0
0
0
0
0
0
0
0
0
0
0
0
0
0
0
0
0
0
0
0
0
0
0
0
0
0
0
0
0
0
0
0
0
0
0
0
0
0
0
0
0
0
0
0
0
0
0
0
0
0
0
0
0
0
0
0
0
0
0
0
0
0
0
0
0
0
0
0
