2
0
0
0
0
0
0
0
0
0
13
0
9
2
0
0
0
0
0
4
0
1
0
4
0
0
0
0
0
0
0
0
0
0
0
0
0
0
8
0
0
0
2
6
5
4
6
0
14
0
6
14
0
0
0
0
0
0
0
0
0
0
0
0
0
15
2
0
0
7
0
0
2
3
0
0
3
15
17
0
0
0
0
0
0
0
0
0
0
0
0
0
0
0
0
8
0
0
18
0
7
188
236
13
0
0
0
6
14
0
0
0
0
0
0
0
0
0
0
0
0
3
0
0
20
0
0
5
109
255
255
186
13
4
11
0
0
0
0
0
0
0
0
0
0
0
0
0
0
18
0
0
11
0
19
110
255
255
221
253
172
1
3
0
0
0
0
0
0
0
0
0
0
0
0
0
0
0
9
3
0
70
178
255
247
113
21
236
223
26
0
0
16
0
0
0
0
0
0
0
0
0
0
0
0
9
0
0
40
221
255
243
112
0
3
180
254
31
0
15
0
0
0
0
0
0
0
0
0
0
0
0
0
1
6
0
39
222
185
60
0
0
4
184
254
92
0
3
6
0
0
0
0
0
0
0
0
0
0
0
0
3
0
3
0
11
0
6
0
1
0
246
255
71
5
0
0
0
0
0
0
0
0
0
0
0
0
0
0
12
0
4
5
8
3
5
0
0
8
246
222
13
0
6
2
0
0
0
0
0
0
0
0
0
0
0
0
0
2
3
3
0
0
0
5
13
121
243
181
0
0
4
3
0
0
0
0
0
0
0
0
0
0
0
0
17
0
0
0
0
6
18
3
7
211
255
109
2
9
0
1
0
0
0
0
0
0
0
0
0
0
0
0
0
4
8
0
2
0
0
0
59
244
255
19
0
14
0
3
0
0
0
0
0
0
0
0
0
0
0
0
0
7
2
3
79
64
27
6
204
255
176
0
0
3
0
0
0
0
0
0
0
0
0
0
0
0
0
0
6
46
170
224
254
240
255
212
255
213
25
14
0
0
13
0
0
0
0
0
0
2
6
0
3
6
0
41
166
243
248
247
163
162
255
250
252
81
0
2
8
0
0
2
0
0
0
0
3
7
0
0
4
0
57
216
241
213
75
5
11
51
255
255
243
252
127
0
0
9
0
4
0
0
0
0
2
0
0
9
18
9
164
255
113
0
3
0
34
243
238
197
105
178
229
141
0
0
12
0
0
0
0
0
0
8
12
0
0
50
254
191
0
19
9
98
255
250
147
23
2
0
0
6
1
5
12
7
0
0
0
0
0
0
0
0
22
111
255
110
10
88
192
246
255
131
0
0
0
16
0
0
20
6
0
0
0
0
0
0
1
11
3
0
0
21
202
255
251
254
249
215
41
0
2
7
4
0
2
0
0
6
25
0
0
0
0
0
1
1
1
4
0
0
94
208
236
203
107
9
12
0
23
0
0
2
3
4
2
0
0
3
0
0
0
0
6
0
8
4
0
3
0
3
8
0
0
4
0
5
0
7
4
0
0
0
3
0
0
0
0
0
0
0
0
0
0
0
0
0
0
0
0
0
0
0
0
0
0
0
0
0
0
0
0
0
0
0
0
0
0
0
0
0
0
0
0
0
0
0
0
0
0
0
0
0
0
0
0
0
0
0
0
0
0
0
0
0
0
0
0
0
0
0
0
0
0
0
0
0
0
0
0
0
0
0
0
0
0
0
0
0
0
0
0
0
0
0
0
0
0
0
0
0
0
0
0
0
0
0
0
0
0
0
0
0
0
0
0
0
0
0
0
0
0
0
