9
0
0
0
0
0
0
0
0
0
0
0
0
0
0
0
0
0
0
0
0
0
0
0
0
0
0
0
0
0
0
0
0
0
0
0
0
0
0
0
0
0
0
0
0
0
0
0
0
0
0
0
0
0
0
0
0
0
0
0
0
0
0
0
0
0
0
0
0
0
0
0
0
0
0
0
0
0
0
0
0
0
0
0
0
0
0
0
0
0
0
0
0
0
0
0
0
0
0
0
0
0
0
0
0
0
0
0
0
0
0
0
0
0
0
0
0
0
0
0
0
0
0
0
0
0
0
0
0
0
0
0
0
0
0
0
0
0
0
0
0
0
0
0
0
0
0
0
0
0
0
0
0
0
0
0
0
0
0
0
0
0
0
0
0
0
0
0
0
0
0
0
0
0
0
0
0
0
0
0
0
0
0
0
0
0
0
0
0
0
0
0
0
0
0
0
0
0
0
0
0
0
0
0
0
0
0
0
0
0
0
0
0
0
0
0
0
0
0
0
0
0
0
0
0
0
3
0
11
0
0
8
0
0
105
110
245
201
94
50
6
3
8
0
4
0
5
0
2
0
0
0
0
0
1
0
1
0
8
0
81
194
251
250
255
242
255
136
0
38
14
50
0
3
0
0
5
0
0
0
0
4
3
4
0
0
15
68
213
255
231
148
133
233
246
202
69
206
255
208
64
0
0
22
0
0
0
0
0
4
2
8
0
0
0
233
255
252
31
0
0
156
174
56
118
255
255
255
207
0
0
3
0
0
0
0
0
0
0
2
10
0
0
255
239
244
8
4
0
0
17
22
238
247
255
244
255
113
0
3
16
0
0
0
0
2
1
0
9
0
6
250
248
255
0
26
2
0
6
128
254
243
205
247
232
200
25
0
0
0
0
0
0
9
4
0
0
0
15
238
255
209
20
0
0
18
15
253
251
201
0
186
255
246
173
27
2
0
0
0
0
0
0
8
1
0
0
255
247
117
0
0
3
64
207
241
236
65
19
7
194
255
234
75
2
0
0
0
0
0
13
0
0
0
3
255
255
250
116
129
128
238
255
240
19
0
12
0
103
252
251
253
66
0
15
0
4
0
0
0
0
13
0
94
222
255
255
247
240
255
231
120
9
10
0
16
6
209
251
253
138
17
0
0
0
0
4
0
0
10
11
0
94
82
221
255
252
165
85
0
0
4
0
0
7
35
230
255
219
31
17
12
4
0
18
0
4
0
12
0
0
0
4
0
0
0
10
7
6
0
16
0
0
10
38
255
245
255
92
0
21
0
0
0
22
0
0
14
0
10
0
4
1
0
0
6
0
5
0
4
6
0
15
42
241
246
223
9
0
0
0
0
0
0
0
0
9
0
5
0
4
3
9
0
10
0
0
0
3
16
0
0
96
250
161
0
16
4
6
1
0
0
15
0
0
0
19
0
3
0
5
0
6
0
0
8
0
2
0
12
0
0
0
0
0
0
0
0
21
0
0
8
4
3
0
0
0
2
6
4
0
0
14
0
0
9
0
2
0
9
0
21
0
0
0
0
0
0
0
0
0
0
0
0
0
0
0
0
0
0
0
0
0
0
0
0
0
0
0
0
0
0
0
0
0
0
0
0
0
0
0
0
0
0
0
0
0
0
0
0
0
0
0
0
0
0
0
0
0
0
0
0
0
0
0
0
0
0
0
0
0
0
0
0
0
0
0
0
0
0
0
0
0
0
0
0
0
0
0
0
0
0
0
0
0
0
0
0
0
0
0
0
0
0
0
0
0
0
0
0
0
0
0
0
0
