7
0
0
0
0
0
0
0
0
0
2
3
0
0
0
0
9
0
0
0
0
0
0
0
0
0
0
0
0
0
0
0
0
0
0
0
0
4
7
2
0
0
9
7
0
0
0
0
0
0
0
0
0
0
0
0
0
0
0
0
0
0
0
0
0
0
0
3
3
0
1
2
0
0
0
0
0
0
0
0
0
0
0
0
0
0
0
0
0
0
0
0
0
18
1
1
6
0
0
0
6
0
0
0
0
0
0
0
0
0
0
0
0
0
0
0
0
0
0
0
0
0
0
0
3
7
7
3
0
0
0
0
0
0
0
0
0
0
0
0
0
0
0
0
0
0
0
0
0
0
15
10
0
0
0
0
0
0
0
0
0
0
0
0
0
0
0
0
0
0
0
0
0
0
0
0
0
5
9
0
0
13
8
0
4
0
0
0
0
0
0
0
0
0
0
0
0
0
0
0
0
0
0
0
0
0
0
16
137
255
222
124
102
0
0
0
0
0
0
0
0
0
0
0
0
0
5
2
0
0
2
44
233
253
251
174
255
255
249
255
240
229
32
15
0
0
6
0
9
0
0
0
0
0
0
0
3
0
0
112
254
243
255
245
255
254
244
255
255
255
146
0
9
12
0
28
0
0
0
0
0
0
0
0
8
4
13
190
255
252
255
255
244
206
122
207
255
251
255
84
0
0
0
0
12
0
0
0
0
4
4
0
10
0
0
111
138
150
144
169
58
9
0
21
67
248
241
234
0
7
0
20
0
0
0
0
0
0
7
0
15
0
0
2
2
19
1
0
7
10
0
9
31
175
255
228
31
5
0
0
8
0
0
0
0
0
3
0
5
2
16
0
0
0
0
14
0
0
26
0
0
143
255
253
160
16
9
3
0
0
0
0
0
8
2
0
0
0
0
0
1
0
10
0
15
0
0
0
8
144
238
228
25
5
0
0
5
0
0
0
0
0
0
13
13
2
0
15
0
0
3
0
0
0
5
5
0
42
251
233
76
0
7
6
0
0
0
0
0
0
0
0
0
0
0
0
0
4
1
0
0
0
7
0
15
40
224
255
234
0
17
0
3
0
0
0
0
0
0
0
0
0
0
0
0
0
0
2
9
5
10
3
0
2
179
246
248
11
0
13
0
0
0
0
0
0
0
0
0
0
0
0
0
1
0
0
0
0
0
1
0
41
255
255
195
0
0
0
21
0
0
0
0
0
0
0
0
0
0
0
0
0
0
0
0
0
8
2
30
184
255
233
10
9
12
0
0
0
0
0
0
0
0
0
0
0
0
0
0
0
2
0
5
3
10
0
64
255
238
201
5
4
0
8
14
0
0
0
0
0
0
0
0
0
0
0
0
2
6
0
0
0
0
10
134
255
255
92
14
0
10
0
0
0
0
0
0
0
0
0
0
0
0
0
0
0
2
0
0
4
7
138
246
246
254
85
0
7
0
1
9
0
0
0
0
0
0
0
0
0
0
0
0
0
1
6
0
2
0
194
255
251
146
1
0
0
16
0
0
0
0
0
0
0
0
0
0
0
0
0
0
0
14
2
0
7
0
188
250
220
49
0
4
2
2
0
4
0
0
0
0
0
0
0
0
0
0
0
0
18
0
0
12
0
28
228
240
57
1
7
11
0
0
0
0
0
0
0
0
0
0
0
0
0
0
0
0
0
0
13
0
1
134
248
123
0
0
8
0
0
9
6
0
0
0
0
0
0
0
0
0
0
0
0
0
13
0
0
10
1
0
5
3
11
4
0
0
2
8
2
2
0
0
0
0
