2
0
0
0
0
8
4
0
0
0
0
0
0
3
0
3
0
10
0
0
0
0
4
0
2
0
0
0
0
0
6
6
0
0
0
7
7
9
7
1
2
0
0
1
4
0
3
18
9
0
3
4
0
0
0
0
0
2
0
2
0
0
1
3
0
0
0
3
9
6
0
0
0
6
0
0
0
0
0
0
0
0
0
0
0
6
0
0
11
3
0
0
0
9
0
0
0
0
2
3
14
0
10
12
2
0
8
19
0
0
0
0
0
0
0
6
4
0
0
4
12
0
0
52
117
198
255
248
239
255
112
0
0
20
0
0
4
0
0
0
0
0
9
2
0
1
8
0
0
6
93
217
254
254
255
249
255
247
216
83
2
2
5
10
0
0
0
0
0
0
9
0
0
13
6
0
17
192
225
255
248
238
255
248
251
255
255
98
0
0
0
0
0
0
0
0
0
0
8
0
0
4
0
16
135
248
255
248
117
15
6
3
33
250
249
88
0
13
3
0
3
0
0
0
0
12
0
9
0
1
0
0
158
247
246
135
7
0
7
8
18
248
255
188
8
3
1
0
3
0
0
0
0
0
0
9
1
10
11
18
127
255
129
0
6
19
3
0
29
255
248
253
0
0
0
0
0
0
0
0
0
1
2
8
0
0
0
0
25
74
42
0
0
0
0
13
22
250
251
180
0
0
5
19
2
0
0
0
0
0
4
3
0
0
0
4
0
0
4
20
7
5
0
5
18
250
255
85
6
1
0
2
0
0
0
0
0
0
0
0
6
1
1
16
0
5
0
0
0
2
8
3
105
255
239
80
0
21
0
0
21
0
0
0
0
6
1
0
2
0
0
0
0
0
16
12
7
0
15
60
244
240
198
10
0
0
0
0
0
0
0
0
0
0
0
1
1
3
6
4
9
3
0
0
5
5
0
98
249
255
162
0
18
2
16
10
0
0
0
0
0
0
0
5
0
1
9
0
0
0
0
9
0
74
65
229
255
249
24
13
0
0
0
0
11
0
0
0
0
0
0
0
6
6
0
1
7
10
4
75
210
224
249
255
251
180
12
0
5
2
0
0
0
0
0
0
0
3
3
0
0
0
0
0
0
0
143
255
241
255
255
245
248
249
140
9
0
0
0
4
0
0
0
0
0
0
2
3
0
2
13
14
5
37
244
241
93
186
245
248
255
255
238
255
73
0
0
6
0
0
0
0
0
0
2
5
1
0
0
0
0
138
229
117
11
207
255
230
183
213
255
241
220
232
215
0
0
0
0
0
0
0
0
1
5
0
0
0
20
237
217
4
175
247
255
81
9
46
133
254
247
240
248
0
6
0
0
0
0
4
0
0
5
3
0
22
56
255
229
173
255
248
49
0
0
5
0
100
152
112
0
20
0
0
0
0
0
8
0
0
0
0
0
0
16
209
249
255
238
183
23
3
0
0
11
0
0
3
0
0
6
0
0
0
0
0
0
0
2
3
3
0
0
37
216
255
104
27
0
0
0
0
15
0
0
14
0
0
0
0
0
0
0
0
0
0
0
0
0
0
0
0
0
0
0
0
0
0
0
0
0
0
0
0
0
0
0
0
0
0
0
0
0
0
0
0
0
0
0
0
0
0
0
0
0
0
0
0
0
0
0
0
0
0
0
0
0
0
0
0
0
0
0
0
0
0
0
0
0
0
0
0
0
0
0
0
0
0
0
0
0
0
0
0
0
0
0
0
0
0
0
0
0
0
0
0
0
0
0
0
0
0
0
0
0
0
0
0
0
0
0
0
0
0
0
