7
0
0
0
0
0
0
0
0
3
0
0
0
3
4
0
5
0
9
0
0
0
3
0
1
0
0
0
0
0
0
0
0
0
0
0
0
6
1
3
2
1
0
0
0
0
0
5
15
0
3
1
3
0
0
0
0
0
0
0
0
0
0
0
0
0
0
0
0
0
0
0
0
7
0
0
12
0
3
0
0
0
0
0
0
0
0
0
0
0
0
0
0
1
11
5
3
0
0
3
0
0
0
0
0
0
6
7
6
0
0
0
0
0
0
0
0
0
0
0
0
0
2
0
0
1
0
11
2
0
12
14
0
4
0
0
0
0
0
0
0
0
0
0
0
0
0
0
0
8
14
0
8
7
0
5
0
1
9
0
0
7
10
6
11
0
0
0
0
0
0
0
0
0
0
0
0
0
0
0
3
10
0
8
0
4
0
0
30
0
0
0
0
0
0
0
0
0
0
0
0
0
0
0
0
0
6
7
76
122
132
177
184
132
130
159
217
45
14
0
3
0
0
0
0
0
1
5
0
0
6
30
106
108
214
238
246
253
255
242
254
247
255
254
241
92
0
2
0
0
0
0
0
11
0
0
0
0
2
218
255
255
251
244
255
240
245
184
187
170
154
188
255
195
0
7
9
0
0
0
0
9
0
5
4
0
0
237
255
241
190
183
165
40
32
0
29
13
0
71
250
214
0
4
0
0
0
0
0
0
0
7
1
0
3
64
107
67
7
0
4
0
25
0
0
0
0
65
255
252
67
15
0
0
0
0
0
0
5
0
0
0
16
0
19
0
0
8
4
0
0
6
1
0
12
66
220
255
103
0
0
0
0
0
0
3
1
0
0
2
0
0
0
0
10
0
0
13
0
0
0
0
0
128
243
193
46
2
7
0
0
0
0
0
0
4
4
2
0
11
0
8
1
0
0
2
0
0
14
7
76
226
255
83
0
12
0
0
0
0
0
0
1
2
0
0
8
0
2
0
0
16
4
0
19
0
0
2
212
255
213
31
0
5
0
0
0
0
0
0
0
0
0
0
0
0
0
0
9
0
0
2
0
7
0
93
255
207
46
0
0
1
0
0
0
0
0
0
0
0
0
0
0
0
0
0
7
3
0
6
1
2
99
237
255
180
0
0
6
0
2
0
0
0
0
0
0
0
0
0
0
0
0
0
0
0
13
8
0
0
176
255
249
65
3
0
0
0
6
0
0
0
0
0
0
0
0
0
0
0
0
0
8
10
0
0
10
118
244
230
146
0
14
1
0
6
1
0
0
0
0
0
0
0
0
0
0
0
0
4
0
19
0
9
0
235
255
238
33
8
0
10
8
0
0
0
0
0
0
0
0
0
0
0
0
0
0
2
0
0
9
6
39
255
236
159
0
12
1
0
0
2
0
0
0
0
0
0
0
0
0
0
0
0
0
0
26
0
0
45
202
255
174
28
6
0
27
0
0
3
5
0
0
0
0
0
0
0
0
0
0
0
0
10
0
16
48
216
255
147
43
0
0
3
0
2
10
0
3
0
0
0
0
0
0
0
0
0
0
0
0
0
19
114
255
255
236
0
10
0
0
0
0
0
0
0
0
0
0
0
0
0
0
0
0
0
0
0
0
27
0
185
245
232
52
5
0
0
0
0
0
0
0
0
0
0
0
0
0
0
0
0
0
0
0
0
0
0
33
199
255
116
0
12
6
0
0
0
0
0
0
0
0
0
0
0
0
0
0
0
0
0
0
0
0
5
11
0
1
0
0
18
0
0
0
0
0
0
0
0
0
0
0
0
0
