4
0
3
0
8
7
0
3
0
0
0
0
0
0
6
4
0
2
13
0
15
2
0
0
3
0
0
0
0
0
4
0
0
0
0
0
1
0
3
2
0
0
3
3
0
0
0
19
0
0
2
0
8
0
0
0
0
0
0
2
11
0
14
0
7
2
4
3
0
0
0
2
2
6
0
6
0
3
12
0
0
0
0
0
0
12
6
0
0
0
7
0
0
0
1
3
1
0
0
0
2
0
10
0
17
0
0
5
11
0
0
0
0
0
0
0
11
9
19
0
0
0
0
0
2
2
0
0
0
3
0
2
0
0
10
2
0
0
0
0
0
0
2
0
6
1
0
0
5
1
0
0
2
4
1
0
0
0
46
209
46
3
0
9
16
0
0
0
0
8
10
0
0
7
9
142
210
14
3
0
0
3
2
0
0
0
54
255
39
0
0
0
0
0
0
0
0
0
9
0
0
8
0
166
254
26
9
0
0
2
2
0
0
7
66
244
48
0
4
14
0
0
0
0
0
5
0
0
0
0
0
179
253
115
0
2
0
0
6
0
4
0
206
248
54
9
0
0
9
0
0
0
0
0
2
9
8
4
11
160
255
122
17
6
5
6
0
1
2
6
224
255
22
0
14
3
0
0
0
0
0
0
10
3
0
0
0
133
251
52
0
0
3
2
0
5
0
0
244
253
49
17
0
10
1
0
0
0
0
5
2
0
0
3
9
166
255
41
1
4
3
0
5
7
0
5
222
242
26
7
0
0
17
0
0
0
0
1
0
0
8
11
0
185
249
108
20
6
0
0
8
0
2
0
233
216
20
0
0
9
0
0
0
0
0
3
0
0
5
0
0
167
253
180
76
67
81
90
103
56
97
141
242
170
10
0
23
1
9
0
0
0
0
0
4
0
1
0
15
118
249
255
241
253
255
253
255
232
255
255
246
255
241
253
235
0
0
0
0
0
0
0
10
0
0
0
18
2
148
187
249
255
223
165
180
178
177
242
255
96
97
52
0
0
6
0
0
0
0
0
0
0
0
0
0
0
0
3
0
11
4
0
0
2
1
240
237
22
0
0
4
0
5
0
0
0
0
0
0
0
0
0
0
0
0
3
0
6
3
0
0
0
8
229
204
12
0
2
4
0
6
0
0
0
0
0
0
0
0
0
0
0
0
3
0
1
1
0
3
0
30
240
132
0
0
5
0
0
0
0
0
0
0
0
0
0
0
0
0
0
0
0
0
0
0
0
4
2
69
254
69
0
9
0
0
15
0
0
0
0
0
0
0
0
0
0
0
0
0
0
0
0
0
0
2
5
114
248
102
16
2
0
0
13
2
0
0
0
0
0
0
0
0
0
0
0
0
0
1
0
1
0
1
4
148
253
196
73
0
5
0
0
7
0
0
0
0
0
0
0
0
0
0
0
0
0
3
0
3
0
2
0
162
255
202
58
0
8
1
0
0
0
0
0
0
0
0
0
0
0
0
0
0
2
3
0
4
0
4
0
163
254
120
0
2
1
0
11
0
0
0
0
0
0
0
0
0
0
0
0
0
0
7
0
4
7
0
19
144
228
33
0
13
0
0
0
0
0
0
0
0
0
0
0
0
0
0
0
0
0
8
0
0
15
5
0
22
9
0
3
3
0
12
7
0
0
0
0
0
0
0
0
0
0
0
0
0
0
8
0
0
3
8
0
0
0
7
11
0
0
2
0
12
0
0
0
0
0
0
0
0
0
0
0
0
1
0
1
3
0
0
1
10
7
3
0
0
11
0
0
8
0
0
0
0
