8
2
1
3
0
8
0
3
5
0
0
0
0
0
0
1
5
0
11
0
0
14
4
0
7
0
0
0
0
0
0
1
0
0
0
1
0
0
7
9
0
0
4
0
0
10
0
0
0
0
0
8
0
0
0
0
0
0
1
5
4
0
3
5
0
9
0
0
0
0
0
0
11
0
0
12
1
1
0
2
6
0
0
0
0
1
2
5
6
0
4
7
0
0
3
10
0
0
8
5
0
9
10
0
0
9
10
0
4
0
0
0
0
0
0
0
0
0
0
1
0
9
4
0
0
0
0
0
3
0
0
0
18
0
5
0
0
0
0
0
0
2
0
0
0
20
0
0
0
2
0
0
0
9
12
10
6
41
147
128
126
147
117
6
10
0
0
0
0
4
0
4
0
53
5
0
5
0
8
4
11
91
209
255
250
255
241
255
255
234
255
191
5
0
0
0
0
0
0
4
0
71
5
0
3
13
0
32
163
255
255
247
255
237
236
228
136
165
244
255
123
0
0
0
0
0
0
0
0
0
0
0
0
0
9
121
245
255
255
215
137
28
0
0
11
0
57
155
1
0
0
0
0
0
0
0
0
0
0
0
0
19
3
152
255
254
97
16
0
0
25
0
63
0
0
20
0
0
0
0
0
0
0
0
0
0
0
0
0
3
0
102
247
247
106
0
0
0
0
0
0
18
37
8
7
0
0
0
0
0
0
0
0
0
0
0
0
3
0
63
251
251
189
6
1
7
0
6
81
219
255
215
24
0
0
0
0
0
0
0
0
0
0
0
0
3
3
37
255
249
192
0
11
9
6
163
244
248
255
238
220
0
0
0
0
0
0
0
0
0
0
0
0
0
2
37
230
255
205
58
55
141
219
255
242
249
255
255
144
0
0
0
0
0
0
0
0
0
0
0
0
6
0
0
115
226
255
251
255
255
232
255
254
255
180
79
0
0
0
0
0
0
0
0
0
0
0
0
0
0
12
15
158
255
255
255
251
250
255
225
229
66
10
0
8
0
0
0
0
0
0
4
6
0
0
11
0
0
71
196
255
255
255
255
241
150
62
31
33
0
0
9
0
0
0
0
0
3
0
0
3
2
3
0
5
62
245
255
248
255
243
243
112
19
0
0
6
0
0
11
0
0
0
0
0
2
0
0
2
3
6
0
66
237
252
250
245
255
255
251
47
1
0
4
1
0
1
4
0
0
0
0
0
0
4
0
4
0
2
0
146
255
255
231
79
190
243
243
69
2
11
5
0
0
1
3
1
0
0
0
0
0
5
0
5
0
0
4
159
247
250
204
42
209
247
246
15
0
0
0
0
8
5
0
2
0
0
0
0
0
2
0
3
0
0
0
91
255
253
254
237
242
255
139
7
9
6
0
5
11
0
0
0
0
0
0
0
1
0
0
4
0
0
0
19
205
255
255
249
237
210
0
0
2
0
0
0
0
0
0
4
0
0
0
0
0
0
3
6
0
0
11
0
26
148
254
251
241
34
5
0
0
0
5
5
0
0
3
0
0
0
0
0
0
0
0
0
0
0
0
0
1
1
1
1
1
1
1
1
0
0
0
0
0
0
0
0
0
0
0
0
0
0
0
0
0
0
0
0
1
1
1
1
1
1
1
1
0
0
0
0
0
0
0
0
0
0
0
0
0
0
0
0
0
0
0
0
1
1
1
1
1
1
1
1
0
0
0
0
0
0
0
0
0
0
0
0
0
0
0
0
0
0
0
0
0
0
0
0
0
0
0
0
0
0
0
0
0
0
0
0
0
0
0
0
