7
0
0
0
0
0
0
0
0
1
1
0
0
11
0
14
2
7
0
0
4
9
2
0
0
0
0
0
0
0
0
0
0
0
0
0
0
0
2
0
4
0
0
0
0
0
0
0
0
0
0
3
12
0
0
0
0
0
0
0
0
0
0
0
0
0
0
7
4
0
2
0
8
3
8
10
4
0
0
0
0
0
0
0
0
0
0
0
0
0
0
0
0
9
0
10
0
6
0
0
0
0
0
0
0
1
6
2
0
0
0
0
0
0
0
0
0
0
0
0
0
3
0
2
0
3
4
5
6
4
4
1
0
0
4
6
4
0
0
0
0
0
0
0
0
0
0
0
0
0
10
0
10
0
0
0
3
0
0
7
9
3
0
0
3
0
0
0
0
0
0
0
0
0
0
0
0
2
11
0
1
18
0
16
0
7
0
0
0
2
0
0
3
0
0
0
0
0
0
0
0
0
0
0
0
130
120
130
133
246
189
255
193
125
64
9
0
4
1
0
3
0
0
0
0
0
7
2
0
0
4
72
181
253
255
247
255
254
251
255
255
254
255
66
0
2
7
5
0
0
0
0
0
0
4
0
0
0
9
115
255
252
248
255
255
254
253
253
251
252
255
171
12
0
0
0
3
0
0
0
0
0
0
5
12
0
0
111
255
255
242
255
239
251
247
255
249
251
255
249
9
0
5
0
0
0
0
0
0
5
0
0
0
0
8
118
255
255
246
246
161
136
119
248
255
251
254
255
5
0
9
5
0
0
0
0
0
4
0
0
0
0
6
65
136
255
182
74
0
0
13
244
243
253
255
231
13
0
0
4
1
0
0
0
0
0
0
4
8
3
0
0
0
0
12
0
0
7
0
255
255
255
253
159
3
0
0
5
0
0
0
0
0
5
0
0
0
0
5
7
0
1
8
1
0
2
0
249
241
255
246
116
0
2
7
2
0
0
0
0
0
4
0
1
4
0
0
3
0
3
0
0
0
0
0
255
255
255
255
135
2
3
0
0
5
0
0
0
0
0
0
0
0
0
0
0
0
0
0
10
4
0
9
254
255
255
235
145
1
5
0
0
3
0
0
0
0
0
0
0
0
0
0
0
0
3
2
0
0
7
0
255
255
255
255
102
0
3
0
0
0
0
0
0
0
0
0
0
0
0
0
0
0
3
1
0
0
8
12
255
255
237
255
26
0
0
5
6
3
0
0
0
0
0
0
0
0
0
0
0
0
0
0
2
0
0
115
253
255
255
228
7
4
0
5
3
0
0
0
0
0
0
0
0
0
0
0
0
0
0
0
6
2
0
157
247
255
255
127
0
12
0
0
3
0
0
0
0
0
0
0
0
0
0
0
0
0
0
5
0
0
0
141
248
255
241
13
0
1
0
0
5
6
0
0
0
0
0
0
0
0
0
0
0
0
0
5
0
0
0
181
251
255
255
0
5
6
0
0
0
1
0
0
0
0
0
0
0
0
0
0
0
0
0
0
4
2
0
255
251
255
255
0
1
0
0
4
0
4
0
0
0
0
0
0
0
0
0
0
0
0
0
22
0
0
9
255
252
255
255
0
4
10
0
0
14
0
0
0
0
0
0
0
0
0
0
0
0
0
15
0
4
17
0
195
255
244
234
22
0
0
6
7
15
0
0
0
0
0
0
0
0
0
0
0
0
0
1
0
4
0
18
0
255
199
24
0
9
0
8
0
0
5
0
0
0
0
0
0
0
0
0
0
0
0
1
0
18
16
0
7
0
0
0
3
2
0
3
0
0
1
0
0
0
0
