1
0
0
0
0
0
0
0
0
7
0
0
0
2
10
0
0
8
2
0
3
6
0
0
0
0
0
0
0
0
0
0
0
0
0
0
0
0
0
0
20
0
0
0
1
0
4
6
0
0
1
5
2
0
0
0
0
0
0
0
0
0
0
0
0
1
1
0
17
0
0
8
0
3
5
4
0
5
0
0
5
0
0
0
0
0
0
0
0
0
0
0
0
9
10
0
0
0
19
8
4
0
0
3
0
7
0
0
0
0
0
0
0
0
0
0
0
0
0
0
0
0
5
8
5
5
0
0
9
11
0
11
0
2
3
4
0
0
0
0
0
0
0
0
0
0
0
0
0
3
4
0
0
0
7
98
252
148
14
0
0
14
0
0
2
0
0
0
0
0
0
0
0
0
0
0
0
0
2
4
7
4
0
149
255
217
17
0
1
16
0
0
3
0
0
0
0
0
0
0
0
0
0
0
0
5
10
0
0
10
29
235
255
116
0
12
0
0
0
20
0
0
0
0
0
0
0
0
0
0
0
0
0
0
2
4
0
3
52
253
236
24
12
0
0
0
4
1
0
0
0
0
0
0
0
0
0
0
0
0
0
3
0
8
0
1
41
245
228
9
3
0
0
2
5
4
0
0
0
0
0
0
0
0
0
0
0
0
0
7
0
9
0
5
59
250
220
0
0
0
0
3
4
2
0
0
0
0
0
0
0
0
0
0
0
0
0
3
0
4
0
12
120
255
200
0
0
1
2
1
0
0
0
0
0
0
0
0
0
0
0
0
0
0
0
0
0
0
3
9
186
255
156
1
3
3
2
0
0
0
0
0
0
0
0
0
0
0
0
0
0
0
0
0
6
0
4
0
222
255
108
2
2
1
0
0
0
2
4
0
0
0
0
0
0
0
0
0
0
0
0
0
2
0
1
0
229
251
95
1
0
0
0
1
2
2
2
0
0
0
0
0
0
0
0
0
0
0
0
0
0
5
0
1
227
255
107
2
0
0
1
2
2
0
0
0
0
0
0
0
0
0
0
0
0
0
0
9
0
0
5
0
172
255
124
0
0
0
0
0
0
0
0
0
0
0
0
0
0
0
0
0
0
0
0
0
0
17
0
3
129
255
123
0
0
0
0
0
0
0
0
0
0
0
0
0
0
0
0
0
0
0
0
3
0
0
3
0
137
252
127
0
0
0
0
0
0
0
0
0
0
0
0
0
0
0
0
0
0
0
0
6
5
0
7
0
126
241
132
0
0
0
0
0
0
0
0
0
0
0
0
0
0
0
0
0
0
0
0
0
0
15
0
0
73
242
153
0
0
0
0
0
0
0
0
0
0
0
0
0
0
0
0
0
0
0
0
0
0
5
1
8
85
255
196
0
0
0
0
0
0
0
0
0
0
0
0
0
0
0
0
0
0
0
0
2
9
0
11
5
101
255
220
0
0
0
0
0
0
0
0
0
0
0
0
0
0
0
0
0
0
0
0
1
5
9
0
0
46
252
208
0
0
0
0
0
0
0
0
0
0
0
0
0
0
0
0
0
0
0
0
0
2
1
0
6
20
223
99
0
0
0
0
0
0
0
0
0
0
0
0
0
0
0
0
0
0
0
0
0
0
12
0
6
0
15
1
0
0
0
0
0
0
0
0
0
0
0
0
0
0
0
0
0
0
0
0
0
0
9
0
13
8
0
11
0
0
0
0
0
0
0
0
0
0
0
0
0
0
0
0
0
0
0
0
1
7
0
1
0
3
10
9
0
0
0
0
0
0
0
0
0
0
0
0
