8
0
0
0
0
0
0
0
0
0
0
3
0
10
0
1
2
11
0
0
16
0
2
2
2
0
0
0
0
0
0
0
0
0
0
0
0
2
6
0
6
3
0
0
0
0
0
0
14
0
7
0
0
0
0
0
0
0
0
0
0
0
0
0
0
1
0
0
0
18
0
4
2
9
17
8
6
0
7
1
0
0
0
0
0
0
0
0
0
0
0
0
0
4
9
14
0
1
0
0
0
0
0
0
0
7
1
6
0
0
0
0
0
0
0
0
0
0
0
0
0
0
9
0
5
0
11
0
4
0
5
6
6
0
2
2
0
0
0
0
0
0
0
0
0
0
0
0
0
0
0
11
0
19
54
162
237
145
176
150
123
0
8
0
1
0
0
0
0
0
0
0
0
0
0
0
0
16
0
5
90
227
247
255
246
242
255
255
235
63
7
0
4
0
0
0
0
0
0
0
0
0
0
0
0
0
10
33
232
247
255
151
161
157
151
247
255
139
0
0
3
0
0
0
0
0
0
0
0
0
0
0
0
3
35
211
255
228
84
8
0
0
9
140
246
206
5
11
0
0
0
0
0
0
0
0
0
0
0
0
0
0
147
255
255
196
110
4
8
8
0
90
245
247
11
5
3
0
0
0
0
0
0
0
0
0
0
0
0
110
251
251
244
234
155
0
6
0
8
128
248
167
0
0
0
0
0
0
0
0
0
0
0
0
0
0
0
151
247
255
255
107
0
0
0
3
55
252
251
52
15
0
18
0
0
0
0
0
0
0
0
0
0
0
0
114
255
255
245
108
14
0
1
27
176
241
221
63
0
21
0
0
0
0
0
0
0
0
0
0
0
0
0
107
251
236
255
82
0
0
19
199
255
226
25
0
0
1
15
0
0
0
0
0
0
0
0
0
0
0
0
2
50
195
255
213
209
10
170
252
244
152
0
5
9
0
0
0
0
0
0
0
0
0
0
0
0
0
0
0
7
31
205
255
252
230
255
252
136
0
5
0
0
4
2
0
0
0
0
0
0
0
0
0
0
0
0
0
0
0
14
178
255
247
255
255
72
0
9
0
10
5
0
0
0
0
0
0
0
0
0
0
0
0
0
4
13
5
0
155
242
255
245
238
206
46
0
12
0
0
17
0
0
0
0
0
0
0
0
0
0
0
0
0
0
0
135
244
255
160
81
204
248
227
10
7
0
4
0
0
0
0
0
0
0
0
0
0
0
0
0
6
8
8
239
240
137
21
0
17
204
253
166
10
7
0
0
0
0
0
0
0
0
0
0
0
0
0
0
0
0
55
252
243
41
0
2
14
8
154
255
41
16
0
7
0
0
0
0
0
0
0
0
0
0
0
0
16
0
16
233
249
58
1
0
6
0
26
244
159
0
17
0
0
0
0
0
0
0
0
0
0
0
0
0
0
0
3
234
254
136
37
8
32
55
116
255
89
9
0
0
0
0
0
0
0
0
0
0
0
0
0
0
0
16
0
112
227
255
252
195
255
249
250
229
34
6
0
9
0
0
0
0
0
0
0
0
0
0
0
0
8
0
0
0
24
98
165
232
255
235
145
39
0
0
1
0
0
0
0
0
0
0
0
0
0
0
0
0
0
0
6
0
0
7
0
12
0
2
0
0
0
6
4
3
0
0
0
0
0
0
0
0
0
0
0
0
13
3
5
0
0
2
0
0
12
9
2
2
5
0
0
1
0
0
0
0
0
0
0
0
0
0
0
0
0
0
0
0
0
4
1
0
0
0
0
0
4
0
0
6
0
0
0
0
