4
0
0
0
0
0
0
0
0
11
0
12
3
0
0
0
7
6
0
0
2
0
4
14
0
0
0
0
0
0
0
0
0
0
0
0
0
4
0
0
0
0
9
0
0
0
0
10
6
0
0
0
8
0
0
0
0
0
0
0
0
0
0
0
0
0
6
11
3
0
0
8
7
2
0
0
0
8
17
0
13
0
0
0
0
0
0
0
0
0
0
0
0
6
0
0
0
3
4
0
0
0
11
11
0
0
0
0
0
0
0
0
0
0
0
0
0
0
0
0
0
5
0
11
0
12
0
4
15
0
1
0
12
1
0
19
0
0
0
0
0
0
0
0
0
0
0
0
0
0
32
0
0
45
239
161
0
11
0
0
0
0
0
6
3
0
0
0
0
0
0
0
0
0
0
0
0
18
0
4
72
246
245
255
61
0
5
17
0
9
22
0
0
0
0
0
0
0
0
0
0
0
0
0
0
0
13
0
196
255
255
232
43
0
0
6
0
143
226
59
1
0
0
0
0
0
0
0
0
0
0
0
0
5
0
125
251
255
251
126
0
1
3
0
25
245
255
120
10
0
0
0
0
0
0
0
0
0
0
0
0
0
41
228
255
255
127
2
0
3
0
27
114
250
254
139
0
0
0
0
0
0
0
0
0
0
0
0
0
0
138
255
255
206
13
0
8
5
1
4
244
251
255
123
0
0
0
0
0
0
0
0
0
0
0
0
0
3
202
242
255
82
0
19
1
0
22
207
255
243
207
15
15
0
0
0
0
0
0
0
0
0
0
0
0
0
208
255
247
0
3
2
0
0
115
255
228
255
138
0
0
0
0
0
0
0
0
0
0
0
0
0
0
0
205
238
200
27
8
1
0
36
247
237
255
255
34
7
7
0
0
0
0
0
0
0
0
0
0
0
0
10
197
253
255
245
228
255
255
243
255
255
240
215
29
0
0
0
0
0
0
0
0
0
0
0
0
0
0
0
118
255
246
255
255
251
255
255
255
251
229
27
11
0
6
0
0
0
0
0
0
0
0
0
0
0
0
9
0
135
251
252
253
254
255
241
255
162
0
3
2
0
6
0
0
0
0
0
0
0
0
0
0
0
0
4
0
10
14
47
99
251
244
255
204
27
9
0
0
0
0
0
0
0
0
0
0
0
0
0
0
0
0
0
15
0
0
0
174
252
255
241
65
0
0
7
0
0
3
0
0
0
0
0
0
0
0
0
0
0
0
0
3
0
12
63
245
255
238
119
0
12
0
1
3
0
7
0
0
0
0
0
0
0
0
0
0
0
0
19
0
0
11
202
236
255
125
1
3
0
22
0
0
4
0
0
0
0
0
0
0
0
0
0
0
0
0
0
0
10
127
255
255
177
1
0
2
0
0
0
3
0
3
0
0
0
0
0
0
0
0
0
0
0
0
1
5
61
253
248
228
62
0
14
0
15
0
11
6
0
5
0
0
0
0
0
0
0
0
0
0
0
0
0
0
96
251
239
29
11
0
0
13
0
18
0
0
12
0
0
0
0
0
0
0
0
0
0
0
0
0
0
11
32
185
166
0
0
0
0
0
0
0
0
0
0
0
0
0
0
0
0
0
0
0
0
0
0
0
0
12
0
14
5
0
9
6
0
0
0
0
0
0
0
0
0
0
0
0
0
0
0
0
0
0
0
0
0
0
8
0
0
9
3
0
0
0
0
0
0
0
0
0
0
0
0
0
0
0
0
0
0
0
0
0
3
0
8
5
6
10
0
0
0
0
0
0
0
0
0
0
0
0
0
0
