2
0
0
0
0
0
0
0
0
0
0
0
0
0
0
0
0
7
0
2
3
12
0
1
0
0
0
0
0
0
0
0
0
0
0
0
0
0
0
0
0
0
0
0
0
1
4
0
0
0
7
0
1
0
0
0
0
0
0
0
0
0
0
0
0
0
0
0
0
0
0
0
0
0
7
9
0
0
0
0
4
0
0
0
0
0
0
0
0
0
0
0
0
0
0
0
0
0
0
0
0
0
2
7
10
0
2
4
0
0
0
0
0
0
0
0
0
0
0
0
0
0
0
0
0
0
0
0
0
9
0
0
9
0
14
5
0
0
0
0
0
0
0
0
0
0
0
0
0
0
0
0
0
0
0
0
0
0
0
24
0
15
0
5
0
0
0
0
0
0
0
0
0
0
0
0
0
0
0
0
0
0
0
0
0
26
107
154
97
140
58
17
0
0
0
0
0
0
0
0
0
0
0
0
0
0
0
0
0
0
0
0
0
99
255
244
255
255
223
33
3
0
0
0
0
0
0
4
2
0
0
2
3
0
8
0
3
1
1
7
89
227
255
255
252
255
252
177
0
0
0
0
0
8
0
0
0
0
0
0
0
0
6
5
6
0
14
116
233
255
252
254
43
146
255
209
0
0
0
0
0
2
0
0
7
9
2
0
5
0
6
3
0
11
102
241
255
225
149
17
0
165
247
200
2
0
0
0
0
0
1
3
1
0
0
0
0
6
2
0
0
15
120
255
223
122
17
0
70
244
229
110
1
0
0
0
0
0
3
0
0
0
7
9
2
0
0
0
7
0
0
92
75
13
1
4
205
254
206
25
0
0
0
0
0
0
0
0
1
10
15
4
0
6
7
2
11
5
0
14
4
0
13
161
246
255
109
0
9
0
0
0
0
4
1
3
4
0
0
0
15
42
175
248
228
137
28
0
1
43
213
255
239
125
2
12
0
0
0
0
0
3
0
0
3
0
5
84
173
248
255
241
255
255
187
53
60
223
255
246
83
2
0
0
0
0
0
0
0
0
7
0
2
2
149
227
255
255
204
97
205
250
252
255
251
254
213
111
2
0
0
5
0
0
0
0
0
3
3
0
0
163
239
255
228
60
40
0
43
219
252
243
255
178
40
0
0
2
7
0
2
0
0
0
0
6
0
0
105
248
251
154
15
59
55
198
255
255
246
255
216
105
20
0
11
0
0
0
8
0
0
0
0
0
1
5
177
236
250
216
195
248
252
252
255
146
96
205
255
254
199
29
0
0
2
12
0
0
0
0
0
4
10
0
124
255
255
244
255
233
210
76
51
12
6
84
211
255
182
8
0
9
3
7
0
0
0
0
0
0
1
0
8
58
28
50
56
28
0
1
0
0
4
0
9
52
6
7
12
0
0
0
2
0
0
0
0
6
0
0
12
0
11
14
0
0
0
22
0
2
4
0
2
5
0
13
0
0
11
5
0
0
0
0
0
0
4
5
0
0
1
0
10
0
8
0
0
0
0
10
0
0
7
3
0
18
0
0
8
0
0
0
0
0
0
0
0
0
0
0
0
0
0
0
0
0
0
0
0
0
0
0
0
0
0
0
0
0
0
0
0
0
0
0
0
0
0
0
0
0
0
0
0
0
0
0
0
0
0
0
0
0
0
0
0
0
0
0
0
0
0
0
0
0
0
0
0
0
0
0
0
0
0
0
0
0
0
0
0
0
0
0
0
0
0
0
0
0
0
0
0
0
0
0
0
0
0
0
0
0
0
0
0
0
0
0
0
0
0
0
0
0
0
0
0
