5
0
0
0
0
0
0
0
0
0
0
0
0
0
0
0
0
0
0
0
0
0
0
0
0
0
0
0
0
0
0
0
0
0
0
0
0
0
0
0
0
0
0
0
0
0
0
0
0
0
0
0
0
0
0
0
0
0
0
0
0
0
0
0
0
0
0
0
0
0
0
0
0
0
0
0
0
0
0
0
0
0
0
0
0
0
0
0
0
0
0
0
0
0
0
0
0
0
0
0
0
0
0
0
0
0
0
0
0
0
0
0
0
0
0
0
0
0
0
0
0
0
0
0
0
0
0
0
0
0
0
0
0
0
0
0
0
0
0
0
0
0
0
0
0
0
0
0
0
0
0
0
0
0
0
0
0
0
0
0
0
0
0
0
0
0
0
0
0
0
0
0
0
0
0
0
0
0
0
0
0
0
0
0
0
0
0
0
0
0
0
0
0
0
0
0
0
0
0
0
0
0
0
0
0
0
0
0
0
0
0
0
0
0
0
0
0
0
0
0
0
0
0
0
0
0
0
0
0
0
0
0
0
2
0
0
24
146
109
0
0
0
2
0
5
0
5
10
70
105
0
9
0
0
0
0
0
0
0
0
0
12
0
0
171
254
180
147
222
154
115
87
90
97
157
200
252
203
23
0
0
0
0
0
0
0
0
0
0
0
14
39
255
198
5
100
205
255
254
255
253
246
255
224
161
57
0
3
8
0
0
0
0
0
0
0
0
11
0
133
255
178
5
0
9
30
107
174
145
74
41
13
6
0
0
12
0
0
0
0
0
0
0
0
0
0
6
125
235
152
4
22
0
11
4
3
0
15
3
0
8
15
1
0
0
0
0
0
0
0
0
0
0
14
0
84
248
237
159
59
0
0
0
2
0
9
5
0
0
0
0
0
16
0
0
0
0
0
0
0
0
0
0
0
164
241
250
255
210
30
0
7
0
0
0
12
1
15
10
0
0
0
0
0
0
0
0
0
0
4
5
6
0
29
103
197
251
216
26
0
11
9
0
8
0
0
0
0
14
0
3
5
0
0
0
12
0
6
0
12
0
6
0
7
177
255
113
0
0
11
0
0
6
0
0
0
0
5
2
0
12
0
0
0
12
0
3
5
0
13
0
6
183
244
64
0
4
5
6
0
0
0
0
0
0
3
0
13
0
3
134
58
0
6
5
0
0
3
13
77
217
237
28
4
6
0
11
0
4
0
0
0
0
0
19
0
0
5
171
255
133
33
0
1
9
0
71
210
255
166
8
6
5
0
8
0
5
0
0
0
0
1
2
0
13
0
46
195
252
229
144
108
145
187
251
255
153
41
0
0
9
0
4
0
0
0
0
0
0
0
0
26
0
0
0
0
132
185
190
178
178
189
174
112
30
0
2
0
5
6
0
3
0
0
0
0
0
0
31
0
0
3
7
0
12
0
5
1
0
1
5
0
0
0
11
0
2
0
0
7
2
0
0
0
0
0
0
0
22
0
7
3
0
6
0
8
10
0
0
1
5
5
0
0
9
2
0
7
0
0
0
0
0
0
0
0
0
0
0
0
0
0
0
0
0
0
0
0
0
0
0
0
0
0
0
0
0
0
0
0
0
0
0
0
0
0
0
0
0
0
0
0
0
0
0
0
0
0
0
0
0
0
0
0
0
0
0
0
0
0
0
0
0
0
0
0
0
0
0
0
0
0
0
0
0
0
0
0
0
0
0
0
0
0
0
0
0
0
0
0
0
0
0
0
0
0
0
0
0
0
0
0
0
0
0
0
0
0
0
0
0
0
0
0
0
