5
0
0
0
0
0
0
0
0
3
0
0
5
0
5
9
0
0
0
5
0
0
0
0
2
0
0
0
0
0
0
0
0
0
0
0
0
2
0
0
0
7
0
0
18
5
0
11
4
4
12
0
11
0
0
0
0
0
0
0
0
0
0
0
0
7
0
4
0
3
0
11
0
4
7
0
0
0
0
4
0
0
0
0
0
0
0
0
0
0
0
0
0
0
21
2
0
9
0
0
49
127
209
251
94
0
13
0
1
0
0
0
0
0
0
0
0
0
0
0
0
0
0
2
15
0
29
144
255
255
228
112
22
0
0
14
0
0
0
0
0
0
0
0
0
0
0
0
0
8
10
0
58
187
255
247
238
115
5
0
0
20
9
0
18
0
0
0
0
0
0
0
0
0
0
0
0
0
42
182
244
255
224
155
42
0
6
2
0
0
1
7
0
0
0
0
0
0
0
0
0
0
0
0
0
11
70
240
255
224
35
5
0
1
0
11
0
0
8
0
5
0
0
0
0
0
0
0
0
0
0
0
0
0
14
199
242
121
0
0
5
4
0
1
12
8
0
0
7
0
0
0
0
0
0
0
0
0
0
0
0
3
34
253
213
16
0
19
0
0
0
0
0
0
8
10
3
0
0
0
0
0
0
0
0
0
0
0
0
1
180
255
107
0
8
0
2
3
3
10
18
10
0
0
0
0
0
0
0
0
0
0
0
0
0
0
0
0
250
253
124
11
0
0
9
0
1
0
0
0
3
7
0
0
0
0
0
0
0
0
0
0
0
0
0
11
216
246
255
216
175
114
93
15
1
0
12
13
0
0
3
0
0
0
0
0
0
0
0
0
0
0
0
0
11
112
217
205
255
254
239
255
163
57
3
0
2
3
3
0
0
0
0
0
0
0
0
0
0
0
0
0
0
0
2
0
37
59
162
186
255
255
135
18
0
3
0
0
0
0
0
0
0
0
0
0
0
0
0
5
3
0
10
0
0
0
0
8
108
230
255
167
39
0
4
0
0
0
0
0
0
0
0
0
0
0
0
4
0
0
14
0
0
10
0
0
0
31
254
247
107
0
0
0
0
0
0
0
0
0
0
0
0
0
0
0
10
4
0
9
0
0
5
7
0
11
254
249
94
8
9
0
0
0
0
0
0
0
0
0
0
0
0
48
169
18
12
0
10
0
0
0
19
144
255
250
73
0
0
0
0
0
0
0
0
0
0
0
0
0
0
192
244
49
0
18
0
14
19
89
226
237
253
95
0
5
20
0
0
0
0
0
0
0
0
0
0
0
0
205
255
234
104
103
107
152
203
255
255
228
113
31
0
0
0
0
0
0
0
0
0
0
0
0
0
0
0
44
172
255
248
241
255
249
255
233
170
9
20
0
6
8
1
0
0
0
0
0
0
0
0
0
0
0
0
6
24
93
179
255
178
163
124
38
2
8
3
10
0
0
9
0
0
0
0
0
0
0
0
0
0
0
0
0
9
1
0
0
9
0
11
0
4
0
0
5
0
13
0
0
0
0
0
0
0
0
0
0
0
0
0
0
0
0
0
0
0
0
0
0
0
0
0
0
0
0
0
0
0
0
0
0
0
0
0
0
0
0
0
0
0
0
0
0
0
0
0
0
0
0
0
0
0
0
0
0
0
0
0
0
0
0
0
0
0
0
0
0
0
0
0
0
0
0
0
0
0
0
0
0
0
0
0
0
0
0
0
0
0
0
0
0
0
0
0
0
0
0
0
0
0
0
0
0
0
0
0
0
0
0
0
0
0
0
0
