3
0
0
0
0
0
0
0
0
0
0
6
2
0
2
5
0
10
0
0
3
0
0
9
0
0
0
0
0
0
0
0
0
0
0
0
0
8
0
0
3
1
8
5
0
0
0
0
8
4
2
0
0
0
0
0
0
0
0
0
0
0
0
0
0
0
6
0
0
7
0
0
10
11
24
0
0
0
5
0
8
0
0
0
0
0
0
0
0
0
0
0
0
0
2
0
4
6
0
0
5
0
0
0
1
4
14
0
2
0
0
0
0
0
0
0
0
0
0
0
0
2
0
9
15
0
0
25
0
10
0
19
2
0
0
0
0
0
0
0
0
0
0
0
0
0
0
0
0
0
148
224
249
255
255
255
244
188
153
154
106
43
10
0
4
0
0
0
0
0
0
0
0
0
0
0
0
11
232
255
242
255
247
246
255
254
255
252
255
206
141
1
0
0
0
0
0
0
0
0
0
0
0
0
0
0
157
234
204
154
165
172
72
136
172
168
255
255
228
13
6
0
0
0
0
0
0
0
0
0
0
0
0
0
16
0
0
9
0
11
7
0
3
5
130
251
251
74
0
0
0
0
0
0
0
0
0
0
0
0
0
5
0
7
4
0
11
0
0
34
47
168
242
255
226
38
10
0
0
0
0
0
0
0
0
0
0
0
0
0
7
17
0
18
47
0
182
232
255
254
237
255
164
0
0
0
0
0
0
0
0
0
0
0
0
0
0
3
1
42
139
138
169
253
255
255
173
209
178
21
0
27
0
0
0
0
0
0
0
0
0
0
0
0
0
0
139
255
255
254
255
255
246
204
26
26
12
0
3
0
0
0
0
0
0
0
0
0
0
0
0
0
0
0
181
255
243
255
242
255
255
254
100
0
0
9
11
0
7
0
0
0
0
0
0
0
0
0
0
0
0
4
87
198
162
124
116
110
199
255
221
24
1
5
0
4
0
0
0
0
0
0
0
0
0
0
0
0
0
0
3
0
6
0
4
0
17
199
255
101
2
0
15
0
7
0
0
0
0
0
7
0
0
5
12
5
0
0
0
6
0
6
8
0
5
82
245
127
9
0
0
0
0
0
0
0
0
9
0
9
18
0
0
0
15
2
12
0
0
0
3
22
0
2
255
88
4
2
3
0
12
0
0
0
0
0
12
0
0
12
6
0
4
0
16
0
5
20
0
0
11
58
255
132
0
0
7
0
4
0
0
0
0
4
7
1
16
48
15
15
0
0
0
11
1
0
15
13
10
206
245
135
0
0
4
2
0
0
0
0
0
0
0
12
46
255
205
18
0
15
0
0
0
4
0
10
146
255
233
27
5
4
0
0
3
0
0
0
0
0
26
0
55
255
251
243
127
0
3
0
7
4
55
186
251
241
110
0
0
3
0
6
0
0
0
0
0
0
0
17
0
142
255
242
248
255
232
168
195
252
252
255
255
131
0
12
0
0
0
11
0
0
0
0
0
0
2
0
5
2
57
186
255
255
249
255
243
251
239
137
61
0
11
0
9
0
0
1
3
0
0
0
0
0
0
2
5
0
0
14
39
210
238
255
254
185
78
6
0
0
0
0
0
0
0
0
0
0
0
0
0
3
0
0
2
0
0
3
17
0
0
0
7
11
0
0
16
0
0
0
0
0
0
0
0
0
0
0
0
6
0
0
1
3
0
0
0
8
5
0
0
4
0
0
0
0
0
0
0
0
0
0
0
0
0
0
0
4
0
0
2
5
2
0
0
0
1
0
0
1
5
6
12
0
0
0
0
0
0
0
0
0
0
0
0
