0
0
0
0
0
0
0
0
0
0
1
5
1
0
2
3
0
0
14
0
0
6
7
0
0
0
0
0
0
0
0
0
0
0
0
0
0
10
0
0
0
0
0
0
0
0
4
0
6
0
0
14
10
0
0
0
0
0
0
0
0
0
0
0
0
4
0
0
6
12
6
2
5
8
2
10
0
13
0
0
3
0
0
0
0
0
0
0
0
0
0
0
0
0
0
1
2
0
0
0
0
0
3
0
15
0
26
0
0
0
0
0
0
0
0
0
0
0
0
0
0
0
1
0
0
0
1
3
0
13
0
0
2
0
0
16
0
0
0
0
0
0
0
0
0
0
0
0
0
0
0
1
3
4
4
0
0
59
127
255
255
255
127
0
3
0
0
0
0
0
0
0
0
0
0
0
0
5
1
4
6
0
0
16
61
248
255
240
247
242
255
56
4
0
0
0
0
0
0
0
0
0
0
0
0
1
0
0
5
0
15
128
254
249
255
255
255
252
248
255
0
0
0
0
0
0
0
0
0
0
0
0
0
0
4
8
0
12
0
245
255
245
255
251
197
193
255
255
2
0
0
0
0
0
0
0
0
0
0
0
0
0
0
6
0
0
209
255
245
255
251
255
57
238
249
255
0
0
0
0
0
0
0
0
0
0
0
0
0
15
2
0
18
180
240
255
255
182
244
137
9
255
255
225
27
0
0
0
0
0
0
0
0
0
0
0
0
0
0
20
55
252
255
244
57
0
202
0
1
243
255
255
0
0
0
0
0
0
0
0
0
0
0
0
0
5
0
2
255
252
255
202
2
6
0
6
0
255
255
193
5
0
0
0
0
0
0
0
0
0
0
0
0
0
88
174
255
245
255
1
0
0
4
0
5
255
251
133
0
0
0
0
0
0
0
0
0
0
0
0
0
3
191
246
241
255
193
0
11
0
7
0
133
246
199
0
13
0
0
0
0
0
0
0
0
0
0
0
0
187
255
255
255
53
0
1
0
1
5
117
255
252
130
2
0
0
0
0
0
0
10
0
13
0
1
10
0
255
255
253
65
3
0
17
0
0
62
253
255
190
0
0
0
0
0
0
0
0
4
3
0
7
0
0
140
250
250
255
0
0
15
0
0
13
245
247
254
14
0
11
1
0
0
0
0
4
0
7
0
7
0
14
255
255
231
51
3
2
7
5
70
180
252
255
64
0
4
0
0
0
0
0
0
1
2
0
6
0
0
109
255
229
220
11
4
0
9
0
191
255
255
55
0
28
2
0
1
0
0
0
0
0
5
0
11
0
3
154
239
255
125
2
0
13
131
251
255
248
57
6
0
4
0
9
0
0
0
0
0
0
3
0
0
0
2
126
253
255
0
0
81
200
249
255
188
67
16
0
0
0
3
0
8
0
0
0
0
0
0
3
0
4
0
110
255
255
255
249
255
230
255
255
67
0
2
5
0
0
1
3
0
0
0
0
0
0
0
0
5
6
0
132
255
250
255
251
255
255
185
0
6
14
0
2
3
0
10
0
6
0
0
0
0
0
0
3
9
0
0
82
183
252
255
255
180
73
0
0
2
0
0
0
0
0
0
0
0
0
0
0
0
10
0
0
1
0
0
0
10
0
0
1
1
0
0
1
5
0
0
0
0
0
0
0
0
0
0
0
0
0
0
1
3
7
8
0
0
8
4
1
0
2
2
0
0
0
0
0
0
0
0
0
0
0
0
0
0
0
6
7
0
0
0
7
8
0
0
3
2
0
0
1
8
0
0
0
0
0
0
0
0
0
0
0
0
