8
0
0
0
0
0
0
0
0
0
0
1
5
0
14
0
0
0
0
0
0
0
0
0
0
0
0
0
0
0
0
0
0
0
0
0
0
0
4
0
0
2
0
2
6
0
0
0
0
0
0
0
0
0
0
0
0
0
0
0
0
0
0
0
0
7
0
7
22
3
7
7
0
0
0
0
0
0
0
0
0
0
0
0
0
0
0
0
0
0
0
0
0
9
0
6
0
0
2
5
3
0
0
0
0
0
0
0
0
0
0
0
0
0
0
0
0
0
0
0
0
2
0
0
0
27
0
12
0
0
0
0
0
0
0
0
0
0
0
0
0
0
0
0
0
0
0
0
0
0
15
34
249
246
163
140
25
0
0
0
0
0
0
0
0
0
0
0
0
0
0
0
0
0
0
0
0
11
0
0
231
238
178
199
198
0
0
0
0
0
0
0
0
0
0
0
0
0
0
0
0
0
0
0
0
0
0
20
101
214
35
56
255
0
0
0
0
0
0
0
0
0
0
0
0
0
0
0
0
0
0
0
0
6
4
0
26
255
136
89
202
0
7
4
0
7
10
0
8
0
0
0
0
0
0
0
0
0
0
0
0
0
0
0
4
106
235
165
169
0
0
6
5
0
0
15
0
0
0
0
0
0
0
0
0
0
0
0
0
8
4
14
0
10
214
244
60
11
0
0
17
3
0
12
0
0
0
0
0
0
0
0
0
0
0
0
0
0
0
0
18
3
205
255
80
0
10
0
0
10
0
0
1
0
0
0
0
0
0
0
0
0
0
0
0
0
0
2
1
110
176
178
199
0
7
14
0
0
6
0
9
0
0
0
0
0
0
0
0
0
0
0
0
8
5
5
42
226
48
37
215
101
0
0
6
0
8
1
0
0
0
0
0
0
0
0
0
0
0
0
0
0
12
0
165
158
0
0
127
215
45
0
13
11
0
0
0
0
0
0
0
0
0
0
0
0
0
0
0
3
0
90
200
29
0
10
22
227
130
12
0
0
0
8
3
0
0
0
0
0
0
0
0
0
0
0
0
0
19
94
148
0
0
18
0
120
232
8
8
0
7
0
7
0
0
0
0
0
0
0
0
0
0
0
0
0
0
187
82
12
0
0
5
11
214
159
5
9
0
13
0
0
0
0
0
0
0
0
0
0
0
0
0
0
1
166
71
14
0
0
5
3
98
196
0
0
4
0
6
0
0
0
0
0
0
0
0
0
0
0
0
0
11
85
127
0
4
1
1
0
24
253
33
9
0
6
0
0
0
0
0
0
0
0
0
0
0
0
0
4
0
79
171
3
7
15
0
3
9
218
146
0
0
20
0
0
0
0
0
0
0
0
0
0
0
0
0
0
9
9
233
26
0
0
0
5
0
192
142
0
6
0
6
0
0
0
0
0
0
0
0
0
0
0
0
5
0
1
108
160
8
18
1
0
61
249
45
12
0
5
0
0
0
0
0
0
0
0
0
0
0
0
0
0
6
0
5
182
191
48
37
91
224
106
12
0
0
1
1
0
0
0
0
0
0
0
0
0
0
0
0
2
4
0
0
6
65
156
226
218
111
11
0
3
5
0
4
0
0
0
0
0
0
0
0
0
0
0
0
0
0
2
2
0
1
6
11
11
0
0
2
4
0
0
0
0
0
0
0
0
0
0
0
0
0
0
0
6
0
0
0
0
0
0
0
0
1
2
0
0
0
3
1
0
0
0
0
0
0
0
0
0
0
0
0
0
0
1
3
3
4
6
8
6
7
1
0
2
12
5
0
0
0
0
0
