2
0
0
0
0
0
0
0
0
0
0
0
0
11
0
0
0
2
11
0
0
7
2
0
5
0
0
0
0
0
0
0
0
0
0
0
0
0
17
0
5
0
1
4
2
0
7
6
0
1
0
0
0
0
0
0
0
0
0
0
0
0
0
0
0
0
2
0
0
2
0
4
1
7
0
0
5
10
1
0
7
0
0
0
0
0
0
0
0
0
0
0
0
6
0
4
0
0
0
0
0
0
0
0
0
0
2
0
0
0
0
0
0
0
0
0
0
0
0
0
0
0
0
22
0
2
36
105
188
250
255
232
127
0
6
5
2
0
0
0
0
0
0
0
0
0
0
0
0
10
20
9
35
55
249
253
253
255
246
255
204
62
0
0
9
0
0
0
0
0
0
0
0
0
0
0
0
0
37
211
249
255
121
123
87
87
76
250
255
189
16
0
0
0
0
0
0
0
0
0
0
0
0
0
0
112
241
252
210
41
0
20
0
0
17
255
244
187
0
5
0
0
0
0
0
0
6
0
3
10
0
38
169
240
253
206
84
0
16
0
5
8
0
252
255
183
6
0
1
0
0
0
0
0
7
0
0
0
15
123
255
255
220
10
0
25
0
10
0
0
88
255
235
88
0
0
0
0
0
0
0
0
2
3
1
0
25
120
233
195
13
0
3
0
0
19
0
0
246
234
227
15
0
0
7
0
0
0
0
5
0
4
4
0
0
0
15
9
4
9
0
17
2
0
8
63
255
243
186
0
0
0
9
0
0
0
0
0
0
0
8
11
14
11
0
0
0
0
12
1
0
3
12
193
231
251
84
0
0
10
0
0
0
0
0
11
0
0
0
0
0
0
0
20
0
9
0
0
6
3
130
250
255
137
6
0
0
6
0
0
0
0
0
0
2
2
0
0
2
5
9
0
0
3
0
1
0
100
237
246
248
12
0
2
3
0
5
0
0
0
0
0
0
0
0
3
0
0
0
0
3
1
0
4
27
213
255
255
96
4
6
0
9
3
0
0
0
0
0
0
21
0
0
11
0
0
6
8
0
0
2
25
197
248
253
248
233
152
99
0
1
3
6
0
0
0
0
1
0
3
4
0
11
6
0
0
0
80
180
255
251
255
251
249
255
255
233
51
0
19
0
0
0
0
0
8
0
15
0
0
3
0
6
72
147
255
255
234
247
226
177
113
163
240
244
239
147
0
15
0
0
0
0
3
0
8
0
1
0
21
122
242
255
242
234
255
221
59
0
5
0
180
255
255
170
20
0
0
0
0
0
0
6
0
0
11
8
131
235
241
255
255
252
201
16
9
0
0
5
18
49
84
4
0
14
0
0
0
0
0
0
0
6
0
36
238
255
255
239
254
111
5
4
0
18
2
10
0
0
23
3
1
0
0
0
0
0
2
0
0
5
0
42
255
245
251
255
41
0
9
2
0
0
1
0
24
0
0
7
0
1
0
0
0
0
0
6
0
0
2
38
241
255
214
80
5
6
0
0
2
5
1
2
0
0
9
0
0
2
0
0
0
0
0
0
0
0
0
0
0
0
0
0
0
0
0
0
0
0
0
0
0
0
0
0
0
0
0
0
0
0
0
0
0
0
0
0
0
0
0
0
0
0
0
0
0
0
0
0
0
0
0
0
0
0
0
0
0
0
0
0
0
0
0
0
0
0
0
0
0
0
0
0
0
0
0
0
0
0
0
0
0
0
0
0
0
0
0
0
0
0
0
0
0
0
0
0
0
0
0
0
0
0
0
0
0
0
0
0
0
0
0
0
0
0
