5
0
0
0
0
0
0
0
0
0
0
0
0
0
0
0
0
0
3
3
0
0
7
6
0
0
7
3
0
0
0
0
0
0
0
0
0
0
0
0
0
0
0
0
0
0
4
6
1
0
0
0
1
12
0
16
2
0
0
0
0
0
0
0
0
0
0
0
0
0
0
0
0
1
0
0
7
11
6
2
1
0
13
0
0
0
0
0
0
0
0
0
0
0
0
0
0
0
0
0
0
5
1
0
0
0
0
0
0
2
17
0
7
0
0
0
0
0
0
0
0
0
0
0
0
0
0
0
0
0
5
4
0
0
0
8
11
0
0
9
0
0
0
0
0
0
0
0
0
0
0
0
0
0
0
0
0
0
0
0
0
6
10
3
0
0
112
0
0
0
0
0
0
0
0
0
0
0
0
0
0
0
0
0
0
12
0
0
1
1
0
0
9
127
238
0
12
0
0
0
0
0
0
0
0
0
0
0
0
0
0
0
0
0
0
2
10
0
0
78
174
255
108
10
0
0
0
0
0
0
0
0
0
0
0
16
0
15
0
0
5
3
0
0
32
130
227
255
232
133
15
0
6
0
0
0
0
0
0
0
0
3
0
0
0
25
22
53
122
126
140
175
227
255
227
129
39
18
0
6
12
0
0
0
0
0
0
0
0
6
8
0
154
242
228
255
235
240
250
255
226
148
57
2
0
0
0
7
0
0
0
0
0
0
0
0
0
0
0
15
141
249
242
225
250
211
136
54
13
2
0
1
9
14
4
0
0
0
0
0
0
0
0
0
0
5
12
49
194
255
85
56
101
0
0
4
9
7
0
0
0
0
0
0
4
0
0
0
0
0
0
0
0
0
1
182
249
248
239
255
241
2
4
0
0
0
0
3
3
0
2
2
0
0
0
0
0
0
0
0
0
24
0
120
224
121
98
255
198
0
2
3
3
3
3
3
2
6
7
0
0
0
0
0
0
0
0
0
0
0
4
0
16
5
117
255
163
0
0
0
4
2
0
0
0
0
0
3
6
6
0
5
0
0
10
0
4
2
0
4
0
75
253
244
67
0
0
0
0
0
0
0
0
0
0
0
0
0
1
0
2
6
0
4
0
0
12
0
0
161
243
164
5
0
0
0
0
0
0
0
0
0
0
0
0
0
12
0
4
1
4
171
225
219
90
0
84
240
243
139
0
0
0
0
0
0
0
0
0
0
0
0
0
7
8
0
0
2
13
207
255
255
218
147
247
241
128
11
0
0
0
0
0
0
0
0
0
0
0
0
0
0
0
13
0
0
0
177
255
239
255
239
247
90
0
0
8
0
0
0
0
0
0
0
0
0
0
0
0
2
0
0
4
17
7
46
46
28
247
243
70
8
0
7
5
0
0
0
0
0
0
0
0
0
0
0
0
6
6
1
0
0
0
5
10
12
32
29
0
16
0
0
0
0
0
0
0
0
0
0
0
0
0
0
0
0
11
0
4
7
0
6
0
0
1
10
0
0
9
10
2
0
0
0
0
0
0
0
0
0
0
0
0
0
0
0
0
0
0
0
0
0
0
0
0
0
0
0
0
0
0
0
0
0
0
0
0
0
0
0
0
0
0
0
0
0
0
0
0
0
0
0
0
0
0
0
0
0
0
0
0
0
0
0
0
0
0
0
0
0
0
0
0
0
0
0
0
0
0
0
0
0
0
0
0
0
0
0
0
0
0
0
0
0
0
0
0
0
0
0
0
0
0
0
0
0
0
0
0
0
0
0
0
0
0
0
0
0
0
0
0
0
0
0
0
