5
0
0
0
0
0
0
0
0
0
1
0
0
3
0
0
7
5
5
0
0
8
0
0
3
0
0
0
0
0
0
0
0
0
0
0
0
0
6
4
0
3
9
0
0
0
0
7
8
0
0
0
0
0
0
0
0
0
0
0
0
0
0
0
0
0
16
0
0
8
4
0
21
14
0
0
0
0
10
12
0
0
0
0
0
0
0
0
0
0
0
0
0
16
0
0
21
0
0
0
0
0
0
10
11
0
0
0
8
0
0
0
0
0
0
0
0
0
0
0
0
0
17
13
0
0
2
0
2
7
5
0
0
2
0
0
12
0
0
0
0
0
0
0
0
0
0
0
0
2
5
0
0
17
2
58
196
224
148
47
1
10
9
0
4
0
0
0
0
0
0
0
0
0
0
0
0
0
0
17
0
0
136
255
255
255
243
241
224
173
126
66
0
0
0
0
0
0
0
0
0
0
0
0
0
0
11
0
17
160
255
255
246
190
176
229
255
238
255
254
159
0
0
0
0
0
4
0
0
2
2
0
1
0
0
0
176
255
255
223
103
36
0
1
0
70
85
98
70
0
0
0
0
0
3
0
0
3
0
0
0
0
8
134
229
253
250
20
14
0
0
1
13
9
0
5
0
0
0
0
0
0
3
1
0
3
0
0
0
10
126
251
248
252
66
16
0
9
0
7
0
0
0
4
0
0
0
0
0
0
3
1
0
2
0
0
9
84
244
255
255
76
9
0
0
15
0
20
0
1
15
3
0
0
0
0
0
0
3
0
0
1
0
5
24
223
255
247
91
0
0
4
8
0
0
3
0
4
0
0
2
0
0
0
0
0
2
0
0
0
0
9
34
243
255
179
21
40
79
124
117
127
118
0
7
9
0
5
11
0
0
0
0
0
2
0
0
1
0
8
35
250
255
255
182
222
255
255
252
246
242
89
0
0
0
0
0
0
0
0
0
0
1
2
2
1
0
4
31
255
245
250
255
253
249
255
205
179
252
245
0
3
2
0
7
0
0
0
0
0
0
0
0
0
0
0
0
197
249
249
255
212
110
21
3
71
255
240
8
0
2
3
1
0
0
0
0
0
0
0
0
0
0
0
0
16
150
159
51
7
0
8
44
171
253
254
6
0
6
3
0
0
0
0
0
0
0
0
0
0
0
0
0
0
13
0
2
16
1
0
120
255
255
194
3
0
6
0
0
0
0
0
0
0
0
0
0
0
0
0
0
4
11
0
1
0
0
69
248
255
237
66
0
4
1
0
3
0
0
0
0
0
0
0
0
0
0
0
0
0
0
12
16
0
24
138
255
236
134
0
1
0
0
3
1
0
0
0
0
0
0
0
0
0
0
0
0
8
14
0
60
73
205
255
252
183
13
0
2
0
0
11
0
0
0
0
0
0
0
0
0
0
0
0
0
0
0
4
202
234
255
253
255
87
0
13
0
0
2
2
0
0
0
0
0
0
0
0
0
0
0
0
0
8
0
0
91
255
247
255
147
0
8
0
0
6
4
0
11
0
0
0
0
0
0
0
0
0
0
0
0
2
10
0
25
181
235
116
0
0
0
0
0
0
0
0
0
0
0
0
0
0
0
0
0
0
0
0
0
0
15
1
0
8
3
0
7
0
0
0
0
0
0
0
0
0
0
0
0
0
0
0
0
0
0
0
0
2
0
0
4
13
0
0
5
0
0
0
0
0
0
0
0
0
0
0
0
0
0
0
0
0
0
0
0
0
0
0
0
0
4
3
0
0
0
0
0
0
0
0
0
0
0
0
0
