7
0
0
0
0
0
0
0
0
3
0
0
1
3
0
0
0
5
0
1
7
5
0
0
6
0
0
0
0
0
0
0
0
0
0
0
0
0
8
15
0
0
0
3
1
2
0
0
0
0
3
1
0
0
0
0
0
0
0
0
0
0
0
0
0
3
0
0
0
4
6
3
0
0
6
8
2
0
0
1
0
0
0
0
0
0
0
0
0
0
0
0
0
9
2
1
6
3
0
0
5
0
0
3
4
1
0
0
0
0
0
0
0
0
0
0
0
0
0
0
0
0
0
0
0
0
4
4
0
9
0
0
1
9
6
1
1
0
0
0
0
0
0
0
0
0
0
0
0
15
3
2
13
11
0
0
5
7
3
1
0
0
0
0
5
0
0
0
0
0
0
0
0
0
0
0
0
0
0
1
0
0
0
0
0
0
0
0
0
0
13
8
0
0
0
0
0
0
0
0
0
0
0
0
0
0
21
0
0
95
235
201
62
1
2
0
8
65
109
73
1
0
0
0
0
0
0
0
0
0
0
0
0
0
12
0
63
255
255
254
254
130
115
72
255
255
246
207
0
0
0
0
0
0
0
0
0
0
0
0
0
3
2
0
126
255
255
250
255
255
255
251
255
240
255
115
8
0
0
0
0
0
0
0
0
0
0
0
0
2
0
0
255
247
255
176
253
240
255
255
255
253
250
15
0
0
0
0
0
0
0
0
0
0
0
0
0
0
7
190
255
237
252
22
71
140
246
255
245
196
56
0
5
0
0
0
0
0
0
0
0
0
0
0
0
14
51
254
236
255
62
0
0
66
255
255
254
69
12
0
6
0
0
0
0
0
0
0
0
0
0
0
0
0
193
255
252
185
11
3
9
250
255
255
64
6
0
10
0
0
0
0
0
0
0
0
0
0
0
0
0
121
255
255
200
0
4
0
185
255
238
176
8
12
0
8
11
0
0
0
0
0
0
0
0
0
0
0
0
4
196
250
127
1
0
137
255
244
255
70
0
5
1
0
0
0
0
0
0
0
0
0
0
0
0
0
0
0
5
1
0
13
49
255
255
255
113
14
4
0
0
2
3
0
0
0
0
0
0
0
0
0
0
0
0
0
24
0
0
0
255
252
248
245
83
0
0
8
1
0
1
0
0
0
0
0
0
0
0
0
0
0
0
2
0
0
22
185
252
255
255
120
26
0
4
11
0
0
1
0
0
0
0
0
0
0
0
0
0
0
0
0
2
17
130
241
255
249
178
0
0
2
11
0
0
0
0
0
0
0
0
0
0
0
0
0
0
0
0
6
0
0
247
253
249
198
13
0
0
0
0
0
2
4
0
0
0
0
0
0
0
0
0
0
0
0
0
0
14
173
255
255
251
71
0
12
0
0
0
4
0
0
4
0
0
0
0
0
0
0
0
0
0
0
0
0
68
255
233
248
12
0
12
0
0
0
6
7
0
0
6
0
0
0
0
0
0
0
0
0
0
0
0
58
252
255
255
1
0
1
0
0
9
3
0
0
7
2
0
0
0
0
0
0
0
11
0
0
10
0
12
181
252
255
55
4
6
0
5
0
0
0
0
0
0
0
0
0
0
0
0
7
0
11
12
1
0
28
171
255
255
183
2
2
0
12
0
0
0
0
0
0
0
0
0
0
0
0
0
13
0
0
4
15
0
0
71
179
172
23
2
0
12
2
0
0
0
0
0
0
0
0
0
0
0
0
0
0
2
6
0
0
4
0
2
10
28
0
0
11
0
3
1
0
0
0
0
0
0
0
0
0
0
0
0
