1
0
0
0
0
0
0
0
0
4
0
3
0
0
0
7
0
0
0
0
0
0
0
0
0
0
0
0
0
0
0
0
0
0
0
0
0
10
0
0
11
6
9
0
0
0
0
0
0
0
0
0
0
0
0
0
0
0
0
0
0
0
0
0
0
2
3
2
0
0
10
0
0
0
0
0
0
0
0
0
0
0
0
0
0
0
0
0
0
0
0
0
0
0
8
3
7
11
0
0
2
0
0
0
0
0
0
0
0
0
0
0
0
0
0
0
0
0
0
0
0
0
0
0
79
149
23
0
4
0
0
0
0
0
0
0
0
0
0
0
0
0
0
0
0
0
0
0
0
3
0
0
102
251
101
11
0
0
0
0
0
0
0
0
0
0
0
0
0
0
0
0
0
0
0
0
0
0
7
3
76
255
170
15
0
0
0
0
0
0
0
0
0
0
0
0
0
0
0
0
0
0
0
0
0
0
1
9
75
255
190
0
3
0
0
0
0
0
0
0
0
0
0
0
0
0
0
0
0
0
0
0
0
0
5
0
81
255
250
69
0
0
3
0
0
0
5
3
2
0
0
0
0
0
0
0
0
0
0
0
0
0
13
0
12
206
246
54
3
2
5
2
1
6
4
0
0
0
0
0
0
0
0
0
0
0
0
0
0
18
0
6
18
195
255
163
2
1
0
0
1
4
1
0
2
0
0
0
0
0
0
0
0
0
0
0
0
0
0
0
0
219
246
220
18
0
0
0
0
0
0
5
5
0
0
0
0
0
0
0
0
0
0
0
0
0
22
0
2
171
250
255
55
1
3
12
6
0
0
7
0
0
0
0
0
0
0
0
0
0
0
0
0
0
0
0
7
71
255
255
72
0
0
5
8
0
1
8
0
0
0
0
0
0
0
0
0
0
0
0
0
0
18
0
0
60
242
240
179
31
0
0
5
0
0
6
0
0
0
0
0
0
0
0
0
0
0
0
0
0
0
3
6
0
112
255
254
90
14
0
7
0
0
2
4
0
0
0
0
0
0
0
0
0
0
0
0
7
0
0
10
0
11
219
255
201
2
0
19
0
9
6
0
0
0
0
0
0
0
0
0
0
0
0
0
3
10
0
0
0
0
158
237
205
0
7
0
0
2
0
8
0
0
0
0
0
0
0
0
0
0
0
0
0
0
1
15
0
20
156
255
233
58
3
0
1
2
0
12
0
0
0
0
0
0
0
0
0
0
0
0
0
19
0
0
3
0
60
255
253
158
0
12
0
7
4
0
0
0
0
0
0
0
0
0
0
0
0
0
5
0
0
19
0
3
67
255
253
219
6
7
0
4
6
0
0
0
0
0
0
0
0
0
0
0
0
0
2
11
0
0
3
0
0
183
255
243
82
0
0
0
0
0
0
0
0
0
0
0
0
0
0
0
0
0
0
0
1
9
5
8
25
117
255
248
96
0
2
0
0
2
0
0
0
0
0
0
0
0
0
0
0
0
0
3
4
0
1
0
0
31
218
235
37
0
0
0
11
0
0
0
0
0
0
0
0
0
0
0
0
0
0
0
0
0
0
0
0
0
0
0
0
0
0
0
0
0
0
0
0
0
0
0
0
0
0
0
0
0
0
0
0
0
0
0
0
0
0
0
0
0
0
0
0
0
0
0
0
0
0
0
0
0
0
0
0
0
0
0
0
0
0
0
0
0
0
0
0
0
0
0
0
0
0
0
0
0
0
0
0
0
0
0
0
0
0
0
0
0
0
0
0
0
0
0
0
0
0
0
0
0
0
0
0
0
