1
0
0
0
0
0
0
0
0
0
5
4
0
6
1
0
3
0
0
9
0
0
3
0
0
0
0
0
0
0
0
0
0
0
0
0
0
10
0
0
0
0
0
2
3
7
0
0
4
5
1
0
0
0
0
0
0
0
0
0
0
0
0
0
0
0
0
3
10
0
0
3
0
10
3
0
0
4
0
1
2
0
0
0
0
0
0
0
0
0
0
0
0
6
2
0
0
0
7
13
8
0
0
3
0
0
0
10
0
0
0
0
0
0
0
0
0
0
0
0
0
0
1
0
6
11
0
0
5
17
0
0
2
10
0
9
0
0
0
0
0
0
0
0
0
0
0
0
0
1
1
0
0
0
9
110
242
157
16
0
0
11
0
3
2
0
0
0
0
0
0
0
0
0
0
0
0
0
0
14
1
0
42
178
255
255
34
0
0
2
0
1
9
0
0
0
0
0
0
0
0
0
0
0
0
2
0
5
0
7
153
255
247
248
15
5
0
2
0
1
0
0
0
0
0
0
0
0
0
0
0
0
0
7
0
13
1
3
156
255
249
255
24
0
0
6
5
8
0
0
0
0
0
0
0
0
0
0
0
0
0
0
9
0
0
8
203
255
253
207
10
7
12
9
0
0
5
0
0
0
0
0
0
0
0
0
0
0
0
0
16
0
2
61
251
255
251
196
5
0
0
5
0
0
8
0
0
0
0
0
0
0
0
0
0
0
0
2
0
0
10
98
253
255
251
199
33
0
0
8
3
0
0
0
0
0
0
0
0
0
0
0
0
0
0
13
0
0
1
56
238
255
246
79
1
4
3
2
2
2
0
0
0
0
0
0
0
0
0
0
0
0
0
0
0
0
7
10
251
255
221
0
0
0
0
0
1
4
5
0
0
0
0
0
0
0
0
0
0
0
0
0
5
5
8
14
255
249
207
30
13
10
4
0
4
0
0
0
0
0
0
0
0
0
0
0
0
0
0
3
0
1
0
32
252
246
218
3
0
0
0
0
1
0
4
0
0
0
0
0
0
0
0
0
0
0
0
0
3
0
0
27
247
246
225
7
0
0
6
0
0
0
1
0
0
0
0
0
0
0
0
0
0
0
0
0
2
0
0
27
249
255
240
39
0
0
6
0
0
2
0
0
0
0
0
0
0
0
0
0
0
0
0
0
1
0
0
25
249
255
252
89
0
0
7
0
0
5
0
0
0
0
0
0
0
0
0
0
0
0
0
0
1
0
0
26
249
255
251
137
3
0
6
0
0
8
0
0
0
0
0
0
0
0
0
0
0
0
0
3
0
0
0
30
251
255
250
166
3
0
3
0
0
8
0
0
0
0
0
0
0
0
0
0
0
0
0
2
0
0
2
30
249
255
254
171
1
0
0
1
0
4
0
0
0
0
0
0
0
0
0
0
0
0
0
0
1
0
0
18
235
252
255
161
0
1
0
6
0
0
3
0
0
0
0
0
0
0
0
0
0
0
0
0
3
2
0
5
217
240
252
150
0
4
0
8
0
0
5
0
0
0
0
0
0
0
0
0
0
0
0
5
0
0
8
0
98
240
220
0
0
0
0
0
0
0
0
0
0
0
0
0
0
0
0
0
0
0
0
0
4
0
6
0
0
28
0
0
0
0
0
0
0
0
0
0
0
0
0
0
0
0
0
0
0
0
0
6
19
0
0
9
0
0
0
0
0
0
0
0
0
0
0
0
0
0
0
0
0
0
0
0
0
0
0
0
0
0
0
17
1
1
9
0
0
0
0
0
0
0
0
0
0
0
0
