9
0
0
0
0
0
0
0
0
4
1
0
0
0
1
0
0
1
3
7
1
0
2
6
0
0
0
0
0
0
0
0
0
0
0
0
0
0
0
4
7
7
4
0
0
2
0
0
0
0
5
4
0
0
0
0
0
0
0
0
0
0
0
0
0
0
0
0
0
0
0
0
4
1
6
7
9
10
0
0
1
0
0
0
0
0
0
0
0
0
0
0
0
8
9
11
9
5
0
0
0
0
0
0
0
0
0
0
5
0
0
0
0
0
0
0
0
0
0
0
0
0
0
0
0
0
3
4
3
10
11
0
0
0
4
1
0
0
0
0
0
0
0
0
0
0
0
0
0
6
5
3
0
0
0
0
0
0
0
12
12
0
0
3
0
0
0
0
0
0
0
0
0
0
0
0
0
0
0
5
3
0
0
3
12
12
0
0
13
0
0
10
5
0
0
0
0
0
0
0
0
0
0
0
0
4
1
0
0
24
92
181
245
178
57
2
11
0
1
10
0
0
0
0
0
0
0
0
0
0
0
0
0
1
0
16
23
189
249
239
152
201
250
129
0
0
1
0
2
0
0
0
0
0
0
0
0
0
0
0
0
0
2
70
198
255
98
20
11
159
243
174
1
0
8
4
0
0
0
0
0
0
0
0
0
0
0
0
0
3
39
239
242
68
0
0
15
181
255
197
8
0
7
0
0
0
0
0
0
0
0
0
0
0
0
0
0
0
171
246
67
0
4
6
159
244
255
138
5
0
0
0
0
0
0
0
0
0
0
0
0
0
0
0
0
87
254
216
23
0
57
179
250
253
245
47
0
0
0
4
0
0
0
0
0
0
0
0
0
0
0
0
0
1
188
255
198
221
255
255
201
229
227
6
5
0
1
10
0
0
0
0
0
0
0
0
0
0
0
0
0
0
44
164
168
196
175
30
19
237
214
4
8
0
0
5
0
0
0
0
0
0
0
0
0
0
0
0
0
6
0
9
2
0
9
7
116
255
195
0
0
3
0
0
8
0
0
0
0
0
0
0
0
0
0
0
0
2
0
0
6
2
0
17
109
255
159
9
0
0
1
0
8
0
0
0
0
0
0
0
0
0
0
0
0
1
2
0
0
2
0
5
113
250
118
4
0
6
4
0
2
0
0
0
0
0
0
0
0
0
0
0
0
0
8
0
0
2
0
0
133
255
76
3
0
2
1
0
2
0
0
0
0
0
0
0
0
0
0
0
0
0
7
0
0
4
0
0
177
241
28
0
0
4
0
3
0
0
0
0
0
0
0
0
0
0
0
0
0
1
0
0
0
7
0
30
228
194
0
0
1
12
3
2
0
0
0
0
0
0
0
0
0
0
0
0
0
2
0
0
0
6
0
81
255
174
0
1
0
3
0
2
2
0
0
0
0
0
0
0
0
0
0
0
0
1
0
2
0
2
0
133
255
142
11
2
0
0
0
0
9
0
0
0
0
0
0
0
0
0
0
0
0
0
0
8
0
0
5
167
246
77
0
0
0
13
1
0
0
0
0
0
0
0
0
0
0
0
0
0
0
0
0
8
0
1
18
164
240
0
0
0
0
0
0
0
0
0
0
0
0
0
0
0
0
0
0
0
0
6
6
0
8
0
38
255
237
0
0
0
0
0
0
0
0
0
0
0
0
0
0
0
0
0
0
0
0
0
3
0
21
0
41
240
150
0
0
0
0
0
0
0
0
0
0
0
0
0
0
0
0
0
0
0
0
0
1
4
0
0
0
27
0
0
0
0
0
0
0
0
0
0
0
0
0
