4
0
0
0
0
0
0
0
0
0
4
1
0
10
0
0
8
5
0
6
0
0
10
0
6
0
0
0
0
0
0
0
0
0
0
0
0
0
0
0
0
0
0
0
0
2
2
6
0
0
4
2
4
0
0
0
0
0
0
0
0
0
0
0
0
0
9
14
5
0
12
12
0
0
5
2
4
1
0
2
0
0
0
0
0
0
0
0
0
0
0
0
0
14
0
0
6
0
0
0
18
2
0
0
5
5
0
0
4
0
0
0
0
0
0
0
0
0
0
0
0
0
6
0
7
5
14
0
2
7
0
0
0
0
5
0
7
0
0
0
0
0
0
0
0
0
0
0
0
0
4
1
13
0
3
1
0
0
0
0
5
8
4
0
0
0
0
0
0
0
0
0
0
0
0
0
0
4
0
113
229
96
9
0
0
0
2
16
120
115
6
0
0
0
0
0
0
0
0
0
0
0
0
0
0
0
37
209
255
48
0
21
0
0
11
43
255
243
18
0
4
0
0
0
0
9
1
0
2
0
7
0
0
0
62
252
246
69
1
5
0
8
0
180
244
252
12
0
7
0
0
0
0
0
5
0
10
9
0
5
0
12
148
255
255
81
0
0
11
0
0
217
255
191
6
13
0
0
0
0
0
0
7
0
2
7
0
3
3
0
186
241
247
70
2
1
2
0
20
227
229
155
0
4
5
0
0
0
0
3
4
0
0
0
17
0
0
34
213
255
229
23
0
18
0
5
99
255
254
116
7
0
0
0
0
0
0
0
2
0
7
0
0
17
50
226
255
254
223
156
168
157
78
53
156
250
252
18
10
11
1
0
0
0
0
0
4
0
8
7
0
135
192
245
252
253
242
255
255
253
248
249
255
255
250
117
0
0
0
0
0
0
0
1
1
0
1
4
119
236
255
255
250
252
244
255
245
249
255
252
242
250
244
255
12
0
3
0
0
0
0
2
0
10
4
0
255
251
251
253
250
255
217
131
127
194
187
244
255
252
255
239
12
11
0
0
0
0
0
0
9
0
0
95
236
255
203
159
61
55
31
0
4
4
2
208
255
219
181
124
18
0
2
0
0
0
0
5
7
0
0
13
54
57
31
24
0
6
5
0
0
0
100
240
248
58
7
0
0
0
5
0
0
0
0
0
0
1
3
0
0
0
0
0
0
0
1
10
2
23
227
255
255
27
0
0
14
6
0
0
0
0
0
0
1
3
2
3
6
7
5
4
9
0
0
2
0
70
255
254
210
19
5
0
3
0
0
0
0
0
0
0
1
0
0
0
0
0
0
0
0
0
4
0
4
146
233
254
117
0
0
0
9
6
11
0
0
0
0
0
0
0
5
4
0
0
7
0
0
0
9
0
73
233
252
173
19
0
5
3
0
0
0
0
0
0
0
4
0
1
8
4
0
0
1
0
8
0
0
10
169
255
255
105
6
3
11
0
0
7
6
0
0
0
0
2
1
0
0
0
6
4
0
0
17
0
2
53
255
243
253
46
6
0
0
0
0
10
0
0
0
0
0
0
0
0
0
0
0
0
0
0
0
15
2
173
250
255
115
0
0
0
0
0
0
0
0
0
0
0
0
0
0
0
0
0
0
0
0
3
4
0
0
112
226
204
42
0
0
0
0
0
0
0
0
0
0
0
0
0
0
0
0
0
0
0
0
4
0
8
15
0
0
0
0
0
0
0
0
0
0
0
0
0
0
0
0
0
0
0
0
0
0
0
0
4
0
0
6
1
6
2
4
0
0
0
0
0
0
0
0
0
0
0
0
