7
0
0
0
0
0
0
0
0
4
0
0
0
0
0
0
3
9
0
1
8
0
0
0
0
0
0
0
0
0
0
0
0
0
0
0
0
0
0
0
6
6
2
0
2
3
0
0
0
6
7
0
1
0
0
0
0
0
0
0
0
0
0
0
0
2
0
1
4
3
0
0
0
0
11
7
1
9
1
0
0
0
0
0
0
0
0
0
0
0
0
0
0
5
3
0
0
0
0
0
2
0
3
0
0
0
0
7
13
0
0
0
0
0
0
0
0
0
0
0
0
0
0
0
0
0
1
3
4
8
0
1
6
0
4
7
0
0
0
0
0
0
0
0
0
0
0
0
0
0
1
2
0
0
0
0
0
1
0
5
8
0
0
4
4
0
0
0
0
0
0
0
0
0
0
0
0
1
3
1
0
0
7
12
12
0
2
0
0
15
0
0
10
0
0
0
0
0
0
0
0
0
0
0
0
1
2
0
0
9
34
57
66
130
161
156
197
255
171
25
0
0
0
0
0
5
8
0
5
0
0
0
21
119
121
169
228
211
248
255
245
253
253
247
246
255
244
55
9
0
0
0
0
0
13
4
0
31
85
159
237
255
244
234
230
170
155
129
94
61
53
65
119
250
252
17
0
0
0
0
0
3
1
0
45
214
254
196
135
78
49
16
5
0
0
2
0
0
0
0
98
252
185
0
2
0
0
0
0
0
10
1
0
27
23
2
0
13
7
0
0
0
4
0
0
10
2
0
164
255
114
11
4
0
0
0
0
0
0
0
11
0
4
3
3
0
0
0
0
12
6
0
0
0
9
94
255
208
1
0
0
0
0
0
0
14
0
0
19
0
2
0
0
5
6
4
0
0
0
0
3
0
0
145
255
137
22
1
9
0
0
0
0
0
0
4
6
0
0
10
11
0
0
12
6
16
0
5
0
5
92
235
203
27
0
0
5
0
0
0
0
0
6
7
0
8
2
0
0
5
0
4
0
0
0
7
1
0
179
255
157
0
5
3
0
0
0
0
0
0
0
0
0
0
0
0
0
10
0
0
2
0
1
0
0
83
255
184
24
3
1
3
0
0
0
0
0
0
0
0
0
0
0
0
0
0
6
13
0
5
2
0
68
230
225
91
0
0
0
2
3
0
0
0
0
0
0
0
0
0
0
0
0
0
5
0
6
0
0
55
216
249
111
2
0
5
1
0
0
0
0
0
0
0
0
0
0
0
0
0
0
3
10
0
2
2
8
229
255
114
9
0
5
2
3
0
0
0
0
0
0
0
0
0
0
0
0
0
0
2
0
6
12
0
228
234
162
16
0
10
4
0
1
0
8
0
0
0
0
0
0
0
0
0
0
0
0
0
1
0
10
172
255
231
19
0
0
11
0
0
6
0
7
0
0
0
0
0
0
0
0
0
0
0
0
0
4
10
120
255
251
112
0
0
0
0
0
3
9
0
0
0
0
0
0
0
0
0
0
0
0
0
0
0
25
72
251
251
236
14
4
2
0
2
0
0
2
11
0
0
0
0
0
0
0
0
0
0
0
0
0
0
76
207
253
228
48
0
12
0
0
0
0
0
0
0
0
0
0
0
0
0
0
0
0
0
0
0
0
0
221
255
220
28
26
0
1
0
0
0
0
0
0
0
0
0
0
0
0
0
0
0
0
0
0
0
0
19
153
223
53
12
0
24
0
0
0
0
0
0
0
0
0
0
0
0
0
0
0
0
0
0
0
0
0
0
12
0
0
0
6
0
0
0
0
0
0
0
0
0
0
0
0
0
0
