0
0
0
0
0
0
0
0
0
0
0
6
0
11
0
0
7
0
2
3
0
0
0
1
3
0
0
0
0
0
0
0
0
0
0
0
0
0
0
13
0
0
0
11
0
0
7
0
4
6
3
0
6
0
0
0
0
0
0
0
0
0
0
0
0
6
0
3
0
0
0
12
4
0
7
8
0
11
2
1
2
0
0
0
0
0
0
0
0
0
0
0
0
5
0
0
1
8
0
0
0
0
0
6
0
0
0
10
0
0
0
0
0
0
0
0
0
0
0
0
0
0
13
0
0
14
5
0
1
5
6
0
11
5
9
0
0
0
0
0
0
0
0
0
0
0
0
0
0
0
8
0
1
0
0
27
133
255
239
138
0
0
0
9
14
0
0
0
0
0
0
0
0
0
0
0
0
0
0
0
5
0
50
149
255
252
255
221
56
12
0
9
0
0
0
0
0
0
0
0
0
0
0
0
0
0
5
0
0
22
182
255
247
255
249
239
225
1
0
3
9
0
0
0
0
0
0
0
0
0
0
0
0
0
5
0
0
222
255
242
255
132
107
171
248
158
4
0
1
0
0
0
0
0
0
0
0
0
0
0
0
6
2
19
183
255
116
99
165
1
0
9
114
226
0
0
0
0
0
0
0
0
0
0
0
0
0
0
0
6
0
64
255
227
73
30
3
1
3
0
114
245
0
1
0
0
0
0
0
0
0
0
0
0
0
0
0
0
0
143
253
102
16
0
0
4
4
4
120
210
12
0
0
0
0
0
0
0
0
0
0
0
0
0
0
4
85
212
150
6
0
0
25
0
0
4
111
225
9
0
5
0
0
0
0
0
0
0
0
0
0
0
0
46
239
206
19
0
23
3
0
11
8
29
212
216
0
14
0
0
0
0
0
0
0
0
0
0
0
0
0
152
255
137
0
3
2
0
3
0
0
67
255
169
0
13
0
0
0
0
0
0
0
0
0
0
0
0
0
255
235
69
0
0
0
0
0
0
4
135
239
194
3
1
4
0
0
0
0
2
0
3
0
0
0
13
94
255
201
20
0
0
5
0
11
6
0
195
255
226
0
4
0
0
0
0
0
0
1
4
0
2
0
2
109
254
134
0
2
6
2
0
0
0
93
255
230
114
4
0
3
0
0
0
0
0
7
3
0
3
6
0
151
255
89
0
11
0
0
13
0
10
165
236
233
5
0
12
0
0
0
0
0
0
7
1
0
2
6
0
210
239
47
10
0
0
7
15
0
5
183
240
40
0
0
0
14
0
0
0
0
0
2
0
0
1
0
0
242
215
3
3
0
8
2
0
7
191
246
122
8
8
0
1
0
0
0
0
0
1
0
0
0
1
0
5
205
255
37
3
0
1
0
34
174
217
32
4
0
16
0
7
1
0
0
0
0
2
0
0
0
4
0
1
111
250
108
29
0
6
58
159
253
42
31
0
8
0
0
0
9
0
0
0
0
2
0
2
0
6
2
0
30
255
251
206
195
209
253
254
127
0
0
3
4
0
4
5
0
0
0
0
0
0
0
0
0
0
0
0
0
20
111
214
255
252
187
88
8
0
0
0
0
0
0
0
0
0
0
0
0
0
0
0
0
0
0
0
0
1
12
11
0
0
0
4
2
0
0
0
0
0
0
0
0
0
0
0
0
0
0
0
0
0
0
0
0
0
0
1
0
0
0
1
0
0
0
0
0
0
0
0
0
0
0
0
0
0
0
0
0
0
0
0
0
4
0
0
0
0
0
0
2
0
0
0
0
0
0
0
0
0
0
0
0
