2
1
6
0
0
1
0
0
0
2
1
0
3
4
0
0
0
0
0
11
0
17
4
0
15
0
0
0
0
0
0
0
2
9
9
8
1
4
0
1
0
0
4
12
0
20
0
0
16
0
0
13
0
0
0
0
0
3
0
4
0
0
0
0
0
0
3
3
0
1
0
0
12
0
9
1
7
0
0
16
0
0
0
0
0
5
0
5
2
0
4
7
6
0
13
97
176
201
204
146
41
3
0
13
0
1
7
0
7
0
0
0
0
6
0
0
0
5
10
0
0
49
192
255
246
247
244
241
255
159
25
0
6
0
10
0
0
0
0
0
0
4
0
9
0
0
0
0
52
239
229
107
7
10
0
17
116
238
179
23
12
0
10
0
0
0
0
0
0
0
0
17
2
1
0
25
137
224
61
0
8
0
0
18
0
138
255
143
2
0
9
0
5
0
0
0
0
3
0
0
0
11
0
0
85
19
0
0
2
4
3
3
0
17
184
227
12
0
1
3
0
0
0
0
0
1
7
0
8
2
1
0
7
2
0
0
7
0
3
11
0
1
67
255
126
0
9
6
0
0
0
0
0
0
6
7
14
0
0
0
0
1
8
6
0
0
0
0
2
5
40
237
175
10
0
0
0
0
0
0
0
17
0
0
8
0
13
13
5
0
3
0
0
12
7
0
9
0
9
227
209
10
0
4
2
0
0
0
0
0
0
7
9
0
0
0
0
5
8
0
0
8
3
0
0
13
2
223
187
0
0
1
0
0
0
0
0
3
13
6
0
0
11
9
6
4
0
0
1
0
0
1
0
11
0
238
177
15
10
4
0
0
0
0
0
0
0
0
6
13
0
0
0
39
6
16
45
50
53
40
3
0
47
255
129
0
1
5
0
0
0
0
0
0
0
0
7
0
13
166
218
255
229
218
238
255
255
235
212
124
174
255
114
0
4
1
0
0
0
0
0
2
4
0
0
4
96
247
170
116
119
99
90
108
121
153
207
255
250
252
244
202
125
40
14
0
0
0
0
5
0
2
0
5
220
210
0
0
0
6
5
0
0
5
8
28
199
235
186
255
236
255
177
34
0
9
5
4
0
3
4
0
248
175
0
3
0
0
2
5
12
11
0
41
255
174
7
5
91
179
255
124
12
0
0
2
8
2
0
0
255
229
4
12
0
0
0
4
0
0
8
196
215
57
12
0
0
16
210
99
7
0
7
0
0
5
1
4
172
255
60
0
19
0
0
13
0
62
226
219
118
7
0
10
12
0
21
8
0
9
11
10
0
0
0
3
41
238
249
103
0
0
60
86
167
251
240
99
0
0
0
4
0
0
0
0
0
2
0
5
2
0
0
1
2
107
255
255
236
229
248
255
249
141
22
0
0
9
8
0
5
1
4
6
1
0
0
0
8
9
0
11
0
0
42
100
171
194
132
55
11
2
9
2
16
0
0
0
0
0
0
0
0
0
4
8
0
0
2
4
0
13
0
0
3
2
0
8
6
0
0
1
0
0
0
12
0
9
0
0
8
0
0
0
0
0
0
0
0
0
0
0
0
0
0
0
0
0
0
0
0
0
0
0
0
0
0
0
0
0
0
0
0
0
0
0
0
0
0
0
0
0
0
0
0
0
0
0
0
0
0
0
0
0
0
0
0
0
0
0
0
0
0
0
0
0
0
0
0
0
0
0
0
0
0
0
0
0
0
0
0
0
0
0
0
0
0
0
0
0
0
0
0
0
0
0
0
0
0
0
0
0
0
0
0
0
0
0
0
0
0
0
0
0
0
