2
0
2
0
4
0
0
4
0
0
6
0
2
10
0
3
0
0
3
0
0
4
0
0
3
0
0
0
0
0
0
3
0
0
0
2
19
17
0
13
1
0
1
0
1
0
5
0
1
4
0
0
0
0
0
0
0
0
0
6
0
0
0
3
65
248
247
255
255
129
3
24
0
0
1
5
2
0
0
0
0
0
0
0
0
2
0
6
0
2
2
4
92
249
255
246
246
251
159
40
13
0
0
4
0
0
2
0
0
0
0
0
0
7
0
4
0
5
4
0
77
255
255
251
246
255
255
149
0
12
0
4
0
0
5
0
0
0
0
0
0
8
0
1
0
3
0
0
36
186
253
245
255
250
238
249
174
46
0
6
2
0
7
0
0
0
0
0
0
2
0
0
0
0
0
0
4
0
0
133
246
255
255
255
250
75
1
1
0
0
8
0
0
0
0
0
0
0
0
0
3
0
0
8
0
7
0
0
139
253
244
244
255
88
0
0
0
0
9
0
2
0
0
0
0
0
0
0
0
0
0
0
0
0
19
0
8
156
255
255
248
144
0
0
0
0
4
0
4
0
3
4
1
0
0
0
0
0
0
0
0
3
0
3
0
191
238
247
255
243
12
1
0
0
0
1
0
0
0
0
0
0
0
0
0
0
0
0
0
3
0
8
10
155
255
254
247
255
0
0
4
10
0
21
10
2
0
0
0
0
0
0
0
0
0
0
0
4
6
5
0
173
244
255
251
254
0
0
3
4
0
0
0
3
1
1
3
0
0
0
0
0
0
0
0
0
7
0
83
255
249
241
255
182
13
0
0
8
10
3
4
0
0
3
7
0
0
0
0
0
0
0
0
3
3
18
195
248
248
255
200
41
0
0
0
0
0
0
0
0
0
0
3
0
0
0
0
0
0
0
0
5
27
175
255
255
237
255
38
0
3
13
0
11
9
41
3
17
3
0
0
0
0
0
0
0
0
0
0
117
193
255
248
247
255
248
65
4
0
1
8
105
157
242
165
40
15
0
0
0
1
0
3
0
0
6
136
255
255
253
252
252
252
252
252
247
250
253
255
255
255
255
247
146
0
9
0
2
8
0
1
5
0
124
255
249
245
247
255
255
255
255
255
255
255
255
248
241
244
253
255
235
15
2
0
0
7
3
2
0
41
181
255
255
252
253
255
253
242
239
243
247
248
248
250
255
255
255
247
207
3
0
0
8
9
0
0
1
206
255
249
251
252
251
250
255
255
255
255
251
255
255
255
249
247
249
251
77
0
6
1
0
2
2
5
0
192
253
250
247
255
255
244
250
255
244
214
179
161
151
167
182
153
72
0
5
0
10
0
0
0
0
1
0
46
193
255
255
227
162
93
68
82
85
69
0
2
6
4
0
0
0
0
0
5
0
0
8
0
0
21
17
0
1
0
5
5
1
0
1
10
7
0
0
2
1
0
0
0
2
2
0
0
0
5
0
1
4
0
0
19
0
5
1
0
0
5
4
0
0
1
3
0
0
0
0
5
3
0
0
3
0
8
0
0
0
0
0
0
0
0
0
0
0
0
0
0
0
0
0
0
0
0
0
0
0
0
0
0
0
0
0
0
0
0
0
0
0
0
0
0
0
0
0
0
0
0
0
0
0
0
0
0
0
0
0
0
0
0
0
0
0
0
0
0
0
0
0
0
0
0
0
0
0
0
0
0
0
0
0
0
0
0
0
0
0
0
0
0
0
0
0
0
0
0
0
0
0
0
0
0
0
0
0
0
0
0
0
0
0
0
0
0
0
0
