8
0
0
0
0
0
0
0
0
0
0
16
1
0
0
17
0
0
0
0
1
7
0
0
0
0
0
0
0
0
0
0
0
0
0
0
0
9
7
0
2
2
5
0
0
1
8
13
0
0
1
12
0
0
0
0
0
0
0
0
0
0
0
0
0
0
0
6
2
1
0
7
8
0
0
0
4
3
0
0
4
0
0
0
0
0
0
0
0
0
0
0
0
2
0
0
0
0
0
0
0
13
0
3
12
0
0
11
6
0
0
0
0
0
0
0
0
0
0
0
0
0
29
0
0
0
5
4
109
224
247
118
0
11
12
0
2
0
0
0
0
0
0
0
0
0
0
0
0
7
0
14
3
25
101
241
255
252
255
255
160
7
0
20
3
0
0
0
0
0
0
0
0
0
0
0
0
0
1
13
26
209
255
255
233
203
124
109
82
0
0
19
0
0
0
0
0
0
0
0
0
0
0
0
0
4
0
54
244
255
252
122
34
0
0
0
6
18
30
22
0
0
0
0
0
0
0
0
0
0
0
0
0
0
38
207
255
248
180
5
0
0
1
28
131
242
239
124
3
0
0
0
0
0
0
0
0
0
0
0
0
0
142
255
255
127
0
10
14
35
57
233
255
202
79
6
0
0
0
0
0
0
0
0
0
0
0
0
0
7
146
243
251
91
11
0
32
145
255
241
124
9
0
9
4
0
0
0
0
0
0
0
0
0
0
0
0
0
145
255
243
76
13
36
194
251
252
73
12
0
3
4
0
0
0
0
0
0
0
0
0
0
0
0
0
3
136
239
244
194
75
246
255
241
70
3
5
19
1
0
3
0
0
0
0
0
0
0
0
0
0
0
0
7
5
231
255
253
251
255
190
78
11
0
0
0
5
4
13
0
0
0
0
0
0
0
0
0
0
0
0
5
6
61
248
251
254
248
112
6
0
0
14
6
14
0
0
0
0
0
0
0
0
0
0
0
0
0
0
0
6
7
212
255
241
255
235
148
0
23
0
0
4
0
1
0
0
0
0
0
0
0
0
0
0
0
0
4
4
28
250
250
252
255
251
242
95
0
13
0
1
5
0
0
0
0
0
0
0
0
0
0
0
0
0
0
0
147
255
247
68
147
245
246
239
93
0
11
0
0
8
0
0
0
0
0
0
0
0
0
0
0
0
5
0
140
255
160
9
14
156
253
255
199
10
13
1
0
4
0
0
0
0
0
0
0
0
0
0
0
0
0
53
251
231
92
4
0
8
216
224
255
54
0
7
0
0
0
0
0
0
0
0
0
0
0
0
0
0
0
16
242
255
89
0
10
82
204
255
230
28
0
9
0
7
0
0
0
0
0
0
0
0
0
0
0
0
10
16
255
255
204
142
235
240
255
255
103
0
4
0
3
0
0
0
0
0
0
0
0
0
0
0
0
0
0
10
156
255
242
245
255
252
245
124
7
2
9
0
14
0
0
0
0
0
0
0
0
0
0
0
0
0
13
0
26
113
218
255
254
162
99
0
8
0
0
1
0
5
0
0
0
0
0
0
0
0
0
0
0
0
0
0
0
0
0
0
0
0
0
0
0
0
0
0
0
0
0
0
0
0
0
0
0
0
0
0
0
0
0
0
0
0
0
0
0
0
0
0
0
0
0
0
0
0
0
0
0
0
0
0
0
0
0
0
0
0
0
0
0
0
0
0
0
0
0
0
0
0
0
0
0
0
0
0
0
0
0
0
0
0
0
0
0
0
0
0
0
0
0
0
0
0
0
0
0
0
0
0
0
0
0
0
0
0
