2
0
0
0
0
0
0
0
0
0
5
0
0
0
11
0
0
1
0
0
0
2
3
2
0
0
0
0
0
0
0
0
0
0
0
0
0
5
10
0
11
0
0
1
11
3
0
4
9
0
0
1
3
0
0
0
0
0
0
0
0
0
0
0
0
0
0
0
3
3
0
8
0
9
0
6
6
0
0
9
0
0
0
0
0
0
0
0
0
0
0
0
0
21
0
0
0
0
2
9
4
0
0
3
4
0
2
11
0
0
0
0
0
0
0
0
0
0
0
0
0
0
40
144
255
243
243
112
118
37
3
0
2
0
0
0
0
0
0
0
0
0
0
0
0
0
0
0
0
0
84
239
234
255
255
252
255
200
97
3
0
5
3
0
1
0
0
0
0
0
0
0
0
0
0
0
0
0
184
255
255
226
255
250
255
255
219
92
6
1
6
0
2
0
0
0
0
0
0
0
0
0
0
0
0
2
153
246
213
255
173
247
252
235
255
210
60
0
0
0
3
0
0
0
0
0
0
0
0
0
0
0
0
0
21
154
64
50
3
48
117
250
255
250
90
0
0
5
0
0
0
0
0
0
0
0
0
0
0
0
0
21
0
12
0
7
8
0
13
122
233
254
196
0
13
0
0
0
0
0
0
0
0
0
0
0
0
0
0
0
0
6
7
6
5
0
0
9
207
253
175
12
0
17
2
0
0
0
0
0
0
0
0
0
0
0
0
0
7
13
0
0
0
7
0
0
80
255
212
0
14
0
0
0
0
0
0
0
0
0
0
0
0
0
0
0
2
0
0
8
3
15
0
2
108
236
255
67
4
0
19
0
0
0
0
0
0
0
0
0
0
0
0
0
6
0
12
0
0
0
9
0
99
255
227
11
0
11
0
0
0
0
0
0
0
0
0
0
0
0
0
0
5
7
5
0
11
0
0
0
234
249
181
9
22
3
0
0
0
0
0
0
0
0
0
0
0
0
0
9
116
242
227
248
246
233
184
114
236
255
55
0
3
0
12
0
0
0
0
0
11
0
8
0
2
0
91
199
255
235
255
255
255
238
255
255
252
255
100
2
4
0
10
0
0
0
0
0
0
0
0
2
0
15
219
255
235
255
241
237
255
255
252
235
255
255
232
100
11
0
7
0
0
0
0
2
13
0
0
10
0
0
239
255
253
239
107
63
60
224
242
255
255
240
253
251
82
11
0
0
0
0
0
0
0
0
0
11
7
0
191
252
255
178
0
0
43
221
255
255
167
122
195
236
236
87
3
0
0
0
0
17
7
12
0
0
1
0
106
243
255
250
63
71
223
242
249
156
48
0
0
176
206
65
0
0
0
0
0
0
0
0
7
0
1
11
75
251
231
255
255
235
255
235
255
10
1
0
12
0
11
0
6
0
0
0
0
2
0
2
11
5
0
0
9
201
255
241
248
255
243
186
61
0
0
0
0
14
0
0
4
0
0
0
0
0
12
0
0
3
1
7
0
0
67
93
140
252
168
64
0
6
0
1
3
0
11
0
0
0
0
0
0
0
0
0
0
0
0
0
0
0
0
0
0
0
0
0
0
0
0
0
0
0
0
0
0
0
0
0
0
0
0
0
0
0
0
0
0
0
0
0
0
0
0
0
0
0
0
0
0
0
0
0
0
0
0
0
0
0
0
0
0
0
0
0
0
0
0
0
0
0
0
0
0
0
0
0
0
0
0
0
0
0
0
0
0
0
0
0
0
0
0
0
0
0
0
0
0
0
0
0
0
0
0
0
0
0
0
0
0
0
0
0
0
