6
0
0
0
0
0
0
0
0
0
7
0
2
0
1
10
3
0
0
0
0
0
0
0
0
0
0
0
0
0
0
0
0
0
0
0
0
4
0
4
1
17
0
0
0
0
0
0
0
0
0
0
0
0
0
0
0
0
0
0
0
0
0
0
0
9
0
121
255
0
11
17
0
0
0
0
0
0
0
0
0
0
0
0
0
0
0
0
0
0
0
0
0
7
3
129
255
5
0
1
0
0
0
0
0
0
0
0
0
0
0
0
0
0
0
0
0
0
0
0
0
0
10
110
255
128
15
0
1
0
0
0
0
0
0
0
0
0
0
0
0
0
0
0
0
0
0
0
0
10
0
136
255
122
0
5
15
0
0
0
0
0
0
0
0
0
0
0
0
0
0
0
0
0
0
0
0
9
11
234
249
139
0
5
0
0
0
0
0
0
0
0
0
0
0
0
0
0
0
0
0
0
0
0
0
0
53
255
252
0
4
0
4
0
0
0
0
0
0
0
0
0
0
0
0
0
0
0
0
0
0
0
0
0
200
255
249
0
0
0
6
117
82
114
62
14
0
7
0
0
0
0
0
0
0
0
0
0
0
0
0
13
235
255
205
0
9
131
251
255
242
255
255
237
68
0
0
0
0
0
0
0
0
0
0
0
0
0
0
1
255
240
11
0
129
251
254
252
255
244
241
255
255
62
6
0
0
0
0
0
0
0
0
0
0
0
0
0
240
255
0
58
255
247
255
178
145
122
195
255
241
130
0
0
0
0
0
0
0
0
0
0
0
0
0
80
255
232
13
255
250
254
120
1
0
2
2
0
195
181
15
0
0
0
0
0
0
0
0
0
0
0
0
105
255
250
130
246
255
64
1
2
0
9
0
0
128
255
0
0
0
0
0
0
0
0
0
0
0
0
0
88
247
255
240
255
191
0
0
17
0
0
11
7
131
252
3
0
0
0
0
0
0
0
0
0
0
0
0
57
242
255
250
249
129
1
0
0
2
4
0
8
52
255
64
0
0
0
0
0
0
0
0
0
0
0
0
0
254
253
255
242
126
7
3
1
0
0
6
0
209
248
8
0
0
0
0
0
0
0
0
0
0
0
0
8
255
250
245
255
137
0
1
4
1
0
70
143
245
139
0
0
0
0
0
0
0
0
0
0
0
0
0
0
255
255
252
255
176
146
123
126
130
255
245
249
255
0
9
0
0
0
0
0
0
0
0
0
0
0
0
0
121
255
247
233
255
255
255
255
234
252
245
196
6
0
3
0
0
0
0
0
0
0
0
0
0
0
0
5
0
185
255
255
242
247
251
253
255
202
200
4
0
0
0
0
0
0
0
0
0
0
0
0
0
0
0
0
16
0
47
130
196
255
129
122
58
0
0
0
0
15
5
0
0
0
0
0
0
0
0
0
0
0
0
0
2
6
1
1
0
0
0
0
16
8
0
13
9
1
0
0
0
0
0
0
0
0
0
0
0
0
0
0
6
0
3
0
0
11
0
8
0
1
0
12
0
0
14
0
0
0
0
0
0
0
0
0
0
0
0
0
0
0
0
0
0
0
0
0
0
0
0
0
0
0
0
0
0
0
0
0
0
0
0
0
0
0
0
0
0
0
0
0
0
0
0
0
0
0
0
0
0
0
0
0
0
0
0
0
0
0
0
0
0
0
0
0
0
0
0
0
0
0
0
0
0
0
0
0
0
0
0
0
0
0
0
0
0
0
0
0
0
0
0
0
0
0
0
0
0
0
0
0
0
0
0
0
0
0
0
0
0
0
0
