3
0
0
0
0
0
0
0
0
0
0
1
1
0
0
0
1
2
0
1
6
2
1
3
1
0
0
0
0
0
0
0
0
0
0
0
0
1
1
1
0
0
0
0
0
4
0
0
0
5
0
0
12
0
0
0
0
0
0
0
0
0
0
0
0
3
1
0
0
0
0
1
1
0
19
9
0
10
11
0
0
0
0
0
0
0
0
0
0
0
0
0
0
0
0
0
0
1
2
2
0
0
0
0
0
8
0
0
19
0
0
0
0
0
0
0
0
0
0
0
0
0
0
0
0
1
0
0
0
2
0
6
8
0
0
0
0
0
0
0
0
0
0
0
0
0
0
0
0
0
1
3
2
0
0
0
0
7
0
0
0
0
0
5
11
0
0
0
0
0
0
0
0
0
0
0
0
0
3
4
1
0
0
2
8
0
3
57
150
174
66
0
5
0
0
0
0
0
0
0
0
0
0
0
0
0
0
3
0
0
0
11
23
106
221
249
242
255
177
36
0
0
0
0
0
3
0
0
0
0
8
0
14
0
0
6
8
0
0
107
237
250
254
255
243
255
245
158
6
0
0
0
0
0
0
16
0
0
5
0
0
9
0
0
0
0
0
118
251
252
240
255
242
239
255
150
0
0
0
0
0
4
0
7
3
0
0
1
0
0
0
0
7
15
12
4
13
57
44
90
248
254
218
24
10
0
0
0
0
8
0
0
11
0
2
0
7
2
6
3
0
0
0
0
0
18
88
246
255
147
18
0
0
0
0
0
0
0
6
0
0
12
7
0
2
0
0
12
1
0
2
48
131
209
255
159
73
0
11
0
11
0
0
0
0
0
8
1
0
4
0
7
0
11
8
40
49
144
223
246
251
242
143
0
0
6
0
7
0
0
0
0
0
1
2
3
31
0
0
8
1
0
102
255
246
255
252
251
248
255
217
28
0
0
11
0
10
0
0
0
0
3
0
4
136
8
8
0
2
7
46
172
164
192
133
117
131
234
253
175
12
0
0
8
0
0
0
0
0
19
0
0
208
137
0
13
0
7
0
2
10
0
0
6
0
164
255
134
11
6
0
4
0
0
0
0
0
0
0
14
115
237
153
0
0
0
9
0
0
4
0
11
71
242
182
22
0
0
0
8
0
0
0
0
0
12
0
0
0
137
243
212
56
0
0
4
8
0
35
138
235
251
111
4
12
14
0
0
0
0
0
0
0
0
9
8
0
2
52
231
245
236
154
118
148
189
233
247
219
47
0
0
8
0
0
8
8
0
0
0
0
11
0
0
0
4
0
39
152
240
255
247
246
249
179
62
0
8
0
14
6
0
5
0
0
0
0
0
0
0
0
16
1
0
19
0
0
12
73
105
69
12
0
0
19
0
5
6
0
0
6
0
4
0
0
0
0
0
19
0
0
7
6
0
3
5
0
0
1
0
2
15
0
0
9
4
1
5
0
0
8
0
0
0
0
2
0
0
12
0
0
10
0
0
7
0
0
10
3
0
3
0
4
0
0
1
0
4
0
0
0
0
0
0
0
0
0
0
0
0
0
0
0
0
0
0
0
0
0
0
0
0
0
0
0
0
0
0
0
0
0
0
0
0
0
0
0
0
0
0
0
0
0
0
0
0
0
0
0
0
0
0
0
0
0
0
0
0
0
0
0
0
0
0
0
0
0
0
0
0
0
0
0
0
0
0
0
0
0
0
0
0
0
0
0
0
0
0
0
0
0
0
0
0
0
0
0
0
0
0
0
0
0
0
0
0
0
0
0
0
0
0
0
0
0
