1
0
0
0
0
0
0
0
0
0
3
0
16
0
0
9
0
0
0
0
0
0
0
0
0
0
0
0
0
0
0
0
0
0
0
0
0
0
10
0
0
1
8
0
4
0
0
0
0
0
0
0
0
0
0
0
0
0
0
0
0
0
0
0
0
10
0
2
0
0
4
10
3
0
0
0
0
0
0
0
0
0
0
0
0
0
0
0
0
0
0
0
0
0
0
0
14
19
0
0
0
0
0
0
0
0
0
0
0
0
0
0
0
0
0
0
0
0
0
0
0
10
15
8
2
0
100
225
10
0
0
0
0
0
0
0
0
0
0
0
0
0
0
0
0
0
0
0
0
0
10
0
0
0
55
255
111
0
0
0
0
0
0
0
0
0
0
0
0
0
0
0
0
0
0
0
0
18
0
0
10
12
87
255
30
0
0
0
0
0
0
0
0
0
0
0
0
0
0
0
0
0
0
0
0
0
2
6
0
0
63
247
93
0
0
0
0
0
0
0
0
0
0
0
0
0
0
0
0
0
0
0
0
0
4
6
0
0
54
251
136
0
3
5
1
0
3
3
0
0
0
0
0
0
0
0
0
0
0
0
0
0
4
1
0
2
60
255
145
0
0
0
0
0
4
4
0
0
0
0
0
0
0
0
0
0
0
0
0
3
3
0
0
7
60
255
161
2
1
0
0
0
4
3
0
0
0
0
0
0
0
0
0
0
0
0
0
3
2
0
1
6
47
252
180
3
4
3
1
1
1
0
0
0
0
0
0
0
0
0
0
0
0
0
0
0
1
0
3
0
25
240
198
0
0
4
5
1
0
0
1
0
0
0
0
0
0
0
0
0
0
0
0
0
1
0
5
0
6
230
216
0
0
0
2
1
0
0
2
0
0
0
0
0
0
0
0
0
0
0
0
0
2
0
7
0
0
228
231
10
1
0
0
2
1
0
0
0
0
0
0
0
0
0
0
0
0
0
0
2
2
0
8
0
0
229
240
31
12
0
0
5
5
0
0
0
0
0
0
0
0
0
0
0
0
0
0
7
0
10
6
0
0
236
246
63
4
2
0
4
0
0
0
0
0
0
0
0
0
0
0
0
0
0
0
0
9
7
0
19
12
216
255
55
0
0
0
3
0
2
1
0
0
0
0
0
0
0
0
0
0
0
0
5
5
4
0
0
2
212
251
60
1
1
0
4
0
1
0
0
0
0
0
0
0
0
0
0
0
0
0
4
0
3
0
1
3
208
255
60
1
0
0
3
0
0
0
0
0
0
0
0
0
0
0
0
0
0
0
0
11
2
0
22
0
142
248
53
0
0
0
2
0
2
1
0
0
0
0
0
0
0
0
0
0
0
0
5
2
0
0
3
0
147
252
65
5
4
0
5
0
0
0
0
0
0
0
0
0
0
0
0
0
0
0
10
0
0
10
0
15
201
255
70
10
7
1
5
0
0
0
0
0
0
0
0
0
0
0
0
0
0
0
0
6
5
0
0
3
137
202
50
0
0
0
1
0
3
2
0
0
0
0
0
0
0
0
0
0
0
0
0
0
0
0
0
0
0
0
0
0
0
0
0
0
0
0
0
0
0
0
0
0
0
0
0
0
0
0
0
0
0
0
0
0
0
0
0
0
0
0
0
0
0
0
0
0
0
0
0
0
0
0
0
0
0
0
0
0
0
0
0
0
0
0
0
0
0
0
0
0
0
0
0
0
0
0
0
0
0
0
0
0
0
0
0
0
0
0
0
0
0
0
0
0
0
0
0
0
0
0
0
0
0
0
