1
0
0
0
0
0
0
0
0
3
2
0
0
0
0
0
0
0
5
3
0
0
1
3
0
0
0
0
0
0
0
0
0
0
0
0
0
0
0
0
1
5
3
4
3
6
0
0
9
13
4
0
1
0
0
0
0
0
0
0
0
0
0
0
0
0
3
2
0
2
0
0
0
0
0
4
0
0
0
0
0
0
0
0
0
0
0
0
0
0
0
0
0
0
4
5
0
0
0
0
8
6
0
0
7
5
12
13
0
0
0
0
0
0
0
0
0
0
0
0
0
0
1
5
0
4
9
6
49
228
81
0
0
0
0
0
1
0
0
0
0
0
0
0
0
0
0
0
0
0
0
5
0
2
4
6
76
255
91
0
11
21
7
2
0
0
0
0
0
0
0
0
0
0
0
0
0
3
0
5
0
0
0
0
91
252
104
8
0
0
0
5
0
0
0
0
0
0
0
0
0
0
0
0
0
0
0
5
0
5
0
3
112
251
84
0
5
6
0
3
4
0
0
0
0
0
0
0
0
0
0
0
0
0
1
0
0
0
0
25
219
239
96
0
2
5
0
6
0
0
0
0
0
0
0
0
0
0
0
0
0
2
0
1
11
0
0
35
251
255
91
0
0
0
0
0
1
0
0
0
0
0
0
0
0
0
0
0
0
4
0
4
13
0
6
63
255
243
60
0
2
0
0
0
3
0
0
0
0
0
0
0
0
0
0
0
0
2
0
3
1
0
9
118
243
161
12
0
7
0
6
0
1
0
0
0
0
0
0
0
0
0
0
0
0
2
2
0
0
0
8
186
254
72
0
1
9
0
8
0
0
0
0
0
0
0
0
0
0
0
0
0
0
4
0
0
2
6
36
240
255
24
0
9
3
0
3
0
0
0
0
0
0
0
0
0
0
0
0
0
0
1
0
6
0
4
113
255
219
7
3
3
0
0
1
2
0
0
0
0
0
0
0
0
0
0
0
0
0
0
2
14
0
0
189
255
141
0
6
0
0
5
4
5
0
0
0
0
0
0
0
0
0
0
0
0
0
0
0
3
0
110
248
217
0
0
0
0
0
0
0
0
0
0
0
0
0
0
0
0
0
0
0
0
0
9
6
0
21
209
255
177
7
0
0
0
0
0
0
0
0
0
0
0
0
0
0
0
0
0
0
0
0
0
2
0
117
255
247
79
0
0
0
0
0
0
0
0
0
0
0
0
0
0
0
0
0
0
0
0
0
2
0
0
235
244
224
10
0
0
0
0
0
0
0
0
0
0
0
0
0
0
0
0
0
0
0
0
0
13
0
30
255
244
175
0
7
0
0
0
0
0
0
0
0
0
0
0
0
0
0
0
0
0
0
0
0
0
0
131
245
255
91
0
6
0
0
0
0
0
0
0
0
0
0
0
0
0
0
0
0
0
0
0
0
0
12
199
242
182
27
0
9
0
0
0
0
0
0
0
0
0
0
0
0
0
0
0
0
0
0
0
0
3
0
152
209
39
0
4
0
0
0
0
0
0
0
0
0
0
0
0
0
0
0
0
0
0
0
0
0
0
0
0
0
0
0
0
0
0
0
0
0
0
0
0
0
0
0
0
0
0
0
0
0
0
0
0
0
0
0
0
0
0
0
0
0
0
0
0
0
0
0
0
0
0
0
0
0
0
0
0
0
0
0
0
0
0
0
0
0
0
0
0
0
0
0
0
0
0
0
0
0
0
0
0
0
0
0
0
0
0
0
0
0
0
0
0
0
0
0
0
0
0
0
0
0
0
0
0
0
0
0
0
0
