0
0
0
0
0
0
0
0
0
11
0
0
0
0
0
0
0
6
4
0
8
0
6
0
0
0
0
0
0
0
0
0
0
0
0
0
0
0
0
0
4
6
4
2
3
0
0
10
5
4
0
14
0
0
0
0
0
0
0
0
0
0
0
0
0
0
0
3
1
0
1
0
0
13
0
6
0
0
0
5
0
0
0
0
0
0
0
0
0
0
0
0
0
0
3
1
0
0
0
1
0
0
7
0
1
16
8
0
12
0
0
0
0
0
0
0
0
0
0
0
0
0
0
0
0
1
6
5
1
0
2
19
11
0
0
4
0
0
0
0
0
0
0
0
0
0
0
0
0
0
0
0
3
3
0
0
0
20
82
244
240
179
125
120
0
0
0
0
0
0
0
0
0
0
0
0
0
2
0
0
6
0
0
0
12
0
67
242
255
255
238
255
170
0
0
0
0
0
0
0
0
0
0
0
0
2
0
0
7
0
0
21
58
198
232
255
249
255
248
255
255
0
0
0
0
0
2
6
0
10
0
27
0
0
17
0
0
81
122
235
251
249
255
236
254
255
241
255
88
0
0
0
0
3
1
2
0
0
4
0
2
3
0
85
231
247
248
255
117
125
46
44
52
245
254
242
3
0
0
0
0
11
0
0
0
14
0
0
8
15
118
229
255
218
171
92
2
16
0
0
30
246
255
247
6
0
0
0
0
3
0
2
8
39
0
0
84
208
240
255
177
66
0
0
12
0
7
0
37
255
247
250
0
0
0
0
0
0
5
4
0
22
15
14
215
248
206
142
6
0
14
10
0
9
8
1
10
255
247
251
9
0
0
0
0
0
0
0
0
2
0
173
230
140
0
0
0
2
0
12
0
0
0
0
36
249
245
147
3
0
0
0
0
6
0
0
0
10
41
255
111
0
2
10
0
19
0
0
10
14
0
4
126
254
238
43
0
0
0
0
0
0
10
3
0
23
205
169
11
0
0
0
0
0
2
2
2
0
4
33
173
254
148
0
3
0
0
0
0
0
0
8
0
127
254
44
9
0
8
12
0
0
0
2
0
10
72
222
255
254
108
8
0
0
0
0
0
11
1
6
0
154
252
114
15
0
0
0
0
15
6
1
30
144
238
255
250
230
97
0
9
0
0
0
0
5
0
0
11
179
254
255
225
170
54
33
58
27
59
169
228
254
255
255
225
47
0
9
0
0
0
0
0
0
14
0
2
100
236
255
238
249
249
244
243
252
255
255
255
242
255
139
35
0
13
0
0
0
0
0
0
0
6
0
0
24
159
226
255
244
255
255
246
255
255
240
255
220
70
2
11
2
7
4
10
0
0
0
0
20
0
2
1
0
0
61
162
249
248
235
235
250
227
159
101
51
0
12
0
0
0
3
0
0
0
0
0
0
0
8
0
5
3
5
0
0
108
89
0
0
10
0
5
0
0
1
0
15
0
0
0
0
0
0
0
0
4
0
0
3
2
10
0
6
0
0
5
0
0
2
0
0
6
0
6
0
0
14
0
0
0
0
0
0
0
0
0
0
0
0
0
0
0
0
0
0
0
0
0
0
0
0
0
0
0
0
0
0
0
0
0
0
0
0
0
0
0
0
0
0
0
0
0
0
0
0
0
0
0
0
0
0
0
0
0
0
0
0
0
0
0
0
0
0
0
0
0
0
0
0
0
0
0
0
0
0
0
0
0
0
0
0
0
0
0
0
0
0
0
0
0
0
0
0
0
0
0
0
0
0
0
0
0
0
0
0
0
0
0
0
0
0
0
0
0
