7
0
0
0
0
0
0
0
0
0
0
2
2
1
0
0
2
2
0
11
0
0
0
9
0
0
0
0
0
0
0
0
0
0
0
0
0
2
2
2
1
0
0
0
1
2
0
0
2
15
8
1
0
0
0
0
0
0
0
0
0
0
0
0
0
4
2
0
0
0
1
2
2
0
3
4
1
0
0
0
6
0
0
0
0
0
0
0
0
0
0
0
0
0
0
0
0
2
3
3
1
0
7
2
0
3
9
8
0
0
0
0
0
0
0
0
0
0
0
0
0
0
0
0
1
2
1
0
0
3
1
9
0
10
0
0
0
0
0
0
0
0
0
0
0
0
0
0
0
0
2
4
3
0
0
0
0
12
0
0
0
8
0
12
8
0
0
0
0
0
0
0
0
0
0
0
0
0
4
5
2
0
0
3
9
0
0
5
18
0
1
4
0
0
0
0
0
0
0
0
0
0
0
0
0
0
1
4
0
0
0
12
24
74
189
247
203
4
0
3
5
0
0
0
0
0
6
0
0
0
2
0
2
0
5
0
0
94
163
226
237
247
254
255
184
2
1
4
0
0
0
0
0
0
2
2
2
5
0
0
0
0
15
102
209
235
249
254
247
253
252
255
144
0
0
6
0
0
0
0
0
0
1
0
0
2
0
3
23
0
82
253
239
255
157
69
0
47
234
255
55
0
8
0
21
0
0
0
0
3
1
0
0
0
0
12
43
233
252
249
255
201
0
0
44
221
255
204
0
0
7
0
0
0
0
0
0
0
0
0
5
5
0
0
24
249
245
241
130
30
0
28
75
181
246
207
22
2
2
7
4
0
0
0
0
0
2
1
0
1
0
3
25
237
228
194
8
0
3
0
0
147
255
168
0
0
4
2
0
0
0
0
0
1
6
0
0
0
0
10
29
220
255
64
0
0
0
8
39
244
245
109
36
0
0
12
4
0
0
0
0
0
6
6
0
0
0
0
0
20
26
16
0
7
4
0
127
255
255
30
0
10
3
0
11
0
0
0
0
0
0
0
0
0
0
0
0
7
0
19
0
0
7
13
212
245
187
0
1
0
0
13
0
0
0
0
0
0
0
0
0
0
0
0
0
0
15
0
3
7
7
139
255
255
158
3
8
1
0
2
0
0
0
0
0
0
0
0
0
0
0
0
0
0
11
0
0
0
0
162
252
254
85
0
3
3
0
0
2
0
0
0
0
0
0
0
0
0
0
0
0
0
0
7
2
0
6
193
250
203
17
0
0
1
0
0
6
0
0
0
0
0
0
0
0
0
0
0
0
0
11
0
5
2
29
255
255
143
0
4
0
0
3
0
0
0
0
0
0
0
0
0
0
0
0
0
0
4
0
0
0
0
96
254
241
71
0
9
0
0
2
2
0
0
0
0
0
0
0
0
0
0
0
0
0
0
0
8
0
0
186
248
194
10
0
0
0
2
0
4
0
0
0
0
0
0
0
0
0
0
0
0
0
0
44
0
2
0
188
251
118
0
13
0
0
7
0
0
0
0
0
0
0
0
0
0
0
0
0
0
0
0
5
10
0
0
194
255
123
0
0
0
0
0
0
0
0
0
0
0
0
0
0
0
0
0
0
0
0
1
0
0
7
41
238
255
103
0
0
0
0
0
0
0
0
0
0
0
0
0
0
0
0
0
0
0
0
0
8
0
0
26
191
170
6
0
0
0
0
0
0
0
0
0
0
0
0
0
0
0
0
0
0
0
0
0
0
2
20
0
6
9
5
0
0
0
0
0
0
0
0
0
0
0
0
