0
0
0
0
0
0
0
0
0
2
10
0
2
0
9
0
2
0
12
0
0
7
0
0
0
0
0
0
0
0
0
0
0
0
0
0
0
0
0
0
6
1
13
0
0
9
16
0
7
0
0
0
8
0
0
0
0
0
0
0
0
0
0
0
0
11
0
0
15
0
0
0
10
0
0
0
8
0
18
0
0
0
0
0
0
0
0
0
0
0
0
0
0
0
3
9
0
0
11
15
0
14
4
19
0
0
0
11
0
0
0
0
0
0
0
0
0
0
0
0
0
1
0
0
3
2
0
1
3
0
4
0
0
7
0
1
0
0
0
0
0
0
0
0
0
0
0
0
0
14
3
0
0
1
5
71
150
161
16
16
0
146
243
7
0
0
0
0
0
0
0
0
0
0
0
0
0
0
17
13
0
61
151
228
255
250
208
66
20
215
236
112
1
0
0
0
0
0
0
0
0
0
0
0
0
11
0
0
69
229
255
246
248
252
255
139
0
252
255
172
4
0
0
0
0
7
3
12
0
0
4
1
4
0
0
88
241
247
255
143
55
121
235
255
39
203
255
203
7
0
0
0
0
0
0
1
3
1
3
1
0
0
54
225
255
255
147
23
0
8
145
246
78
255
236
105
0
0
0
0
0
11
3
0
5
0
0
1
0
11
146
255
255
215
26
4
0
0
25
0
102
255
255
142
0
0
0
0
0
0
0
0
2
0
3
12
6
95
246
243
243
55
9
0
9
1
7
0
111
244
233
32
8
0
0
0
0
0
4
0
9
1
4
0
3
198
254
254
118
0
14
0
3
5
0
0
164
255
255
16
4
0
0
0
0
2
15
0
7
0
1
0
66
249
253
209
0
19
0
6
6
5
10
57
255
235
217
36
0
0
0
0
0
0
0
0
0
0
7
19
193
255
250
72
9
0
0
2
0
0
0
179
234
255
131
0
4
0
0
0
0
3
0
0
10
0
0
4
237
251
137
11
0
0
3
13
0
9
32
207
255
207
0
1
0
0
0
0
0
0
0
2
0
0
0
78
235
245
166
0
0
14
0
0
0
1
160
255
244
180
0
6
0
0
0
0
0
3
0
0
2
0
0
84
255
244
146
16
0
0
21
0
0
21
255
238
252
50
3
2
3
0
0
0
0
1
0
2
0
0
0
86
255
255
150
0
11
8
0
0
37
219
236
250
158
7
0
8
0
0
0
0
0
0
4
5
0
0
6
86
238
255
134
11
0
0
0
20
182
245
254
149
16
0
0
4
7
0
0
0
0
0
1
2
0
0
5
91
255
254
167
10
1
11
61
223
242
253
174
40
0
1
10
0
5
0
0
0
0
6
0
0
4
3
0
79
255
249
251
124
62
182
236
255
255
224
7
8
0
15
8
0
0
0
0
0
0
3
0
0
0
6
0
32
154
247
255
254
255
254
234
246
146
12
11
0
0
0
0
14
3
0
0
0
0
0
7
1
0
8
1
0
18
199
250
245
243
255
215
74
0
2
0
17
0
2
0
0
0
0
0
0
0
0
0
0
0
0
0
0
0
18
96
216
220
93
10
6
0
0
0
0
0
0
0
0
0
0
0
0
0
0
0
0
0
0
0
0
0
10
0
0
3
0
0
14
0
0
0
0
0
0
0
0
0
0
0
0
0
0
0
0
0
0
0
0
0
7
0
1
5
0
3
8
0
0
0
0
0
0
0
0
0
0
0
0
0
0
0
0
0
0
0
0
0
0
0
2
2
2
0
0
0
0
0
0
0
0
0
0
0
0
0
0
0
