3
0
0
0
0
0
0
0
0
1
0
0
0
0
0
0
3
0
0
0
0
0
0
0
0
0
0
0
0
0
0
0
0
0
0
0
0
0
0
0
3
4
0
0
0
0
0
0
0
0
0
0
0
0
0
0
0
0
0
0
0
0
0
0
0
7
1
0
2
1
0
0
1
0
0
0
0
0
0
0
0
0
0
0
0
0
0
0
0
0
0
0
0
0
0
0
0
0
0
0
6
0
0
0
0
0
0
0
0
0
0
0
0
0
0
0
0
0
0
0
0
0
1
7
8
6
4
0
0
0
0
0
0
0
0
0
0
0
0
0
0
0
0
0
0
0
0
0
0
6
6
0
0
0
5
3
0
0
0
0
0
0
0
0
0
0
0
0
0
0
0
0
0
0
0
0
0
208
238
255
255
255
222
129
36
0
0
0
0
0
0
0
0
0
0
0
0
0
0
0
0
0
0
0
0
203
207
199
199
238
255
241
177
0
0
0
0
0
0
0
0
0
0
0
0
0
0
0
0
0
0
0
0
3
0
6
5
53
144
255
178
0
10
0
0
9
0
5
0
0
0
0
0
0
0
0
0
0
0
0
0
0
9
10
0
0
163
235
175
9
0
2
10
0
0
0
7
0
0
0
0
0
0
0
0
0
0
0
0
0
0
0
16
59
243
251
150
1
2
0
0
0
11
0
0
0
0
0
0
0
0
0
0
0
0
0
0
7
16
45
175
243
252
223
0
0
17
0
0
15
4
0
0
0
0
0
0
0
0
0
0
0
0
0
0
0
0
193
255
255
255
226
163
20
0
16
0
5
0
0
5
0
0
0
0
0
0
0
0
0
0
0
0
20
0
50
102
83
129
233
249
156
0
13
0
0
0
0
0
0
0
0
0
0
0
0
0
0
0
0
0
0
0
11
16
0
3
121
254
252
69
0
2
0
9
3
0
0
0
0
0
0
0
0
0
0
0
0
0
10
0
0
0
14
0
4
138
253
189
0
8
4
0
7
0
0
0
0
0
0
0
0
0
0
0
0
0
8
0
0
1
0
10
1
71
255
252
7
0
9
4
0
0
0
0
0
0
0
0
0
0
0
0
0
0
2
0
0
5
18
2
3
62
243
252
2
0
0
1
2
5
0
0
0
0
0
0
0
0
0
0
0
0
0
7
3
0
0
0
0
81
255
244
18
4
0
0
1
0
0
0
0
0
0
0
0
0
0
0
0
0
0
4
2
0
0
18
0
125
249
144
0
0
0
0
4
0
0
0
0
0
0
0
0
0
0
0
0
0
4
0
0
10
2
5
45
196
255
55
0
0
6
0
2
0
0
0
0
0
0
0
0
0
0
0
0
0
2
4
0
8
6
0
146
255
231
25
9
0
8
0
0
0
0
0
0
0
0
0
0
0
0
0
0
0
0
5
0
0
3
73
218
240
92
0
0
0
0
0
0
4
0
0
0
0
0
0
0
0
0
0
0
0
1
0
2
2
27
254
240
134
0
13
0
2
0
4
0
0
0
0
0
0
0
0
0
0
0
0
0
0
0
4
0
49
209
255
115
0
0
0
0
0
0
0
0
0
0
0
0
0
0
0
0
0
0
0
0
0
5
0
6
195
252
85
8
16
0
0
0
0
0
0
0
0
0
0
0
0
0
0
0
0
0
0
0
0
0
8
1
0
1
0
0
4
0
0
0
0
0
0
0
0
0
0
0
0
0
0
0
0
0
0
0
0
4
0
3
1
4
12
0
0
0
0
0
0
0
0
0
0
0
0
0
0
