9
0
0
0
0
0
0
0
0
3
5
0
3
8
0
0
9
0
0
0
0
0
2
9
0
0
0
0
0
0
0
0
0
0
0
0
0
0
0
11
4
0
15
16
0
0
2
3
6
2
0
0
0
0
0
0
0
0
0
0
0
0
0
0
0
16
0
0
0
0
0
0
8
0
0
0
0
2
0
0
4
0
0
0
0
0
0
0
0
0
0
0
0
0
0
7
16
1
8
13
0
1
3
0
0
0
9
0
0
0
0
0
0
0
0
0
0
0
0
0
0
0
12
0
0
5
0
2
6
0
2
12
0
0
10
0
0
0
0
0
0
0
0
0
0
0
0
0
0
0
16
0
0
2
10
10
0
0
0
11
2
0
3
0
1
0
0
0
0
0
0
0
0
0
0
0
0
5
0
14
3
56
203
254
234
61
0
0
4
0
1
0
7
0
0
0
0
0
0
0
0
0
0
0
0
2
0
0
56
248
213
64
238
163
18
0
7
0
6
0
1
0
0
0
0
0
0
0
0
0
0
0
0
0
7
11
200
226
0
9
159
180
0
0
0
8
1
0
4
0
0
0
0
0
0
0
0
0
0
0
0
8
0
0
250
164
1
0
146
175
0
5
1
3
1
1
0
0
0
0
0
0
0
0
0
0
0
0
0
2
0
15
226
240
123
118
243
181
0
7
3
0
0
7
0
0
0
0
0
0
0
0
0
0
0
0
0
0
2
0
9
158
191
199
251
211
0
0
1
0
0
10
0
0
0
0
0
0
0
0
0
0
0
0
0
19
0
9
8
0
0
14
222
249
7
0
0
0
0
8
0
0
0
0
0
0
0
0
0
0
0
0
0
0
0
0
0
1
9
11
218
249
15
0
1
4
0
3
0
0
0
0
0
0
0
0
0
0
0
0
0
9
9
0
0
22
0
57
255
194
4
5
0
3
0
1
1
0
0
0
0
0
0
0
0
0
0
0
0
0
0
0
15
0
0
153
255
134
0
9
0
0
0
1
3
0
0
0
0
0
0
0
0
0
0
0
0
0
10
0
1
0
0
214
255
8
5
2
0
0
0
0
0
0
0
0
0
0
0
0
0
0
0
0
0
0
1
0
3
0
58
236
196
6
4
2
0
0
0
0
0
0
0
0
0
0
0
0
0
0
0
0
0
0
0
0
1
0
137
247
97
4
2
1
0
0
0
0
1
0
0
0
0
0
0
0
0
0
0
0
0
3
1
2
0
0
205
244
25
1
0
0
0
0
0
1
2
0
0
0
0
0
0
0
0
0
0
0
0
0
0
2
0
21
247
219
7
0
0
0
0
0
0
1
1
0
0
0
0
0
0
0
0
0
0
0
0
0
1
0
0
62
249
147
0
0
0
0
0
0
0
0
0
0
0
0
0
0
0
0
0
0
0
0
0
0
5
0
3
121
241
65
0
0
0
0
0
0
0
0
0
0
0
0
0
0
0
0
0
0
0
0
0
0
5
0
16
174
248
27
6
0
0
0
0
0
0
0
0
0
0
0
0
0
0
0
0
0
0
0
0
2
4
0
2
194
203
0
2
0
0
0
0
0
0
0
0
0
0
0
0
0
0
0
0
0
0
0
0
6
0
33
0
178
64
2
0
0
0
0
0
0
0
0
0
0
0
0
0
0
0
0
0
0
0
0
0
0
7
0
0
11
0
0
2
0
0
0
0
0
0
0
0
0
0
0
0
0
0
0
0
0
0
0
0
0
16
0
15
0
0
7
0
0
0
0
0
0
0
0
0
0
0
0
0
