4
0
0
0
0
0
0
0
0
1
1
13
0
0
3
0
0
0
7
1
0
0
3
1
3
0
0
0
0
0
0
0
0
0
0
0
0
0
0
0
0
4
15
0
9
0
0
4
0
9
1
1
0
0
0
0
0
0
0
0
0
0
0
0
0
8
7
3
1
0
0
3
0
9
0
0
0
4
0
5
0
0
0
0
0
0
0
0
0
0
0
0
0
0
0
9
0
13
0
17
7
7
0
2
0
0
0
6
0
0
0
0
0
0
0
0
0
0
0
0
0
2
11
0
0
4
6
0
0
0
4
7
10
0
7
1
0
0
0
0
0
0
0
0
0
0
0
0
0
0
4
0
2
18
185
158
27
0
5
0
0
0
0
0
3
0
0
0
0
0
0
0
0
0
0
0
0
0
0
7
1
69
255
177
0
3
0
0
0
33
0
0
11
0
0
0
0
0
0
0
0
0
0
0
0
8
0
0
0
210
252
90
4
3
0
19
9
100
8
0
4
0
0
0
0
0
0
0
0
0
0
0
0
2
0
7
58
243
195
7
3
14
0
60
226
253
94
2
0
0
0
0
0
0
0
0
0
0
0
0
0
0
0
1
168
255
79
1
0
0
19
250
241
255
21
0
0
0
0
0
0
0
0
0
0
0
0
0
0
12
18
0
255
238
18
7
1
0
195
249
255
172
0
18
8
0
0
0
0
0
0
0
0
0
0
0
0
0
0
2
255
225
11
0
2
114
250
249
233
67
0
0
0
0
0
0
0
0
0
0
0
0
0
0
0
7
0
40
252
231
0
0
33
219
255
255
231
16
6
13
0
0
0
0
0
0
0
0
0
0
0
0
0
3
0
0
249
244
82
70
138
252
240
252
42
0
0
4
0
0
0
0
0
0
0
0
0
0
0
0
0
0
8
0
218
250
244
233
255
255
252
103
0
0
0
19
0
0
0
0
0
0
0
0
0
0
0
0
0
6
0
4
4
81
168
243
254
218
18
0
8
0
0
0
3
0
0
0
0
0
0
0
0
0
0
0
0
3
20
0
0
8
5
222
255
86
21
0
0
7
0
0
0
0
0
0
0
0
0
0
0
0
0
0
0
0
0
12
5
0
156
255
168
16
0
0
2
0
0
3
4
0
0
0
0
0
0
0
0
0
0
0
0
10
4
3
0
23
207
255
133
0
0
9
7
0
1
6
0
0
0
0
0
0
0
0
0
0
0
0
0
0
6
0
18
190
255
177
19
4
5
8
3
0
4
5
0
0
0
0
0
0
0
0
0
0
0
0
0
5
3
0
34
237
247
54
2
7
0
0
0
0
1
5
0
0
0
0
0
0
0
0
0
0
0
0
0
0
0
14
177
254
153
0
7
0
0
0
8
0
0
1
7
0
0
0
0
0
0
0
0
0
0
0
0
15
0
16
255
244
59
1
0
3
0
5
10
0
0
1
1
0
0
0
0
0
0
0
0
0
0
0
0
0
2
102
255
181
0
0
4
6
0
0
0
0
4
6
0
0
0
0
0
0
0
0
0
0
0
0
0
1
0
35
236
178
9
2
0
0
0
0
0
0
0
0
0
0
0
0
0
0
0
0
0
0
0
0
0
0
10
0
26
0
0
21
0
0
0
0
0
0
0
0
0
0
0
0
0
0
0
0
0
0
0
0
0
12
0
0
2
0
0
0
9
0
0
0
0
0
0
0
0
0
0
0
0
0
0
0
0
0
0
0
0
2
0
7
2
6
16
0
3
0
0
0
0
0
0
0
0
0
0
0
0
