3
0
0
0
0
0
0
0
0
0
6
0
0
12
0
0
8
0
12
0
0
0
5
0
4
0
0
0
0
0
0
0
0
0
0
0
0
0
2
3
0
0
0
7
0
1
0
0
4
0
1
0
0
0
0
0
0
0
0
0
0
0
0
0
0
0
0
0
0
0
0
0
3
3
0
2
5
0
0
9
3
0
0
0
0
0
0
0
0
0
0
0
0
0
11
3
0
9
10
0
3
2
0
10
8
5
0
0
0
0
0
0
0
0
0
0
0
0
0
0
0
5
0
0
6
0
5
0
0
0
2
0
0
3
4
0
0
0
0
0
0
0
0
0
0
0
0
0
0
0
7
106
113
85
182
211
118
115
103
40
4
0
6
0
6
0
0
0
0
0
0
0
0
0
0
0
0
6
0
137
254
245
255
255
243
255
250
191
122
0
0
0
0
0
0
0
0
0
0
0
0
0
0
0
0
0
96
234
255
250
245
161
99
214
250
255
213
5
0
5
0
0
0
0
0
0
0
0
0
0
0
0
0
0
110
255
246
179
54
8
0
0
249
255
204
9
3
0
5
0
0
0
0
0
0
0
0
0
0
0
0
14
0
123
134
65
0
0
92
205
255
237
67
0
9
1
0
0
0
0
0
0
0
0
0
0
0
0
0
0
6
0
0
8
7
116
229
235
220
72
14
0
6
0
0
0
0
0
0
0
0
0
0
0
0
0
0
5
0
0
11
0
10
221
255
236
40
0
11
0
7
0
9
0
0
0
0
0
0
0
0
0
0
0
0
7
0
3
3
92
179
255
238
55
0
2
0
0
16
0
4
0
0
0
0
0
0
0
0
0
0
0
0
0
28
0
2
210
255
224
155
0
19
0
0
8
0
0
0
0
0
0
0
0
0
0
0
0
0
0
0
0
0
18
184
255
234
255
231
235
25
10
6
10
0
12
0
0
0
0
0
0
0
0
0
0
0
0
0
5
0
84
242
248
255
243
250
249
227
49
0
0
13
5
0
0
0
0
0
0
0
0
0
0
0
0
0
14
0
82
248
255
250
255
244
255
249
187
0
0
15
0
1
0
0
0
0
0
0
0
0
0
0
0
0
0
6
30
149
142
0
0
47
245
255
183
0
4
0
7
0
0
0
0
0
0
0
0
0
0
0
0
0
0
2
3
2
0
3
20
157
254
255
133
0
19
0
8
0
0
0
0
0
0
0
0
0
0
0
0
0
4
5
0
15
1
4
151
220
241
169
12
0
1
0
4
13
0
0
0
0
0
0
0
0
0
0
0
0
6
0
0
0
0
0
238
255
255
130
3
14
0
0
0
3
0
0
0
0
0
0
0
0
0
0
0
0
0
8
51
111
111
166
249
234
119
10
0
0
0
1
7
0
0
0
0
0
0
0
0
0
0
0
0
0
0
13
49
255
255
255
252
180
17
0
13
0
14
2
2
0
0
0
0
0
0
0
0
0
0
0
0
0
3
0
164
244
249
253
173
22
0
9
0
0
0
0
0
15
0
0
0
0
0
0
0
0
0
0
0
0
4
0
87
245
255
115
6
3
0
0
0
0
0
0
0
0
0
0
0
0
0
0
0
0
0
0
0
0
5
0
0
0
0
0
0
0
0
0
0
0
0
0
0
0
0
0
0
0
0
0
0
0
0
0
0
0
0
10
13
0
0
6
4
0
0
0
0
0
0
0
0
0
0
0
0
0
0
0
0
0
0
0
0
0
0
0
0
1
0
0
0
4
0
0
0
0
0
0
0
0
0
0
0
0
