0
0
0
0
0
0
0
0
0
0
6
0
0
0
23
0
14
4
3
0
9
0
0
1
0
0
0
0
0
0
0
0
0
0
0
0
0
5
0
12
4
0
0
7
0
2
0
0
4
0
6
0
10
0
0
0
0
0
0
0
0
0
0
0
0
5
15
0
6
0
1
6
16
0
17
20
0
4
12
0
0
0
0
0
0
0
0
0
0
0
0
0
0
0
8
2
0
19
0
0
0
0
0
0
10
14
0
0
15
0
0
0
0
0
0
0
0
0
0
0
0
0
0
27
0
0
41
96
81
180
255
247
216
0
0
2
0
0
0
0
0
0
0
0
0
0
0
0
0
5
4
0
0
11
195
238
248
255
255
250
231
179
43
0
0
0
0
0
0
0
0
0
0
0
0
0
0
0
0
7
77
178
255
255
255
239
255
241
255
248
202
10
7
0
0
0
0
0
0
0
0
0
0
0
0
9
0
35
248
249
255
247
252
180
136
255
237
255
255
144
38
0
0
0
0
0
7
0
0
2
3
0
6
0
32
175
255
255
251
250
37
12
9
28
219
248
252
191
16
0
0
0
0
0
0
0
10
3
0
0
3
0
120
255
252
230
255
255
96
4
2
1
118
183
242
255
173
0
0
0
0
10
0
0
0
0
9
14
0
34
206
255
248
255
188
35
42
6
5
0
33
206
253
255
112
0
0
0
0
0
0
3
8
4
2
0
0
92
185
255
247
255
92
0
8
0
4
26
0
111
255
252
255
0
0
0
0
10
0
0
2
0
0
55
179
240
230
255
247
229
22
2
0
5
9
0
30
222
251
243
132
0
0
0
0
0
3
3
4
0
3
77
181
255
224
158
255
252
180
76
16
10
0
0
98
255
230
246
161
0
0
0
0
0
0
3
0
13
124
231
255
241
125
0
106
87
255
251
158
164
121
8
216
250
255
205
60
0
0
0
0
9
0
7
0
2
141
255
251
243
103
5
0
0
11
7
9
9
14
124
247
255
246
183
56
0
0
0
0
3
0
6
0
47
212
252
255
111
6
0
3
0
1
0
3
0
28
202
250
255
233
10
4
0
0
0
0
0
6
0
3
88
253
251
121
0
0
0
1
0
15
0
13
65
211
255
255
244
206
0
2
0
0
0
0
0
2
21
0
81
247
255
115
3
16
3
0
2
0
12
154
249
237
255
255
172
49
10
0
0
0
0
0
3
1
0
7
118
249
192
30
10
0
1
0
13
109
210
249
245
255
219
181
47
0
0
0
0
0
0
0
17
0
5
4
245
243
242
40
0
56
123
130
210
239
255
254
254
233
71
0
0
16
8
0
0
0
0
0
0
0
0
4
122
255
246
212
202
211
248
247
255
247
252
248
125
39
20
11
12
0
3
0
0
0
0
0
16
0
20
0
46
201
248
255
237
255
254
240
254
224
152
113
10
5
0
0
0
14
0
4
0
0
0
0
0
7
0
0
8
37
255
243
255
244
250
255
119
42
9
1
0
11
13
0
8
0
0
4
0
0
0
0
0
0
0
0
0
0
0
0
0
0
0
0
0
0
0
0
0
0
0
0
0
0
0
0
0
0
0
0
0
0
0
0
0
0
0
0
0
0
0
0
0
0
0
0
0
0
0
0
0
0
0
0
0
0
0
0
0
0
0
0
0
0
0
0
0
0
0
0
0
0
0
0
0
0
0
0
0
0
0
0
0
0
0
0
0
0
0
0
0
0
0
0
0
0
0
0
0
0
0
0
0
0
0
0
0
0
0
0
0
0
0
0
