4
0
0
0
0
0
0
0
0
7
0
13
0
3
0
2
0
0
0
0
0
8
16
0
0
0
0
0
0
0
0
0
0
0
0
0
0
0
0
6
0
0
0
5
13
4
2
4
0
0
0
0
10
0
0
0
0
0
0
0
0
0
0
0
0
5
3
0
8
8
5
0
0
0
0
4
0
14
0
7
0
0
0
0
0
0
0
0
0
0
0
0
0
0
8
0
0
0
0
7
8
2
0
0
0
1
0
8
0
0
0
0
0
0
0
0
0
0
0
0
0
0
8
2
0
5
0
0
0
2
5
5
16
0
0
3
0
0
0
0
0
0
0
0
0
0
0
0
0
0
0
0
0
7
9
0
10
4
0
0
0
0
7
3
0
0
0
0
0
0
0
0
0
0
0
0
0
16
0
15
162
242
244
41
0
13
0
41
1
0
0
1
4
0
0
0
0
0
0
0
0
0
0
0
0
0
5
81
255
255
240
11
12
0
20
190
129
91
7
0
0
0
0
0
0
0
0
0
0
0
0
0
0
7
0
210
255
255
133
3
10
10
45
255
248
207
25
0
0
0
0
0
0
0
0
0
0
0
0
0
0
0
116
246
255
201
19
0
0
0
119
249
248
109
0
0
10
0
0
0
0
0
0
0
0
0
0
0
0
41
232
254
229
53
11
0
11
38
214
248
255
46
0
3
3
0
0
0
0
0
0
0
0
0
0
0
0
43
253
255
152
5
1
0
0
131
253
249
221
26
7
0
0
0
0
0
0
0
0
0
0
0
0
0
0
25
255
234
181
25
0
0
25
204
247
255
119
0
0
0
2
0
0
0
0
0
0
0
0
0
0
0
0
0
70
255
241
199
114
202
208
240
255
255
57
0
0
0
6
0
0
0
0
0
0
0
0
0
0
0
0
19
0
184
255
249
247
251
255
255
255
184
28
8
0
0
0
0
0
0
0
0
0
0
0
0
0
0
0
0
0
2
88
173
204
207
255
255
232
47
0
0
0
0
0
0
0
0
0
0
0
0
0
0
0
0
0
0
0
8
0
6
0
41
233
255
186
8
0
3
10
0
6
0
0
0
0
0
0
0
0
0
0
0
0
0
0
4
0
0
14
144
255
255
131
0
4
0
5
0
1
0
0
0
0
0
0
0
0
0
0
0
0
6
0
0
0
0
32
243
249
239
61
0
11
0
0
8
0
0
0
0
0
0
0
0
0
0
0
0
0
0
2
15
4
0
9
255
254
195
16
0
6
0
0
6
0
0
0
0
0
0
0
0
0
0
0
0
0
3
0
6
0
0
42
248
252
131
5
5
0
1
2
0
1
0
0
0
0
0
0
0
0
0
0
0
0
12
0
0
0
13
108
247
255
69
7
11
0
3
4
0
5
0
0
0
0
0
0
0
0
0
0
0
0
0
6
18
3
0
143
251
246
27
1
8
0
2
3
0
4
0
0
0
0
0
0
0
0
0
0
0
0
1
9
0
0
10
206
255
170
9
0
1
2
0
1
0
2
0
0
0
0
0
0
0
0
0
0
0
0
3
0
0
2
0
214
243
171
0
0
0
0
0
0
0
0
0
0
0
0
0
0
0
0
0
0
0
0
0
28
0
0
25
31
244
153
0
0
0
0
0
0
0
0
0
0
0
0
0
0
0
0
0
0
0
0
10
0
16
0
0
0
19
1
0
0
0
0
0
0
0
0
0
0
0
0
0
0
0
0
0
0
0
0
0
0
0
15
0
31
0
1
0
0
0
0
0
0
0
0
0
0
0
0
