8
0
0
0
0
0
0
0
0
0
1
1
0
0
0
0
0
0
4
0
0
6
0
1
2
0
0
3
5
0
0
0
0
0
0
0
0
0
3
5
0
0
4
5
0
2
3
0
0
0
0
0
0
0
1
0
7
0
0
0
0
0
0
0
0
12
0
0
0
11
4
0
0
0
0
5
10
5
3
0
0
0
6
0
6
0
0
0
0
0
0
0
0
0
0
6
8
0
0
0
11
4
0
0
0
0
2
7
7
0
8
0
2
0
0
0
0
0
0
0
0
0
9
11
0
0
10
7
0
6
0
9
2
0
3
0
0
0
0
1
1
0
0
0
0
0
0
0
0
11
0
0
0
3
0
0
10
0
0
7
0
2
12
0
11
28
0
3
4
0
0
0
0
0
0
0
0
0
0
4
17
0
0
59
151
175
155
121
60
55
52
21
59
122
0
1
3
0
0
0
0
0
0
0
0
4
7
0
0
20
103
197
255
244
255
255
234
255
255
216
255
213
7
0
0
0
0
0
0
0
0
0
0
7
8
0
45
165
184
255
177
151
228
255
248
255
255
242
255
255
4
0
0
0
0
0
0
0
0
0
0
0
1
7
197
255
93
37
9
2
77
229
200
116
240
255
147
131
0
2
2
0
0
0
0
0
0
0
0
21
0
13
213
255
37
1
0
1
14
9
61
132
255
237
65
12
0
4
1
0
0
0
0
0
0
0
0
0
2
6
218
246
137
29
3
0
16
138
244
251
242
82
10
0
8
0
0
0
0
0
0
0
0
0
0
0
6
0
73
252
243
126
84
101
218
246
255
189
99
13
0
2
11
0
7
0
0
0
0
0
0
0
0
3
0
0
9
41
241
255
252
255
246
240
126
0
13
0
0
2
0
0
13
0
0
0
0
0
0
0
0
0
14
6
0
152
255
242
247
251
190
64
1
2
6
0
5
0
0
0
5
0
0
0
0
0
0
0
0
8
0
86
212
255
255
244
255
153
31
0
0
1
0
0
9
0
4
2
0
4
0
11
0
0
0
0
1
74
213
252
255
209
98
110
185
111
0
10
0
4
0
8
0
0
0
0
0
4
0
9
4
6
0
9
104
238
255
235
150
24
9
145
255
133
0
0
0
1
0
7
0
0
0
0
0
0
7
0
0
0
1
106
231
249
231
40
0
5
0
205
241
142
11
0
0
5
0
1
0
0
0
0
0
0
20
0
0
14
10
189
255
234
54
0
9
0
14
234
226
92
5
0
0
9
0
0
0
0
0
0
0
2
0
0
10
5
89
243
255
102
0
0
0
3
134
255
160
15
0
0
0
3
0
2
0
0
0
0
0
8
0
0
0
0
224
255
199
6
25
0
4
27
225
245
69
0
0
5
0
0
0
3
4
0
0
0
0
3
0
21
5
6
221
240
142
0
0
5
86
204
255
52
0
0
13
4
0
1
0
0
3
0
0
0
0
5
0
3
0
0
89
251
255
255
235
249
247
166
75
29
4
0
5
0
0
7
0
0
4
0
0
0
0
0
17
0
0
14
1
192
255
255
234
211
185
5
0
1
0
0
0
0
0
0
0
0
0
0
0
0
0
0
6
0
0
1
0
41
58
67
45
30
32
0
5
7
0
0
0
0
0
0
0
0
0
0
0
0
0
1
0
3
2
8
7
0
0
0
0
0
0
6
0
0
0
0
0
0
0
0
0
0
0
0
0
0
0
1
0
3
1
0
16
0
7
2
11
17
0
16
0
0
7
0
0
0
0
0
0
0
0
0
0
0
0
