3
0
0
0
0
0
0
0
0
0
8
1
0
8
0
8
0
0
2
1
0
0
5
7
1
0
0
0
0
0
0
0
0
0
0
0
0
0
3
1
24
0
0
1
1
0
16
0
1
14
0
0
0
0
0
0
0
0
0
0
0
0
0
0
0
6
6
0
0
0
0
10
0
3
6
0
8
13
0
0
0
0
0
0
0
0
0
0
0
0
0
0
0
0
11
0
3
4
1
4
5
1
0
4
6
0
1
13
0
0
0
0
0
0
0
0
0
0
0
0
0
0
15
0
18
0
0
0
11
6
2
0
0
6
8
0
0
0
0
0
0
0
0
0
0
0
0
0
0
6
0
14
0
0
22
140
122
114
255
247
255
242
62
8
0
0
0
0
0
0
0
0
0
0
0
0
0
5
17
0
0
202
241
255
255
255
251
255
228
255
253
49
15
0
0
0
0
0
0
0
0
0
0
0
0
0
1
72
255
253
255
247
253
255
255
183
199
252
255
191
0
0
0
0
0
0
0
0
0
0
0
0
0
0
203
248
255
252
246
255
255
194
0
0
7
253
254
248
5
0
0
0
0
0
0
0
0
0
0
0
0
66
247
255
254
254
255
122
0
0
1
5
0
255
255
255
0
0
0
0
0
0
0
0
0
0
0
0
0
0
255
255
252
200
0
1
5
0
7
3
59
255
253
116
4
0
0
0
0
0
0
0
0
0
0
0
0
15
53
123
0
2
3
7
0
0
0
66
202
248
255
132
10
0
0
0
0
0
0
0
0
0
0
0
0
0
13
4
1
18
0
0
8
8
72
246
249
255
193
13
0
0
0
0
0
0
0
0
0
0
0
0
0
4
0
0
4
0
6
140
116
121
254
255
250
209
64
0
23
0
0
0
0
0
0
0
0
0
0
0
0
5
0
10
65
138
185
254
255
252
255
247
178
0
0
4
0
0
0
0
0
0
0
0
0
0
0
0
0
1
0
70
246
255
255
229
255
252
255
248
142
9
0
0
8
0
0
0
0
0
2
0
3
5
0
6
0
0
0
255
241
255
250
255
255
255
255
249
122
10
6
0
0
0
0
0
0
1
0
0
1
0
9
9
0
0
15
195
255
251
129
132
3
121
253
255
122
0
0
0
7
0
0
0
0
10
1
5
72
121
61
0
15
1
0
0
0
23
6
1
55
255
237
255
67
2
1
2
0
0
0
0
0
1
0
1
129
248
255
145
0
5
0
14
3
0
0
0
255
229
255
112
1
0
14
11
0
0
0
0
0
0
24
0
127
255
244
115
8
1
0
3
24
1
144
234
254
255
242
59
15
0
1
0
0
0
0
0
0
0
0
7
183
255
251
140
0
0
7
0
49
199
244
255
255
251
0
10
0
0
0
7
6
0
0
0
0
8
0
1
135
221
255
239
255
144
174
255
255
248
255
248
193
60
8
0
6
0
5
0
2
0
0
0
0
0
1
0
0
68
255
255
243
247
255
255
255
255
255
128
0
4
0
8
1
0
9
0
4
0
0
0
0
0
6
0
0
26
114
204
253
252
255
246
141
58
0
2
1
0
0
0
0
0
0
0
0
0
0
0
0
0
3
5
0
0
0
0
0
0
0
3
0
0
2
12
0
0
0
0
0
0
0
0
0
0
0
0
0
4
5
3
1
4
9
8
4
7
4
7
0
11
5
2
0
0
0
0
0
0
0
0
0
0
0
0
0
2
0
0
0
2
0
0
0
0
0
5
2
0
0
0
10
0
0
0
0
0
0
0
0
0
0
0
0
