4
11
0
9
3
0
0
4
0
0
0
0
12
2
0
5
0
0
11
0
3
1
0
2
0
0
0
0
0
1
0
7
0
7
5
6
0
3
13
0
0
1
2
13
0
4
0
4
0
16
0
17
0
0
0
0
0
0
10
1
0
9
0
0
0
0
7
1
0
1
0
3
0
0
5
0
1
0
0
2
6
0
0
0
0
0
2
0
2
8
0
0
7
0
3
0
0
4
0
0
5
0
6
0
0
27
1
0
5
0
0
0
0
0
0
0
8
6
2
2
0
13
4
0
0
2
9
2
1
8
0
12
1
179
32
12
0
0
0
0
0
3
0
0
0
0
11
0
0
0
0
7
0
0
8
4
0
1
0
7
70
251
51
11
0
0
0
0
0
2
6
4
0
0
1
0
102
44
0
5
11
0
0
0
0
0
7
0
173
248
50
0
16
0
0
0
0
0
3
4
0
8
0
5
247
200
36
0
4
1
0
0
8
1
2
1
239
255
52
0
0
0
0
0
0
0
0
7
19
0
0
10
233
255
128
0
0
1
0
1
2
0
0
13
249
217
25
0
1
0
0
0
0
6
0
0
0
0
13
0
69
247
157
10
5
5
2
0
0
0
5
0
255
212
0
0
5
0
0
0
0
0
13
12
0
10
2
0
32
251
186
0
0
0
9
1
0
2
7
2
251
183
7
0
1
0
0
0
0
3
0
0
0
8
0
0
7
176
167
0
6
1
0
0
7
0
2
88
255
103
0
0
8
0
0
0
0
0
0
13
16
31
5
47
0
213
178
0
7
5
3
0
6
13
0
124
255
74
13
0
0
0
0
0
0
4
0
0
40
255
247
255
191
249
180
8
5
0
0
0
0
0
0
101
252
76
6
12
0
0
0
0
0
0
9
2
31
236
247
255
237
255
250
195
184
101
53
30
0
0
17
151
248
83
3
0
8
0
0
0
0
5
0
1
11
41
170
244
148
135
147
189
255
245
246
213
124
112
108
229
255
157
115
5
3
0
0
0
0
0
0
0
0
0
0
0
0
5
2
0
23
120
191
225
255
255
253
246
255
255
232
147
0
0
0
0
0
0
0
0
0
0
0
0
0
0
9
6
0
0
0
22
72
86
141
255
248
105
54
1
3
0
0
0
0
0
0
0
0
0
0
0
0
12
17
1
0
8
4
0
3
0
81
250
230
39
22
0
2
0
0
0
0
0
0
0
0
0
0
0
0
0
0
0
0
6
3
0
0
0
88
248
242
37
0
3
0
0
0
0
0
0
0
0
0
0
0
0
0
0
7
11
7
2
0
0
5
21
63
249
255
80
0
9
9
0
0
0
0
0
0
0
0
0
0
0
0
1
0
0
0
1
5
3
0
0
0
220
248
80
7
0
0
0
0
0
0
0
0
0
0
0
0
0
0
0
2
9
6
0
0
0
3
0
20
220
255
77
6
0
3
0
0
0
0
0
0
0
0
0
0
0
0
3
0
1
5
1
4
6
0
0
3
123
248
89
0
5
0
0
0
0
0
0
0
0
0
0
0
0
0
0
0
0
0
0
0
0
0
0
0
0
0
0
0
0
0
0
0
0
0
0
0
0
0
0
0
0
0
0
0
0
0
0
0
0
0
0
0
0
0
0
0
0
0
0
0
0
0
0
0
0
0
0
0
0
0
0
0
0
0
0
0
0
0
0
0
0
0
0
0
0
0
0
0
0
0
0
0
0
0
0
0
0
0
0
0
0
0
0
0
0
0
0
0
0
0
0
0
0
0
0
0
0
0
