0
0
0
0
0
0
0
0
0
0
0
1
0
1
0
0
4
3
0
0
5
0
0
4
1
0
0
0
0
0
0
0
0
0
0
0
0
1
0
8
8
0
4
7
0
0
5
6
0
8
8
0
0
0
0
0
0
0
0
0
0
0
0
0
0
4
4
0
0
0
0
12
8
7
0
1
0
1
0
0
14
0
0
0
0
0
0
0
0
0
0
0
0
0
15
0
2
21
4
0
0
0
0
11
0
0
11
21
0
0
0
0
0
0
0
0
0
0
0
0
0
0
4
0
5
1
0
0
10
13
6
0
5
0
0
1
7
0
0
0
0
0
0
0
0
0
0
0
0
6
4
62
186
251
255
255
185
220
135
4
0
27
10
0
1
0
0
0
0
0
0
0
0
0
0
0
0
0
117
215
255
255
227
253
254
251
255
221
69
0
0
0
8
0
0
0
0
0
0
0
0
0
0
0
0
9
222
255
235
195
99
88
154
114
99
243
176
12
7
0
0
0
0
0
0
4
0
0
1
1
2
1
0
132
240
255
255
87
0
0
2
0
29
246
252
138
7
0
8
0
0
0
0
0
0
8
0
0
0
4
9
104
255
253
212
12
16
0
13
4
0
117
245
235
51
0
0
0
0
0
0
1
0
2
0
1
11
0
0
150
239
237
53
0
0
3
0
8
5
0
201
249
125
0
2
0
0
0
0
3
0
0
0
5
11
0
29
244
255
224
0
0
11
7
2
0
5
0
83
253
115
11
0
0
0
0
0
0
0
2
3
0
0
9
137
249
255
216
0
7
0
0
0
0
0
7
64
255
157
0
1
0
0
0
0
1
0
0
6
0
0
8
175
251
255
187
0
11
8
5
9
1
5
0
71
234
255
0
12
0
0
0
0
3
0
0
5
3
4
0
157
246
255
82
0
0
19
0
2
0
0
2
0
170
255
22
0
0
0
0
0
0
6
0
1
0
1
0
171
255
244
78
1
13
0
2
2
3
6
2
5
114
255
14
2
0
0
0
0
0
3
0
1
0
8
0
169
249
255
68
5
8
0
0
0
3
3
4
0
61
255
10
0
0
0
0
0
3
2
0
5
0
0
0
168
255
250
64
6
0
9
10
11
0
0
0
34
86
244
33
0
0
0
0
0
0
0
0
11
0
0
2
164
229
255
70
10
7
0
6
0
5
3
15
19
205
255
9
0
0
0
0
0
0
0
0
9
1
0
2
116
255
255
194
9
3
11
0
15
2
0
31
215
255
146
0
17
0
0
0
0
1
1
2
0
0
1
0
35
242
238
224
25
0
8
0
0
0
41
218
255
239
85
0
0
0
0
0
0
1
0
3
0
0
8
0
0
47
255
255
170
98
2
0
11
110
223
240
255
149
17
0
3
0
0
0
0
0
0
4
0
2
10
3
0
7
161
244
249
255
214
87
99
220
251
248
129
2
0
21
0
0
0
0
0
5
0
5
3
0
0
1
0
0
24
173
239
241
247
255
242
238
211
55
10
0
9
0
1
0
0
0
0
0
0
0
0
0
0
0
0
4
0
1
64
164
243
255
249
86
21
0
0
7
0
0
0
0
0
0
0
0
0
0
0
0
0
0
0
3
5
2
0
0
0
0
0
16
0
0
2
0
0
3
4
0
0
0
0
0
0
0
0
0
0
0
0
0
0
6
4
0
0
5
8
0
0
9
7
0
1
6
0
0
0
0
0
0
0
0
0
0
0
0
0
3
0
0
0
3
4
0
0
4
5
8
3
0
4
5
0
0
0
0
0
