5
0
0
0
0
0
0
0
0
8
0
0
4
0
0
0
0
0
2
0
0
0
0
4
0
0
0
0
0
0
0
0
0
0
0
0
0
0
6
12
8
0
4
9
0
0
8
8
4
0
0
4
0
0
0
0
0
0
0
0
0
0
0
0
0
4
11
0
0
2
2
0
6
0
0
2
3
0
0
4
1
0
0
0
0
0
0
0
0
0
0
0
0
3
0
0
4
0
5
0
2
24
0
0
3
1
0
0
1
0
0
0
0
0
0
0
0
0
0
0
0
0
0
24
0
0
103
231
252
103
13
0
6
4
0
0
0
0
0
0
0
0
0
0
0
0
0
0
0
2
9
0
0
167
247
255
246
144
23
0
0
0
0
0
6
0
0
0
0
0
0
0
0
0
0
0
0
0
14
6
32
255
255
232
255
115
6
0
0
0
3
0
5
0
0
0
0
0
0
0
0
0
0
0
0
11
0
6
44
245
255
246
173
78
0
4
10
0
9
0
0
0
0
0
0
0
0
0
0
0
0
0
0
2
8
0
34
177
255
245
99
7
0
0
1
0
0
0
8
0
0
0
0
0
0
0
0
0
0
0
0
5
0
0
18
0
255
249
77
0
12
4
4
0
3
0
3
0
0
0
0
0
0
0
0
0
0
0
0
0
0
17
0
0
255
255
168
0
12
0
0
0
7
0
3
0
0
0
0
0
0
0
0
0
0
0
0
0
14
0
8
12
240
238
245
50
0
0
0
0
5
0
3
0
0
0
0
0
0
0
0
0
0
0
0
0
10
0
0
0
147
255
255
165
0
8
0
5
0
0
0
0
0
0
0
0
0
0
0
0
0
0
0
0
0
12
0
5
36
223
254
241
29
6
0
4
0
0
1
0
0
0
0
0
0
0
0
0
0
0
0
0
12
0
18
0
0
70
246
255
95
0
0
0
0
1
3
0
0
0
0
0
0
0
0
0
0
0
0
3
0
1
0
4
10
40
255
255
165
2
4
0
4
1
0
0
0
0
0
0
3
3
0
1
5
3
0
12
0
2
16
0
1
56
247
243
199
0
7
6
0
0
6
0
0
0
0
0
4
4
0
0
0
0
0
0
30
0
0
7
2
68
255
247
181
0
0
0
3
9
0
0
0
0
0
0
3
4
0
0
0
1
2
6
0
0
13
0
0
204
247
255
159
14
5
0
4
8
0
0
0
0
0
0
0
1
1
1
3
4
3
0
0
18
0
16
111
131
245
222
69
0
3
0
0
4
0
0
0
0
0
1
0
0
1
5
4
0
0
0
8
0
8
0
245
255
253
142
11
0
4
0
0
2
3
0
0
0
0
2
0
0
1
2
0
0
0
8
30
168
215
180
255
235
255
75
9
10
6
0
5
2
0
0
0
0
0
0
0
1
2
0
0
1
10
42
131
244
234
255
253
217
107
1
0
0
0
0
8
2
0
0
0
0
0
0
0
5
5
0
0
12
31
111
129
248
255
160
107
14
2
1
4
0
7
0
3
0
3
0
0
0
0
0
0
0
0
0
0
0
0
0
0
0
0
0
0
0
0
0
0
0
0
0
0
0
0
0
0
0
0
0
0
0
0
0
0
0
0
0
0
0
0
0
0
0
0
0
0
0
0
0
0
0
0
0
0
0
0
0
0
0
0
0
0
0
0
0
0
0
0
0
0
0
0
0
0
0
0
0
0
0
0
0
0
0
0
0
0
0
0
0
0
0
0
0
0
0
0
0
0
0
0
0
0
0
0
0
0
0
0
0
0
0
0
