5
0
0
0
0
0
0
0
0
0
5
6
0
0
0
2
0
0
5
0
16
0
2
1
0
2
0
2
12
0
0
0
0
0
0
0
0
4
0
0
1
2
0
0
2
0
2
28
0
14
0
0
10
0
5
0
0
0
0
0
0
0
0
0
0
2
0
0
3
1
0
0
12
0
6
0
10
0
1
25
0
19
0
0
14
0
0
0
0
0
0
0
0
0
0
2
2
3
1
0
0
0
0
19
0
5
0
0
7
0
0
13
4
0
0
0
0
0
0
0
0
1
0
0
0
0
0
3
11
27
0
0
4
0
0
0
0
11
20
0
0
0
0
0
0
0
0
0
0
2
0
0
0
0
9
82
158
242
248
37
0
5
10
0
101
221
46
0
24
0
0
0
0
0
0
0
0
0
4
2
0
27
104
200
255
255
255
252
150
154
142
156
240
255
166
16
0
0
0
0
0
0
0
0
0
0
7
0
3
102
232
255
234
214
248
255
255
253
251
255
241
231
95
7
0
0
0
0
0
0
0
0
0
0
5
14
102
255
248
250
106
20
115
210
248
252
255
190
148
29
12
0
0
0
0
0
0
0
0
0
0
8
0
0
175
255
238
228
26
0
8
33
40
42
46
19
4
11
1
0
0
0
0
0
0
0
0
0
0
0
40
214
242
247
255
90
0
8
0
0
1
6
2
5
0
0
0
0
0
0
0
0
0
0
0
0
0
13
49
255
255
255
148
13
6
0
3
0
12
0
0
11
0
0
0
2
4
0
0
0
0
0
0
0
0
1
57
229
255
197
23
21
3
3
14
0
19
0
0
0
0
2
4
5
2
0
0
0
0
0
0
0
0
5
134
255
239
250
255
241
192
146
96
6
0
2
14
0
0
0
1
1
0
0
0
0
0
0
0
0
0
28
242
255
247
248
255
255
255
255
230
127
0
0
7
7
5
0
0
0
0
0
0
0
0
0
0
0
0
36
220
246
255
220
157
116
49
141
238
252
47
10
0
2
0
0
2
2
0
1
8
0
0
14
0
0
7
12
13
49
42
6
1
2
0
29
226
255
166
8
0
11
0
0
0
0
0
0
14
3
14
0
0
8
0
0
0
2
7
7
0
0
5
42
230
252
196
0
9
0
0
0
0
0
0
2
8
0
4
0
3
7
3
2
14
10
0
3
14
0
2
0
225
246
226
0
0
15
4
0
0
0
0
1
0
1
0
5
0
0
32
0
0
1
0
0
1
0
6
89
240
248
153
5
0
9
0
0
0
0
0
7
0
8
0
0
22
179
255
124
7
0
15
6
0
8
30
190
255
255
84
2
7
0
3
0
0
0
0
0
0
8
15
0
2
248
249
103
1
0
7
0
19
130
210
242
255
154
45
1
0
2
4
0
0
0
0
2
0
0
4
0
3
214
253
209
125
89
81
104
192
250
249
255
177
7
0
0
0
23
0
0
0
0
0
3
0
1
0
12
0
93
255
255
245
255
249
246
255
250
232
118
0
12
7
0
3
0
8
0
0
0
0
0
10
0
0
5
0
21
123
217
239
251
255
255
235
124
7
0
0
0
0
0
0
0
0
0
0
0
0
0
6
0
0
13
0
0
27
1
10
7
0
0
2
3
0
0
0
0
0
0
0
0
0
0
0
0
0
2
5
0
0
4
6
0
0
0
0
3
4
0
0
1
11
0
0
0
0
0
0
0
0
0
0
0
0
2
3
2
0
0
4
10
3
0
0
0
3
8
0
0
0
0
0
0
0
0
0
0
0
0
0
0
0
