4
0
0
0
0
0
0
0
0
8
0
7
0
0
0
12
0
0
10
0
8
1
0
0
4
0
0
0
0
0
0
0
0
0
0
0
0
2
0
0
5
5
0
1
0
5
11
0
0
0
12
2
0
0
0
0
0
0
0
0
0
0
0
0
0
7
5
0
4
0
0
1
16
0
4
13
12
0
0
0
4
0
0
0
0
0
0
0
0
0
0
0
0
0
0
0
0
4
0
0
0
9
0
0
0
2
12
0
0
0
0
0
0
0
0
0
0
0
0
0
0
0
2
10
0
0
0
8
10
16
0
0
8
3
0
0
7
0
0
0
0
0
0
0
0
0
0
0
0
6
0
0
1
0
9
7
0
0
17
8
0
118
250
206
0
0
0
0
0
0
0
0
0
0
0
0
0
36
129
188
176
7
0
2
16
10
0
0
97
233
255
190
0
0
0
0
0
0
0
0
0
0
0
0
0
192
255
255
226
0
9
0
0
1
0
10
133
255
255
200
8
0
0
0
0
12
0
7
1
0
0
0
5
103
240
255
221
0
9
0
1
7
0
0
210
249
253
224
42
0
0
0
0
0
0
2
0
13
2
6
0
193
255
251
223
0
0
0
0
0
3
5
224
255
252
191
26
0
0
0
0
3
10
7
0
3
0
0
9
199
244
235
222
9
5
8
0
3
0
60
240
251
255
212
0
0
0
0
0
0
0
0
0
0
17
10
135
241
255
255
175
4
0
0
0
0
20
174
246
245
252
201
0
0
0
0
0
0
0
0
2
0
4
92
251
252
255
245
76
0
9
0
18
8
119
255
252
255
235
99
2
0
0
0
0
4
16
0
0
12
0
162
255
255
242
209
41
53
123
145
190
153
203
255
255
254
195
28
0
0
0
0
0
0
1
0
0
8
59
224
251
247
255
255
219
246
255
253
252
255
239
238
255
236
105
12
0
0
0
0
0
5
0
12
3
0
175
252
255
254
255
243
255
249
247
253
251
245
255
255
245
249
6
0
11
0
0
0
0
0
0
8
3
103
247
255
243
253
253
255
254
251
255
230
255
255
234
255
245
255
0
2
0
0
0
0
0
7
0
0
11
133
244
249
255
250
253
255
239
191
132
44
55
234
255
255
255
184
9
5
0
0
0
0
0
0
14
0
0
142
255
255
232
255
248
184
73
0
0
13
112
248
255
248
251
106
0
0
8
0
0
0
0
1
9
0
1
117
237
255
255
160
60
0
10
23
3
0
122
255
248
250
251
85
0
2
0
0
0
0
0
0
0
0
0
85
200
167
50
6
3
0
0
0
0
4
128
255
255
248
207
24
0
6
0
0
0
0
0
20
0
0
8
0
0
13
2
9
0
0
12
14
0
0
133
250
255
241
191
0
0
0
9
0
0
0
0
0
0
5
3
0
0
3
0
0
11
0
0
0
13
12
114
244
255
255
182
32
9
0
3
0
0
0
0
0
7
0
0
9
0
0
4
0
3
0
7
7
0
0
133
254
255
248
69
0
0
12
0
0
0
0
0
0
0
0
0
0
0
0
0
0
0
1
4
0
0
12
37
146
137
90
21
0
4
9
0
0
0
0
0
0
0
0
0
0
0
0
0
3
0
0
2
0
0
1
15
5
10
7
0
0
2
3
0
0
0
0
0
0
0
0
0
0
0
0
0
6
0
0
1
2
0
0
0
0
0
0
4
5
0
0
0
0
0
0
0
0
0
0
0
0
0
0
0
5
0
0
2
5
1
0
0
11
1
0
4
4
0
0
9
0
0
0
0
