4
0
0
0
0
0
0
0
0
0
15
0
0
1
0
0
9
5
0
0
0
2
0
0
9
0
0
0
0
0
0
0
0
0
0
0
0
0
0
1
12
0
4
12
0
0
0
9
0
13
0
4
0
0
0
0
0
0
0
0
0
0
0
0
0
0
17
2
0
0
0
0
11
0
0
9
0
0
0
9
0
0
0
0
0
0
0
0
0
0
0
0
0
0
0
9
16
0
5
0
0
9
2
0
9
0
0
2
2
0
0
0
0
0
0
0
0
0
0
0
0
18
0
0
5
0
13
0
0
2
0
0
2
13
0
4
0
0
0
0
0
0
0
0
0
0
0
0
0
0
0
196
248
55
0
26
5
0
15
10
0
12
0
14
0
0
0
0
0
0
0
0
0
0
0
0
0
2
3
232
255
156
1
0
0
1
133
126
43
0
0
12
0
0
0
0
0
0
0
0
0
0
0
0
0
0
3
243
255
213
4
0
5
0
255
255
161
0
16
0
0
0
0
0
0
0
0
0
0
0
0
0
0
0
40
237
252
187
2
0
0
0
243
249
179
0
0
0
3
0
0
0
0
0
0
0
0
0
0
0
0
7
81
255
253
86
0
0
0
45
255
254
90
3
10
4
0
0
0
0
0
0
0
0
0
0
0
0
0
0
218
251
255
97
17
0
12
154
255
248
70
14
0
0
6
0
0
0
0
0
0
0
0
0
0
0
0
72
255
253
243
50
0
0
0
242
246
252
106
4
0
0
15
0
0
0
0
0
0
0
0
0
0
0
0
103
242
255
149
10
4
20
97
254
255
251
74
0
4
4
0
0
0
0
0
0
0
0
0
0
0
0
0
90
244
255
155
150
156
157
239
244
255
197
2
4
4
2
0
0
0
0
0
0
0
0
0
0
0
0
0
164
255
255
255
255
247
255
247
252
255
123
0
9
0
0
2
0
0
0
0
0
0
0
0
0
0
0
0
208
255
239
252
255
235
178
252
255
255
90
21
0
2
11
0
0
0
0
0
0
0
0
0
0
0
0
0
81
238
255
235
139
29
3
219
255
240
76
3
0
8
0
2
0
0
0
0
0
0
0
0
0
0
0
0
0
20
22
21
16
0
0
206
249
237
12
0
1
1
0
7
0
0
0
0
0
0
0
0
0
0
0
0
0
5
2
0
0
7
96
254
255
246
0
1
1
0
3
0
0
0
0
0
0
0
0
0
0
0
0
0
0
16
0
2
6
5
182
247
255
208
10
9
0
0
6
0
0
0
0
0
0
0
0
0
0
0
0
0
5
0
0
10
4
0
199
255
248
100
8
2
0
8
1
0
0
0
0
0
0
0
0
0
0
0
0
0
5
0
12
0
0
9
198
255
247
33
0
0
0
13
0
4
0
0
0
0
0
0
0
0
0
0
0
0
3
0
6
0
12
70
230
250
255
77
0
4
2
6
0
2
0
0
0
0
0
0
0
0
0
0
0
0
0
10
1
0
0
0
203
255
254
152
4
8
0
0
3
1
0
0
0
0
0
0
0
0
0
0
0
0
4
0
1
5
0
10
110
222
198
19
0
13
0
0
0
0
0
0
0
0
0
0
0
0
0
0
0
0
0
0
0
6
4
0
0
13
18
0
0
2
0
3
0
7
0
0
0
0
0
0
0
0
0
0
0
0
3
3
0
0
0
1
0
0
0
2
18
0
3
14
0
0
0
0
0
0
0
0
0
0
0
0
0
0
0
6
12
3
0
0
5
5
11
6
0
0
3
12
0
6
0
0
0
0
