0
0
0
0
0
0
0
0
0
0
0
3
0
0
0
0
9
0
4
1
0
2
0
0
3
0
0
0
0
0
0
0
0
0
0
0
0
9
0
0
7
10
1
0
0
0
0
0
2
1
0
0
4
0
0
0
0
0
0
0
0
0
0
0
0
0
10
14
0
0
0
9
3
10
2
0
0
0
3
6
0
0
0
0
0
0
0
0
0
0
0
0
0
6
0
0
0
6
0
0
0
0
0
9
5
0
2
7
0
0
0
0
0
0
0
0
0
0
0
0
0
0
9
0
2
1
0
9
0
4
0
0
7
4
0
0
3
0
0
0
0
0
0
0
0
0
0
0
0
0
6
4
46
94
146
230
255
132
57
0
0
10
2
0
6
0
0
0
0
0
0
0
0
0
0
0
0
0
3
65
219
255
245
247
255
249
187
64
0
1
10
0
1
0
0
0
0
0
0
0
0
0
0
0
0
9
136
218
255
249
237
255
246
248
255
185
32
0
0
0
0
0
0
0
0
7
0
2
2
2
2
1
0
0
226
249
254
229
255
241
255
254
241
255
102
0
21
0
2
0
0
0
0
0
0
9
0
0
1
5
10
46
219
249
255
255
221
169
210
247
252
240
245
96
0
26
3
0
0
0
0
0
0
2
0
2
13
0
0
211
255
255
248
169
63
17
78
254
250
253
255
214
49
0
0
0
0
0
0
3
0
0
0
6
12
0
31
248
243
254
255
80
11
0
20
199
255
250
246
255
95
0
13
0
0
0
0
2
1
3
4
0
0
9
137
255
252
255
190
26
1
0
0
211
255
249
255
249
165
10
4
0
0
0
0
4
0
0
7
0
0
7
174
249
251
222
31
0
0
8
11
178
255
255
252
240
255
44
0
0
0
0
0
4
0
0
6
4
5
0
158
252
255
226
0
8
0
0
0
24
189
249
255
252
255
149
9
0
0
0
0
0
5
0
2
0
3
0
174
250
248
224
11
0
1
0
3
4
15
255
247
251
248
173
0
0
0
0
0
3
0
0
10
0
0
0
172
247
255
220
0
8
0
6
0
0
20
215
241
254
254
170
2
0
0
0
0
0
7
0
0
0
8
0
153
255
242
210
5
0
0
0
13
0
10
215
255
255
231
53
0
0
0
0
0
0
9
0
0
0
6
6
161
236
255
232
18
0
16
0
7
0
12
246
240
251
127
12
0
0
0
0
0
0
4
0
3
4
0
8
173
255
255
244
111
19
3
0
30
194
236
253
246
255
77
0
8
0
0
0
0
0
2
0
1
6
0
0
122
255
234
255
255
115
41
122
207
253
246
252
246
207
0
17
0
0
0
0
0
0
4
0
0
2
5
0
29
181
251
242
255
252
235
255
255
250
255
232
229
31
0
0
0
0
0
0
0
1
0
5
0
0
7
0
0
15
217
255
242
252
255
249
248
246
245
101
11
0
8
0
11
0
0
0
0
4
0
9
11
0
0
6
4
0
57
168
255
255
251
255
248
221
102
0
5
0
0
15
0
0
0
0
0
0
0
0
0
0
0
0
0
0
11
4
104
157
239
167
108
8
5
2
0
0
0
0
0
0
0
0
0
0
0
0
0
0
0
0
0
0
3
0
0
0
21
5
0
6
4
2
0
0
0
0
0
0
0
0
0
0
0
0
0
0
0
0
0
6
6
12
0
0
0
2
2
4
2
1
0
0
0
0
1
0
0
0
0
0
0
0
0
0
0
0
0
0
0
1
0
17
0
3
0
1
0
0
0
0
0
1
2
0
0
0
0
