1
0
0
0
0
0
0
0
0
0
0
0
0
0
0
0
0
0
5
0
0
8
0
4
6
0
0
0
0
0
0
0
0
0
0
0
0
0
0
0
0
0
0
0
0
0
13
0
0
0
6
4
0
0
0
0
0
0
0
0
0
0
0
0
0
0
0
0
0
0
0
0
0
9
0
15
0
13
14
0
1
0
0
0
0
0
0
0
0
0
0
0
0
0
0
0
0
0
0
0
0
0
2
0
0
0
0
6
0
0
0
0
0
0
0
0
0
0
0
0
0
0
0
0
0
0
0
0
0
7
8
0
240
189
0
0
8
0
0
0
0
0
0
0
0
0
0
0
0
0
0
0
0
0
0
0
0
0
0
116
253
238
47
4
0
0
0
0
0
0
0
0
0
0
0
0
0
0
0
0
0
0
0
0
0
0
12
242
253
233
53
0
3
0
0
0
0
0
0
0
0
0
0
0
0
0
0
0
0
0
0
0
0
1
115
252
255
129
0
0
0
0
0
0
0
0
0
0
0
0
0
0
0
0
0
3
0
4
5
0
2
44
214
250
255
19
0
7
0
0
0
0
0
0
0
0
0
0
0
0
0
8
0
6
0
0
5
11
0
154
255
255
129
10
2
0
10
0
0
0
0
0
0
0
0
0
0
0
0
1
0
11
0
4
0
8
35
217
255
186
8
0
1
0
0
0
0
0
0
0
0
0
0
0
0
0
0
0
17
0
8
0
8
25
196
248
231
75
0
4
10
4
0
0
0
0
0
0
0
0
0
0
0
0
0
0
9
0
0
2
3
79
255
255
138
3
7
0
3
10
3
0
0
0
0
0
0
0
0
0
0
0
0
0
0
17
0
0
69
183
250
192
21
0
6
0
0
0
0
0
0
0
0
0
0
0
0
0
0
0
0
1
12
0
15
0
221
255
246
81
0
7
9
5
10
0
3
0
0
0
0
0
0
0
0
0
0
0
0
0
3
5
0
91
250
239
110
0
14
0
0
0
3
0
3
0
0
0
0
0
0
0
0
0
0
0
0
2
0
1
83
248
255
185
0
0
0
0
0
0
0
0
0
0
0
0
0
0
0
0
0
0
0
0
0
0
4
3
174
255
248
119
9
0
0
0
0
0
0
0
0
0
0
0
0
0
0
0
0
0
0
0
0
0
32
195
255
255
102
0
0
0
0
0
0
0
0
0
0
0
0
0
0
0
0
0
0
0
0
0
0
7
70
253
255
208
36
5
2
0
0
0
0
0
0
0
0
0
0
0
0
0
0
0
0
0
0
0
0
83
230
255
255
37
0
1
0
0
0
0
0
0
0
0
0
0
0
0
0
0
0
0
0
0
0
0
0
184
255
255
152
0
22
6
0
0
0
0
0
0
0
0
0
0
0
0
0
0
0
0
0
0
0
0
0
205
239
236
49
6
0
0
5
0
0
0
0
0
0
0
0
0
0
0
0
0
0
0
0
0
0
0
0
190
244
40
0
4
0
0
3
0
0
0
0
0
0
0
0
0
0
0
0
0
0
0
0
0
0
0
0
0
0
0
0
0
0
0
0
0
0
0
0
0
0
0
0
0
0
0
0
0
0
0
0
0
0
0
0
0
0
0
0
0
0
0
0
0
0
0
0
0
0
0
0
0
0
0
0
0
0
0
0
0
0
0
0
0
0
0
0
0
0
0
0
0
0
0
0
0
0
0
0
0
0
0
0
0
0
0
0
0
0
0
0
0
0
0
0
0
0
0
0
0
0
0
0
0
0
0
0
0
0
0
0
