0
0
0
0
0
0
0
0
0
0
6
0
0
5
2
1
0
0
0
6
1
4
5
0
2
0
0
0
0
0
0
0
0
0
0
0
0
8
0
1
1
0
0
3
0
16
4
0
0
0
4
0
4
0
0
0
0
0
0
0
0
0
0
0
0
3
0
10
1
4
5
0
8
0
0
0
7
3
0
0
2
0
0
0
0
0
0
0
0
0
0
0
0
0
5
0
0
0
5
0
5
3
5
0
8
7
0
0
0
0
0
0
0
0
0
0
0
0
0
0
0
1
5
6
20
51
145
200
122
141
107
21
0
1
5
7
0
0
0
0
0
0
0
0
0
0
0
0
0
0
0
0
115
250
244
227
255
255
233
91
0
0
0
5
1
0
0
0
0
0
0
0
0
0
0
0
0
12
41
185
250
246
255
217
149
236
255
130
8
0
0
0
1
0
0
0
0
0
0
0
0
0
0
0
0
0
76
252
255
239
162
24
53
170
234
103
0
1
6
2
0
0
0
0
0
6
0
0
4
0
0
9
3
63
243
248
255
174
15
199
255
255
250
76
0
5
0
2
0
0
0
0
0
5
0
0
2
0
1
0
7
200
234
255
197
51
0
220
247
249
247
205
57
0
3
10
0
0
0
0
0
0
2
2
2
0
11
0
98
251
255
236
18
8
8
18
170
232
229
255
239
92
0
0
0
0
0
0
0
0
6
3
2
0
7
21
222
255
236
122
15
0
0
9
3
28
255
252
243
241
181
31
3
0
0
0
0
4
4
0
2
0
0
23
255
249
197
19
3
9
0
16
0
5
18
132
250
247
255
131
0
0
0
0
0
5
0
0
5
3
0
36
247
254
126
2
0
0
16
0
6
0
0
7
83
255
253
159
4
0
0
0
0
0
0
0
3
6
12
83
247
242
104
0
3
15
0
0
0
14
0
0
34
225
239
255
18
0
0
0
0
0
8
8
0
0
15
125
255
226
26
0
0
8
0
8
0
0
15
3
3
202
255
241
27
0
0
0
0
0
6
6
0
10
1
136
250
203
0
0
0
0
12
0
0
4
3
0
63
250
255
238
24
0
0
0
0
0
4
0
0
0
0
149
255
236
54
28
3
1
0
10
0
0
8
0
57
247
255
146
0
0
0
0
0
0
7
0
0
0
13
146
241
255
189
3
0
0
24
0
0
0
5
0
101
255
244
165
10
0
0
0
0
0
1
0
10
0
9
102
253
237
233
89
2
17
0
0
0
3
0
62
197
245
254
46
0
0
0
0
0
8
0
0
14
0
0
33
255
255
255
228
104
17
0
19
0
0
62
191
245
255
125
0
26
0
0
0
0
1
0
4
0
0
3
0
123
235
234
255
255
156
99
99
155
211
250
252
255
227
13
21
0
0
0
0
0
0
7
3
0
0
18
0
0
7
139
249
252
255
253
255
251
246
248
244
230
49
5
0
13
0
0
0
0
0
0
0
15
0
0
17
0
0
7
51
230
249
255
243
255
255
180
116
12
0
0
7
0
0
0
0
0
0
0
0
0
0
0
0
0
0
0
0
0
0
0
0
0
0
0
0
0
0
0
0
0
0
0
0
0
0
0
0
0
0
0
0
0
0
0
0
0
0
0
0
0
0
0
0
0
0
0
0
0
0
0
0
0
0
0
0
0
0
0
0
0
0
0
0
0
0
0
0
0
0
0
0
0
0
0
0
0
0
0
0
0
0
0
0
0
0
0
0
0
0
0
0
0
0
0
0
0
0
0
0
0
0
0
0
0
0
0
0
0
