4
0
0
0
0
0
0
0
0
0
0
0
0
15
6
0
4
0
0
0
0
0
0
0
1
0
0
0
0
0
0
0
0
0
0
0
0
2
2
6
0
0
0
3
0
2
7
10
4
0
0
0
0
0
0
0
0
0
0
0
0
0
0
0
0
5
0
8
5
9
2
13
0
14
0
0
8
0
0
12
0
0
0
0
0
0
0
0
0
0
0
0
0
13
0
0
0
8
0
3
5
0
30
18
0
1
1
0
7
0
0
0
0
0
0
0
0
0
0
0
0
0
7
8
0
11
0
0
9
0
0
0
7
6
0
0
1
0
0
0
0
0
0
0
0
0
0
0
0
0
8
0
0
4
13
0
0
7
0
0
6
3
1
4
2
0
0
0
0
0
0
0
0
0
0
0
0
8
0
0
22
0
2
4
3
52
212
141
0
0
9
0
16
0
0
0
0
0
0
0
0
0
0
0
0
1
0
81
169
49
0
0
5
220
255
172
25
0
5
4
0
0
0
0
0
0
0
0
0
0
0
0
0
0
1
175
249
160
0
4
3
225
255
174
0
0
0
0
4
0
0
0
0
0
0
0
0
0
0
0
0
3
13
210
241
230
4
0
0
218
255
193
6
3
2
0
0
0
0
0
0
0
0
0
0
0
0
0
0
2
48
250
255
119
9
15
0
239
239
183
0
1
6
0
0
0
0
0
0
0
0
0
0
0
0
0
0
0
70
240
247
116
0
0
40
251
235
204
11
2
0
0
5
0
0
0
0
0
0
0
0
0
0
0
0
0
147
249
231
36
1
10
111
238
255
255
63
3
0
0
9
0
0
0
0
0
0
0
0
0
0
0
0
1
201
248
236
28
149
191
243
251
255
231
55
0
2
4
0
0
0
0
0
0
0
0
0
0
0
0
0
71
240
255
243
254
245
236
253
255
186
99
8
0
9
4
0
0
0
0
0
0
0
0
0
0
0
0
0
1
183
246
255
255
246
255
250
246
103
0
0
6
0
0
8
0
0
0
0
0
0
0
0
0
0
0
0
7
2
25
56
140
0
244
255
200
32
0
7
0
5
0
3
0
0
0
0
0
0
0
0
0
0
0
0
0
12
0
0
14
53
255
250
110
0
0
2
0
5
0
0
0
0
0
0
0
0
0
0
0
0
0
0
3
8
0
8
0
119
255
250
35
0
0
2
0
8
0
1
0
0
0
0
0
0
0
0
0
0
0
0
9
0
3
14
6
159
236
248
21
1
8
1
0
4
0
6
0
0
0
0
0
0
0
0
0
0
0
0
0
0
9
0
14
213
247
255
28
8
1
0
0
0
0
1
0
0
0
0
0
0
0
0
0
0
0
0
1
10
5
0
19
255
250
253
22
3
0
0
4
0
0
0
0
0
0
0
0
0
0
0
0
0
0
0
0
3
0
5
17
255
235
188
8
0
0
5
2
2
7
0
0
0
0
0
0
0
0
0
0
0
0
0
0
2
4
0
10
255
255
138
0
1
4
3
0
0
13
0
0
0
0
0
0
0
0
0
0
0
0
0
6
0
2
8
10
255
239
147
0
0
0
0
0
0
0
0
0
0
0
0
0
0
0
0
0
0
0
0
0
9
9
0
16
241
204
73
0
0
0
0
0
0
0
0
0
0
0
0
0
0
0
0
0
0
0
0
2
0
0
17
0
12
0
0
0
0
0
0
0
0
0
0
0
0
0
0
0
0
0
0
0
0
0
0
0
0
0
13
3
0
6
11
0
0
0
0
0
0
0
0
0
0
0
0
