7
0
0
0
0
0
0
0
0
0
0
0
0
0
0
0
0
6
2
0
0
0
0
0
0
0
0
0
1
0
0
0
0
0
0
0
0
0
0
0
0
0
0
0
0
0
0
0
1
6
9
7
5
3
3
5
7
0
0
0
0
0
0
0
0
0
0
0
0
0
0
0
0
4
3
1
0
0
0
0
0
0
0
0
0
0
0
0
0
0
0
0
0
0
0
0
0
0
0
0
0
0
0
0
0
1
5
9
10
0
0
0
0
0
0
0
0
0
0
0
0
0
0
0
0
0
0
0
0
3
2
2
1
0
0
0
0
0
4
4
0
0
0
0
0
0
0
0
0
0
0
0
0
0
0
0
0
0
0
2
4
4
2
1
0
0
0
0
1
0
0
0
0
0
0
0
0
0
0
0
0
0
0
0
0
0
1
1
0
0
0
0
3
15
0
0
0
0
0
0
0
0
0
0
0
0
0
0
0
0
0
0
0
0
8
32
68
113
164
211
239
62
23
0
0
0
0
0
0
1
12
0
1
0
13
104
119
176
243
173
140
206
232
246
255
247
255
255
227
73
23
0
0
0
12
0
2
0
0
0
0
93
174
255
255
251
243
255
255
254
255
237
227
255
251
184
78
18
0
0
0
0
0
4
6
0
14
87
174
211
243
186
89
50
105
142
72
71
59
35
166
237
226
81
0
0
0
2
0
1
18
0
2
0
48
229
251
254
98
9
3
5
0
0
2
5
13
92
255
254
114
2
1
0
7
7
0
0
0
14
0
9
167
255
200
55
5
0
0
0
4
1
8
0
29
237
248
237
0
16
3
2
0
0
0
8
2
0
13
0
54
124
3
0
12
0
0
1
0
10
0
26
191
255
232
56
16
0
0
4
0
0
1
10
0
4
9
0
8
8
0
4
10
0
0
13
8
0
8
139
255
253
108
0
0
10
15
4
1
1
5
0
10
5
0
0
10
2
0
0
0
23
0
0
0
0
114
255
250
90
0
3
15
0
0
0
0
1
0
0
0
0
0
0
0
0
0
0
0
4
1
0
2
52
247
255
113
4
0
0
0
4
0
0
0
0
0
0
0
0
0
0
0
0
0
6
9
0
9
4
43
249
255
164
41
0
10
11
0
0
6
0
0
0
0
0
0
0
0
0
0
0
0
0
0
0
0
22
240
253
225
37
0
0
4
0
0
2
0
0
0
0
0
0
0
0
0
0
0
0
0
8
0
6
0
70
250
255
122
0
0
4
0
0
0
8
0
0
0
0
0
0
0
0
0
0
0
0
0
0
4
0
100
235
248
159
0
5
0
0
7
0
0
0
4
0
0
0
0
0
0
0
0
0
0
0
0
10
5
21
156
255
212
12
13
3
2
0
0
2
2
0
0
0
0
0
0
0
0
0
0
0
0
0
0
0
7
183
253
213
36
9
0
0
6
3
0
0
9
4
0
0
0
0
0
0
0
0
0
0
0
0
0
7
96
249
255
132
0
0
0
4
0
0
4
10
0
0
11
0
0
0
0
0
0
0
0
0
0
0
0
34
171
255
236
23
0
7
0
0
0
0
0
0
0
0
0
0
0
0
0
0
0
0
0
0
0
0
0
146
255
236
130
7
2
0
2
0
0
0
0
0
0
0
0
0
0
0
0
0
0
0
0
0
0
0
0
163
237
133
14
0
4
0
9
0
0
0
0
0
0
0
0
0
0
0
0
0
0
0
0
0
0
0
0
0
14
0
0
6
12
5
0
0
0
0
0
0
0
0
0
0
0
0
0
