0
0
0
0
0
0
0
0
0
1
0
13
0
0
12
0
0
0
0
6
0
0
7
6
0
0
0
0
0
0
0
0
0
0
0
0
0
4
4
0
7
7
0
5
7
13
0
0
0
8
0
0
0
0
0
0
0
0
0
0
0
0
0
0
0
0
5
8
0
0
4
1
0
0
5
18
0
4
5
14
0
0
0
0
0
0
0
0
0
0
0
0
0
0
0
0
8
9
0
5
7
6
0
0
2
10
0
0
13
0
0
0
0
0
0
0
0
0
0
0
0
0
0
19
9
1
5
0
1
4
15
0
0
2
0
0
0
0
0
0
0
0
0
0
0
0
0
0
0
4
6
0
0
0
6
64
112
223
255
169
62
2
0
13
3
0
0
0
0
0
0
0
0
0
0
0
0
0
77
69
211
211
112
235
251
249
255
252
214
164
10
0
5
0
0
0
0
0
0
0
0
0
0
0
0
20
137
255
255
232
255
250
255
255
241
255
255
255
53
11
0
0
0
0
0
0
0
3
0
0
8
0
3
30
253
251
255
238
243
255
251
222
254
254
242
255
220
42
1
0
0
0
0
0
0
5
4
6
0
0
8
105
250
244
255
245
255
228
127
15
101
255
255
255
241
62
0
0
0
0
0
7
0
0
0
1
0
4
47
250
255
246
255
254
248
136
0
0
67
255
247
248
251
130
0
0
0
0
0
9
0
0
0
0
0
12
56
245
255
255
207
145
122
61
3
3
68
241
250
255
253
194
0
0
0
0
0
0
0
6
1
2
1
0
20
183
238
250
58
0
6
2
5
0
52
243
255
255
244
186
2
0
0
0
0
0
0
6
0
0
2
0
24
240
255
249
26
0
13
0
0
11
54
255
249
249
247
113
13
0
0
0
0
5
0
0
0
0
0
11
56
233
245
252
39
10
0
0
5
0
61
250
247
255
252
45
0
0
0
0
0
2
0
2
7
1
0
0
56
254
255
255
21
0
0
14
0
1
119
250
250
253
225
24
5
0
0
0
0
0
9
0
4
0
8
0
114
255
248
250
31
0
9
0
0
24
214
255
252
255
107
14
0
0
0
0
0
0
0
0
6
0
1
14
177
238
255
255
17
11
0
8
2
120
249
254
240
253
49
0
5
0
0
0
0
11
4
0
14
0
0
0
125
255
240
255
126
9
5
0
15
220
255
248
250
187
0
0
10
0
0
0
0
0
3
0
1
0
7
0
43
240
250
250
255
54
0
7
115
255
246
252
255
73
0
2
0
0
0
0
0
0
6
0
0
0
16
3
9
124
254
244
255
219
114
178
255
252
247
255
192
0
3
13
0
0
0
0
0
6
7
6
4
0
0
0
0
0
157
255
227
255
249
255
254
249
255
222
79
0
3
4
0
0
0
0
0
0
0
0
12
3
0
4
0
0
98
255
255
242
255
250
245
253
230
111
4
3
0
0
2
0
0
0
0
12
0
0
0
0
0
11
0
0
25
70
203
255
225
255
255
254
180
3
0
3
0
6
3
0
0
0
0
0
0
0
0
0
0
0
0
0
3
0
36
121
136
238
114
96
41
0
0
3
3
0
2
0
0
0
0
0
0
0
0
0
0
0
0
0
0
0
1
0
0
35
0
13
0
0
5
8
0
0
1
0
0
0
0
0
0
0
0
0
0
0
0
10
2
9
18
0
3
0
5
0
0
0
3
0
0
0
5
0
0
0
0
0
0
0
0
0
0
0
0
0
0
0
0
0
20
0
7
9
7
1
0
0
0
2
1
0
0
0
0
