8
0
0
0
0
0
0
0
0
1
0
0
0
3
6
4
0
2
0
0
3
0
0
5
0
5
0
1
0
0
0
0
0
0
0
0
0
6
3
0
0
0
0
0
0
0
0
0
0
10
9
0
0
0
0
18
8
0
0
0
0
0
0
0
0
0
0
3
6
6
4
3
2
1
9
0
0
1
0
0
2
0
0
0
0
0
0
0
0
0
0
0
0
1
1
0
0
0
0
0
0
0
0
6
7
6
3
3
9
14
0
1
7
0
0
0
0
0
0
0
0
8
3
0
0
0
2
5
6
14
0
1
2
0
0
7
0
0
0
0
0
0
0
0
0
0
0
0
0
0
0
2
4
4
0
0
0
0
0
0
3
4
10
9
0
0
14
7
6
0
0
0
0
0
0
0
0
0
1
5
2
0
0
5
14
0
15
3
0
0
0
0
8
0
20
0
0
0
0
0
0
0
0
0
0
0
1
0
0
16
62
125
172
255
255
139
20
0
0
34
145
255
235
91
0
0
10
12
1
0
0
0
0
3
9
89
152
255
255
227
212
210
201
201
9
3
0
54
99
239
254
19
0
6
1
0
0
0
3
5
4
18
185
245
183
166
72
32
3
4
5
69
0
1
62
186
225
244
75
0
9
5
0
0
4
1
0
0
0
44
228
99
5
8
3
12
4
0
0
0
25
187
251
254
236
107
0
9
0
0
0
6
8
0
0
2
0
51
255
38
2
0
1
0
0
3
85
181
255
255
179
95
4
0
0
17
0
1
4
4
0
0
3
11
5
44
254
49
0
0
2
38
71
195
238
230
201
95
12
2
0
7
2
0
1
1
7
0
0
4
4
0
0
22
206
121
57
125
184
255
239
196
165
38
0
10
3
0
7
15
0
0
6
0
6
0
0
15
0
0
20
35
197
255
254
251
223
177
101
23
0
0
2
0
0
9
0
0
0
10
0
0
9
0
0
10
0
15
109
242
255
249
210
90
56
0
0
0
8
0
0
8
1
0
9
9
0
0
0
3
0
0
0
0
0
0
247
160
11
123
135
6
0
0
8
0
0
0
0
0
0
0
0
0
0
0
0
0
1
0
0
0
1
0
228
4
0
0
220
9
0
22
0
0
0
0
0
0
0
0
0
0
0
0
0
0
2
2
0
0
4
3
183
86
0
16
121
125
0
0
6
0
0
0
0
0
0
0
0
0
0
0
0
0
3
0
0
2
6
0
117
205
0
0
78
220
7
8
0
0
0
0
0
0
0
0
0
0
0
0
0
1
1
0
0
3
4
0
50
188
73
1
0
225
74
0
0
0
0
0
0
0
0
0
0
0
0
0
0
3
0
0
1
2
0
0
7
55
255
42
0
87
186
5
9
0
0
0
0
0
0
0
0
0
0
0
0
2
0
0
6
0
0
4
0
0
118
195
43
0
232
64
0
0
0
0
0
0
0
0
0
0
0
0
0
1
0
0
9
0
0
14
0
7
0
191
151
18
181
74
6
0
0
0
0
0
0
0
0
0
0
0
0
0
0
0
0
0
0
0
0
0
0
23
211
179
55
214
31
0
0
0
0
0
0
0
0
0
0
0
0
0
0
0
0
0
0
0
0
10
8
0
9
215
214
237
48
0
0
0
0
0
0
0
0
0
0
0
0
0
0
0
0
0
0
0
0
0
0
10
7
18
255
255
31
0
0
0
0
0
0
0
0
0
0
0
0
0
0
0
0
0
0
0
0
12
3
0
12
0
0
0
8
0
0
0
0
0
0
0
0
0
0
0
0
