2
0
0
0
0
0
0
0
0
3
0
7
0
1
0
4
0
3
2
0
8
0
0
0
0
0
0
0
0
0
0
0
0
0
0
0
0
5
0
0
1
11
7
5
3
0
0
9
0
4
0
5
0
0
0
0
0
0
0
0
0
0
0
0
0
0
7
0
0
0
0
0
0
9
0
3
0
6
0
0
9
0
0
0
0
0
0
0
0
0
0
0
0
0
6
11
0
5
2
2
0
0
8
0
15
118
255
134
0
0
0
0
0
0
0
0
0
0
0
0
0
3
0
5
0
12
0
0
0
9
26
109
233
255
214
23
1
0
0
0
0
0
0
0
0
0
0
0
0
14
0
0
0
0
0
67
120
219
232
255
255
250
161
0
6
0
0
0
0
0
0
0
0
0
0
0
0
0
0
0
7
0
106
218
255
244
255
252
205
254
225
13
0
0
0
0
0
0
0
0
0
0
0
0
0
0
14
0
5
4
196
255
246
251
178
103
152
251
237
0
8
0
0
0
0
0
0
0
0
0
0
0
0
3
0
8
0
10
128
199
138
60
0
4
138
255
230
4
0
0
0
0
0
0
0
0
0
0
0
0
0
0
0
11
2
0
6
18
0
0
0
14
160
238
193
0
0
0
0
0
0
0
0
0
0
0
0
0
0
2
0
0
0
0
0
0
0
1
5
3
243
255
117
3
13
0
0
0
0
0
0
0
0
0
0
0
0
0
8
12
7
3
0
0
7
0
10
125
246
193
9
0
0
0
0
0
0
0
0
0
0
0
0
0
0
1
0
0
0
0
0
2
0
3
0
239
243
171
6
0
8
0
0
0
0
0
0
0
0
0
0
0
0
10
0
2
11
5
0
0
0
11
59
218
255
109
0
0
6
0
0
0
0
0
0
0
0
0
0
0
0
0
8
21
74
161
174
107
53
103
255
255
194
12
0
9
0
0
0
0
0
0
0
0
0
0
0
0
0
22
182
254
242
255
254
234
255
246
247
238
0
2
2
0
0
0
0
0
0
7
7
0
0
7
0
4
89
232
255
235
174
171
127
214
255
248
255
48
0
1
0
0
9
0
0
0
0
0
0
7
33
0
2
78
255
253
165
29
5
0
39
255
232
253
246
39
6
0
5
10
0
0
0
0
0
0
14
0
0
0
57
232
232
91
0
0
11
88
228
255
246
248
255
190
2
2
4
2
0
0
0
0
0
0
19
0
0
21
109
255
126
0
16
50
182
242
254
204
61
155
255
255
0
2
2
0
8
0
0
0
0
0
0
4
8
3
198
245
149
133
231
255
251
222
153
4
5
26
172
107
0
0
0
4
0
0
0
0
0
2
0
1
0
0
157
255
255
242
249
246
174
44
8
0
0
0
17
0
7
1
0
2
0
0
0
0
0
6
0
0
12
8
0
153
236
173
135
38
1
0
0
6
0
10
0
3
4
3
0
0
4
0
0
0
0
1
2
3
0
0
5
0
5
0
3
0
1
2
0
1
3
0
27
0
1
0
13
0
0
0
0
0
0
0
0
0
0
0
0
0
0
0
0
0
0
0
0
0
0
0
0
0
0
0
0
0
0
0
0
0
0
0
0
0
0
0
0
0
0
0
0
0
0
0
0
0
0
0
0
0
0
0
0
0
0
0
0
0
0
0
0
0
0
0
0
0
0
0
0
0
0
0
0
0
0
0
0
0
0
0
0
0
0
0
0
0
0
0
0
0
0
0
0
0
0
0
0
0
0
0
0
0
0
0
0
0
0
0
0
0
0
0
0
0
0
