5
0
0
0
0
0
0
0
0
4
0
8
0
12
0
0
4
6
0
6
0
3
0
1
2
0
0
0
0
0
0
0
0
0
0
0
0
2
0
8
0
5
0
0
0
0
5
2
0
11
3
6
0
0
0
0
0
0
0
0
0
0
0
0
0
0
0
2
0
2
0
16
5
15
0
0
4
1
0
19
0
0
0
0
0
0
0
0
0
0
0
0
0
3
3
0
0
0
0
9
0
4
0
1
15
1
3
76
59
0
0
0
0
0
0
0
0
0
0
0
0
0
2
0
6
3
6
6
0
0
10
10
71
200
245
237
181
0
0
0
0
0
0
0
0
0
0
0
0
0
0
1
0
0
5
0
8
8
13
160
255
255
243
249
183
0
0
0
0
0
0
0
0
0
0
0
0
5
3
3
0
0
14
0
77
139
201
255
235
213
112
39
86
0
0
0
0
0
0
0
0
0
0
0
0
0
0
9
0
29
98
114
250
251
251
251
95
0
0
0
1
0
0
0
0
7
0
2
1
0
4
0
1
0
0
19
218
254
241
255
247
127
31
10
0
0
0
4
0
0
0
0
0
2
0
2
0
0
10
0
0
22
25
197
255
255
199
71
36
0
8
0
0
0
17
0
13
0
0
0
0
1
5
3
0
0
6
0
4
21
182
255
231
83
61
4
0
0
6
7
0
3
2
0
0
0
0
0
0
0
6
4
0
2
1
0
42
182
255
235
69
0
0
13
1
14
0
0
9
3
9
4
7
0
0
0
0
0
0
4
2
8
0
15
89
255
250
168
103
114
100
110
83
56
24
0
7
0
5
0
0
0
0
0
0
0
0
5
4
0
0
8
76
237
255
233
255
253
239
249
253
244
225
140
0
7
6
3
1
0
0
0
0
5
0
4
0
0
0
0
25
153
140
205
123
146
142
129
145
209
255
230
19
1
0
6
0
0
0
0
0
2
0
3
0
0
12
4
0
0
3
0
0
2
0
6
0
0
196
255
164
0
10
0
5
0
0
0
0
0
0
28
0
0
7
0
4
0
0
1
0
0
1
2
2
4
81
250
255
29
6
1
0
0
0
0
0
8
0
0
8
0
86
27
5
6
1
0
1
1
0
0
0
0
35
210
255
74
0
0
16
0
0
0
0
3
0
0
2
120
244
144
0
4
0
0
5
4
0
0
8
0
98
255
245
77
5
0
0
0
0
0
0
0
10
12
0
207
255
241
229
173
99
28
9
16
17
16
20
150
233
255
228
18
9
0
11
0
0
0
0
14
0
2
0
45
173
254
232
255
252
255
255
245
220
230
255
255
255
213
34
0
0
33
0
0
0
0
0
0
9
0
7
5
1
18
107
218
206
215
244
255
235
213
207
176
102
16
13
0
2
0
14
0
0
0
0
2
9
0
0
7
5
0
0
0
4
32
64
66
36
5
0
6
0
0
0
5
8
0
0
0
0
0
0
5
1
0
16
0
0
7
2
4
0
0
0
0
0
0
7
0
5
10
0
2
0
8
0
0
0
0
0
0
0
0
0
0
0
0
0
0
0
0
0
0
0
0
0
0
0
0
0
0
0
0
0
0
0
0
0
0
0
0
0
0
0
0
0
0
0
0
0
0
0
0
0
0
0
0
0
0
0
0
0
0
0
0
0
0
0
0
0
0
0
0
0
0
0
0
0
0
0
0
0
0
0
0
0
0
0
0
0
0
0
0
0
0
0
0
0
0
0
0
0
0
0
0
0
0
0
0
0
0
0
0
0
0
0
0
0
0
0
0
0
