0
0
0
0
0
0
0
0
0
0
0
0
0
7
0
0
4
6
6
0
5
5
0
2
0
0
0
0
0
0
0
0
0
0
0
0
0
0
5
9
0
0
4
10
0
0
5
2
0
0
8
0
0
0
0
0
0
0
0
0
0
0
0
0
0
0
0
0
3
5
0
1
12
0
8
6
0
5
0
0
10
0
0
0
0
0
0
0
0
0
0
0
0
2
6
0
0
18
0
0
6
1
13
0
0
13
0
4
0
0
0
0
0
0
0
0
0
0
0
0
0
0
8
9
0
0
11
14
0
5
0
0
193
242
112
21
0
0
0
0
0
0
0
0
0
0
0
0
0
7
0
65
172
213
240
179
29
0
8
0
181
255
240
126
0
0
0
0
0
0
0
0
0
0
0
0
0
0
37
169
255
249
255
255
221
76
0
0
84
243
255
199
40
0
0
0
0
0
0
0
0
0
0
0
0
12
150
250
255
252
250
251
255
190
0
18
0
225
253
255
96
0
0
0
0
0
6
5
0
2
8
0
0
70
255
255
253
225
88
75
89
73
6
5
0
137
245
255
94
0
0
0
0
0
1
2
0
1
0
8
53
226
255
238
250
12
0
3
3
4
0
0
0
91
252
255
88
0
0
0
0
2
0
0
4
2
0
19
136
255
242
255
196
0
1
0
0
0
1
2
3
71
255
255
97
0
0
0
0
0
0
0
6
3
0
2
200
247
254
246
66
9
8
0
11
11
0
3
0
84
241
255
88
0
0
0
0
0
2
0
2
0
7
0
223
255
255
172
9
0
1
0
0
0
0
5
2
95
247
255
88
0
0
0
0
0
3
0
0
0
6
26
226
250
251
113
6
5
4
0
3
0
13
6
0
77
254
255
103
0
0
0
0
4
0
4
0
0
0
135
239
255
255
94
0
8
0
0
10
0
8
0
0
93
246
240
98
0
0
0
0
6
0
7
2
5
0
235
255
249
251
101
24
0
6
5
0
8
0
3
7
175
255
245
94
0
0
0
0
2
0
0
19
0
0
239
255
245
254
109
0
0
0
0
0
0
4
0
8
222
247
255
90
0
0
0
0
1
0
2
0
0
13
169
244
255
254
91
11
0
6
0
7
9
0
26
0
214
255
235
98
0
0
0
0
1
0
8
0
4
17
79
248
255
255
102
0
0
15
12
0
3
0
0
166
249
250
220
11
0
0
0
0
0
0
3
0
6
0
19
236
232
255
203
58
25
0
1
3
0
75
137
246
249
245
48
4
0
0
0
0
0
0
0
5
0
0
1
153
255
255
255
223
195
76
108
199
192
222
255
255
246
57
11
0
0
0
0
0
0
7
0
3
0
3
3
38
104
215
255
248
241
255
253
255
255
234
235
255
62
7
3
6
0
0
0
0
0
5
0
1
0
4
2
0
0
88
169
245
255
255
234
255
252
254
247
106
13
0
0
0
0
0
0
0
1
0
0
5
2
0
0
7
0
0
5
57
172
255
255
247
235
109
6
0
0
5
5
0
0
0
0
0
0
0
0
0
0
0
0
0
0
0
0
0
0
0
0
0
0
0
0
0
0
0
0
0
0
0
0
0
0
0
0
0
0
0
0
0
0
0
0
0
0
0
0
0
0
0
0
0
0
0
0
0
0
0
0
0
0
0
0
0
0
0
0
0
0
0
0
0
0
0
0
0
0
0
0
0
0
0
0
0
0
0
0
0
0
0
0
0
0
0
0
0
0
0
0
0
0
0
0
0
0
0
0
0
0
0
0
0
0
0
0
0
