2
0
0
0
0
0
0
0
0
5
0
9
4
9
0
0
2
0
15
0
0
9
0
1
5
0
0
0
0
0
0
0
0
0
0
0
0
3
0
0
0
0
0
25
0
4
0
0
0
0
0
1
0
0
0
0
0
0
0
0
0
0
0
0
0
7
2
8
0
19
6
0
1
7
0
11
0
11
0
0
11
0
0
0
0
0
0
0
0
0
0
0
0
0
11
0
0
0
0
130
255
167
2
3
0
0
0
2
0
0
0
0
0
0
0
0
0
0
0
0
0
5
14
0
25
6
25
229
238
254
3
9
15
0
0
14
0
0
0
0
0
0
0
0
0
0
0
0
0
0
0
11
0
9
122
243
249
218
40
4
0
6
2
0
12
0
0
0
0
0
0
0
0
0
0
0
0
14
1
13
0
141
255
233
255
255
166
71
0
4
14
0
3
0
0
0
0
0
0
0
0
0
0
0
0
0
0
0
109
253
249
255
255
250
247
255
139
0
0
11
0
0
0
0
0
0
0
0
0
0
0
0
0
2
0
0
142
252
247
255
255
254
240
255
223
45
4
0
0
0
0
0
0
0
0
0
0
0
0
0
0
3
15
0
0
192
255
255
201
137
135
58
255
223
27
7
0
0
0
0
0
0
0
0
0
0
0
0
0
0
8
22
5
27
104
116
24
0
8
7
101
247
212
33
0
0
0
0
0
0
0
0
0
0
0
0
0
0
0
0
0
0
8
0
9
0
4
0
0
212
227
33
0
0
0
0
0
0
0
0
0
0
0
0
0
6
6
18
0
4
0
1
0
0
5
0
112
255
202
21
0
0
0
0
0
0
0
0
0
0
0
0
0
13
0
41
85
38
0
2
7
1
2
10
178
235
203
0
0
0
0
0
0
0
0
0
0
0
0
0
0
62
227
234
244
226
218
92
4
0
1
25
249
255
176
7
0
0
0
0
0
0
0
0
0
0
0
0
0
190
250
246
255
255
247
255
228
241
177
169
253
226
114
0
11
0
0
0
0
2
0
0
6
3
0
0
3
202
239
255
255
245
255
255
245
249
255
254
253
90
2
0
2
0
0
0
0
4
0
0
2
0
0
10
29
218
255
253
224
154
176
232
255
255
233
254
250
81
6
8
0
0
0
0
0
2
0
1
2
0
0
17
39
255
245
237
0
3
72
116
254
255
255
249
144
25
0
0
8
0
0
0
0
0
0
3
4
1
0
7
19
204
255
224
72
177
204
254
255
252
208
125
3
0
13
0
0
0
0
0
0
0
0
0
2
2
0
0
0
181
234
252
255
255
254
255
245
144
38
11
0
2
4
5
0
0
0
0
0
4
0
0
0
0
1
1
0
43
175
243
253
245
255
243
142
8
0
5
6
9
0
0
16
0
0
0
0
1
1
0
0
0
1
2
3
0
0
136
173
255
206
27
4
0
13
1
0
12
4
0
0
0
0
0
0
0
0
5
4
1
0
0
0
0
13
0
1
2
0
3
0
4
0
0
12
0
0
23
0
0
0
0
0
0
0
0
0
0
0
0
0
0
0
0
0
0
0
0
0
0
0
0
0
0
0
0
0
0
0
0
0
0
0
0
0
0
0
0
0
0
0
0
0
0
0
0
0
0
0
0
0
0
0
0
0
0
0
0
0
0
0
0
0
0
0
0
0
0
0
0
0
0
0
0
0
0
0
0
0
0
0
0
0
0
0
0
0
0
0
0
0
0
0
0
0
0
0
0
0
0
0
0
0
0
0
0
0
0
0
0
0
0
0
0
0
