2
8
0
0
11
4
0
0
0
0
7
0
5
2
0
4
0
6
0
0
10
0
4
0
0
0
0
0
0
0
2
5
0
0
4
19
10
1
0
0
1
3
1
0
3
0
1
2
2
0
0
0
0
0
0
0
0
3
0
1
10
15
10
0
0
0
0
0
0
0
0
0
7
7
5
4
6
7
0
0
13
0
0
0
0
0
0
0
7
2
0
0
22
0
12
0
1
8
8
13
0
0
5
0
0
0
14
12
0
0
0
0
0
0
7
0
0
0
5
0
0
0
18
0
35
100
117
105
4
5
0
0
16
14
0
0
0
0
0
0
0
8
5
0
1
16
2
0
13
107
207
235
255
253
241
255
234
241
120
9
2
0
2
0
13
0
0
0
0
0
0
3
7
0
0
61
202
247
255
255
249
245
253
255
237
248
255
216
126
0
4
8
0
0
0
0
0
0
10
1
0
0
30
134
255
255
219
201
157
160
208
224
255
251
255
251
212
30
3
0
5
0
0
0
0
0
11
0
0
0
47
255
255
169
41
0
7
0
3
51
77
148
255
253
255
109
3
7
0
0
0
0
0
0
0
5
4
1
65
236
255
106
16
0
0
11
0
3
3
99
245
255
246
239
0
0
0
0
0
0
0
8
5
0
0
0
4
92
254
139
0
11
0
5
0
0
15
111
246
248
249
245
0
3
15
0
0
0
0
0
8
0
0
15
0
29
216
169
6
4
7
6
10
0
0
110
251
246
255
216
3
7
0
0
0
0
0
2
2
0
8
0
0
0
19
218
123
4
4
0
0
13
10
138
255
255
254
186
3
0
0
0
0
0
0
0
2
0
16
3
14
18
0
33
20
0
3
11
2
0
137
234
255
244
239
73
0
0
14
0
0
0
0
0
14
0
0
2
0
0
6
4
0
8
4
0
3
43
253
255
255
246
215
0
11
0
0
0
0
0
0
2
0
3
2
0
10
8
1
0
25
0
6
0
35
212
255
250
246
255
112
0
12
0
0
0
0
0
0
0
8
140
19
2
0
1
3
3
10
5
0
123
207
253
255
254
247
124
13
0
22
0
0
0
0
0
0
1
11
128
8
0
21
4
0
0
0
109
172
231
255
251
255
249
255
241
244
255
230
20
6
0
0
0
0
0
0
0
0
10
0
0
8
72
232
248
255
255
252
255
246
251
255
255
255
255
255
0
0
0
0
0
0
9
14
0
29
0
66
196
205
242
250
250
250
250
243
253
255
249
237
255
254
248
255
3
7
0
0
0
0
0
0
0
4
57
244
250
255
253
252
255
247
255
245
255
252
255
191
191
204
194
175
4
0
0
0
0
0
1
24
0
0
61
246
250
255
242
255
241
223
232
114
151
205
82
13
0
0
0
14
0
0
0
0
0
0
0
0
0
5
16
171
223
85
105
79
104
14
0
15
9
2
0
3
11
0
0
6
2
0
0
0
0
0
0
0
6
0
0
11
0
9
0
11
4
0
9
1
0
11
0
7
0
0
5
7
0
9
0
0
0
0
0
0
0
0
0
0
0
0
0
0
0
0
0
0
0
0
0
0
0
0
0
0
0
0
0
0
0
0
0
0
0
0
0
0
0
0
0
0
0
0
0
0
0
0
0
0
0
0
0
0
0
0
0
0
0
0
0
0
0
0
0
0
0
0
0
0
0
0
0
0
0
0
0
0
0
0
0
0
0
0
0
0
0
0
0
0
0
0
0
0
0
0
0
0
0
0
0
0
0
0
0
0
0
0
0
0
0
0
0
0
0
0
