0
0
0
0
0
0
0
0
0
0
0
1
9
10
0
0
6
0
11
0
0
0
5
0
0
0
0
0
0
0
0
0
0
0
0
0
0
12
0
0
0
0
0
0
0
0
3
0
8
0
9
0
3
0
0
0
0
0
0
0
0
0
0
0
0
0
0
10
10
3
7
9
0
17
3
0
0
0
0
0
0
0
0
0
0
0
0
0
0
0
0
0
0
0
0
5
2
0
0
1
0
0
0
0
12
5
8
6
0
0
0
0
0
0
0
0
0
0
0
0
0
5
0
0
5
8
7
1
0
5
6
6
0
0
0
4
0
0
0
0
0
0
0
0
0
0
0
0
0
0
2
3
0
0
0
0
11
0
1
0
0
5
1
2
3
0
0
0
0
0
0
0
0
0
0
0
0
0
121
211
243
255
255
242
252
188
156
99
48
52
5
0
4
0
0
0
0
0
0
0
0
0
0
0
0
114
229
255
243
253
255
247
255
250
251
249
251
255
131
20
0
0
0
0
0
2
0
9
4
0
0
1
15
210
255
255
239
255
255
252
255
248
255
245
253
252
255
214
38
0
0
10
0
7
0
0
0
10
0
0
44
250
255
241
255
247
248
247
206
210
221
255
251
232
254
255
222
36
0
0
2
0
9
4
0
2
0
39
166
244
249
243
254
250
255
96
1
0
35
155
211
255
248
251
253
154
48
0
0
0
3
0
0
12
12
23
95
230
255
255
250
245
205
14
4
18
0
0
42
221
251
255
254
26
0
0
0
5
1
4
0
0
10
0
0
95
255
246
254
255
241
125
0
0
0
0
0
200
251
241
248
16
5
18
13
1
1
14
0
0
2
6
7
197
246
255
255
136
50
34
0
0
3
29
0
175
255
252
255
36
0
0
0
4
0
0
0
11
7
0
22
255
235
248
195
14
10
0
0
17
0
0
6
181
255
242
118
4
0
11
15
1
4
0
0
2
0
14
133
238
255
245
187
0
0
0
5
0
25
14
149
255
241
255
31
0
0
2
0
7
0
0
2
7
5
5
141
251
255
255
170
12
0
7
0
7
0
111
241
255
255
190
17
0
0
0
0
0
0
5
0
0
0
4
143
248
255
254
179
0
2
9
2
0
16
224
255
255
223
56
4
0
0
0
0
0
0
7
0
0
1
10
147
252
255
255
163
10
0
0
17
9
168
243
250
242
171
0
3
0
0
0
0
2
0
0
1
5
5
5
139
245
255
243
64
6
13
0
0
168
249
244
248
220
19
0
2
0
0
0
0
11
0
0
2
1
0
0
142
255
249
255
88
0
0
51
121
255
255
255
240
57
0
0
0
0
0
0
0
4
0
1
2
0
0
6
160
255
242
255
183
0
47
170
255
254
249
243
81
0
0
26
0
0
0
0
0
0
0
3
0
1
7
5
130
248
255
255
197
88
207
255
240
251
202
79
19
0
0
0
3
0
0
0
0
1
4
2
0
5
15
0
61
253
254
251
255
248
255
254
252
209
66
3
0
0
1
9
0
0
0
0
0
0
0
0
0
0
0
0
0
167
254
245
254
255
254
251
151
0
0
0
0
0
0
0
0
0
0
0
0
0
0
0
0
0
0
0
0
15
146
222
252
204
124
81
6
0
0
0
0
0
0
0
0
0
0
0
0
0
0
0
0
0
0
0
0
0
6
1
8
6
0
3
0
0
0
0
0
0
0
0
0
0
0
0
0
0
0
0
0
0
0
0
0
6
0
0
0
2
5
2
10
0
0
0
0
0
0
0
0
0
0
0
0
