9
0
0
0
0
0
0
0
0
0
0
1
5
0
0
0
10
12
5
0
0
3
0
0
7
0
0
0
0
0
0
0
0
0
0
0
0
9
2
0
0
0
0
0
0
0
0
2
8
9
5
0
0
0
0
0
0
0
0
0
0
0
0
0
0
0
0
0
3
9
12
7
0
0
0
0
0
0
0
8
2
0
0
0
0
0
0
0
0
0
0
0
0
0
3
6
0
0
0
0
0
6
1
8
9
0
0
2
0
0
0
0
0
0
0
0
0
0
0
0
0
4
5
2
0
0
2
8
10
0
0
0
0
0
0
1
8
0
0
0
0
0
0
0
0
0
0
0
0
1
0
0
3
8
2
0
0
10
11
3
2
9
0
0
0
0
0
0
0
0
0
0
0
0
0
0
0
3
0
0
5
1
0
0
13
0
11
0
0
5
13
0
1
0
0
0
0
0
0
0
0
0
0
0
0
0
0
1
10
15
42
111
181
255
249
132
11
0
0
0
1
0
0
0
0
1
2
0
9
0
0
2
5
0
6
43
107
222
255
255
251
250
255
242
105
0
12
0
4
0
0
0
0
0
3
0
6
0
15
10
0
39
187
232
252
255
246
249
249
255
251
255
208
0
11
4
0
0
0
0
0
0
12
0
0
0
0
0
52
222
255
255
250
246
253
112
28
246
238
254
255
7
0
0
0
0
0
0
0
0
8
0
0
20
0
53
239
254
240
255
197
96
42
44
189
253
252
249
255
87
2
0
6
0
0
0
0
7
6
0
0
0
7
111
255
242
254
136
31
0
12
166
255
253
255
246
244
122
5
0
8
0
0
0
0
1
0
8
2
0
102
255
255
253
104
3
0
1
60
223
242
246
251
248
255
80
1
0
0
0
0
0
0
3
0
4
0
0
100
255
228
104
0
0
0
0
117
233
251
252
255
255
249
38
4
3
0
0
0
0
0
0
9
0
0
13
62
236
255
105
102
73
117
192
246
238
255
245
255
248
196
12
0
0
0
0
0
0
0
0
1
0
6
0
0
199
243
251
245
255
255
254
255
247
255
254
254
247
131
0
8
9
0
0
0
0
0
2
0
0
1
1
0
76
255
255
250
247
240
255
255
216
179
119
253
245
37
5
0
0
0
0
0
0
0
0
0
3
0
0
13
0
144
229
254
255
245
206
155
56
0
22
255
236
0
14
0
0
0
0
0
0
0
0
4
0
6
0
20
0
0
29
93
136
79
3
0
0
19
19
255
200
13
0
0
0
2
0
0
0
0
5
0
0
14
0
0
17
0
1
2
12
4
6
14
0
0
31
239
160
15
0
6
1
6
0
0
0
0
0
0
6
0
1
0
0
12
2
0
0
0
0
0
0
12
27
244
172
0
2
4
0
1
0
0
0
0
0
6
6
0
11
9
0
0
8
0
3
0
0
5
0
4
24
255
224
15
8
0
0
0
0
0
0
0
0
8
0
6
9
0
3
6
0
0
7
0
0
5
0
0
21
247
255
69
0
0
7
2
0
0
0
0
0
0
0
0
0
0
0
0
0
0
0
0
0
0
0
0
20
249
255
125
0
4
4
0
0
0
0
0
0
0
0
0
0
0
0
0
0
0
0
0
0
0
0
0
12
187
247
131
24
0
0
5
0
0
0
0
0
0
0
0
0
0
0
0
0
0
0
0
0
0
0
0
0
173
255
77
0
0
13
0
0
0
0
0
0
0
0
0
0
0
0
0
0
0
0
0
0
0
0
0
8
0
1
0
16
0
3
3
0
0
0
0
