5
0
0
0
0
0
0
0
0
2
4
0
6
0
0
0
7
0
16
0
0
2
0
8
0
0
0
0
0
0
0
0
0
0
0
0
0
0
9
7
0
16
13
3
0
2
0
10
0
0
0
0
5
0
0
0
0
0
0
0
0
0
0
0
0
11
0
0
2
0
0
1
7
13
0
11
5
0
0
0
2
0
0
0
0
0
0
0
0
0
0
0
0
0
0
9
0
0
2
4
0
0
0
0
10
10
2
1
0
0
0
0
0
0
0
0
0
0
0
0
0
9
0
0
0
26
0
0
14
6
22
0
0
0
24
0
4
0
0
0
0
0
0
0
0
0
0
0
0
4
0
0
30
0
0
8
0
102
221
146
237
255
231
255
194
0
0
0
0
0
0
0
0
0
0
0
0
0
11
0
11
0
183
255
225
255
251
255
242
245
255
247
244
0
0
0
0
0
0
0
0
0
0
0
0
0
3
0
19
229
251
248
255
255
241
255
255
246
204
253
198
0
0
0
0
0
0
0
0
0
0
0
0
5
0
11
27
255
243
255
216
59
43
42
28
45
9
45
22
0
0
0
0
0
0
0
0
0
0
0
0
13
3
5
58
234
237
116
32
0
0
9
0
0
30
0
0
0
0
0
0
0
0
0
0
0
0
0
0
0
2
2
188
254
77
0
5
6
17
1
17
0
0
0
13
0
0
0
0
0
0
0
0
0
0
0
0
0
11
74
232
255
7
2
0
0
5
0
1
11
0
10
0
0
0
0
0
0
0
0
0
0
0
0
0
11
0
177
255
232
11
0
14
1
7
21
0
0
18
0
0
0
0
0
0
0
0
0
0
0
0
0
0
0
0
174
248
253
198
152
64
15
16
0
5
1
12
0
6
0
0
0
0
0
0
0
0
0
0
0
0
0
9
95
244
255
255
255
249
255
203
43
0
0
0
1
5
0
0
0
0
0
0
0
0
0
0
0
0
6
0
10
92
141
254
244
255
250
255
208
35
7
3
6
0
0
0
0
0
3
2
0
0
0
9
0
3
0
11
0
15
0
22
10
138
188
252
250
182
5
2
0
4
0
0
0
0
0
6
8
15
0
2
3
0
0
0
2
0
24
0
0
5
93
251
255
203
14
0
2
0
0
0
0
0
18
0
0
6
151
47
12
0
2
0
33
0
0
24
0
80
151
241
178
60
0
2
11
8
0
0
0
0
0
12
9
0
215
223
198
154
52
81
47
0
13
17
134
246
237
65
29
6
32
4
0
0
0
0
0
0
11
0
0
15
94
255
255
252
255
246
234
183
198
240
247
249
124
30
154
185
73
9
4
4
0
0
0
0
0
7
0
0
9
193
207
244
249
249
255
255
242
246
255
86
64
202
248
177
0
0
10
0
0
0
0
0
0
2
13
0
6
0
7
127
229
223
218
216
95
232
179
153
207
237
110
41
0
0
0
5
0
0
0
0
0
6
0
0
0
9
0
1
0
0
5
0
2
136
143
233
186
73
15
0
8
0
7
0
0
0
0
0
0
0
0
0
0
0
0
0
7
0
5
0
3
77
94
17
0
0
0
0
0
0
0
0
0
0
0
0
0
0
0
0
0
0
0
0
1
0
0
0
0
3
18
0
0
0
0
0
0
0
0
0
0
0
0
0
0
0
0
0
0
0
0
0
6
0
5
14
0
0
0
2
0
0
0
0
0
0
0
0
0
0
0
0
0
0
0
0
0
0
0
0
0
3
3
0
4
8
3
0
0
0
0
0
0
0
0
0
0
0
0
0
