6
0
0
0
0
0
0
0
0
0
0
0
0
0
0
0
0
0
9
0
0
2
2
0
0
0
0
0
0
0
0
0
0
0
0
0
0
0
0
0
0
0
0
0
0
0
0
21
0
18
0
0
15
0
0
0
0
0
0
0
0
0
0
0
0
0
0
0
0
0
0
0
0
7
0
0
181
201
32
0
0
0
0
0
0
0
0
0
0
0
0
0
0
0
0
0
0
0
0
0
0
14
0
1
241
255
62
9
0
0
0
0
0
0
0
0
0
0
0
0
0
0
0
0
0
0
0
0
0
0
2
149
238
229
35
0
9
0
0
0
0
0
0
0
0
0
0
0
0
0
0
0
0
0
0
0
0
20
116
255
255
155
2
0
1
0
0
0
0
0
0
0
0
0
0
0
0
0
0
0
0
0
0
0
0
117
255
252
178
0
0
24
0
0
0
0
0
0
0
0
0
0
0
0
0
0
0
0
0
0
0
0
0
169
253
245
153
0
0
2
0
0
0
0
0
0
0
0
0
0
0
0
0
1
0
0
1
0
11
7
117
255
255
190
10
0
0
0
0
0
0
0
0
0
0
0
0
0
0
0
0
0
6
0
11
0
0
64
255
255
176
4
9
0
12
7
0
0
0
0
0
0
0
0
0
0
0
0
0
5
4
7
0
0
91
202
255
250
79
0
5
1
2
0
0
0
0
0
0
0
0
0
0
0
0
0
0
4
0
0
6
44
222
255
245
119
0
14
0
11
0
0
5
0
0
0
0
0
0
0
0
0
0
0
0
0
8
10
7
189
255
255
216
5
12
0
5
5
0
13
0
0
0
0
0
0
0
0
0
0
0
0
0
0
0
3
63
255
246
212
64
3
26
0
4
0
12
0
1
0
0
0
0
0
0
0
0
0
0
0
0
14
0
25
212
249
242
109
2
0
0
12
0
0
4
0
13
0
0
0
0
0
0
0
0
0
0
0
0
0
53
241
250
255
255
148
101
0
5
0
9
6
0
6
0
0
0
0
0
0
0
0
0
0
0
0
0
114
240
253
254
255
255
243
252
218
63
0
0
8
2
0
2
0
0
0
0
0
0
0
0
0
0
0
0
189
255
255
252
211
175
211
251
255
194
17
0
0
0
3
7
0
0
0
0
0
0
0
0
0
0
0
0
40
184
252
255
168
7
67
254
250
255
7
0
6
0
5
0
0
0
0
0
0
0
0
0
0
0
0
0
0
150
254
255
255
192
183
255
255
237
0
0
5
0
0
7
0
0
0
0
0
0
0
0
0
0
0
0
0
56
232
255
245
250
255
255
150
105
0
0
5
4
0
6
0
0
0
0
0
0
0
0
0
0
0
0
27
0
85
198
245
218
120
76
2
0
11
0
4
13
0
0
0
0
0
0
0
0
0
0
0
0
0
0
0
0
4
0
0
1
0
20
3
0
17
0
0
0
9
1
0
0
0
0
0
0
0
0
0
0
0
0
3
13
0
11
0
0
11
0
3
3
0
5
3
0
14
0
0
0
0
0
0
0
0
0
0
0
0
0
0
0
0
0
0
0
0
0
0
0
0
0
0
0
0
0
0
0
0
0
0
0
0
0
0
0
0
0
0
0
0
0
0
0
0
0
0
0
0
0
0
0
0
0
0
0
0
0
0
0
0
0
0
0
0
0
0
0
0
0
0
0
0
0
0
0
0
0
0
0
0
0
0
0
0
0
0
0
0
0
0
0
0
0
0
0
0
0
0
0
0
0
0
0
0
0
0
0
0
0
0
0
0
0
