8
0
0
0
0
0
0
0
0
0
0
2
1
0
3
0
5
0
2
0
4
0
7
3
0
0
0
0
0
0
0
0
0
0
0
0
0
0
3
0
0
0
8
0
0
12
0
0
7
0
0
0
11
0
0
0
0
0
0
0
0
0
0
0
0
0
0
15
0
3
0
9
5
0
0
1
0
7
3
0
0
0
0
0
0
0
0
0
0
0
0
0
0
0
0
0
4
4
0
0
4
5
19
10
0
0
9
8
0
0
0
0
0
0
0
0
0
0
0
0
0
4
16
0
18
0
14
0
0
0
0
0
0
6
0
0
2
0
0
0
0
0
0
0
0
0
0
0
0
0
10
7
0
1
0
11
0
0
5
8
16
0
0
4
10
0
0
0
0
0
0
0
0
0
0
0
0
7
0
0
0
75
103
236
255
255
255
222
147
1
0
0
0
0
0
0
0
0
0
0
0
0
0
0
0
0
8
24
187
245
255
248
249
244
255
254
223
39
4
0
8
0
0
0
0
0
0
0
0
0
0
0
0
1
17
198
255
239
251
255
255
249
255
253
255
113
5
18
0
0
0
0
0
0
0
0
0
0
0
0
0
79
255
255
255
255
250
172
40
7
147
156
243
231
17
0
6
0
0
0
0
0
0
0
0
0
0
0
0
214
251
249
246
220
130
8
1
0
0
51
255
241
112
0
6
0
0
0
0
0
0
0
0
0
0
0
0
248
249
255
251
90
0
0
10
0
48
213
255
251
83
0
0
0
0
0
0
0
0
0
0
0
0
0
0
95
210
255
174
0
5
0
0
36
138
234
255
246
65
19
1
0
0
0
0
0
0
0
0
0
0
0
0
2
192
224
61
21
0
11
20
213
250
255
248
59
0
0
5
0
0
0
0
0
0
0
0
0
0
0
0
19
175
255
17
0
0
22
87
254
255
223
73
0
5
1
0
0
0
0
0
0
0
0
0
0
0
0
0
0
195
254
177
20
45
206
254
251
189
19
0
13
0
0
4
0
0
0
0
0
0
0
0
0
0
0
0
0
86
253
248
205
218
248
255
238
85
1
0
1
0
0
4
0
0
0
0
0
0
0
0
0
0
0
0
6
32
184
255
242
243
255
234
62
4
0
0
3
8
0
0
0
0
0
0
0
0
0
0
0
0
0
0
0
0
155
243
255
255
170
93
8
0
3
0
0
3
0
7
0
0
0
0
0
0
0
0
0
0
0
0
3
0
120
255
250
250
27
0
0
0
1
0
5
2
0
10
0
0
0
0
0
0
0
0
0
0
0
0
0
12
137
246
249
241
101
0
0
0
4
0
0
0
0
4
0
0
0
0
0
0
0
0
0
0
0
0
0
9
105
251
255
246
250
102
0
4
14
0
0
5
2
2
0
0
0
0
0
0
0
0
0
0
0
0
6
0
0
239
243
255
247
225
0
0
2
6
2
14
6
0
0
0
0
0
0
0
0
0
0
0
0
0
0
2
0
56
212
255
252
246
108
25
0
0
0
0
0
4
0
0
0
0
0
0
0
0
0
0
0
0
3
12
0
4
159
244
255
252
246
41
0
1
5
15
0
1
0
0
0
0
0
0
0
0
0
0
0
0
11
0
12
6
0
115
228
158
103
5
2
0
0
12
0
6
0
0
0
0
0
0
0
0
0
0
0
0
0
14
13
0
0
0
3
0
1
0
11
2
0
3
3
3
0
0
0
0
0
0
0
0
0
0
0
0
0
0
0
0
19
3
0
4
0
3
2
6
4
0
0
0
0
0
0
0
