3
0
0
0
0
0
0
0
0
7
0
4
0
0
5
9
0
3
5
10
0
0
0
12
0
0
0
0
0
0
0
0
0
0
0
0
0
0
5
0
0
20
5
0
2
0
0
0
0
20
11
0
0
0
0
0
0
0
0
0
0
0
0
0
0
0
6
0
0
0
0
1
9
10
6
7
0
0
0
0
18
0
0
0
0
0
0
0
0
0
0
0
0
16
0
0
13
2
0
2
0
0
0
8
0
0
8
0
2
0
0
0
0
0
0
0
0
0
0
0
0
0
5
0
0
5
0
3
9
16
0
4
13
0
5
5
0
0
0
0
0
0
0
0
0
0
0
0
0
7
28
159
225
70
6
152
236
224
71
0
0
5
0
7
0
0
0
0
0
0
0
0
0
0
0
0
0
28
216
255
235
230
225
248
255
255
227
230
226
176
8
0
11
0
0
0
0
0
0
0
0
0
0
0
0
223
255
246
255
255
246
255
249
247
255
254
244
233
36
1
0
0
0
0
0
0
0
0
0
0
0
0
0
163
249
248
255
136
91
78
126
224
253
255
252
203
0
2
0
0
0
0
0
0
0
0
0
0
0
0
0
50
97
121
94
0
0
17
0
44
236
247
247
191
11
3
7
0
0
0
0
0
0
0
0
0
0
0
0
0
11
3
7
0
0
5
0
31
255
255
243
192
6
0
0
0
0
0
0
0
0
0
0
0
0
0
0
0
10
0
0
14
82
80
96
97
234
250
255
241
38
3
8
0
0
0
0
0
0
0
0
0
0
0
0
0
23
105
207
205
247
246
237
255
254
255
246
142
5
0
0
0
0
0
0
0
0
0
0
0
0
0
0
9
94
226
255
250
246
255
255
253
240
255
254
60
9
2
0
0
0
0
0
0
0
0
0
0
0
0
0
0
149
255
247
249
255
252
248
253
254
255
245
44
0
6
9
0
0
0
0
0
0
0
0
0
0
0
0
0
3
92
148
67
3
0
59
250
249
248
255
121
0
0
3
0
0
0
0
5
0
0
9
0
0
6
2
0
9
5
0
0
0
0
5
132
250
250
254
202
0
14
0
0
0
0
0
0
18
0
0
7
4
0
7
0
2
2
1
6
5
0
0
8
176
238
244
200
11
0
14
0
0
0
0
14
0
0
4
0
2
13
0
0
0
0
0
0
1
3
7
30
205
255
248
206
0
12
0
0
0
0
0
0
0
14
0
8
1
7
0
11
6
8
7
0
0
9
21
222
255
229
255
111
0
5
5
0
0
0
0
0
0
16
1
140
241
231
58
0
0
9
1
0
11
91
153
249
250
255
169
0
14
0
12
0
0
0
0
0
13
0
2
231
255
243
241
255
174
93
52
67
150
235
255
249
254
254
44
0
0
0
0
0
0
0
0
0
16
5
0
106
206
254
242
239
243
255
251
224
238
255
249
255
177
46
6
5
0
0
0
0
0
0
0
12
0
0
14
0
13
91
167
230
225
243
252
248
255
250
195
64
5
8
2
0
0
9
0
0
0
0
0
0
0
0
0
0
0
0
0
0
10
120
237
255
241
145
17
0
0
0
0
0
0
0
0
0
0
0
0
0
0
0
0
0
0
0
0
12
0
4
9
0
0
11
0
0
0
0
0
0
0
0
0
0
0
0
0
0
0
0
0
0
0
0
0
0
0
8
11
0
0
4
1
0
0
0
0
0
0
0
0
0
0
0
0
0
0
0
0
0
0
0
0
1
0
0
0
2
4
0
0
0
0
0
0
0
0
0
0
0
0
0
0
