3
0
0
0
0
0
0
0
0
3
6
0
0
2
0
5
3
0
10
2
0
10
3
0
2
0
0
0
0
0
0
0
0
0
0
0
0
0
0
14
0
0
0
2
0
12
0
0
12
0
0
10
1
0
0
0
0
0
0
0
0
0
0
0
0
9
7
0
1
2
29
0
1
0
6
0
2
0
0
6
0
0
0
0
0
0
0
0
0
0
0
0
0
0
6
5
0
8
199
251
255
254
105
0
9
0
0
11
0
0
0
0
0
0
0
0
0
0
0
0
0
0
0
4
0
174
253
245
255
231
237
52
0
1
1
0
8
0
0
0
0
0
0
0
0
0
0
0
0
9
3
0
16
170
112
0
16
244
255
71
9
3
0
2
0
0
0
0
0
0
0
0
0
0
0
0
0
0
0
4
8
0
13
22
0
108
245
79
0
6
5
0
0
0
0
0
0
0
0
0
0
0
0
0
0
0
11
0
0
18
0
0
16
216
255
48
0
0
0
7
4
0
0
0
0
0
0
0
0
0
0
0
0
0
4
0
0
3
0
0
95
251
232
25
0
1
0
9
0
0
0
0
0
0
0
0
0
0
0
0
0
0
3
5
9
0
41
136
238
255
24
27
0
0
0
0
5
0
0
0
0
0
0
0
0
0
0
0
0
4
14
104
99
90
222
254
247
66
22
0
0
11
1
0
2
0
0
0
0
0
0
0
0
0
0
0
0
73
255
237
250
255
254
251
226
44
0
15
0
0
1
17
0
0
0
0
0
0
0
0
0
0
0
0
0
91
255
255
255
157
52
146
247
232
46
8
11
0
0
0
2
0
0
0
0
0
0
0
0
0
0
0
0
13
24
13
0
1
0
0
86
254
230
8
6
4
0
0
0
0
0
0
0
0
0
0
0
0
0
0
0
0
4
0
12
0
0
28
0
119
255
173
0
2
0
19
0
0
0
0
0
0
0
0
0
0
0
0
0
0
16
0
3
0
0
0
0
0
255
246
53
6
0
0
10
0
0
0
0
2
0
0
3
0
1
20
0
10
0
2
0
0
6
0
0
0
225
242
107
10
0
0
8
0
0
0
0
6
1
0
1
7
0
0
3
0
0
19
9
0
6
3
0
0
159
255
83
11
3
4
0
0
0
0
0
1
0
6
0
0
19
6
0
45
4
24
40
8
0
0
7
0
225
249
120
0
0
17
0
0
0
0
0
6
3
4
0
0
0
21
217
245
255
236
120
5
0
18
0
89
248
255
39
4
0
0
9
0
0
0
0
0
0
16
4
0
32
108
242
255
124
28
15
2
12
89
161
248
253
169
0
5
0
0
1
0
0
0
0
5
2
0
0
6
0
38
236
250
255
255
253
242
247
255
255
239
159
30
12
0
0
14
0
0
0
0
0
0
0
0
0
1
0
13
44
152
249
255
239
245
255
225
140
79
0
4
0
4
0
5
4
0
0
0
0
0
11
0
0
9
0
0
9
0
11
0
0
17
0
0
9
0
8
0
13
0
0
0
0
0
0
0
0
0
0
0
0
0
0
0
0
0
0
0
0
0
0
0
0
0
0
0
0
0
0
0
0
0
0
0
0
0
0
0
0
0
0
0
0
0
0
0
0
0
0
0
0
0
0
0
0
0
0
0
0
0
0
0
0
0
0
0
0
0
0
0
0
0
0
0
0
0
0
0
0
0
0
0
0
0
0
0
0
0
0
0
0
0
0
0
0
0
0
0
0
0
0
0
0
0
0
0
0
0
0
0
0
0
0
0
0
0
0
0
0
