5
0
0
0
0
0
0
0
0
0
6
0
0
2
7
0
0
0
6
0
0
4
0
14
0
0
0
0
0
0
0
0
0
0
0
0
0
0
0
0
3
0
0
0
11
0
0
5
13
0
0
5
0
0
0
0
0
0
0
0
0
0
0
0
0
8
0
3
11
3
0
0
1
0
0
0
0
0
0
0
17
0
0
0
0
0
0
0
0
0
0
0
0
0
0
0
0
0
0
2
0
2
5
9
2
3
16
0
0
0
0
0
0
0
0
0
0
0
0
0
0
6
5
7
4
0
0
0
3
6
0
0
0
0
0
7
0
0
0
0
0
0
0
0
0
0
0
0
0
1
0
0
0
13
5
0
5
0
23
0
0
33
0
0
14
0
0
0
0
0
0
0
0
0
0
0
0
0
53
97
137
206
242
244
255
240
241
134
44
83
25
24
0
0
0
0
0
0
0
0
0
0
0
0
0
34
194
255
244
251
255
251
251
255
246
255
244
255
246
255
43
0
0
0
0
0
0
0
0
0
0
0
0
97
255
239
255
255
246
252
212
135
96
139
159
81
43
44
3
0
0
0
0
0
0
0
0
0
0
0
0
103
200
34
0
243
255
241
146
3
0
0
13
0
0
3
0
0
0
0
0
0
0
0
0
0
0
0
0
35
0
0
8
220
249
253
53
6
8
0
0
8
3
0
7
0
0
0
0
0
0
0
0
0
0
0
0
2
0
0
10
233
246
64
0
0
9
0
0
11
5
0
0
0
0
0
0
0
0
0
0
0
0
0
0
0
12
6
44
209
211
1
12
0
0
1
0
0
5
11
6
0
0
0
0
0
0
0
0
0
0
0
0
2
0
0
94
255
175
0
0
3
0
4
3
0
0
4
0
0
0
0
0
0
0
0
0
0
0
0
0
6
0
8
101
231
105
13
0
0
0
1
8
4
2
4
1
0
0
0
0
0
0
0
0
0
0
0
0
0
0
6
43
237
254
168
75
5
6
0
0
6
0
0
6
0
0
0
0
0
0
0
0
0
0
0
0
5
5
0
7
106
229
255
243
181
21
10
0
15
6
0
9
0
0
0
0
0
0
0
0
0
0
0
0
0
0
0
0
4
55
155
244
248
215
69
15
0
0
14
0
0
0
0
0
0
0
0
0
0
0
0
0
5
0
1
6
0
0
5
28
223
255
228
15
0
8
0
5
0
0
0
0
0
0
0
0
0
0
0
0
0
1
6
4
0
0
4
7
72
227
255
11
14
0
6
0
0
0
0
0
0
0
0
0
0
0
0
0
7
0
0
0
7
0
0
0
7
193
242
2
0
12
0
3
0
0
0
0
0
0
0
0
0
0
0
0
0
10
14
2
0
0
8
19
66
245
245
15
7
0
6
0
0
0
0
0
0
0
0
0
0
0
0
0
0
0
0
0
5
9
2
0
189
236
214
2
7
5
0
9
0
0
0
0
0
0
0
0
0
0
0
0
12
0
0
11
0
8
118
252
255
252
28
0
0
0
8
0
0
0
0
0
0
0
0
0
0
0
0
0
0
140
88
59
140
197
253
255
234
93
0
0
2
7
9
0
0
0
0
0
0
0
0
0
0
0
0
0
16
17
132
244
178
167
216
100
41
0
0
4
0
0
7
6
0
0
0
0
0
0
0
0
0
0
0
0
0
4
0
6
6
0
0
4
0
0
10
15
0
0
4
0
0
0
0
0
0
0
0
0
0
0
0
0
1
0
12
2
0
6
11
0
8
0
0
0
0
3
7
0
0
0
0
0
