1
0
0
0
0
0
0
0
0
10
0
0
6
0
11
8
0
0
0
0
0
0
0
0
0
0
0
0
0
0
0
0
0
0
0
0
0
0
2
0
0
14
0
0
0
0
0
0
0
0
0
0
0
0
0
0
0
0
0
0
0
0
0
0
0
15
0
6
9
0
0
12
14
0
0
0
0
0
0
0
0
0
0
0
0
0
0
0
0
0
0
0
0
0
8
0
2
3
0
12
0
0
0
0
0
0
0
0
0
0
0
0
0
0
0
0
0
0
0
0
0
3
0
0
1
11
97
255
79
0
0
0
0
0
0
0
0
0
0
0
0
0
0
0
0
0
0
0
0
0
21
10
0
10
226
247
72
0
0
0
0
0
0
0
0
0
0
0
0
0
0
0
0
0
0
0
0
12
0
3
0
10
255
240
75
0
0
0
0
0
0
0
0
0
0
0
0
0
0
0
0
0
0
0
0
0
0
0
6
155
242
255
62
0
0
0
0
0
0
0
0
0
0
0
0
0
0
0
0
0
0
0
0
1
11
0
12
0
247
255
73
0
0
0
0
0
0
0
0
0
0
0
0
0
0
0
0
0
0
0
0
0
0
0
4
4
255
245
63
0
0
0
0
0
0
0
0
0
0
0
0
0
0
0
0
0
0
0
0
3
12
4
1
0
249
236
113
0
0
0
0
0
0
0
0
0
0
0
0
0
0
0
0
0
0
0
0
0
0
5
0
0
255
255
204
0
0
0
0
0
0
0
0
0
0
0
0
0
0
0
0
0
0
0
0
1
0
0
3
10
255
253
220
0
0
0
0
0
0
0
0
0
0
0
0
0
0
0
0
0
0
0
0
12
0
1
5
0
245
248
217
0
0
0
0
0
0
0
0
0
0
0
0
0
0
0
0
0
0
0
0
0
0
0
0
0
248
255
209
0
0
0
0
0
0
0
0
0
0
0
0
0
0
0
0
0
0
0
0
0
6
0
0
0
255
245
129
0
0
0
0
0
0
0
0
0
0
0
0
0
0
0
0
0
0
0
0
1
0
4
9
0
255
247
70
0
0
3
5
0
0
1
2
0
0
0
0
0
0
0
0
0
0
0
0
0
1
0
0
52
226
253
80
5
0
0
0
3
6
2
0
0
0
0
0
0
0
0
0
0
0
0
0
8
0
0
8
134
248
208
15
0
3
8
4
1
0
0
1
0
0
0
0
0
0
0
0
0
0
0
0
0
0
8
0
69
255
212
116
15
13
0
0
0
1
0
3
0
0
0
0
0
0
0
0
0
0
0
0
5
0
5
0
0
247
245
229
0
0
0
1
4
0
0
7
0
0
0
0
0
0
0
0
0
0
0
0
14
0
0
6
0
143
242
226
87
40
13
11
0
0
0
0
0
0
0
0
0
0
0
0
0
0
0
0
0
3
0
1
0
22
235
254
247
104
4
0
0
6
8
0
0
0
0
0
0
0
0
0
0
0
0
0
0
12
0
0
12
6
214
229
109
13
0
14
0
0
8
0
0
0
0
0
0
0
0
0
0
0
0
0
0
0
0
0
0
0
0
0
0
0
0
0
0
0
0
0
0
0
0
0
0
0
0
0
0
0
0
0
0
0
0
0
0
0
0
0
0
0
0
0
0
0
0
0
0
0
0
0
0
0
0
0
0
0
0
0
0
0
0
0
0
0
0
0
0
0
0
0
0
0
0
0
0
0
0
0
0
0
0
0
0
0
0
0
0
0
0
0
0
0
0
0
0
0
0
0
0
0
0
0
0
0
0
0
