7
0
0
0
0
0
0
0
0
0
0
0
0
0
0
0
0
0
0
0
0
0
0
0
0
0
0
0
0
0
0
0
0
0
0
0
0
0
0
0
0
0
0
0
0
0
0
0
0
0
0
0
0
0
0
0
0
0
0
0
0
0
0
0
0
0
0
0
0
0
0
0
0
0
0
0
0
0
0
0
0
0
0
0
0
0
0
0
0
0
0
0
0
0
0
0
0
0
0
0
0
0
0
0
0
0
0
0
0
0
0
0
0
0
0
0
0
0
0
0
0
0
0
0
0
0
0
0
0
0
0
0
0
0
0
0
0
0
0
0
0
0
0
0
0
0
0
0
0
0
0
0
0
0
0
0
0
0
0
0
0
0
0
0
0
0
0
0
0
0
0
0
0
0
0
0
0
0
0
0
0
0
0
0
0
0
0
0
0
0
0
0
0
0
0
0
0
0
0
0
0
0
0
0
0
0
0
0
0
0
0
0
0
0
0
0
0
0
0
0
0
0
0
0
0
0
0
2
7
0
10
0
0
30
32
37
60
144
152
109
182
161
143
55
57
35
0
5
0
0
0
0
0
5
0
2
4
0
0
8
142
253
221
255
255
242
255
249
255
241
229
251
242
168
0
0
7
0
0
0
0
4
0
3
0
0
0
23
238
255
230
255
220
126
100
65
11
21
24
91
242
177
0
8
0
0
0
0
0
0
4
1
0
4
3
11
154
130
91
58
5
0
2
3
4
14
0
183
245
155
0
0
0
0
0
0
0
0
12
0
3
0
0
0
16
9
8
0
0
7
7
0
0
0
48
217
255
57
0
9
11
0
0
0
0
0
5
0
12
0
0
4
0
0
0
0
7
5
1
3
9
0
69
255
147
5
3
0
0
0
0
0
0
0
1
0
10
0
7
12
5
0
0
0
3
0
0
1
1
24
221
255
100
0
2
0
6
0
0
0
0
0
9
9
0
0
11
0
0
0
11
0
0
11
4
0
1
62
255
244
4
6
2
0
0
0
0
0
0
0
0
0
0
0
0
0
0
0
4
9
0
2
13
0
22
202
255
72
0
0
6
5
0
0
0
0
0
0
0
0
0
0
0
0
0
10
0
0
0
8
0
0
102
246
160
23
0
11
0
0
2
0
0
0
0
0
0
0
0
0
0
0
0
0
0
9
0
3
0
53
211
232
46
0
0
17
0
0
5
0
0
0
0
0
0
0
0
0
0
0
0
0
0
16
0
0
3
142
255
129
0
0
0
7
0
2
0
0
0
0
0
0
0
0
0
0
0
0
0
16
0
6
2
0
8
200
241
26
0
4
2
0
1
5
0
0
0
0
0
0
0
0
0
0
0
0
0
4
0
5
5
2
96
255
176
0
6
0
4
0
2
0
0
0
0
0
0
0
0
0
0
0
0
0
0
0
1
3
1
6
200
249
81
0
2
0
2
0
4
0
1
0
0
0
0
0
0
0
0
0
0
0
0
7
2
0
6
7
225
164
0
2
0
8
0
0
8
0
3
0
0
0
0
0
0
0
0
0
0
0
0
1
1
6
0
60
255
96
4
0
0
0
0
0
0
0
0
0
0
0
0
0
0
0
0
0
0
0
0
0
3
4
0
60
255
118
5
0
0
0
0
0
0
0
0
0
0
0
0
0
0
0
0
0
0
0
0
0
5
1
2
59
255
147
5
0
0
0
0
0
0
0
0
0
0
0
0
0
0
0
0
0
0
0
0
0
6
0
5
58
255
170
1
0
0
0
0
0
0
0
0
0
0
0
0
