4
0
8
0
0
6
3
4
0
0
5
0
0
0
0
5
0
4
0
0
9
0
0
0
2
0
0
0
0
3
0
0
3
0
0
0
9
6
0
0
4
11
0
0
0
0
0
0
3
1
5
0
0
0
0
0
0
0
0
0
6
1
0
0
8
5
3
0
0
4
0
0
5
3
11
6
0
0
0
0
5
0
0
0
0
0
3
1
0
0
18
0
0
0
0
8
0
0
4
0
4
0
0
0
0
14
8
0
0
0
0
0
0
1
7
0
0
0
7
0
22
28
0
2
0
1
13
0
0
8
11
7
0
0
0
0
4
0
0
0
0
0
1
0
7
0
0
0
132
179
41
0
0
0
5
0
1
0
0
0
5
0
13
8
0
0
0
0
0
0
2
0
11
3
0
20
219
255
69
0
3
0
0
0
7
0
139
230
193
14
0
0
6
0
0
0
0
0
14
0
2
2
2
21
229
253
51
1
14
0
4
3
0
7
164
251
200
0
0
5
0
0
0
0
0
4
0
0
0
7
0
108
242
255
58
0
0
0
0
8
0
0
12
220
241
81
0
10
0
0
0
0
0
0
0
5
1
0
0
105
253
237
61
7
3
0
0
15
1
3
0
203
249
165
7
0
5
0
0
0
0
0
0
5
1
0
0
99
253
255
91
0
0
15
4
0
0
1
0
198
246
226
8
0
8
0
0
0
0
2
0
0
0
5
7
95
250
243
65
0
6
0
0
13
1
0
3
212
242
221
0
0
3
0
0
0
0
2
1
0
0
1
12
93
255
255
154
27
0
10
8
0
3
0
6
212
253
202
0
1
0
0
0
0
0
0
6
4
0
0
4
74
255
255
240
88
0
0
3
0
6
0
0
192
255
204
4
5
0
0
0
0
0
0
4
2
0
0
0
30
195
252
255
225
140
9
0
11
0
4
6
197
255
211
0
3
0
0
0
0
0
2
0
0
2
10
0
0
121
159
255
245
246
251
191
114
125
10
41
227
252
214
0
6
2
0
0
0
0
0
0
0
0
0
0
0
0
7
104
213
255
255
244
246
253
243
253
253
254
213
0
0
1
0
0
0
0
0
0
0
0
0
0
0
0
0
0
30
95
182
250
255
252
243
255
255
245
103
10
9
0
0
0
0
0
0
0
0
0
0
0
0
0
11
3
0
0
7
31
41
37
44
189
224
253
79
0
10
0
0
0
0
0
0
0
0
0
0
0
0
0
0
1
5
2
0
3
5
3
0
88
255
255
69
0
6
2
0
0
0
0
0
0
0
0
0
0
0
0
0
0
1
0
0
2
2
0
0
141
248
251
131
0
0
0
0
0
0
0
0
0
0
0
0
0
0
0
0
5
7
0
0
0
0
6
0
82
255
255
96
22
0
0
0
0
0
0
0
0
0
0
0
0
0
0
4
0
0
0
5
9
3
0
0
97
243
250
85
0
0
11
0
0
0
0
0
0
0
0
0
0
0
0
0
2
5
4
0
0
0
2
4
22
230
251
85
0
5
0
0
0
0
0
0
0
0
0
0
0
0
0
0
0
0
0
0
0
0
0
0
1
125
239
88
8
0
0
0
0
0
0
0
0
0
0
0
0
0
0
0
0
0
0
0
0
0
0
1
2
0
23
0
0
0
13
0
0
0
0
0
0
0
0
0
0
0
0
0
0
0
0
0
0
0
0
0
13
0
0
6
12
0
1
0
0
0
0
0
0
0
0
0
0
0
0
0
0
0
0
0
0
0
0
0
0
15
5
7
0
2
0
0
0
0
0
