1
0
0
0
0
0
0
0
0
0
0
0
0
0
0
0
0
0
0
18
0
5
0
5
0
0
0
0
0
0
0
0
0
0
0
0
0
0
0
0
0
0
0
0
0
5
0
0
0
0
0
20
3
0
0
0
0
0
0
0
0
0
0
0
0
0
0
0
0
0
0
0
0
4
0
0
21
3
0
3
0
0
0
0
0
0
0
0
0
0
0
0
0
0
0
0
0
0
0
0
0
0
17
13
94
253
115
7
2
0
0
0
0
0
0
0
0
0
0
0
0
0
0
0
0
0
0
0
0
0
0
26
238
255
144
0
0
0
0
0
0
0
0
0
0
0
0
0
0
0
0
0
0
0
0
0
0
5
9
176
246
243
23
0
17
0
0
0
0
0
0
0
0
0
0
0
0
0
0
0
0
0
0
0
0
0
8
236
255
139
6
13
0
0
0
0
0
0
0
0
0
0
0
0
0
0
0
0
0
0
0
0
0
2
105
255
231
27
0
0
10
0
0
0
0
0
0
0
0
0
0
0
0
3
0
1
0
2
6
0
5
20
209
253
152
0
0
4
0
0
0
0
0
0
0
0
0
0
0
0
0
0
0
6
0
0
6
0
0
101
246
251
69
13
3
0
0
0
0
0
0
0
0
0
0
0
0
0
0
0
0
6
1
0
6
2
8
154
255
90
7
0
1
0
5
0
0
0
0
0
0
0
0
0
0
0
0
11
0
1
3
2
0
2
82
247
240
0
11
0
8
0
1
0
0
0
0
0
0
0
0
0
0
0
0
0
0
0
7
15
0
69
243
255
104
9
1
2
12
0
0
0
0
0
0
0
0
0
0
0
0
0
0
5
5
1
0
0
0
92
251
117
0
7
0
0
0
16
0
0
0
0
0
0
0
0
0
0
0
0
0
0
0
6
0
32
145
224
238
28
5
0
13
0
0
9
0
0
0
0
0
0
0
0
0
0
0
0
0
13
0
9
0
54
235
255
117
10
0
2
0
9
7
0
16
0
0
0
0
1
0
0
0
0
0
0
0
0
4
11
49
255
247
187
2
0
0
0
0
0
0
0
0
0
0
0
0
0
0
0
1
2
3
3
2
0
8
0
199
253
218
37
0
0
0
0
0
0
0
0
0
0
0
0
0
0
0
0
1
2
3
3
4
1
24
231
255
239
89
11
0
0
0
0
0
0
0
0
0
0
0
0
0
1
1
1
0
0
0
0
0
25
163
243
253
251
136
1
0
0
0
0
0
0
0
0
0
0
0
0
0
0
1
2
0
0
0
0
2
126
255
255
255
221
26
0
3
0
0
0
0
0
0
0
0
0
0
0
0
0
1
3
2
0
1
6
11
215
254
255
230
57
0
3
0
0
0
0
0
0
0
0
0
0
0
0
0
0
1
3
2
0
1
7
12
214
251
250
122
11
19
0
7
0
0
0
0
0
0
0
0
0
0
0
0
0
2
3
1
0
0
2
7
0
13
0
9
0
0
12
0
0
0
0
0
0
0
0
0
0
0
0
0
0
0
0
0
0
0
0
0
0
0
0
0
0
0
0
0
0
0
0
0
0
0
0
0
0
0
0
0
0
0
0
0
0
0
0
0
0
0
0
0
0
0
0
0
0
0
0
0
0
0
0
0
0
0
0
0
0
0
0
0
0
0
0
0
0
0
0
0
0
0
0
0
0
0
0
0
0
0
0
0
0
0
0
0
0
0
0
0
0
0
0
0
0
0
0
0
0
0
0
0
0
0
0
0
0
0
0
0
0
0
0
0
