1
0
0
0
0
0
0
0
0
0
7
0
0
11
5
0
4
0
9
0
0
1
10
9
0
0
0
0
0
0
0
0
0
0
0
0
0
0
9
5
0
0
0
0
0
0
0
0
6
5
0
0
6
0
0
0
0
0
0
0
0
0
0
0
0
0
4
5
0
0
3
6
5
9
1
0
0
7
0
0
10
0
0
0
0
0
0
0
0
0
0
0
0
1
0
1
0
0
9
0
0
0
0
7
0
3
4
1
2
0
0
0
0
0
0
0
0
0
0
0
0
0
0
8
4
1
0
0
14
11
0
13
0
2
0
0
0
0
0
0
0
0
0
0
0
0
0
0
0
3
0
10
0
0
0
43
154
132
11
0
0
9
0
0
2
0
0
0
0
0
0
0
0
0
0
0
0
6
0
4
0
0
6
85
255
202
18
0
0
9
0
10
0
0
0
0
0
0
0
0
0
0
0
0
0
5
0
3
0
8
0
59
255
142
0
5
3
0
0
10
0
0
0
0
0
0
0
0
0
0
0
0
0
4
1
7
3
0
4
93
255
137
7
0
4
0
3
0
9
0
0
0
0
0
0
0
0
0
0
0
0
0
0
0
0
0
1
104
244
122
10
0
8
1
4
0
2
0
0
0
0
0
0
0
0
0
0
0
0
0
0
1
0
0
0
137
250
79
0
0
4
0
5
0
0
0
0
0
0
0
0
0
0
0
0
0
0
0
6
7
0
0
0
180
255
45
0
0
1
0
4
0
0
0
0
0
0
0
0
0
0
0
0
0
0
0
2
1
0
0
29
216
252
36
6
6
4
0
1
0
0
0
0
0
0
0
0
0
0
0
0
0
0
2
0
0
0
11
85
244
220
18
5
3
2
0
0
1
0
0
0
0
0
0
0
0
0
0
0
0
0
3
0
0
2
8
122
255
200
0
0
0
0
0
0
3
3
0
0
0
0
0
0
0
0
0
0
0
0
0
0
8
0
0
124
255
196
1
3
0
6
5
0
0
0
0
0
0
0
0
0
0
0
0
0
0
0
0
2
0
14
0
119
252
191
0
0
0
0
0
0
0
0
0
0
0
0
0
0
0
0
0
0
0
0
0
13
0
0
0
147
244
93
0
0
0
0
0
0
0
0
0
0
0
0
0
0
0
0
0
0
0
0
4
0
3
0
4
119
255
107
0
0
0
0
0
0
0
0
0
0
0
0
0
0
0
0
0
0
0
0
4
0
3
6
0
111
255
129
0
0
0
0
0
0
0
0
0
0
0
0
0
0
0
0
0
0
0
0
0
12
0
10
0
193
247
37
0
0
0
0
0
0
0
0
0
0
0
0
0
0
0
0
0
0
0
0
0
0
9
0
48
254
255
0
0
0
0
0
0
0
0
0
0
0
0
0
0
0
0
0
0
0
0
0
11
0
17
0
66
249
238
14
0
0
0
0
0
0
0
0
0
0
0
0
0
0
0
0
0
0
0
0
3
0
0
15
2
242
164
0
0
0
0
0
0
0
0
0
0
0
0
0
0
0
0
0
0
0
0
0
0
13
0
0
4
143
125
2
0
0
0
0
0
0
0
0
0
0
0
0
0
0
0
0
0
0
0
0
3
0
0
17
0
11
9
0
0
0
0
0
0
0
0
0
0
0
0
0
0
0
0
0
0
0
0
0
0
0
0
12
0
0
0
5
0
0
0
0
0
0
0
0
0
0
0
0
0
0
0
0
0
0
0
0
0
3
3
0
7
9
8
0
0
0
0
0
0
0
0
0
0
0
0
0
