5
0
0
0
0
0
0
0
0
2
2
0
0
0
0
0
0
1
0
0
0
0
5
0
0
0
0
0
0
0
0
0
0
0
0
0
0
2
1
0
0
0
0
0
0
2
0
9
15
0
0
3
0
0
0
0
0
0
0
0
0
0
0
0
0
2
1
0
0
0
0
0
0
3
3
2
0
0
4
13
0
0
0
0
0
0
0
0
0
0
0
0
0
1
1
0
0
0
0
0
1
8
0
0
6
19
0
0
11
0
0
0
0
0
0
0
0
0
0
0
0
1
0
0
0
0
0
1
1
0
3
6
7
0
0
11
0
0
0
0
0
0
0
0
0
0
0
0
0
0
0
0
0
0
0
1
2
9
0
0
1
0
82
170
104
0
0
0
0
0
0
0
0
0
0
0
0
0
0
0
0
0
0
1
2
0
23
89
196
231
234
255
213
0
0
0
0
0
0
0
0
0
0
0
0
0
0
0
0
0
0
2
2
90
240
255
240
255
254
249
234
0
0
0
0
0
0
8
4
0
5
0
0
8
0
2
0
5
55
145
241
255
244
252
142
147
122
61
80
0
0
0
0
5
0
9
0
0
11
4
0
0
12
16
3
46
218
244
255
231
108
6
30
0
4
6
0
0
0
0
0
2
0
5
0
0
7
0
0
0
6
19
155
227
241
139
41
0
7
7
0
0
7
0
5
0
0
0
0
0
0
4
0
0
0
0
17
24
86
223
255
250
203
129
129
63
2
9
0
4
0
0
0
0
0
0
0
2
0
5
7
3
0
8
68
192
248
250
255
255
245
255
232
254
187
17
0
1
4
6
0
0
0
0
0
5
0
0
0
2
0
16
91
255
255
233
178
66
46
24
71
100
227
162
0
0
4
0
1
0
0
0
0
0
0
0
0
3
0
2
55
159
140
25
10
0
8
13
0
6
127
255
69
4
0
9
2
0
0
0
0
0
5
2
0
12
9
0
6
4
0
0
1
8
0
5
3
0
159
243
93
17
0
0
0
0
0
0
0
0
15
0
7
0
1
0
0
1
0
8
0
0
9
0
0
0
152
255
81
0
1
0
2
0
0
0
0
6
0
0
9
19
51
61
0
0
0
13
10
1
4
0
14
42
249
202
29
0
0
6
0
0
0
0
0
8
9
7
0
187
255
161
7
23
8
0
0
11
0
4
111
207
255
79
0
0
2
0
3
0
0
0
0
0
5
0
0
219
217
56
0
0
0
10
7
26
132
233
255
255
123
0
2
1
8
0
15
0
0
0
0
6
0
5
0
129
234
219
197
154
172
203
239
253
246
239
232
121
2
0
8
0
6
0
1
0
0
0
0
16
0
1
10
5
56
146
233
252
244
255
255
183
149
112
1
0
0
11
0
0
0
9
0
0
0
0
0
0
2
4
0
0
2
1
3
60
48
3
2
10
0
0
13
0
12
0
0
12
0
7
3
0
0
0
0
0
6
0
0
12
0
3
1
0
22
0
0
12
1
0
0
5
0
0
0
0
0
0
0
0
0
0
0
0
0
0
0
0
0
0
0
0
0
0
0
0
0
0
0
0
0
0
0
0
0
0
0
0
0
0
0
0
0
0
0
0
0
0
0
0
0
0
0
0
0
0
0
0
0
0
0
0
0
0
0
0
0
0
0
0
0
0
0
0
0
0
0
0
0
0
0
0
0
0
0
0
0
0
0
0
0
0
0
0
0
0
0
0
0
0
0
0
0
0
0
0
0
0
0
0
0
0
0
0
0
0
0
0
0
0
0
0
0
0
0
