2
0
4
1
0
10
0
2
3
3
0
18
0
1
0
0
8
0
0
0
0
0
0
0
0
0
0
0
0
13
0
0
0
2
13
0
5
4
0
4
8
7
4
2
0
0
0
0
0
0
0
0
0
0
0
0
0
0
0
11
8
0
1
0
6
0
31
0
0
0
6
0
9
0
0
0
0
0
0
0
0
0
0
0
0
6
0
0
0
5
10
4
1
11
0
0
17
18
0
21
0
0
0
0
0
0
0
0
0
0
0
0
0
0
0
5
3
12
0
42
31
107
142
58
19
0
0
0
0
0
0
0
0
0
0
0
0
0
0
0
0
1
11
6
0
0
2
190
245
177
255
253
190
21
11
10
5
0
0
0
0
0
0
0
0
0
0
0
0
0
0
0
0
13
4
102
100
13
79
234
242
236
53
0
0
0
0
0
0
0
0
0
0
0
0
0
0
3
0
6
7
0
0
12
0
0
0
62
167
244
255
125
20
0
0
0
0
0
0
0
0
0
0
0
0
2
1
1
1
0
0
0
0
5
0
10
0
74
255
255
163
8
1
2
0
0
0
0
2
0
0
0
0
0
0
1
3
5
7
5
0
0
0
4
0
12
44
242
247
113
0
0
13
0
0
10
0
0
0
0
0
14
13
4
0
0
0
0
0
0
10
0
11
0
0
14
239
247
57
0
6
0
1
9
0
0
0
0
0
0
0
0
2
7
8
6
3
1
5
0
0
0
16
5
151
255
155
6
0
3
2
0
1
0
0
0
0
4
0
0
2
2
0
0
0
7
0
7
2
2
0
0
144
235
199
4
4
2
0
0
13
0
0
0
0
7
1
2
7
6
0
3
12
0
0
0
5
4
4
40
227
255
190
0
15
0
2
3
0
0
0
0
0
0
2
5
0
0
0
0
0
11
0
0
7
2
67
254
226
237
118
0
6
0
7
7
0
0
0
0
0
0
8
0
0
25
122
208
245
237
156
139
220
155
255
249
251
75
19
0
0
0
0
0
6
0
0
0
0
0
0
0
5
0
248
255
255
246
255
245
255
255
248
255
77
1
0
2
3
8
0
14
0
0
3
0
4
1
0
7
13
5
154
155
147
208
135
161
154
151
199
246
223
53
4
6
4
0
1
0
4
0
0
5
3
0
0
0
0
0
10
3
0
8
10
0
23
0
24
234
252
233
167
0
0
5
0
0
0
14
0
0
1
4
2
2
6
11
0
0
2
0
0
6
0
8
2
31
236
253
255
72
0
13
6
11
0
0
0
0
0
0
1
0
0
6
0
0
10
0
24
6
0
0
0
9
32
206
242
238
67
0
0
5
5
4
0
9
0
7
15
0
3
3
1
0
0
0
1
0
0
17
7
0
8
56
188
255
232
241
154
85
142
150
2
0
13
0
0
0
0
0
4
4
1
0
0
16
11
0
10
11
0
0
12
105
255
255
226
255
230
173
8
0
11
6
0
15
0
3
0
3
0
0
16
0
9
8
0
0
8
0
10
1
34
32
43
37
23
2
0
11
0
0
0
0
0
0
0
0
0
0
0
0
0
0
0
0
0
0
0
0
0
0
0
0
0
0
0
0
0
0
0
0
0
0
0
0
0
0
0
0
0
0
0
0
0
0
0
0
0
0
0
0
0
0
0
0
0
0
0
0
0
0
0
0
0
0
0
0
0
0
0
0
0
0
0
0
0
0
0
0
0
0
0
0
0
0
0
0
0
0
0
0
0
0
0
0
0
0
0
0
0
0
0
0
0
0
0
0
0
0
0
0
0
