4
0
0
0
0
1
3
2
0
0
0
11
0
0
3
9
0
0
0
0
6
1
0
12
0
0
0
0
0
0
1
1
0
0
0
0
0
0
10
3
0
13
7
0
4
0
19
9
0
0
0
0
0
0
0
0
0
0
1
2
0
0
0
0
1
14
0
0
11
0
0
16
0
2
0
0
1
5
4
0
16
0
0
0
0
0
0
0
3
3
1
1
3
0
1
4
4
0
0
6
0
14
0
0
5
0
1
1
0
0
0
0
0
2
0
0
3
7
3
0
0
5
0
0
14
7
0
13
0
0
3
11
0
0
10
7
0
0
0
0
0
4
0
0
2
4
0
0
0
62
255
175
0
0
3
0
6
0
18
0
0
15
0
0
17
0
0
0
0
3
0
0
1
0
0
4
18
199
244
100
0
14
3
0
13
0
13
0
0
5
0
17
0
0
0
0
0
0
0
0
3
0
0
16
42
228
255
123
5
0
2
6
0
0
2
0
8
0
85
161
3
0
0
0
0
6
0
0
0
15
0
54
213
244
255
24
0
11
0
3
0
6
0
0
14
50
222
223
4
0
0
0
0
0
1
7
0
0
14
54
253
255
182
22
0
0
0
0
17
3
20
0
0
162
255
232
0
0
0
0
0
4
0
3
1
0
41
192
255
166
7
0
15
0
0
20
0
0
1
3
50
235
255
70
7
0
0
0
0
12
0
0
2
5
123
255
225
12
12
8
0
4
0
11
5
0
0
10
245
244
207
19
0
0
0
0
0
0
1
0
0
0
238
233
215
0
7
8
0
17
0
0
0
1
17
29
249
242
192
0
5
0
0
0
0
0
2
2
0
2
223
255
255
104
0
23
2
0
6
1
26
32
15
142
255
255
180
20
0
0
0
0
0
2
0
0
0
9
91
218
241
243
215
207
141
136
131
132
244
253
255
246
255
186
27
1
0
0
0
0
0
0
7
0
0
0
0
33
159
189
249
255
242
255
255
252
251
254
250
254
246
45
0
0
4
0
0
0
0
0
0
0
0
0
0
0
0
16
29
42
120
174
94
25
23
87
251
247
255
25
6
0
1
0
0
0
0
0
0
0
0
0
0
0
0
0
0
0
9
11
0
0
8
60
239
255
172
3
0
2
4
0
0
0
0
0
0
0
0
0
0
0
0
15
8
11
5
0
0
7
0
145
255
232
61
0
1
2
0
0
0
0
0
0
0
0
0
0
0
0
0
0
0
0
2
0
7
0
1
195
242
122
0
0
9
1
9
0
0
0
0
0
0
0
0
0
0
0
0
0
1
2
2
0
3
12
144
255
255
92
12
5
5
0
1
0
0
0
0
0
0
0
0
0
0
0
0
0
4
0
0
0
0
7
226
235
222
26
1
0
7
0
8
0
0
0
0
0
0
0
0
0
0
0
0
0
0
0
5
6
3
0
217
255
172
8
0
0
8
5
0
0
0
0
0
0
0
0
0
0
0
0
0
3
0
6
1
0
4
7
224
237
87
0
0
10
0
0
0
0
0
0
0
0
0
0
0
0
0
0
0
4
0
9
0
8
0
15
225
188
12
0
16
0
5
2
1
0
0
0
0
0
0
0
0
0
0
0
0
0
0
20
0
2
10
0
8
20
0
0
5
0
1
0
2
0
0
0
0
0
0
0
0
0
0
0
0
9
0
4
0
0
14
8
0
0
4
19
0
1
13
0
0
0
0
0
0
0
0
0
0
0
0
0
0
4
0
0
15
1
0
9
9
10
5
0
0
3
13
0
7
0
0
0
0
