8
0
0
0
0
0
0
0
0
5
0
0
7
0
2
3
0
4
0
0
15
0
0
0
0
0
0
0
0
0
0
0
0
0
0
0
0
0
0
2
0
0
1
16
11
4
0
11
0
11
5
18
0
0
0
0
0
0
0
0
0
0
0
0
0
12
4
0
1
12
6
0
0
0
8
0
11
0
9
0
0
0
0
0
0
0
0
0
0
0
0
0
0
0
7
0
0
2
0
0
19
0
0
3
0
2
0
17
12
0
0
0
0
0
0
0
0
0
0
0
0
0
8
4
0
2
4
0
0
12
0
0
19
6
0
3
0
0
0
0
0
0
0
0
0
0
0
0
0
7
0
0
6
5
0
11
52
46
191
254
219
51
4
13
1
0
0
0
0
0
0
0
0
0
0
0
0
1
0
1
0
0
14
128
240
247
250
250
231
170
0
0
7
0
0
0
0
0
0
0
0
0
0
0
0
0
5
5
0
26
141
240
255
254
255
100
14
9
4
0
2
0
0
0
0
0
9
3
0
2
0
4
2
0
4
0
16
153
239
255
241
254
228
38
0
4
7
0
0
0
0
0
0
8
0
0
1
9
0
0
0
1
0
9
143
254
250
251
255
253
102
0
0
0
0
6
0
0
0
0
0
2
0
0
3
0
0
1
12
1
24
141
255
225
189
249
238
206
8
0
0
1
0
4
0
0
0
0
0
0
6
7
0
0
8
0
0
13
170
255
255
26
148
255
255
94
0
8
0
12
0
0
4
0
0
0
0
0
6
1
1
0
8
0
10
143
255
210
61
13
210
250
169
2
3
1
0
6
4
0
5
0
0
0
0
0
2
0
7
0
0
13
152
249
255
143
2
75
241
255
160
0
0
0
9
0
0
8
0
0
0
0
0
0
5
0
8
0
0
34
248
255
214
0
0
68
255
252
122
12
0
0
14
0
0
6
0
0
0
0
0
0
11
0
2
9
3
2
192
245
245
61
0
192
240
231
27
0
0
0
0
2
0
0
5
0
0
0
0
0
0
0
0
0
1
4
5
182
254
230
194
255
247
221
4
1
0
0
11
0
5
1
0
0
0
0
0
0
0
0
0
0
0
2
4
9
102
197
244
255
254
232
79
17
7
8
2
2
0
0
3
0
0
0
0
2
1
0
0
0
0
1
2
0
0
2
97
236
254
255
255
240
121
6
0
24
2
0
0
0
0
0
0
2
2
0
0
0
0
0
0
11
8
0
24
255
255
192
86
197
252
169
15
0
0
11
11
0
0
0
0
2
2
1
0
0
0
0
0
0
0
9
17
252
253
214
0
13
254
255
107
2
4
0
0
0
0
0
0
1
1
1
0
0
0
0
0
7
0
5
32
255
252
221
24
33
246
236
99
0
0
0
12
0
0
0
0
0
0
1
1
0
0
0
0
0
13
0
0
176
255
250
117
26
253
255
107
11
0
6
0
0
0
0
0
0
0
0
1
1
0
0
0
5
0
2
8
32
191
247
224
209
255
145
1
0
0
13
0
0
0
0
0
0
0
0
0
0
0
0
0
0
3
6
0
0
24
102
175
152
82
15
0
1
0
0
2
0
0
0
0
0
0
0
0
0
0
0
0
3
1
2
4
0
0
1
17
8
0
0
0
6
2
1
7
0
0
0
0
0
0
0
0
0
0
0
0
1
0
0
7
13
6
0
0
0
0
5
10
6
0
0
0
0
0
0
0
0
0
0
0
0
0
0
0
4
0
0
0
0
0
2
9
10
7
0
0
0
0
1
0
0
0
0
0
