8
0
0
0
0
0
0
0
0
0
2
9
4
0
6
0
7
0
0
0
1
8
0
0
0
0
0
0
0
0
0
0
0
0
0
0
0
1
0
8
0
10
13
20
0
2
0
0
1
0
0
5
0
0
0
0
0
0
0
0
0
0
0
0
0
0
19
0
0
0
0
0
8
9
0
11
0
0
10
0
15
0
0
0
0
0
0
0
0
0
0
0
0
0
0
4
0
29
6
0
9
0
0
4
1
0
17
5
0
0
0
0
0
0
0
0
0
0
0
0
0
13
0
2
5
0
11
0
42
176
255
86
0
8
0
0
16
0
0
0
0
0
0
0
0
0
0
0
0
0
18
0
0
67
155
170
255
254
255
245
134
0
4
1
0
0
0
0
0
0
0
0
0
0
0
0
0
0
0
8
44
255
246
255
250
248
240
255
141
0
18
0
8
0
0
0
0
0
0
0
0
0
0
0
0
3
0
28
251
248
247
255
196
137
175
64
33
0
0
3
0
0
0
0
0
0
0
0
0
0
0
0
0
5
0
147
245
255
178
47
5
9
0
0
10
0
14
0
2
0
0
0
0
0
0
0
0
0
0
0
0
0
47
246
252
230
44
11
6
0
24
68
144
98
0
0
0
0
0
0
0
0
0
0
0
0
0
0
0
0
0
178
255
254
43
0
3
144
237
239
255
146
0
0
14
0
0
0
0
0
0
0
0
0
0
0
0
10
0
155
253
248
163
51
240
255
255
242
144
0
16
0
0
0
0
0
0
0
0
0
0
0
0
0
0
7
4
47
226
255
253
255
241
243
246
51
0
3
2
13
1
0
0
0
0
0
0
0
0
0
0
0
0
0
6
1
36
238
255
228
255
247
33
4
0
0
0
9
0
0
0
0
0
0
0
0
0
0
0
0
0
0
0
8
113
255
255
233
253
225
54
0
17
6
0
2
2
0
0
0
0
0
0
0
0
0
0
0
0
0
7
31
253
247
245
255
249
255
222
10
0
0
16
0
0
0
0
0
0
0
0
0
0
0
0
0
0
13
26
228
255
254
153
32
149
250
255
163
0
0
0
8
0
0
0
0
0
0
0
0
0
0
0
0
0
0
128
255
252
158
11
0
3
214
243
241
72
0
3
0
10
0
0
0
0
0
0
0
0
0
0
0
0
42
249
252
247
51
11
4
7
99
255
249
103
4
0
13
0
0
0
0
0
0
0
0
0
0
0
0
0
71
249
240
164
14
0
0
4
118
238
255
103
11
3
0
5
0
0
0
0
0
0
0
0
0
0
0
0
75
255
255
126
0
0
48
153
241
254
255
81
0
0
21
0
0
0
0
0
0
0
0
0
0
0
0
0
62
250
250
222
190
224
232
255
255
255
117
0
21
0
2
4
0
0
0
0
0
0
0
0
0
0
0
0
17
161
255
247
255
241
255
243
211
24
8
5
3
0
0
14
0
0
0
0
0
0
0
0
0
0
0
0
0
57
178
249
252
234
128
58
13
16
0
0
12
7
0
0
0
0
0
0
0
0
0
0
0
0
0
0
0
0
0
0
0
0
0
0
0
0
0
0
0
0
0
0
0
0
0
0
0
0
0
0
0
0
0
0
0
0
0
0
0
0
0
0
0
0
0
0
0
0
0
0
0
0
0
0
0
0
0
0
0
0
0
0
0
0
0
0
0
0
0
0
0
0
0
0
0
0
0
0
0
0
0
0
0
0
0
0
0
0
0
0
0
0
0
0
0
0
0
0
0
0
0
0
0
0
0
0
0
0
0
0
