8
0
4
0
5
10
0
0
4
0
0
11
10
0
0
5
0
0
0
9
3
0
0
0
5
0
0
0
0
0
6
0
0
1
0
11
0
3
0
0
0
0
10
5
0
5
0
0
7
2
10
8
0
0
0
0
0
0
1
2
7
0
0
5
0
2
0
0
9
9
0
0
12
7
0
3
2
0
0
9
0
0
0
0
0
0
0
3
13
0
0
0
3
0
15
0
0
0
3
0
0
0
5
0
0
0
0
5
0
0
0
0
0
8
0
0
0
0
0
2
5
0
4
0
14
33
55
154
255
255
232
97
1
1
0
0
10
0
0
0
0
0
3
3
0
1
9
0
0
6
17
55
178
255
242
243
245
250
245
108
10
10
0
0
0
0
0
0
0
0
1
7
0
8
2
9
83
158
230
248
250
239
219
176
71
97
112
32
0
0
0
22
6
0
0
0
0
6
0
0
1
3
0
60
243
248
253
201
140
50
0
18
0
0
14
0
0
19
49
65
0
0
0
0
0
0
14
8
0
0
18
126
255
255
151
7
0
0
8
0
17
0
3
0
11
177
250
241
47
0
0
0
0
8
0
0
10
2
0
69
226
251
252
147
3
21
0
18
0
0
22
0
235
245
216
100
0
0
0
0
0
2
0
0
3
7
0
13
80
233
236
254
188
45
3
0
6
0
43
203
248
255
178
0
12
0
0
0
0
0
10
4
0
3
9
0
0
89
255
253
235
214
93
12
0
55
147
255
255
97
0
17
0
0
0
0
0
0
1
1
2
0
0
0
11
7
86
215
255
242
240
168
94
228
255
255
199
0
3
1
7
0
0
0
0
3
0
0
5
4
0
0
9
0
5
25
171
250
254
255
255
254
252
102
14
11
5
0
0
0
0
0
0
0
0
0
0
1
7
1
0
17
0
0
52
255
255
237
253
255
178
14
8
0
0
2
6
0
0
0
0
0
0
8
6
0
0
7
11
0
12
64
215
250
255
250
255
252
255
172
28
0
4
12
0
0
0
0
0
0
0
4
0
6
0
11
0
7
104
253
255
241
241
72
141
255
235
255
224
28
0
14
0
0
0
0
0
7
0
5
1
2
0
0
0
169
255
249
237
75
26
0
6
172
255
241
255
148
0
5
0
0
0
0
0
13
0
0
0
0
7
7
49
216
251
253
54
0
5
0
5
18
136
251
229
251
44
0
0
0
0
0
0
0
0
1
2
0
0
0
116
254
202
0
0
9
0
21
0
0
63
255
255
244
114
0
8
0
0
0
0
0
14
1
0
5
3
33
236
255
122
0
10
0
2
0
6
0
65
255
255
252
53
9
4
0
0
0
0
0
17
0
0
7
3
51
243
241
255
216
114
68
73
78
59
86
204
253
205
118
16
0
9
0
0
0
0
0
0
5
2
13
0
0
62
178
255
211
242
255
255
241
255
255
255
233
55
15
0
0
6
0
0
0
0
8
0
0
0
4
0
12
0
8
12
50
129
196
133
194
248
176
98
41
0
2
0
10
0
0
0
0
0
0
0
0
0
0
0
0
0
0
0
0
0
0
0
0
0
0
0
0
0
0
0
0
0
0
0
0
0
0
0
0
0
0
0
0
0
0
0
0
0
0
0
0
0
0
0
0
0
0
0
0
0
0
0
0
0
0
0
0
0
0
0
0
0
0
0
0
0
0
0
0
0
0
0
0
0
0
0
0
0
0
0
0
0
0
0
0
0
0
0
0
0
0
0
0
0
0
0
0
0
0
0
0
0
0
0
0
0
0
0
0
0
