6
0
0
0
0
0
0
0
0
8
5
5
0
3
0
0
6
0
0
0
0
0
0
0
0
0
0
0
0
0
0
0
0
0
0
0
0
0
0
0
0
222
255
36
0
0
0
0
0
0
0
0
0
0
0
0
0
0
0
0
0
0
0
0
0
16
3
10
30
245
229
50
18
0
0
0
0
0
0
0
0
0
0
0
0
0
0
0
0
0
0
0
0
0
0
0
231
237
179
18
0
0
0
0
0
0
0
0
0
0
0
0
0
0
0
0
0
0
0
0
0
1
9
80
255
245
187
3
2
0
0
0
0
0
0
0
0
0
0
0
0
0
0
0
0
0
0
0
0
1
37
233
245
207
54
0
0
0
0
0
0
0
0
0
0
0
0
0
0
0
0
0
0
0
0
0
0
9
104
242
255
75
0
2
12
0
0
0
0
0
0
0
0
0
0
0
0
0
0
0
0
0
0
0
0
0
145
253
231
13
1
0
0
0
0
0
0
0
0
0
0
0
0
0
0
0
4
0
0
7
0
2
6
0
239
251
154
14
0
4
1
4
1
3
0
2
0
0
2
0
0
0
0
1
4
0
0
0
0
0
0
38
242
238
171
0
15
0
0
0
3
0
0
0
8
3
2
0
0
0
0
1
0
2
2
0
0
3
0
139
255
255
115
0
2
1
6
0
5
0
28
32
45
35
0
0
0
0
0
3
0
2
3
0
6
3
0
232
255
255
30
9
0
0
0
1
15
25
153
234
255
179
31
0
0
0
0
9
0
2
0
0
0
0
0
251
254
173
10
0
11
0
27
75
189
236
245
221
255
255
142
0
0
0
0
6
0
4
0
2
1
0
39
240
249
142
20
0
3
29
155
255
240
250
255
239
224
255
222
0
0
0
0
0
0
8
0
7
2
5
97
244
254
161
8
0
22
165
255
241
219
222
123
19
39
192
249
0
0
0
0
0
1
12
0
2
0
2
124
253
255
148
0
4
93
255
249
216
28
0
0
5
12
150
241
0
0
0
0
5
0
5
0
5
0
1
125
255
247
216
30
70
233
250
255
113
3
0
7
2
90
255
221
0
0
0
0
0
0
7
0
7
6
5
88
254
246
255
214
227
255
243
219
42
5
13
47
140
224
239
46
0
0
0
0
0
0
8
0
0
8
0
23
162
254
254
246
255
255
239
250
232
225
252
249
255
255
215
1
0
0
0
0
4
0
5
0
0
5
0
0
0
183
247
255
245
240
241
255
244
255
255
253
255
157
63
0
0
0
0
0
4
0
0
3
0
7
5
1
0
0
45
114
143
228
255
248
250
240
255
246
162
42
9
5
0
0
0
0
4
0
0
4
0
0
5
7
19
0
6
10
0
2
2
0
11
21
0
0
27
6
0
5
0
0
0
0
0
4
1
0
0
0
0
0
0
1
4
0
5
4
0
3
0
0
12
7
0
0
3
0
0
0
0
0
0
8
3
0
3
5
6
0
4
0
2
6
12
0
1
3
10
0
0
1
1
1
0
6
0
0
0
0
0
0
0
0
0
0
0
0
0
0
0
0
0
0
0
0
0
0
0
0
0
0
0
0
0
0
0
0
0
0
0
0
0
0
0
0
0
0
0
0
0
0
0
0
0
0
0
0
0
0
0
0
0
0
0
0
0
0
0
0
0
0
0
0
0
0
0
0
0
0
0
0
0
0
0
0
0
0
0
0
0
0
0
0
0
0
0
0
0
0
0
0
0
0
0
0
0
0
0
0
0
0
0
0
0
0
0
0
0
0
0
0
