7
0
0
0
0
0
0
0
0
7
0
2
4
0
1
1
5
0
0
0
0
0
0
0
0
0
0
0
0
0
0
0
0
0
0
0
0
0
1
0
0
0
6
0
0
0
0
0
0
0
0
0
0
0
0
0
0
0
0
0
0
0
0
0
0
0
10
5
0
1
4
0
0
0
0
0
0
0
0
0
0
0
0
0
0
0
0
0
0
0
0
0
0
3
3
2
9
1
0
6
1
0
0
0
0
0
0
0
0
0
0
0
0
0
0
0
0
0
0
0
0
7
0
0
7
0
0
14
0
0
0
0
0
0
0
0
0
0
0
0
0
0
0
0
0
0
0
0
0
1
21
2
0
0
0
14
0
0
0
0
0
0
0
0
0
0
0
0
0
0
0
0
0
0
0
0
0
1
138
107
19
1
0
4
0
0
0
0
0
0
0
0
0
0
0
0
0
0
0
0
0
0
0
0
0
8
255
221
51
8
0
0
8
0
0
0
0
0
0
0
0
0
0
0
0
0
5
0
0
4
0
0
1
13
255
252
240
129
32
2
0
3
139
63
21
0
5
5
0
0
0
0
0
4
4
1
7
7
0
0
9
35
240
108
141
244
244
129
56
208
248
208
4
0
0
0
10
0
0
0
0
1
0
0
0
0
0
0
0
74
255
41
0
47
121
184
255
237
255
249
0
10
15
0
0
0
0
0
0
0
5
4
0
0
24
7
0
161
224
2
0
0
1
7
24
48
220
241
7
0
0
2
10
0
0
0
0
0
4
3
4
0
0
0
26
255
207
0
11
0
0
11
7
0
227
216
11
0
2
15
0
0
0
0
0
0
0
0
14
4
8
53
230
245
181
1
11
7
3
0
0
0
236
240
7
0
0
2
4
0
0
0
0
20
13
0
6
0
0
30
254
255
151
0
0
0
1
0
13
39
229
184
0
8
14
0
0
0
0
0
0
0
5
0
6
8
0
3
199
249
97
0
7
5
2
0
0
70
255
158
4
0
0
0
5
0
0
0
0
0
0
0
0
0
0
0
0
61
5
0
0
11
30
0
3
114
255
142
0
5
10
26
5
0
0
0
0
0
0
0
0
0
0
0
0
11
0
10
16
115
236
221
173
243
255
74
71
146
173
194
0
0
0
0
0
0
0
0
0
0
0
0
0
0
0
0
0
26
148
219
255
246
241
255
255
252
255
131
0
0
0
0
0
0
0
0
0
0
0
0
0
11
0
13
4
0
0
6
39
227
249
180
124
78
54
4
3
0
0
0
0
0
0
0
0
0
0
0
0
0
0
1
0
0
5
0
0
205
235
11
6
13
0
1
0
0
0
0
0
0
0
0
0
0
0
0
0
0
3
12
8
0
0
0
0
197
192
3
0
0
6
1
8
0
0
0
0
0
0
0
0
0
0
0
0
12
0
0
0
3
0
4
8
203
222
5
14
0
2
9
0
0
0
0
0
0
0
0
0
0
0
0
0
0
8
6
3
0
0
4
0
197
242
9
0
0
3
0
6
0
0
0
0
0
0
0
0
0
0
0
0
0
0
0
0
0
0
0
0
133
255
0
9
0
0
9
3
0
0
0
0
0
0
0
0
0
0
0
0
0
0
0
0
0
0
0
0
54
239
6
0
27
0
0
0
0
0
0
0
0
0
0
0
0
0
0
0
0
0
0
0
0
0
0
0
8
0
14
6
0
7
10
0
0
0
0
0
0
0
0
0
0
0
0
0
0
0
0
0
0
0
0
0
0
0
0
12
0
0
7
3
0
0
0
0
