0
0
0
0
0
0
0
0
0
0
1
0
8
1
0
10
0
0
2
0
0
0
8
3
0
0
0
0
0
0
0
0
0
0
0
0
0
2
12
0
10
0
0
0
0
4
1
2
4
0
0
0
15
0
0
0
0
0
0
0
0
0
0
0
0
0
2
0
0
5
5
9
3
0
0
0
0
4
7
3
0
0
0
0
0
0
0
0
0
0
0
0
0
0
4
22
0
15
0
0
0
0
0
4
8
3
0
0
2
0
0
0
0
0
0
0
0
0
0
0
0
14
0
0
2
6
2
53
127
114
50
0
0
3
0
0
7
0
0
0
0
0
0
0
0
0
0
0
0
0
13
0
0
19
184
236
239
250
184
84
8
0
3
6
0
0
0
0
0
0
0
0
0
0
0
0
0
10
0
47
163
199
249
252
255
255
255
235
128
25
0
0
9
0
0
0
0
0
0
0
0
0
0
0
0
0
10
172
244
255
237
255
251
248
250
255
243
142
20
0
8
0
0
0
0
0
9
3
0
7
0
0
2
26
219
241
249
233
138
128
255
255
170
146
248
254
140
3
0
0
5
0
4
0
8
0
0
4
8
16
106
226
246
246
221
52
18
0
224
78
56
22
211
255
255
102
15
6
10
0
0
6
3
0
8
0
0
31
214
255
238
150
0
10
0
0
4
5
0
2
73
248
255
211
22
0
3
0
0
2
2
0
9
0
7
113
255
243
242
41
16
0
0
12
4
1
6
0
7
134
239
255
123
5
0
10
0
0
5
0
0
3
85
238
254
255
65
0
0
13
0
3
1
0
10
0
9
31
215
255
229
110
0
7
5
0
0
0
3
0
99
255
255
169
12
9
0
10
12
1
1
5
0
12
0
6
149
251
249
242
3
0
8
8
0
1
16
0
128
236
255
137
23
0
0
4
0
0
0
3
0
0
0
0
134
251
255
255
7
0
3
0
2
0
0
0
227
255
255
136
0
15
2
9
0
7
2
0
7
0
10
0
127
255
245
211
0
5
0
2
0
10
0
7
253
251
253
142
0
0
9
0
0
4
0
2
1
0
2
11
134
248
255
84
25
0
0
0
0
6
0
0
194
255
241
179
36
0
0
5
8
5
14
0
10
8
0
114
255
255
130
14
0
0
0
0
0
4
0
0
111
251
255
246
85
41
33
8
0
0
0
0
1
64
132
225
252
255
63
0
0
8
4
1
0
0
5
1
29
167
253
254
236
235
221
177
74
26
96
183
163
255
255
255
229
161
17
2
9
8
0
0
5
0
0
0
0
37
146
255
235
246
255
252
253
250
252
253
255
238
247
226
61
9
0
5
0
0
0
0
13
0
0
3
6
0
34
165
255
255
232
245
255
247
255
249
250
168
38
4
0
0
8
0
0
0
6
0
9
0
0
7
17
0
0
0
45
61
79
109
193
222
207
83
57
0
0
7
3
22
0
1
1
5
7
5
0
0
2
0
0
8
0
0
16
0
0
0
10
0
0
0
5
0
0
13
0
0
10
4
0
0
0
0
0
0
0
0
0
0
0
0
0
0
0
0
0
0
0
0
0
0
0
0
0
0
0
0
0
0
0
0
0
0
0
0
0
0
0
0
0
0
0
0
0
0
0
0
0
0
0
0
0
0
0
0
0
0
0
0
0
0
0
0
0
0
0
0
0
0
0
0
0
0
0
0
0
0
0
0
0
0
0
0
0
0
0
0
0
0
0
0
0
0
0
0
0
0
0
0
0
0
0
0
0
0
0
0
0
0
0
0
0
0
0
