4
0
0
8
0
0
7
0
0
4
11
0
0
2
0
0
1
0
7
0
9
0
0
0
0
0
0
0
0
2
0
4
1
0
0
1
3
0
2
0
0
3
2
0
0
1
0
0
0
0
6
6
2
0
0
0
0
2
0
0
7
0
0
8
4
1
5
4
0
0
0
2
3
9
0
12
14
5
0
0
0
0
0
0
0
0
1
0
6
5
0
7
0
1
0
6
0
0
1
1
1
1
0
0
0
0
0
0
4
0
0
0
0
0
5
0
0
6
2
0
0
0
0
3
5
0
8
0
0
119
78
13
0
6
1
0
0
0
0
0
0
0
5
1
0
4
0
0
47
51
0
4
1
0
5
0
3
111
102
0
0
0
1
6
5
0
0
0
0
1
0
7
0
5
0
11
158
99
14
4
0
0
2
0
10
129
166
13
8
5
0
0
2
0
0
0
0
1
0
10
0
9
0
35
255
88
0
0
7
4
10
0
0
151
195
0
0
0
0
0
0
0
0
0
0
0
5
5
0
0
3
255
255
73
12
0
0
8
0
7
0
115
198
13
0
7
15
0
0
0
0
0
0
0
0
0
0
8
26
247
80
19
0
5
9
1
0
7
8
65
246
46
2
0
0
3
15
0
0
0
0
5
7
6
2
13
95
255
37
0
0
0
11
0
0
0
0
8
255
177
10
0
0
17
0
0
0
0
0
1
0
0
0
0
123
244
40
14
8
0
0
0
7
2
3
0
159
241
45
13
0
0
0
0
0
0
0
11
0
1
6
10
101
241
34
0
0
0
10
0
7
0
0
8
71
255
96
0
0
0
8
0
0
0
0
0
0
0
0
0
24
255
116
11
7
0
0
6
9
0
2
0
53
242
166
13
11
14
0
0
0
0
0
3
7
10
0
3
1
208
249
122
78
21
0
0
0
0
10
0
8
188
234
150
20
0
8
0
0
0
0
0
3
0
0
19
0
23
242
255
242
219
175
150
79
53
61
71
50
227
255
255
59
0
0
0
0
0
0
0
0
2
3
0
0
12
29
150
209
255
251
254
253
255
250
255
251
255
248
255
69
0
4
0
0
0
0
0
0
2
3
0
0
1
11
0
20
90
67
121
96
140
127
130
84
94
246
255
52
15
0
0
0
0
0
0
0
1
3
0
0
0
0
2
0
9
2
13
0
0
1
0
5
16
214
255
73
0
8
0
0
0
0
0
0
0
2
4
2
0
0
3
0
0
2
1
1
0
8
0
6
4
93
231
162
0
2
0
0
0
0
1
0
0
0
2
5
4
2
9
0
14
0
10
0
1
0
12
0
0
0
148
181
4
0
0
0
0
0
2
3
0
0
0
1
1
0
0
0
5
0
4
4
10
2
0
1
2
0
138
160
0
14
0
0
0
0
0
4
3
0
0
0
0
0
0
10
0
12
0
9
0
0
1
11
0
0
124
176
0
0
0
0
0
0
0
3
6
1
0
2
2
0
5
0
2
0
7
0
4
3
3
0
18
0
7
147
9
0
0
0
0
0
0
0
0
0
0
0
0
0
0
0
0
0
0
0
0
0
0
0
0
0
0
0
0
0
0
0
0
0
0
0
0
0
0
0
0
0
0
0
0
0
0
0
0
0
0
0
0
0
0
0
0
0
0
0
0
0
0
0
0
0
0
0
0
0
0
0
0
0
0
0
0
0
0
0
0
0
0
0
0
0
0
0
0
0
0
0
0
0
0
0
0
0
0
0
0
0
0
0
0
0
0
0
0
0
0
0
0
0
0
0
0
0
