0
0
0
0
0
0
0
0
0
0
0
6
1
0
5
0
0
0
0
19
3
0
10
0
0
0
0
0
0
0
0
0
0
0
0
0
0
6
1
3
0
8
0
0
9
0
12
0
0
0
0
0
16
0
0
0
0
0
0
0
0
0
0
0
0
0
0
9
0
9
7
3
7
1
0
0
7
2
0
0
0
0
0
0
0
0
0
0
0
0
0
0
0
0
3
1
0
1
0
0
12
11
0
15
0
0
10
0
0
0
0
0
0
0
0
0
0
0
0
0
0
3
15
0
2
0
10
22
140
249
222
121
34
24
6
0
16
0
0
0
0
0
0
0
0
0
0
0
0
0
0
3
5
0
92
194
255
255
254
255
255
111
0
13
0
0
0
0
0
0
0
0
0
0
0
0
0
3
0
12
0
30
176
255
247
228
230
227
252
255
136
2
0
0
0
0
0
0
0
0
0
0
0
0
0
0
5
0
0
192
255
249
255
90
31
175
239
255
239
49
0
0
0
0
0
0
4
0
0
0
3
0
0
0
10
28
107
249
254
254
255
93
0
5
150
233
255
225
32
0
0
0
0
0
0
0
8
3
0
10
0
14
0
128
243
252
213
133
243
69
9
0
21
120
234
255
127
0
0
0
0
2
1
0
9
0
0
14
0
0
172
244
255
223
35
2
34
1
0
0
0
95
245
255
134
0
0
0
0
3
1
4
0
0
0
0
0
90
254
248
198
41
0
0
6
0
0
6
11
75
251
249
127
0
0
0
0
3
0
3
0
13
7
0
56
251
255
212
44
0
0
7
0
13
0
0
0
12
232
249
141
0
0
0
0
1
0
10
0
0
0
34
193
255
213
36
0
0
17
5
0
0
0
0
0
0
220
249
128
0
0
0
0
0
5
9
0
0
19
150
255
255
50
0
7
9
0
6
5
1
8
5
0
20
224
255
127
0
0
0
0
0
10
0
1
13
106
249
243
108
9
0
0
0
4
0
0
0
1
0
0
88
244
255
123
0
0
0
0
2
0
9
1
18
250
249
189
0
1
0
0
10
0
0
0
0
12
0
0
110
255
237
10
0
0
0
0
2
16
0
0
92
246
252
20
4
4
7
5
0
2
7
8
5
2
3
29
192
252
123
0
0
0
0
0
0
0
0
21
155
246
163
1
0
0
2
0
0
0
2
0
1
0
6
164
255
232
24
0
0
0
0
0
0
18
0
0
255
248
218
27
4
5
0
0
8
5
0
5
2
82
202
255
222
50
1
0
0
0
0
0
0
5
7
0
223
255
255
119
0
17
6
0
3
0
6
77
154
242
255
208
47
0
14
0
0
0
0
0
13
0
0
26
74
248
254
252
224
208
157
157
218
231
224
255
255
247
238
79
30
0
0
0
0
0
0
0
12
10
0
0
24
145
255
245
252
255
255
249
247
247
249
254
255
162
45
0
0
17
0
10
0
0
0
0
0
5
9
6
0
8
79
219
255
244
252
255
250
252
204
110
1
15
0
10
5
0
0
0
0
0
0
0
0
0
0
0
0
0
0
0
0
0
0
0
0
0
0
0
0
0
0
0
0
0
0
0
0
0
0
0
0
0
0
0
0
0
0
0
0
0
0
0
0
0
0
0
0
0
0
0
0
0
0
0
0
0
0
0
0
0
0
0
0
0
0
0
0
0
0
0
0
0
0
0
0
0
0
0
0
0
0
0
0
0
0
0
0
0
0
0
0
0
0
0
0
0
0
0
0
0
0
0
0
0
0
0
0
0
0
0
0
0
0
0
