8
0
0
0
0
0
0
0
0
0
0
0
0
0
11
0
1
0
4
0
4
1
0
0
0
0
0
0
0
0
0
0
0
0
0
0
0
5
7
12
0
0
0
0
11
0
4
4
0
0
0
10
6
0
0
0
0
0
0
0
0
0
0
0
0
0
0
0
0
0
10
6
0
4
0
9
0
4
0
0
0
0
0
0
0
0
0
0
0
0
0
0
0
14
0
0
23
13
0
0
2
4
0
0
3
12
6
3
13
0
0
0
0
0
0
0
0
0
0
0
0
0
4
3
0
0
0
17
3
9
2
0
0
0
12
0
0
0
0
0
0
0
0
0
0
0
0
0
0
0
0
17
23
121
174
250
188
183
154
108
21
0
4
0
8
0
0
0
0
0
0
0
0
0
0
0
0
0
42
140
246
255
199
174
107
176
180
252
212
172
71
7
0
0
0
0
0
0
0
0
0
0
0
0
0
25
194
255
244
49
4
8
0
0
10
202
253
255
69
0
6
0
0
0
0
0
0
0
0
0
0
0
0
207
255
130
32
0
2
0
0
7
61
238
255
237
82
0
0
0
0
0
0
0
0
0
0
0
0
0
0
210
255
52
0
0
14
0
15
115
248
182
26
191
90
4
3
0
0
0
0
0
0
0
0
0
0
0
0
97
255
155
1
2
0
15
107
241
190
20
24
34
69
0
2
0
0
0
0
0
0
0
0
0
0
0
0
5
219
255
116
11
0
145
233
181
21
10
0
5
5
7
0
0
0
0
0
0
0
0
0
0
0
0
0
11
63
205
255
124
120
246
192
39
0
5
3
0
11
0
7
0
0
0
0
0
0
0
0
0
0
0
0
7
0
76
164
239
255
255
42
0
0
0
10
15
0
2
8
0
0
0
0
0
0
0
0
0
0
0
0
0
8
0
0
235
255
239
70
7
20
0
0
23
0
0
0
0
0
0
0
0
0
0
0
0
0
0
0
1
1
0
67
248
228
248
228
123
0
0
18
0
5
0
4
0
0
0
0
0
0
0
0
0
0
0
0
0
4
0
195
254
73
31
159
238
139
0
0
8
9
0
9
0
0
0
0
0
0
0
0
0
0
0
0
12
0
3
232
204
19
5
3
127
214
92
0
3
0
0
0
0
0
0
0
0
0
0
0
0
0
0
0
0
6
120
255
177
0
0
3
0
180
195
26
3
0
12
10
0
0
0
0
0
0
0
0
0
0
0
0
0
6
158
253
202
0
0
1
13
101
255
71
0
3
0
0
0
0
0
0
0
0
0
0
0
0
0
0
1
0
66
253
212
0
29
0
0
34
245
56
0
15
0
0
0
0
0
0
0
0
0
0
0
0
0
0
2
0
8
228
248
88
0
0
0
132
255
68
3
0
0
4
0
0
0
0
0
0
0
0
0
0
0
0
3
0
1
123
253
221
12
0
19
189
196
23
0
0
0
3
0
0
0
0
0
0
0
0
0
0
0
0
1
4
5
0
144
238
206
164
208
255
146
0
0
8
7
0
0
0
0
0
0
0
0
0
0
0
0
0
9
6
0
0
28
104
192
249
253
126
10
0
4
4
0
0
0
0
0
0
0
0
0
0
0
0
0
0
0
0
0
0
0
0
1
3
16
0
0
4
10
0
0
1
0
0
0
0
0
0
0
0
0
0
0
0
12
11
7
2
2
4
1
0
0
0
5
0
0
0
1
4
0
0
0
0
0
0
0
0
0
0
0
0
0
0
0
0
3
6
4
0
8
11
6
0
0
3
1
0
0
0
0
0
