5
0
6
7
0
0
1
0
0
0
0
5
5
0
3
4
0
0
4
0
1
0
0
3
3
0
0
0
0
6
0
0
0
0
5
5
3
0
7
0
0
12
0
0
25
7
3
0
2
8
0
3
0
0
0
0
0
6
0
0
3
3
2
0
0
0
4
10
4
0
3
1
0
0
5
1
4
2
0
3
0
0
0
0
0
0
0
5
8
0
0
3
0
14
0
0
14
0
0
12
3
0
10
2
0
0
0
12
7
0
0
0
0
0
3
3
0
0
2
11
6
0
5
0
0
0
8
0
0
8
0
0
13
12
0
0
0
0
0
0
0
0
6
0
0
3
3
0
0
14
2
2
4
3
16
24
12
5
10
48
114
100
21
0
4
0
0
0
0
0
7
0
0
15
0
0
23
129
30
56
150
158
168
234
255
220
233
255
255
244
132
42
0
0
0
0
0
0
10
0
0
11
0
17
114
245
239
245
255
255
252
231
202
255
255
243
250
255
225
122
1
0
0
0
0
4
0
0
0
14
0
44
234
255
221
219
174
184
96
23
20
67
73
69
111
75
30
9
0
0
0
0
0
0
6
0
3
0
15
177
255
254
218
31
11
0
0
0
2
1
0
0
0
0
0
2
13
0
0
0
0
0
4
15
0
0
32
254
250
213
12
9
3
1
21
0
6
0
4
11
0
3
2
0
0
0
0
0
0
0
0
0
19
16
201
255
245
217
22
128
38
83
132
76
1
0
4
1
0
17
0
8
4
0
0
0
0
8
0
17
0
123
253
255
251
251
255
246
250
255
241
255
222
255
255
254
255
211
54
10
0
0
0
0
0
0
12
0
0
165
254
241
255
242
255
255
247
251
255
252
239
234
255
255
239
252
246
172
12
0
0
0
0
11
1
0
0
231
255
255
249
230
65
87
86
143
184
150
199
99
115
185
219
222
255
234
189
0
0
0
0
0
0
10
0
76
75
47
64
0
15
0
0
11
0
0
2
3
0
44
17
55
249
255
242
0
0
0
0
0
0
0
0
0
0
0
0
2
9
0
8
4
0
0
0
0
0
15
1
173
253
255
250
0
0
0
0
0
0
0
0
0
0
0
0
0
3
20
0
6
0
0
14
6
0
11
82
234
249
255
251
0
0
0
0
0
0
0
0
0
0
0
0
24
0
122
212
216
110
0
0
3
0
76
212
255
255
229
80
0
0
0
0
0
0
0
0
0
0
0
0
0
180
251
242
255
199
0
3
26
101
243
255
213
230
170
7
0
0
0
0
0
0
0
0
0
0
0
0
87
255
255
255
255
224
108
166
255
255
255
255
255
205
60
0
0
0
0
0
0
0
0
0
0
0
0
0
172
253
255
248
236
248
255
253
254
255
246
235
158
40
0
14
0
0
0
0
0
0
0
0
0
0
0
0
81
246
255
255
255
255
250
247
254
242
255
167
0
0
16
0
0
0
0
0
0
0
0
0
0
0
0
0
0
139
135
156
165
254
254
255
215
37
84
61
0
9
0
1
0
0
0
0
0
0
0
0
0
0
0
0
2
2
2
4
7
11
15
18
0
0
0
0
0
0
0
0
0
0
0
0
0
0
0
0
0
0
0
0
1
0
0
0
0
0
1
3
0
0
0
0
0
0
0
0
0
0
0
0
0
0
0
0
0
0
0
0
4
3
1
0
0
0
0
0
0
0
0
0
0
0
0
0
0
0
0
0
0
0
0
0
0
0
0
0
3
3
2
1
1
2
3
4
0
0
0
0
0
0
0
0
0
0
0
0
