6
0
0
0
0
0
0
0
0
0
0
6
0
2
10
0
0
0
0
0
0
0
0
0
0
0
0
0
0
0
0
0
0
0
0
0
0
8
3
0
13
0
0
13
11
0
0
0
0
0
0
0
0
0
0
0
0
0
0
0
0
0
0
0
0
0
0
6
0
0
5
192
240
0
0
0
0
0
0
0
0
0
0
0
0
0
0
0
0
0
0
0
0
12
0
0
13
69
250
255
255
0
0
0
0
0
0
0
0
0
0
0
0
0
0
0
0
0
0
0
0
0
19
4
60
255
237
255
55
0
0
0
0
0
0
0
0
0
0
0
0
0
0
0
0
0
0
0
0
9
0
3
195
246
217
48
5
0
0
0
0
0
0
0
0
0
0
0
0
0
0
0
0
0
0
0
0
3
0
204
237
255
0
0
16
0
0
0
0
0
0
0
0
0
0
0
0
0
0
0
0
0
0
0
0
0
70
255
255
188
3
8
0
0
0
0
0
0
0
0
0
0
0
0
0
0
4
1
0
14
0
0
0
65
253
247
203
0
7
0
0
4
0
6
6
0
0
0
0
0
0
0
0
0
3
6
0
7
0
5
10
136
255
251
129
0
6
0
3
0
10
7
0
5
11
0
0
0
0
0
0
0
0
4
0
3
0
3
1
188
251
255
65
0
1
0
0
10
0
3
2
0
0
14
0
0
0
0
0
7
0
0
0
3
3
0
0
252
255
243
8
0
0
4
5
5
0
1
27
6
0
4
0
0
0
0
0
6
0
1
0
0
2
0
28
255
252
184
0
0
2
5
0
1
60
12
0
8
5
0
6
0
0
0
0
0
0
7
2
0
0
11
100
255
243
130
2
16
104
210
255
254
255
236
255
255
123
15
0
0
0
0
0
0
2
4
2
0
0
8
135
237
255
255
249
244
255
252
246
241
255
255
255
254
255
186
8
0
0
0
0
4
1
0
0
7
2
0
125
255
251
242
255
255
255
181
133
137
117
74
113
191
255
250
128
0
0
0
0
8
0
0
5
0
0
17
51
252
245
255
246
127
0
0
8
7
0
0
17
0
254
255
247
0
0
0
0
0
0
0
4
2
0
0
15
255
255
249
131
7
8
0
0
0
0
17
0
0
255
255
191
0
0
0
0
0
0
0
3
5
1
0
0
114
251
255
250
55
0
6
14
18
2
2
0
183
255
236
130
0
0
0
0
3
2
0
0
1
6
4
0
10
65
240
255
255
124
58
0
0
71
129
255
255
245
255
73
0
0
0
0
0
0
0
0
0
0
2
0
0
16
125
180
252
253
255
255
255
244
251
244
255
114
0
0
0
0
0
0
0
0
4
1
0
0
0
0
4
0
0
12
123
132
250
255
248
255
133
127
49
14
0
8
0
0
0
0
1
1
4
6
4
0
0
0
5
0
11
7
0
10
0
14
6
0
0
26
0
0
10
0
0
0
0
0
6
0
0
0
1
0
0
5
0
16
11
0
3
0
14
0
0
4
8
0
3
23
0
10
0
0
0
0
0
0
0
0
0
0
0
0
0
0
0
0
0
0
0
0
0
0
0
0
0
0
0
0
0
0
0
0
0
0
0
0
0
0
0
0
0
0
0
0
0
0
0
0
0
0
0
0
0
0
0
0
0
0
0
0
0
0
0
0
0
0
0
0
0
0
0
0
0
0
0
0
0
0
0
0
0
0
0
0
0
0
0
0
0
0
0
0
0
0
0
0
0
0
0
0
0
0
0
0
0
0
0
0
0
0
0
0
0
0
0
0
