3
0
0
0
0
0
0
0
0
3
4
0
3
6
0
0
8
2
3
0
10
0
0
0
1
0
0
0
0
0
0
0
0
0
0
0
0
0
12
0
0
0
13
4
0
1
0
0
11
0
13
6
2
0
0
0
0
0
0
0
0
0
0
0
0
3
0
1
5
0
1
13
0
6
2
26
0
0
0
12
0
0
0
0
0
0
0
0
0
0
0
0
0
11
0
2
3
19
0
1
8
0
0
0
0
0
13
0
2
0
0
0
0
0
0
0
0
0
0
0
0
0
17
0
0
61
109
82
115
197
240
248
103
71
1
0
2
0
0
0
0
0
0
0
0
0
0
0
0
0
12
0
6
33
238
255
255
250
246
246
255
234
173
36
3
0
0
0
0
0
0
0
0
0
0
0
0
7
0
0
11
0
175
234
241
251
239
255
243
255
255
168
10
0
0
0
0
0
0
0
0
0
0
0
0
0
1
11
0
3
0
0
97
131
17
98
255
255
240
110
0
0
0
0
0
2
0
0
3
2
0
0
4
0
2
0
6
0
0
13
0
0
1
11
147
255
253
141
8
0
0
0
0
1
1
0
0
0
2
4
2
0
4
4
5
2
17
0
14
51
20
142
213
255
248
213
0
0
0
0
0
0
4
3
0
0
5
4
0
9
0
0
2
0
126
140
216
253
246
243
255
250
129
8
12
0
0
0
0
0
1
5
2
0
0
0
0
0
70
238
239
255
254
251
249
253
249
255
243
248
117
0
0
0
0
0
0
0
0
1
6
0
0
3
24
59
210
255
254
244
255
227
255
255
211
216
239
255
222
71
17
0
0
0
0
6
0
0
3
0
0
11
44
255
255
244
255
244
255
255
144
93
9
16
196
242
210
10
0
0
0
0
0
3
0
0
1
0
0
7
26
109
255
253
255
187
97
0
5
2
8
0
69
255
215
36
25
0
0
0
0
0
0
0
3
3
0
0
0
12
35
40
39
28
0
1
2
8
0
11
126
235
255
121
0
0
0
0
0
11
0
0
11
6
0
9
0
8
0
0
2
0
10
2
0
2
0
34
209
246
226
41
1
0
0
0
0
0
5
0
122
196
50
0
5
0
19
0
4
0
0
14
5
1
0
91
253
251
134
4
0
0
0
0
0
14
5
0
244
251
239
166
0
7
0
0
6
10
0
9
0
0
70
209
254
255
47
0
13
0
0
0
0
0
0
0
255
255
255
178
41
9
0
11
0
4
0
9
118
170
234
248
226
87
19
5
0
0
0
0
0
0
0
21
173
246
240
255
255
160
139
88
32
134
156
147
255
255
255
136
4
0
0
10
3
0
0
0
0
19
0
0
11
20
116
249
255
255
253
253
223
247
245
255
253
254
163
52
9
0
2
10
0
0
0
0
0
0
3
1
0
0
30
121
203
218
187
255
255
255
233
209
106
54
14
7
0
35
0
0
3
0
0
0
0
0
4
1
0
21
0
4
5
1
0
99
87
113
61
0
11
3
0
2
0
0
8
0
3
0
0
0
0
0
0
0
0
0
0
0
0
0
0
0
0
0
0
0
0
0
0
0
0
0
0
0
0
0
0
0
0
0
0
0
0
0
0
0
0
0
0
0
0
0
0
0
0
0
0
0
0
0
0
0
0
0
0
0
0
0
0
0
0
0
0
0
0
0
0
0
0
0
0
0
0
0
0
0
0
0
0
0
0
0
0
0
0
0
0
0
0
0
0
0
0
0
0
0
0
0
0
0
0
0
0
0
0
0
0
0
0
0
0
0
0
