6
0
0
0
0
0
0
0
0
8
0
0
1
3
3
2
0
0
0
7
2
0
5
3
0
0
0
0
0
0
0
0
0
0
0
0
0
0
7
11
0
7
1
0
13
30
0
3
0
0
0
1
3
0
0
0
0
0
0
0
0
0
0
0
0
0
0
4
0
22
1
0
158
178
24
6
0
0
3
5
0
0
0
0
0
0
0
0
0
0
0
0
0
6
6
0
13
0
0
11
213
255
40
9
0
5
5
6
0
0
0
0
0
0
0
0
0
0
0
0
0
0
3
0
13
2
18
132
251
199
2
4
2
3
0
0
0
0
0
0
0
0
0
0
0
0
0
0
0
3
0
11
0
0
7
197
248
135
0
0
0
3
0
0
0
0
0
0
0
0
0
0
0
0
0
0
0
2
0
9
0
2
91
255
255
85
10
0
0
4
8
3
0
0
0
0
0
0
0
0
0
0
0
0
0
0
4
0
0
3
191
246
164
0
0
0
4
0
0
0
2
0
0
0
0
0
0
0
0
0
0
0
0
0
3
5
4
141
255
248
72
4
3
0
0
0
1
7
0
0
0
0
0
0
0
0
0
0
0
0
0
0
0
0
49
227
255
187
1
0
4
0
20
0
4
1
14
0
0
0
0
0
0
0
0
0
0
0
0
6
10
0
157
255
235
93
0
11
0
0
3
4
3
0
0
0
0
0
0
0
0
0
0
0
0
0
0
0
0
53
234
250
139
4
0
0
0
11
0
14
0
2
15
0
0
0
0
0
0
0
0
0
0
0
0
27
0
158
247
255
68
0
8
43
144
215
149
97
24
0
6
0
0
0
0
0
0
0
0
0
0
0
0
0
49
255
251
172
36
99
187
233
255
252
255
255
234
51
0
0
0
0
0
0
0
0
0
0
0
0
0
11
149
241
253
211
221
255
255
247
231
174
228
255
248
52
19
0
0
0
0
0
0
0
0
0
0
0
0
6
218
255
255
252
254
229
100
25
0
1
129
242
212
17
0
0
0
0
0
2
0
2
0
0
1
3
0
140
251
243
255
255
179
50
0
0
2
105
251
244
112
6
0
0
0
0
0
5
0
0
3
9
2
1
9
189
255
255
249
135
15
2
0
16
124
247
251
167
16
0
13
0
0
0
0
0
0
0
2
2
0
14
75
250
249
248
102
0
3
0
7
153
243
255
173
9
0
3
0
0
0
0
0
0
6
0
0
1
0
13
84
254
252
255
106
23
21
39
147
255
243
138
0
0
4
12
0
0
0
0
0
0
7
0
0
15
4
0
12
192
241
252
246
255
240
255
255
230
104
0
8
0
10
1
0
0
0
0
0
0
8
0
0
8
5
0
0
0
85
192
255
255
255
247
153
57
19
0
0
28
0
0
9
0
0
0
0
0
5
5
0
0
0
4
12
8
0
5
13
0
0
0
20
0
0
1
10
0
7
7
0
0
0
0
0
4
0
0
3
0
0
1
0
0
26
0
0
7
8
0
0
7
3
0
0
7
0
0
0
0
0
0
0
0
0
0
0
0
0
0
0
0
0
0
0
0
0
0
0
0
0
0
0
0
0
0
0
0
0
0
0
0
0
0
0
0
0
0
0
0
0
0
0
0
0
0
0
0
0
0
0
0
0
0
0
0
0
0
0
0
0
0
0
0
0
0
0
0
0
0
0
0
0
0
0
0
0
0
0
0
0
0
0
0
0
0
0
0
0
0
0
0
0
0
0
0
0
0
0
0
0
0
0
0
0
0
0
0
0
0
0
0
0
0
0
