1
0
0
0
0
0
0
0
0
8
0
4
13
0
1
4
3
0
0
0
0
0
0
0
0
0
0
0
0
0
0
0
0
0
0
0
0
0
12
0
0
8
11
0
1
0
0
0
0
0
0
0
0
0
0
0
0
0
0
0
0
0
0
0
0
0
7
0
0
9
1
0
0
0
0
0
0
0
0
0
0
0
0
0
0
0
0
0
0
0
0
0
0
7
10
0
0
0
4
15
4
0
0
0
0
0
0
0
0
0
0
0
0
0
0
0
0
0
0
0
0
0
13
0
10
2
0
0
0
0
0
0
0
0
0
0
0
0
0
0
0
0
0
0
0
0
0
0
0
27
0
53
215
85
10
12
0
0
0
0
0
0
0
0
0
0
0
0
0
0
0
0
0
0
0
0
0
0
3
27
240
221
104
0
12
0
0
0
0
0
0
0
0
0
0
0
0
0
0
0
0
0
0
0
0
4
2
0
212
246
255
122
0
0
0
0
0
0
0
0
0
0
0
0
0
0
0
0
0
0
0
0
0
0
13
0
114
248
255
194
3
0
5
5
3
1
0
5
0
0
0
0
0
0
0
0
0
0
0
0
0
1
0
5
22
229
242
234
85
1
5
0
0
0
0
0
0
0
0
0
0
0
0
0
0
0
0
0
0
1
6
0
0
149
253
255
194
0
0
0
0
3
3
2
14
0
0
0
0
0
0
0
0
0
0
0
0
0
19
0
7
59
255
253
253
5
8
11
2
0
0
0
0
0
0
0
0
0
0
0
0
0
0
0
0
0
0
4
4
14
204
255
252
0
0
7
1
0
3
0
0
0
0
0
0
0
0
0
0
0
0
0
0
0
0
5
4
0
147
255
248
46
0
0
2
0
10
8
5
0
0
0
0
0
0
0
0
0
0
0
0
0
6
0
6
0
110
251
255
183
35
6
11
0
0
0
0
0
0
0
0
0
0
0
0
0
0
0
0
0
10
0
0
19
74
250
255
255
48
0
9
0
5
5
3
0
0
0
0
0
0
0
0
0
0
0
0
4
4
0
2
0
0
255
238
255
47
0
0
0
1
1
0
0
0
0
0
0
0
0
0
0
0
0
0
0
0
0
0
6
5
246
255
255
47
0
0
0
1
1
0
0
0
0
0
0
0
0
0
0
0
0
0
1
0
2
0
9
4
190
255
255
47
0
0
0
1
1
0
0
0
0
0
0
0
0
0
0
0
0
0
4
0
2
0
1
0
164
250
255
47
0
0
0
1
1
0
0
0
0
0
0
0
0
0
0
0
0
0
0
0
0
6
0
5
175
255
255
47
0
0
0
1
1
0
0
0
0
0
0
0
0
0
0
0
0
0
0
1
0
11
0
6
156
255
255
47
0
0
0
1
1
0
0
0
0
0
0
0
0
0
0
0
0
0
3
0
1
3
0
1
96
251
255
47
0
0
0
1
1
0
0
0
0
0
0
0
0
0
0
0
0
0
2
0
3
0
3
4
51
255
255
47
0
0
0
1
1
0
0
0
0
0
0
0
0
0
0
0
0
0
0
8
0
0
9
0
20
118
224
50
0
3
3
3
0
4
0
0
0
0
0
0
0
0
0
0
0
0
0
5
0
0
15
0
0
26
18
0
0
11
0
3
2
0
0
0
0
0
0
0
0
0
0
0
0
0
0
5
0
0
4
3
0
0
0
0
13
0
0
0
5
2
0
0
0
0
0
0
0
0
0
0
0
0
0
3
4
0
0
2
9
3
4
3
2
0
3
4
0
0
0
0
0
0
