8
0
0
0
0
0
0
0
1
0
2
3
0
0
3
0
4
7
0
0
1
1
0
0
0
0
0
0
0
0
0
0
0
0
0
0
0
5
0
0
0
0
0
0
0
0
4
8
1
0
2
5
2
0
0
0
0
0
0
0
0
0
0
0
0
2
0
2
5
5
3
6
0
6
0
0
3
10
3
0
0
0
0
0
0
0
0
1
1
1
0
0
0
2
0
0
0
0
0
10
0
6
0
0
4
7
0
0
0
0
0
0
0
0
0
1
1
1
0
0
0
0
0
1
1
14
0
10
0
0
6
10
0
0
1
6
2
0
0
0
0
0
0
0
0
0
1
2
3
4
11
0
0
28
19
69
75
23
0
0
0
7
0
0
6
0
0
0
0
1
0
0
0
0
1
5
7
0
89
151
182
235
199
247
255
69
25
0
5
12
0
0
1
0
0
0
0
1
0
0
0
0
2
6
9
155
250
255
200
153
42
79
128
70
102
85
16
0
2
13
0
0
0
0
0
0
8
0
0
8
0
24
236
222
95
48
16
34
180
195
255
238
247
246
28
3
0
9
0
0
0
0
0
6
0
0
4
0
23
187
249
111
18
0
29
226
234
255
15
20
46
63
0
0
0
1
0
0
0
0
0
0
0
7
4
0
135
255
127
0
0
6
31
244
199
7
8
0
7
0
2
9
3
7
6
0
0
0
0
0
0
2
0
0
251
223
12
2
0
11
68
255
173
0
0
5
11
0
0
0
0
0
0
0
0
0
0
10
0
0
0
0
255
200
7
0
5
0
170
238
85
12
0
0
0
6
2
6
6
0
0
0
0
0
0
0
0
0
1
6
222
236
0
15
1
7
157
255
24
0
8
15
0
7
0
0
0
3
8
0
0
0
0
0
2
7
1
8
146
255
50
0
2
0
179
178
9
16
0
0
2
8
0
1
7
20
0
0
0
0
0
7
0
0
1
0
71
250
229
109
5
31
158
193
7
34
80
142
225
242
255
249
248
221
95
0
0
0
0
0
0
6
2
0
10
91
174
249
196
255
253
254
213
251
237
213
197
214
101
82
122
235
222
46
0
0
0
12
0
0
0
0
0
0
7
104
185
201
253
251
246
52
27
0
3
0
16
0
0
166
247
198
8
2
1
0
0
0
5
10
4
0
0
0
0
7
55
236
218
38
13
0
5
1
0
13
11
103
255
255
0
0
0
0
4
7
0
0
0
4
12
8
5
0
5
138
241
129
0
5
0
7
3
0
0
194
245
193
0
5
0
0
4
3
0
0
0
0
0
0
8
0
0
34
217
245
122
14
0
0
0
23
81
248
246
73
3
8
5
0
0
1
2
5
9
7
3
0
0
28
0
0
7
180
243
245
79
15
16
67
247
236
71
5
7
0
10
0
1
1
0
0
0
0
1
5
0
0
0
4
0
7
33
157
222
203
225
250
248
144
19
0
0
0
1
4
0
0
2
6
1
0
0
0
5
1
8
0
12
0
8
4
59
144
182
255
181
8
0
3
0
11
0
0
0
0
0
0
0
0
0
0
0
0
0
0
0
0
0
0
3
8
12
12
8
3
0
0
0
0
0
0
0
0
0
0
0
0
0
0
0
0
0
0
0
0
0
0
0
2
3
3
2
0
0
0
0
0
0
0
0
0
0
0
0
0
0
0
0
0
0
0
0
0
0
0
0
0
0
0
0
0
0
0
0
0
0
0
0
0
0
0
0
0
0
0
0
0
0
0
0
0
0
3
1
0
0
0
0
1
3
0
0
0
0
