2
0
0
4
2
0
0
0
0
3
4
0
9
1
0
16
8
0
2
9
0
0
4
1
0
0
0
0
0
1
1
0
0
0
0
2
3
3
0
12
5
0
5
0
0
9
0
0
0
0
0
0
10
0
0
0
0
3
0
0
0
0
1
1
0
0
7
0
1
0
0
21
0
0
0
11
14
1
0
0
0
0
0
0
0
0
0
0
3
2
0
0
0
7
46
136
125
153
213
151
121
8
0
0
0
0
0
9
0
0
0
0
0
0
0
3
4
0
0
0
11
104
225
255
250
242
255
255
250
215
119
9
0
16
0
0
0
0
0
0
0
3
1
1
0
0
0
11
32
255
251
202
105
83
89
109
233
255
196
48
0
1
0
1
5
0
0
0
0
5
0
0
1
0
0
9
28
250
214
45
0
9
0
4
74
237
255
134
9
0
0
3
0
0
0
0
0
2
0
0
5
3
0
0
8
125
237
144
4
4
4
0
8
190
253
131
10
1
0
0
5
0
0
0
0
0
0
0
0
0
0
0
0
2
100
105
0
5
6
0
8
191
255
140
8
0
2
3
0
0
0
0
0
0
0
0
0
0
0
0
0
3
21
0
0
10
0
15
0
207
250
250
0
7
3
0
10
0
0
0
0
0
0
0
0
0
0
0
0
4
0
0
20
0
9
0
26
217
250
153
0
0
8
0
0
0
0
0
0
0
0
0
0
0
0
0
0
0
2
3
3
0
0
14
156
253
211
0
6
0
3
10
0
0
0
0
0
0
0
0
0
0
0
0
0
0
7
0
0
19
3
135
248
255
114
0
8
0
0
0
4
0
0
0
0
0
0
0
0
0
0
0
0
1
12
4
0
0
127
244
255
155
25
5
10
0
0
0
2
0
0
0
0
0
0
0
0
0
0
0
0
0
0
0
0
32
243
255
217
32
0
0
8
0
6
6
0
0
0
0
0
0
0
0
0
0
0
0
0
8
0
5
60
234
255
219
62
6
0
8
0
0
9
0
4
0
0
0
0
1
0
0
2
1
0
0
1
0
3
42
249
255
255
142
0
2
0
14
0
13
0
6
0
0
1
2
2
2
0
0
1
2
0
0
0
17
86
255
245
240
142
1
2
0
0
3
0
0
1
7
0
0
0
0
0
2
0
0
0
1
0
0
1
2
215
250
253
92
22
0
0
13
1
0
6
0
0
0
2
5
1
0
0
1
0
0
0
0
0
4
13
153
252
230
142
7
0
0
7
34
66
73
70
133
203
178
91
13
6
0
0
0
1
3
0
0
0
9
26
255
255
241
84
93
156
175
202
255
248
251
233
255
252
239
198
13
6
0
0
0
1
4
1
0
0
8
26
252
255
229
255
251
249
255
255
242
248
252
173
142
76
50
1
5
1
0
0
0
0
2
2
0
0
3
12
93
173
255
255
232
255
238
121
131
57
11
0
10
0
0
4
0
0
0
0
2
0
0
3
3
0
0
0
0
4
0
0
12
2
0
9
0
0
0
0
0
3
0
0
0
1
2
2
0
0
0
0
0
0
0
0
0
0
0
0
0
0
0
0
0
0
0
0
0
0
0
0
0
0
0
0
0
0
0
0
0
0
0
0
0
0
0
0
0
0
0
0
0
0
0
0
0
0
0
0
0
0
0
0
0
0
0
0
0
0
0
0
0
0
0
0
0
0
0
0
0
0
0
0
0
0
0
0
0
0
0
0
0
0
0
0
0
0
0
0
0
0
0
0
0
0
0
0
0
0
0
0
0
0
0
0
0
0
0
0
