1
0
0
0
0
0
0
0
0
3
0
5
5
0
15
0
0
0
0
18
0
1
0
0
7
0
0
0
0
0
0
0
0
0
0
0
0
0
3
1
2
3
0
0
6
4
0
1
0
4
10
5
0
0
0
0
0
0
0
0
0
0
0
0
0
0
3
0
0
2
0
3
6
0
0
0
12
5
0
0
0
0
0
0
0
0
0
0
0
0
0
0
0
6
0
3
6
0
8
1
0
0
11
2
3
0
6
18
0
0
0
0
0
0
0
0
0
0
0
0
0
0
0
6
13
0
9
0
36
2
0
0
6
1
0
0
7
0
0
0
0
0
0
0
0
0
0
0
0
0
5
0
0
3
2
28
190
255
168
66
0
8
1
0
0
0
0
0
0
0
0
0
0
0
0
0
0
6
5
0
0
3
0
135
255
228
255
235
26
0
13
10
0
0
0
0
0
0
0
0
0
0
0
0
0
8
0
6
10
0
0
213
240
255
250
214
4
1
5
0
5
0
0
0
0
0
0
0
0
0
0
0
0
0
18
1
0
0
17
220
255
251
251
95
4
5
0
11
0
0
0
0
0
0
0
0
0
0
0
0
0
6
0
0
18
3
118
255
242
255
141
22
0
1
0
0
7
0
0
0
0
0
0
0
0
0
0
0
0
0
12
0
0
69
231
239
255
243
44
0
3
0
0
0
7
0
0
0
0
0
0
0
0
0
0
0
0
0
2
3
3
108
255
255
248
140
4
1
14
0
5
0
0
0
0
0
0
0
0
0
0
0
0
0
0
0
6
0
0
174
244
253
226
19
0
5
5
0
0
8
0
0
0
0
0
0
0
0
0
0
0
0
0
0
24
0
10
252
249
244
190
0
7
0
0
1
0
6
0
0
0
0
0
0
0
0
0
0
0
0
0
10
0
0
109
247
255
255
102
3
13
0
3
10
0
0
0
0
0
0
0
0
0
0
0
0
0
0
0
0
0
8
154
247
255
226
50
2
0
0
0
3
0
0
0
0
0
0
0
0
0
0
0
0
0
0
0
0
10
5
255
250
252
158
3
0
0
0
0
0
0
0
0
0
0
0
0
0
0
0
0
0
0
0
0
6
0
25
245
250
255
71
4
0
0
0
0
0
0
0
0
0
0
0
0
0
0
0
0
0
0
0
0
4
1
16
240
255
245
29
0
0
0
0
0
0
0
0
0
0
0
0
0
0
0
0
0
0
0
0
0
0
16
8
253
255
255
50
7
0
0
0
0
0
0
0
0
0
0
0
0
0
0
0
0
0
0
0
0
0
0
23
255
244
255
33
0
0
0
0
0
0
0
0
0
0
0
0
0
0
0
0
0
0
0
0
0
1
0
17
245
255
246
104
32
0
0
0
0
0
0
0
0
0
0
0
0
0
0
0
0
0
0
0
0
0
8
0
149
251
255
250
156
0
0
0
0
0
0
0
0
0
0
0
0
0
0
0
0
0
0
0
0
3
0
8
0
162
246
255
194
0
0
0
0
0
0
0
0
0
0
0
0
0
0
0
0
0
0
0
0
4
0
0
0
64
225
220
30
0
0
0
0
0
0
0
0
0
0
0
0
0
0
0
0
0
0
0
0
0
0
13
7
0
5
17
0
0
0
0
0
0
0
0
0
0
0
0
0
0
0
0
0
0
0
0
0
7
8
0
0
7
0
0
5
0
0
0
0
0
0
0
0
0
0
0
0
0
0
0
0
0
0
0
0
0
3
0
0
0
5
0
2
0
0
0
0
0
0
0
0
0
0
0
0
