2
0
0
0
0
0
0
0
0
0
0
3
0
0
0
21
0
0
2
0
2
0
8
2
0
0
0
0
0
0
0
0
0
0
0
0
0
4
0
1
6
9
5
0
17
11
0
9
0
1
0
0
12
0
0
0
0
0
0
0
0
0
0
0
0
5
0
0
0
0
0
66
155
248
255
225
76
3
4
6
0
0
0
0
0
0
0
0
0
0
0
0
0
0
0
7
0
14
36
243
255
156
237
254
240
35
5
0
23
0
0
0
0
0
0
0
0
0
0
0
0
5
0
4
0
6
0
122
60
9
38
167
245
176
2
11
0
0
0
0
0
0
0
0
0
0
0
0
0
0
0
0
0
9
10
3
2
5
0
44
255
241
134
27
0
0
0
0
0
0
0
0
0
0
0
0
0
5
11
10
0
0
4
0
16
5
0
13
211
255
159
0
5
0
0
0
0
0
0
0
0
0
0
0
0
0
0
0
0
2
0
19
0
0
12
2
90
255
251
21
0
0
0
0
0
0
9
0
0
7
2
0
0
7
0
0
11
8
0
0
0
7
0
0
56
249
255
15
0
0
0
0
0
0
0
0
0
0
0
4
12
0
6
7
0
0
0
7
16
0
0
20
28
254
248
23
6
0
0
0
0
0
8
7
5
1
0
0
0
0
1
0
0
14
17
0
0
0
15
0
52
255
255
17
1
0
0
0
0
0
0
0
0
4
19
0
4
9
6
0
0
0
0
0
9
0
0
2
93
255
153
8
1
0
0
0
0
2
0
0
6
0
0
0
5
19
80
148
175
145
77
18
0
0
4
17
255
255
142
0
0
0
0
0
0
3
0
5
10
0
10
42
147
255
255
248
252
255
255
155
27
10
0
68
240
206
42
9
1
0
0
0
0
0
0
0
0
25
148
191
255
174
111
65
76
159
255
255
152
41
84
205
252
103
3
0
0
0
0
0
0
0
13
0
17
113
255
152
38
5
0
8
0
0
117
241
255
250
215
255
111
0
0
14
0
0
0
0
0
0
0
3
21
255
194
0
2
2
0
0
5
3
9
113
255
255
239
182
2
9
1
2
0
0
0
0
0
1
4
0
151
246
118
3
10
9
0
0
0
0
7
124
246
248
250
140
15
0
0
13
0
0
0
0
0
0
2
0
206
241
74
0
0
0
0
43
57
148
216
255
255
250
255
235
146
87
59
36
6
0
0
0
0
6
2
2
117
247
134
48
56
66
144
238
252
253
229
164
54
108
212
255
252
255
214
174
0
0
0
0
0
0
0
0
47
251
255
233
255
255
255
241
206
107
50
13
0
17
20
157
163
127
49
0
7
0
0
0
0
0
6
0
15
102
120
141
135
131
93
36
35
0
0
0
2
0
0
0
4
0
1
5
0
0
0
0
0
0
1
0
7
2
0
13
0
0
12
0
0
0
9
0
0
2
0
8
12
0
17
0
7
0
0
0
0
3
0
10
0
3
0
0
1
0
3
0
0
9
0
0
8
4
8
0
0
6
0
11
0
0
0
0
0
0
0
0
0
0
0
0
0
0
0
0
0
0
0
0
0
0
0
0
0
0
0
0
0
0
0
0
0
0
0
0
0
0
0
0
0
0
0
0
0
0
0
0
0
0
0
0
0
0
0
0
0
0
0
0
0
0
0
0
0
0
0
0
0
0
0
0
0
0
0
0
0
0
0
0
0
0
0
0
0
0
0
0
0
0
0
0
0
0
0
0
0
0
0
0
0
0
0
0
0
0
0
0
0
0
0
0
0
0
0
0
0
