7
0
0
0
0
0
0
0
0
0
0
0
0
0
0
0
0
0
0
0
0
0
0
0
0
0
0
0
0
0
0
0
0
0
0
0
0
0
0
0
0
0
0
0
0
0
0
0
0
0
0
0
0
0
0
0
0
0
0
0
0
0
0
0
0
0
0
0
0
0
0
0
0
0
0
0
0
0
0
0
0
0
0
0
0
0
0
0
0
0
0
0
0
0
0
0
0
0
0
0
0
0
0
0
0
0
0
0
0
0
0
0
0
0
0
0
0
0
0
0
0
0
0
0
0
0
0
0
0
0
0
0
0
0
0
0
0
0
0
0
0
0
0
0
0
0
0
0
0
0
0
0
0
0
0
0
0
0
0
0
0
0
0
0
0
0
0
0
0
0
0
0
0
0
0
0
0
0
0
0
0
0
0
0
0
0
0
0
0
0
0
0
0
0
0
0
0
0
0
0
0
0
0
0
0
0
0
0
0
0
0
0
0
0
0
0
0
0
0
0
0
0
0
0
0
0
2
0
0
0
3
6
0
0
0
1
0
4
9
0
5
6
0
10
5
0
9
0
11
0
0
0
0
9
0
11
0
23
11
13
26
22
21
23
11
13
15
3
16
18
31
14
17
11
20
0
0
0
0
0
0
0
0
35
131
244
255
255
255
251
253
255
249
252
255
250
255
244
242
255
255
254
255
12
0
0
0
0
0
0
26
82
239
255
250
252
253
250
254
255
255
255
255
243
251
255
255
248
255
241
246
0
3
0
0
0
0
0
0
100
250
255
255
255
251
255
255
252
242
251
255
246
255
255
234
248
248
255
255
3
4
0
0
0
0
0
0
224
255
243
207
195
223
194
201
218
217
212
180
119
96
189
255
255
255
184
33
8
0
0
0
0
0
10
0
134
114
110
44
3
0
4
0
0
0
0
7
0
3
154
244
255
252
90
0
1
6
0
0
0
0
1
0
1
0
16
0
8
0
1
0
5
0
5
8
0
3
192
255
244
255
8
15
0
4
0
0
0
0
0
0
0
0
0
0
0
0
5
0
0
0
9
1
2
73
232
255
255
168
10
0
7
0
0
0
0
0
0
0
0
0
0
0
0
0
0
2
4
0
8
0
0
117
255
251
255
92
0
12
2
0
0
0
0
0
0
0
0
0
0
0
0
0
0
1
10
2
0
0
0
128
251
245
255
96
5
14
0
0
0
0
0
0
0
0
0
0
0
0
0
0
5
0
10
9
0
19
10
107
252
255
239
125
0
0
0
17
0
0
0
0
0
0
0
0
0
0
0
0
0
0
0
8
0
14
0
109
253
255
255
181
29
12
6
0
0
0
0
0
0
0
0
0
0
0
0
0
0
14
0
0
7
0
0
141
255
242
255
108
0
0
0
0
0
0
0
0
0
0
0
0
0
0
0
0
0
13
0
0
0
3
73
201
250
255
244
97
14
0
5
7
0
0
0
0
0
0
0
0
0
0
0
0
4
0
5
9
0
60
215
255
246
255
132
57
12
0
0
0
0
0
0
0
0
0
0
0
0
0
0
0
1
0
5
0
0
117
241
255
249
102
4
0
0
0
7
4
0
0
0
0
0
0
0
0
0
0
0
0
3
0
5
0
0
45
105
107
86
19
0
7
2
0
1
0
0
0
0
0
0
0
0
0
0
0
0
0
1
0
0
6
0
0
2
0
0
0
0
8
0
0
6
0
0
0
0
0
0
0
0
0
0
0
0
0
1
0
0
0
4
0
0
0
9
1
3
2
0
2
9
0
0
0
0
0
