9
0
0
0
0
0
0
0
0
0
0
0
0
0
5
7
4
0
0
0
0
8
8
0
9
0
0
0
0
0
0
0
0
0
0
0
0
0
4
8
3
0
0
0
0
0
4
14
3
0
1
3
0
0
0
0
0
0
0
0
0
0
0
0
0
6
0
0
0
6
11
9
6
0
0
4
5
0
0
12
0
0
0
0
0
0
0
0
0
0
0
0
0
0
0
9
12
3
0
0
0
4
0
0
3
3
0
5
1
0
0
0
0
0
0
0
0
0
0
0
0
7
5
0
0
0
0
6
9
0
8
0
1
14
1
0
2
0
0
0
0
0
0
0
0
0
0
0
0
0
1
2
0
0
5
3
0
0
1
7
0
3
9
0
4
0
0
0
0
0
0
0
0
0
0
0
0
0
9
6
0
12
92
181
230
81
0
0
0
0
11
0
7
0
0
0
0
0
0
0
0
0
0
0
0
11
2
0
11
100
202
241
225
212
10
0
11
0
8
0
5
0
0
0
0
0
0
0
0
0
0
0
0
6
0
0
109
248
151
0
94
248
80
0
0
0
8
2
1
0
0
0
0
0
0
0
0
0
0
0
0
0
0
44
249
155
6
0
7
255
77
1
0
7
0
0
0
0
0
0
0
0
0
0
0
0
0
0
0
9
6
173
222
21
0
22
17
245
102
14
0
6
0
0
3
0
0
0
0
0
0
0
0
0
0
0
0
3
0
243
138
6
8
0
63
255
213
70
7
2
0
3
0
0
0
0
0
0
0
0
0
0
0
0
0
0
61
252
77
13
2
0
100
255
255
61
4
0
0
0
0
0
0
0
0
0
0
0
0
0
0
0
0
2
180
248
9
0
0
15
191
241
182
3
0
3
0
0
6
0
0
0
0
0
0
0
0
0
0
0
0
0
178
231
0
12
9
71
255
255
92
4
2
10
2
0
2
0
0
0
0
0
0
0
0
0
0
0
0
4
175
248
3
0
46
251
255
226
0
8
0
0
0
3
3
0
0
0
0
0
0
0
0
0
0
0
0
1
121
255
96
154
220
223
255
162
14
0
4
0
3
0
2
0
0
0
0
0
0
0
0
0
0
0
0
0
11
163
253
246
191
121
246
46
0
5
7
0
11
0
0
0
0
0
0
0
0
0
0
0
0
0
0
6
0
5
56
48
0
174
240
0
0
15
1
0
8
0
1
0
0
0
0
0
0
0
0
0
0
0
0
0
10
0
0
12
0
255
165
10
0
4
0
1
3
0
9
0
0
0
0
0
0
0
0
0
0
0
0
5
0
0
0
0
103
255
74
3
0
0
1
14
5
0
2
0
0
0
0
0
0
0
0
0
0
0
0
0
4
3
6
0
151
255
21
0
3
1
0
0
1
0
0
0
0
0
0
0
0
0
0
0
0
0
0
1
0
0
14
9
112
255
34
0
11
5
0
0
0
6
0
0
0
0
0
0
0
0
0
0
0
0
0
1
0
5
0
0
160
240
30
0
0
0
4
3
1
6
0
0
0
0
0
0
0
0
0
0
0
0
0
13
0
0
9
0
149
255
29
0
0
0
0
0
0
0
0
0
0
0
0
0
0
0
0
0
0
0
0
0
12
17
0
0
138
213
35
0
0
0
0
0
0
0
0
0
0
0
0
0
0
0
0
0
0
0
0
17
0
0
5
0
0
13
0
0
0
0
0
0
0
0
0
0
0
0
0
0
0
0
0
0
0
0
0
0
0
0
8
10
0
0
16
0
0
0
0
0
0
0
0
0
0
0
0
