2
0
0
0
0
0
0
0
0
5
1
0
0
2
0
3
6
1
0
0
0
0
3
3
1
0
0
0
0
0
0
0
0
0
0
0
0
0
1
0
6
5
0
0
0
0
4
10
9
3
0
0
0
0
0
0
0
0
0
0
0
0
0
0
0
2
1
0
0
0
0
4
6
5
0
0
0
0
3
7
8
0
0
0
0
0
0
0
0
0
0
0
0
0
0
5
1
1
7
0
0
5
2
1
3
5
3
0
0
0
0
0
0
0
0
0
0
0
0
0
0
13
6
13
0
0
4
0
6
0
0
0
0
0
0
2
9
0
0
0
0
0
0
0
0
0
0
0
0
0
0
6
0
0
6
0
8
1
0
0
3
8
6
0
0
0
0
0
0
0
0
0
0
0
0
0
0
14
0
9
12
33
75
97
149
185
148
88
29
0
0
0
13
0
0
0
0
0
0
0
0
0
0
0
0
0
18
124
199
247
255
239
255
245
255
255
192
88
10
0
0
0
0
0
0
8
0
0
0
1
4
5
0
0
152
243
255
255
244
241
233
246
255
255
242
219
54
19
0
0
0
0
0
0
6
12
1
0
0
4
1
12
233
255
230
250
173
45
2
4
0
83
255
255
175
0
0
0
0
0
0
2
0
0
0
6
0
0
0
0
128
210
175
83
5
0
3
7
3
7
255
230
182
5
6
0
0
0
0
0
3
2
0
2
0
0
10
12
3
0
0
14
0
0
4
0
24
208
255
238
61
0
0
0
0
0
0
0
8
4
0
0
12
5
0
0
0
7
7
0
4
16
0
0
55
231
231
199
4
0
2
0
0
0
0
12
0
0
3
0
0
3
12
10
7
2
0
0
10
0
0
2
206
252
255
85
0
0
5
0
0
0
0
0
0
13
21
0
4
91
151
151
50
18
15
0
0
0
10
158
250
255
118
12
17
0
0
0
0
0
0
5
0
3
0
9
145
255
252
253
255
211
146
123
37
8
153
252
255
196
22
0
0
10
0
0
0
0
0
4
0
0
0
71
251
246
170
149
236
252
240
255
225
208
255
254
255
181
181
107
156
133
159
0
0
0
0
0
10
19
5
198
255
129
0
0
10
153
255
248
244
255
243
241
255
248
255
250
255
211
139
0
0
0
0
18
0
0
0
189
255
163
1
6
0
106
238
253
255
255
202
151
206
248
252
255
225
122
7
0
0
0
0
0
18
11
9
150
251
244
247
255
252
249
255
236
169
85
31
0
5
13
0
6
4
6
0
0
0
0
0
7
13
0
2
94
218
251
255
247
236
231
180
75
6
0
0
5
0
0
2
0
0
0
2
0
0
0
0
8
0
9
0
0
46
133
123
76
8
0
1
0
1
15
8
0
0
0
4
0
10
2
7
0
0
0
0
0
0
6
0
19
0
7
2
3
0
5
13
5
0
0
2
0
9
7
7
0
0
0
0
0
0
0
0
7
0
5
3
0
0
12
0
2
0
3
0
0
9
15
0
3
0
0
0
6
0
0
0
0
0
0
0
0
0
0
0
0
0
0
0
0
0
0
0
0
0
0
0
0
0
0
0
0
0
0
0
0
0
0
0
0
0
0
0
0
0
0
0
0
0
0
0
0
0
0
0
0
0
0
0
0
0
0
0
0
0
0
0
0
0
0
0
0
0
0
0
0
0
0
0
0
0
0
0
0
0
0
0
0
0
0
0
0
0
0
0
0
0
0
0
0
0
0
0
0
0
0
0
0
0
0
0
0
0
0
0
0
0
0
0
0
0
0
0
