4
0
0
0
0
0
0
0
0
0
0
12
1
0
11
0
0
0
0
8
0
0
8
0
4
0
0
0
0
0
0
0
0
0
0
0
0
6
0
4
0
0
3
0
3
6
23
0
2
13
0
2
3
0
0
0
0
0
0
0
0
0
0
0
0
0
0
3
0
8
10
0
11
0
0
8
7
0
3
7
0
0
0
0
0
0
0
0
0
0
0
0
0
1
2
0
0
4
0
0
0
9
0
0
7
6
1
2
0
0
0
0
0
0
0
0
0
0
0
0
0
4
3
0
0
0
0
2
9
4
12
0
8
0
76
191
0
0
0
0
0
0
0
0
0
0
0
0
0
0
0
0
7
0
0
10
0
0
0
2
1
28
210
255
0
0
0
0
0
0
0
0
0
0
0
0
0
3
1
3
8
0
0
20
0
8
8
1
3
177
240
62
19
0
0
0
0
0
0
0
0
0
0
0
0
4
0
0
5
0
46
116
89
0
0
5
28
192
220
28
0
0
0
0
0
4
0
0
13
0
0
3
0
5
0
0
0
0
237
253
41
0
4
1
149
255
122
8
0
0
0
0
0
0
1
8
0
0
6
10
0
4
0
16
42
237
245
205
24
0
0
9
192
251
63
0
3
0
0
0
0
0
0
0
0
18
1
0
20
5
0
105
232
206
100
0
9
11
1
96
255
83
8
0
5
0
0
0
0
15
0
13
0
0
14
4
0
24
154
237
243
67
0
16
0
0
35
252
237
45
0
0
0
0
0
0
0
2
3
3
0
9
4
0
39
154
244
255
65
0
12
12
0
12
86
255
194
0
16
0
0
0
0
0
0
0
0
0
3
15
0
50
209
250
201
63
10
2
0
0
6
21
224
246
29
14
0
0
12
0
0
0
0
14
0
1
21
0
84
242
255
167
30
0
0
6
8
8
0
72
255
229
40
1
5
8
0
0
0
0
0
0
17
0
60
184
252
255
180
111
92
104
108
15
0
5
0
148
228
173
8
0
0
0
0
0
0
0
0
2
0
1
158
255
241
255
246
248
253
251
243
254
252
235
250
242
255
255
233
252
102
0
0
0
0
0
0
9
0
5
142
175
87
80
97
91
96
90
90
77
102
122
249
255
212
206
206
204
67
0
7
0
0
0
0
0
12
8
5
0
0
5
0
0
2
0
13
10
0
177
255
149
32
0
0
29
0
0
0
0
0
0
0
0
0
0
0
0
1
3
2
2
0
0
0
3
76
255
181
12
0
0
7
12
0
6
0
0
0
0
0
14
0
0
12
17
5
0
8
2
3
10
0
2
250
255
84
0
12
15
0
0
0
6
5
0
0
0
0
0
4
7
0
0
0
0
0
0
7
3
0
34
182
157
41
0
0
0
0
14
12
0
0
0
0
0
0
0
0
5
13
10
0
0
0
0
5
0
0
21
0
16
0
1
7
9
8
0
0
0
10
0
0
0
0
0
7
0
0
0
0
5
0
8
0
6
5
0
0
5
3
3
0
0
1
0
0
6
0
0
0
0
0
0
0
0
0
0
0
0
0
0
0
0
0
0
0
0
0
0
0
0
0
0
0
0
0
0
0
0
0
0
0
0
0
0
0
0
0
0
0
0
0
0
0
0
0
0
0
0
0
0
0
0
0
0
0
0
0
0
0
0
0
0
0
0
0
0
0
0
0
0
0
0
0
0
0
0
0
0
0
0
0
0
0
0
0
0
0
0
0
0
0
0
0
0
0
0
0
0
0
0
0
0
0
0
0
0
0
0
0
0
0
0
0
