9
0
0
0
0
0
0
0
0
0
0
0
0
1
1
0
0
5
0
1
0
5
0
6
0
0
0
0
0
0
0
0
0
0
0
0
0
4
2
0
0
0
0
0
0
0
0
5
0
1
0
0
0
0
0
0
0
0
0
0
0
0
0
0
0
0
0
4
6
4
2
3
4
5
8
0
0
0
5
2
6
0
0
0
0
0
0
0
0
0
0
0
0
0
1
2
0
0
0
0
0
0
0
4
8
0
0
0
5
0
0
0
0
0
0
0
0
0
0
0
0
5
2
0
0
0
4
7
9
17
3
0
0
6
5
3
6
0
0
0
0
0
0
0
0
0
0
0
0
0
0
3
2
0
0
0
0
0
0
9
0
0
0
10
0
0
0
0
0
0
0
0
0
0
0
0
0
0
3
4
0
0
2
19
34
18
109
255
255
246
167
107
0
0
0
0
0
0
0
0
0
0
0
0
0
0
0
0
2
31
97
183
244
254
221
246
207
255
255
203
19
0
0
0
0
0
0
0
0
0
0
0
0
0
10
0
26
166
255
245
211
141
21
27
13
118
244
83
0
0
0
0
0
0
0
0
0
0
0
0
0
0
0
121
232
255
200
122
15
9
0
13
0
7
61
3
0
0
0
0
0
0
0
0
0
0
0
0
0
0
37
183
254
184
62
0
0
1
0
65
146
165
1
0
9
0
0
0
0
0
0
0
0
0
0
0
0
38
202
255
193
23
15
3
0
83
179
224
255
115
0
2
2
0
0
0
0
0
0
0
0
0
0
0
0
35
253
228
193
126
115
123
219
255
242
255
255
137
0
4
0
0
0
0
0
0
0
0
0
0
0
0
0
110
250
255
251
237
249
212
112
168
255
243
169
0
0
16
11
0
0
0
0
0
0
0
0
0
0
0
0
0
123
203
204
163
74
0
10
117
247
242
84
4
0
13
0
0
0
0
0
0
0
0
0
0
0
0
0
1
4
2
5
0
4
0
158
253
255
121
0
10
0
0
8
0
0
0
0
0
16
4
2
3
0
4
0
3
6
0
0
4
37
170
232
253
207
52
0
7
10
2
0
0
0
0
0
4
9
0
0
1
0
11
3
0
0
3
9
6
183
255
255
170
49
0
6
0
0
0
3
0
0
0
0
4
0
0
8
3
0
4
0
3
20
0
0
182
255
228
223
80
0
0
15
0
6
6
1
0
0
0
0
0
0
5
11
0
0
2
0
0
0
0
195
255
240
198
12
10
6
3
0
0
11
0
0
0
0
0
0
3
0
1
0
0
3
6
5
8
21
140
241
220
184
83
0
0
18
0
0
14
0
0
8
0
0
0
0
3
0
0
0
5
6
0
0
12
218
255
247
236
34
0
2
0
10
0
10
11
0
11
4
0
0
0
0
0
0
2
0
12
0
0
53
193
255
255
219
45
0
0
2
0
0
1
0
0
0
9
0
0
0
0
0
0
4
4
0
3
0
28
163
255
250
204
37
0
10
0
5
10
0
2
0
0
8
0
9
0
0
0
0
0
5
2
6
0
0
143
255
255
153
42
2
0
0
0
9
0
0
0
0
0
0
0
0
0
0
0
0
1
6
0
0
2
16
145
223
85
33
0
0
6
0
0
0
0
0
0
0
0
0
0
0
0
0
0
0
0
9
3
0
0
0
13
10
2
0
0
3
9
3
2
7
0
0
0
0
0
0
0
0
0
0
0
0
0
4
0
5
11
3
10
0
6
5
2
0
0
0
0
4
0
0
0
0
0
0
0
0
0
0
0
0
