4
0
0
0
0
0
0
0
0
0
1
2
2
2
2
1
0
0
9
8
0
0
0
3
0
0
0
0
0
0
0
0
0
0
0
0
0
0
0
0
0
0
1
2
3
0
0
0
2
23
4
0
9
0
0
0
0
0
0
0
0
0
0
0
0
1
0
0
0
0
0
2
3
2
10
14
0
6
0
14
0
0
0
0
0
0
0
0
0
0
0
0
0
4
3
3
2
1
0
0
0
8
0
0
17
0
16
0
1
0
0
0
0
0
0
0
0
0
0
0
0
0
0
2
3
2
1
0
0
2
67
255
115
3
0
5
0
0
0
0
0
0
0
0
0
0
0
0
0
0
0
0
0
1
1
0
0
0
148
241
222
1
6
0
3
0
0
0
0
0
0
0
0
0
0
0
0
5
4
1
0
0
0
0
2
51
255
254
170
0
0
22
0
0
0
0
0
0
0
0
0
0
0
0
0
21
16
8
1
0
0
0
2
138
240
255
68
9
0
0
8
0
0
0
0
6
0
0
12
0
1
2
0
219
145
3
0
0
7
0
0
148
252
203
0
1
0
0
3
0
0
0
0
0
0
4
1
0
0
0
90
240
160
0
0
20
0
0
4
205
244
197
9
6
0
0
0
0
0
0
0
0
0
12
0
1
6
0
196
254
121
27
0
0
2
0
0
247
250
204
3
0
1
6
0
0
0
0
0
5
0
8
0
5
11
13
237
253
54
0
3
2
13
0
15
255
254
208
7
0
1
1
0
0
0
0
0
11
0
3
0
0
0
43
241
254
160
1
4
0
0
7
0
255
250
186
5
12
0
0
12
0
0
0
0
0
1
2
5
0
0
75
255
255
255
87
5
0
0
8
87
249
255
169
0
1
0
0
1
0
0
0
0
0
1
1
4
0
0
58
239
253
249
241
214
172
82
0
99
248
255
204
65
49
0
8
0
0
0
0
0
1
3
0
0
4
0
3
184
255
246
255
250
250
241
213
223
255
250
255
231
169
0
0
5
0
0
0
0
0
0
0
0
0
0
0
0
209
242
255
250
253
255
253
249
247
255
255
215
8
5
0
3
0
0
0
0
0
0
0
0
0
0
0
0
0
56
148
221
255
255
250
255
255
253
241
81
0
0
9
2
0
0
0
0
0
0
0
0
0
0
0
0
18
0
0
52
137
187
214
238
252
246
217
0
4
1
4
0
0
0
0
0
0
0
0
0
0
0
0
0
0
0
0
0
0
0
39
104
253
249
205
0
6
3
0
5
0
0
0
0
0
0
0
0
0
0
0
0
0
5
8
13
15
0
0
0
255
255
202
5
0
2
0
12
0
0
0
0
0
0
0
0
0
0
0
0
0
5
0
0
0
0
1
8
214
252
207
0
0
6
12
0
0
0
0
0
0
0
0
0
0
0
0
0
0
2
2
2
8
4
0
0
149
253
206
1
3
3
11
0
0
0
0
0
0
0
0
0
0
0
0
0
5
5
0
0
3
0
0
5
113
255
194
12
0
0
0
11
0
0
0
0
0
0
0
0
0
0
0
0
0
0
0
0
0
0
0
0
0
0
0
0
0
0
0
0
0
0
0
0
0
0
0
0
0
0
0
0
0
0
0
0
0
0
0
0
0
0
0
0
0
0
0
0
0
0
0
0
0
0
0
0
0
0
0
0
0
0
0
0
0
0
0
0
0
0
0
0
0
0
0
0
0
0
0
0
0
0
0
0
0
0
0
0
0
0
0
0
0
0
0
0
0
0
0
0
0
0
0
0
0
0
0
0
