8
0
0
0
0
0
0
0
0
3
0
0
0
6
3
0
0
0
6
0
11
0
0
0
10
0
0
0
0
0
0
0
0
0
0
0
0
7
3
0
0
0
0
0
1
0
10
0
0
0
16
3
0
0
0
0
0
0
0
0
0
0
0
0
0
0
0
5
4
3
5
7
8
0
4
0
0
0
9
4
0
0
0
0
0
0
0
0
0
0
0
0
0
0
2
1
0
0
0
0
0
0
0
11
14
0
0
0
0
0
0
0
0
0
0
0
0
0
0
0
0
6
3
0
0
0
5
5
0
7
0
2
0
0
14
9
1
0
0
0
0
0
0
0
0
0
0
0
0
0
0
0
5
4
0
0
3
0
80
186
113
9
0
0
5
0
0
0
0
0
0
0
0
0
0
0
0
0
0
4
3
0
0
27
69
212
235
253
108
2
0
11
0
0
0
0
0
0
0
0
0
0
0
0
0
4
0
0
0
4
52
161
255
255
237
228
85
0
0
8
0
0
0
0
0
0
0
0
0
0
0
0
0
0
4
5
0
32
224
248
255
156
44
23
0
6
4
0
2
0
0
0
0
0
0
0
0
0
0
0
0
9
0
3
105
255
255
255
107
2
0
0
10
0
0
9
0
0
0
0
0
0
0
0
0
0
0
0
0
0
19
165
255
255
229
86
0
0
9
1
0
59
142
0
1
0
0
0
0
0
0
0
0
0
0
0
0
0
50
242
249
219
72
0
24
0
12
11
90
215
236
14
0
0
0
0
0
0
0
0
0
0
0
0
0
9
2
240
255
97
0
0
0
10
20
176
255
245
176
0
8
0
0
0
0
0
0
0
0
0
0
0
0
0
7
197
248
202
66
6
27
145
239
252
246
135
8
11
0
0
0
0
0
0
0
0
0
0
0
0
0
0
5
0
240
255
218
146
184
255
255
165
54
4
0
0
4
0
0
0
0
0
0
0
0
0
0
0
0
1
7
0
30
143
255
232
255
255
124
27
0
0
14
0
6
0
0
0
0
0
0
0
0
0
0
0
0
3
8
0
0
42
252
253
246
99
21
0
1
0
0
7
2
0
0
0
0
0
0
0
0
0
0
0
0
0
9
8
42
224
251
250
163
15
0
0
11
0
0
6
0
0
0
0
0
0
0
0
0
0
0
0
0
0
6
0
224
255
255
252
183
0
0
7
6
0
0
10
0
0
0
0
0
0
0
0
0
0
0
0
0
6
0
122
252
235
127
243
167
10
5
5
0
0
2
10
0
0
0
0
0
0
0
0
0
0
0
0
0
0
0
236
249
71
126
255
91
0
0
0
2
3
4
3
0
0
0
0
0
0
0
0
0
0
0
0
0
5
0
248
246
107
245
238
28
0
0
0
5
3
0
0
6
0
0
0
0
0
0
0
0
0
0
0
0
0
40
232
255
255
230
58
0
5
6
1
0
0
0
0
9
0
0
0
0
0
0
0
0
0
0
0
0
6
0
250
246
201
33
1
2
1
5
0
0
8
9
0
0
0
0
0
0
0
0
0
0
0
0
0
0
0
3
69
244
101
6
0
6
0
0
0
0
0
0
0
0
0
0
0
0
0
0
0
0
0
0
0
0
2
8
0
29
0
0
13
0
0
0
0
0
0
0
0
0
0
0
0
0
0
0
0
0
0
0
0
0
0
13
0
0
1
0
7
0
0
0
0
0
0
0
0
0
0
0
0
0
0
0
0
0
0
0
0
0
0
10
1
5
19
0
0
6
0
0
0
0
0
0
0
0
0
0
0
0
