3
0
0
0
0
0
0
0
0
0
7
0
0
4
1
0
5
0
0
9
4
0
10
4
0
0
0
0
0
0
0
0
0
0
0
0
0
0
0
6
7
0
0
1
0
8
4
0
0
4
0
0
12
0
0
0
0
0
0
0
0
0
0
0
0
2
3
0
0
0
7
4
0
0
2
0
0
6
0
0
0
0
0
0
0
0
0
0
0
0
0
0
0
0
0
8
6
0
0
4
0
8
5
1
7
0
0
12
0
0
0
0
0
0
0
0
0
0
0
0
0
18
0
0
2
0
1
19
0
4
0
0
5
14
2
0
0
0
0
0
0
0
0
0
0
0
0
0
0
0
15
0
0
47
83
136
226
255
231
134
14
0
0
0
13
0
0
0
0
0
0
0
0
0
0
0
0
6
5
0
61
219
255
244
255
245
241
251
126
4
6
2
0
0
0
0
0
0
0
0
0
0
0
0
0
0
0
104
240
252
215
143
32
34
32
247
255
54
0
5
0
0
0
0
0
0
0
0
0
0
0
0
0
0
0
187
233
98
0
14
0
0
4
219
255
58
0
4
0
0
0
0
0
0
0
0
0
0
0
0
0
0
6
29
2
22
8
2
5
0
54
236
231
30
5
0
9
0
0
0
0
0
0
0
0
0
0
0
0
12
0
6
2
0
0
1
1
35
231
251
145
13
3
0
5
0
0
0
0
0
0
0
0
0
0
0
0
0
0
7
0
0
9
20
49
214
248
249
32
0
0
14
0
0
0
0
0
0
0
0
0
0
0
0
0
0
0
5
1
0
31
127
255
240
212
31
11
0
8
0
13
0
0
0
0
0
0
0
0
0
0
0
0
12
38
122
185
233
249
249
254
151
0
0
0
7
0
0
4
0
0
0
0
0
0
0
0
0
0
0
0
0
146
255
237
255
255
252
255
105
0
0
1
14
0
3
0
0
0
0
0
0
0
0
0
0
0
0
0
3
20
188
216
110
43
164
255
247
42
10
0
0
10
1
0
0
0
0
0
0
18
2
0
3
6
2
1
4
0
8
0
0
0
12
210
250
168
0
1
0
0
4
0
0
0
0
0
0
0
0
0
0
0
0
0
0
7
0
0
3
13
0
82
253
187
3
2
0
0
0
2
0
0
0
0
2
0
0
11
3
6
13
2
3
11
0
15
14
0
0
41
241
198
0
0
0
1
0
5
0
0
0
0
7
0
2
0
0
1
0
0
0
3
0
0
0
5
3
36
234
195
0
0
1
6
0
4
0
0
0
0
1
8
4
0
4
0
0
66
34
0
9
13
0
2
21
135
255
190
1
0
0
8
0
2
0
0
0
0
0
0
3
0
18
0
14
151
112
0
0
15
0
0
11
184
255
159
15
2
0
5
0
0
0
0
0
0
1
0
5
0
2
0
0
93
251
163
58
0
19
120
174
255
217
77
8
4
0
3
0
0
0
0
0
0
1
0
10
0
1
16
0
20
135
229
250
225
218
255
251
255
142
0
0
3
0
4
1
0
0
0
0
0
0
0
0
0
0
0
0
0
2
26
121
192
180
163
134
69
0
0
0
0
0
0
0
0
0
0
0
0
0
0
0
0
0
0
0
0
13
0
5
11
0
0
14
0
0
0
0
0
0
0
0
0
0
0
0
0
0
0
0
0
0
0
0
0
1
0
0
3
0
0
4
0
0
0
0
0
0
0
0
0
0
0
0
0
0
0
0
0
0
0
0
0
0
0
1
3
6
1
0
0
0
0
0
0
0
0
0
0
0
0
0
0
