6
0
0
0
0
0
0
0
0
1
1
0
1
7
0
0
5
6
2
1
0
9
0
10
6
0
0
0
0
0
0
0
0
0
0
0
0
0
0
0
3
1
0
0
0
5
0
0
7
0
0
0
0
0
0
0
0
0
0
0
0
0
0
0
0
0
0
4
2
0
1
5
0
0
0
172
255
54
1
13
1
0
0
0
0
0
0
0
0
0
0
0
0
2
0
3
0
0
8
7
0
0
89
244
234
14
0
0
3
0
0
0
0
0
0
0
0
0
0
0
0
6
0
1
0
0
6
0
0
70
194
255
146
7
21
0
0
0
0
0
0
0
0
0
0
0
0
0
0
4
0
3
0
2
0
0
44
216
241
212
69
0
0
4
13
0
0
0
0
0
0
0
0
0
0
0
0
3
0
6
0
0
0
33
161
251
237
99
0
1
24
0
0
0
0
0
0
0
0
0
0
0
0
0
0
4
0
6
0
0
7
85
255
251
105
0
6
4
0
0
9
0
0
0
0
0
0
0
0
0
0
0
0
0
0
1
0
6
92
234
248
157
16
4
0
1
12
0
18
0
0
0
0
0
0
0
0
0
0
0
0
0
0
0
3
19
231
252
202
22
0
0
5
5
2
13
0
0
0
0
0
0
0
0
0
0
0
0
0
0
16
0
6
165
253
230
22
0
2
22
3
0
0
5
0
0
0
0
0
0
0
0
0
0
0
0
0
0
0
0
113
237
252
80
9
0
31
85
74
24
0
0
8
0
0
0
0
0
0
0
0
0
0
0
0
7
0
56
244
243
201
85
176
242
255
235
255
180
19
0
0
0
0
0
0
0
0
0
0
0
0
0
0
0
26
181
255
255
198
255
255
249
202
155
235
255
105
6
7
0
0
0
0
0
0
0
0
0
0
0
0
0
51
255
242
252
255
226
178
42
0
0
126
255
176
0
0
0
0
0
0
0
0
0
0
0
0
0
0
17
137
248
255
255
173
53
4
0
7
0
112
245
146
9
0
0
0
0
0
0
0
0
0
0
0
0
0
0
242
247
226
59
10
0
0
10
0
7
178
255
61
0
7
0
0
0
0
0
0
0
0
0
0
0
0
93
252
246
60
0
3
0
12
0
14
133
250
251
44
11
0
0
0
0
0
0
0
0
0
0
0
0
0
208
251
196
0
0
14
0
22
124
229
255
209
100
0
0
9
0
0
0
0
0
0
0
0
0
0
0
0
210
255
208
125
113
114
179
243
251
252
189
21
18
0
6
5
0
0
0
0
0
0
0
0
0
0
0
0
155
248
243
255
249
245
255
222
147
71
14
5
0
19
5
0
0
0
0
0
0
0
0
0
0
0
0
0
12
121
245
255
239
162
103
8
19
0
5
0
13
0
0
0
0
0
0
0
0
0
0
0
0
0
0
0
3
0
3
0
9
0
2
0
0
18
0
0
0
19
0
8
0
0
0
0
0
0
0
0
0
0
0
0
0
8
0
0
9
0
0
3
0
0
4
15
0
0
12
0
0
0
0
0
0
0
0
0
0
0
0
0
0
0
0
0
0
0
0
0
0
0
0
0
0
0
0
0
0
0
0
0
0
0
0
0
0
0
0
0
0
0
0
0
0
0
0
0
0
0
0
0
0
0
0
0
0
0
0
0
0
0
0
0
0
0
0
0
0
0
0
0
0
0
0
0
0
0
0
0
0
0
0
0
0
0
0
0
0
0
0
0
0
0
0
0
0
0
0
0
0
0
0
0
0
0
0
0
0
0
0
0
0
0
0
0
