7
0
16
0
0
0
11
0
16
6
0
0
8
2
0
0
3
3
0
0
3
0
0
1
2
0
0
0
0
2
0
0
0
4
0
17
0
0
0
1
0
0
0
6
0
1
9
9
10
10
0
0
6
0
0
0
0
16
0
8
0
0
0
9
5
8
2
3
3
0
4
3
0
0
5
0
0
1
4
0
6
0
0
0
0
0
0
5
5
9
9
0
1
0
0
0
6
0
0
2
1
3
11
9
0
0
6
4
0
0
0
0
0
0
26
1
0
10
0
29
0
1
2
3
0
0
0
9
2
3
0
1
18
0
0
6
0
0
0
0
0
11
0
0
12
0
189
121
83
0
2
0
0
26
87
103
70
97
10
0
3
0
0
8
6
0
0
0
0
0
11
13
0
10
63
255
243
240
250
255
244
240
255
255
249
248
159
55
1
0
5
2
0
0
0
0
0
2
0
6
2
0
4
19
68
142
190
251
249
174
123
158
217
255
251
134
6
0
8
0
0
0
0
0
0
0
0
0
0
0
0
0
0
3
22
10
24
0
10
0
134
255
235
105
6
7
3
0
0
0
12
0
2
0
0
0
0
0
0
0
0
0
0
5
8
0
0
8
185
254
255
76
0
0
2
2
6
0
0
0
0
0
0
0
0
0
0
0
0
8
4
2
0
8
8
107
243
246
171
20
0
15
2
0
0
1
5
10
13
0
0
0
0
0
0
0
0
0
15
0
0
4
57
232
255
210
17
0
0
11
0
0
5
0
0
0
3
0
0
0
0
0
0
0
0
0
8
0
4
0
127
255
239
97
0
20
4
0
0
10
0
10
10
0
0
0
0
0
0
0
0
0
0
19
0
0
0
27
207
250
217
14
17
0
2
0
8
20
0
0
8
15
0
0
0
0
0
0
0
0
0
0
52
71
74
124
254
253
239
185
176
71
76
60
53
47
10
18
0
0
6
0
0
0
0
0
0
0
0
5
225
255
249
249
252
255
250
255
250
249
255
252
255
253
187
185
16
0
17
0
0
0
0
0
0
0
0
0
187
241
247
255
251
252
248
253
255
254
250
255
255
245
226
118
17
0
7
0
0
0
0
0
0
0
0
10
0
127
248
252
255
233
187
73
77
76
72
74
78
68
53
23
0
0
15
0
0
0
0
0
0
0
0
0
0
0
217
253
229
118
0
0
4
4
0
0
3
0
0
0
0
7
6
0
0
0
0
0
0
0
0
0
17
41
255
255
190
0
11
0
5
6
1
0
2
2
0
3
11
5
0
0
0
0
0
0
0
0
0
0
17
86
235
240
176
15
0
0
0
0
0
0
0
0
0
0
2
0
0
0
0
0
0
0
0
0
0
0
0
128
255
255
37
0
3
1
3
3
2
1
2
4
5
0
0
0
2
0
0
0
0
0
0
0
0
13
0
213
245
255
66
0
0
0
0
0
0
0
0
0
0
4
5
4
0
0
0
0
0
0
0
0
0
0
7
209
255
183
0
2
5
2
0
0
1
3
2
1
1
0
0
4
0
0
0
0
0
0
0
0
0
6
0
99
238
116
12
0
9
0
0
0
0
0
0
0
0
0
0
0
0
0
0
0
0
0
0
0
0
4
0
0
25
0
3
4
0
0
0
0
0
0
0
0
0
0
0
0
0
0
0
0
0
0
0
0
0
0
5
0
0
0
7
0
0
0
0
0
0
0
0
0
0
0
0
0
0
0
0
0
0
0
0
0
0
0
4
9
2
18
0
0
12
0
0
0
0
0
0
0
0
0
0
0
0
