2
0
0
0
0
0
0
0
0
0
0
0
23
4
0
0
0
0
5
3
0
0
1
12
0
0
0
0
0
0
0
0
0
0
0
0
0
2
13
0
0
0
0
11
0
1
5
4
5
3
1
1
0
0
0
0
0
0
0
0
0
0
0
0
0
2
0
0
0
0
18
0
0
0
0
0
0
6
0
0
3
0
0
0
0
0
0
0
0
0
0
0
0
4
1
0
12
5
0
0
5
0
0
0
0
0
0
0
10
0
0
0
0
0
0
0
0
0
0
0
0
0
0
0
100
252
253
228
34
14
4
9
0
0
4
0
2
0
0
0
0
0
0
0
0
0
0
0
0
12
0
103
252
255
252
247
255
36
0
3
0
0
10
0
0
0
0
0
0
0
0
0
0
0
0
0
0
0
7
177
245
224
255
252
248
93
0
0
0
0
10
0
1
0
0
0
0
0
0
0
0
0
0
0
0
4
45
247
255
208
11
215
252
168
20
0
5
0
4
0
6
0
0
0
0
0
0
0
0
0
0
0
0
16
211
253
254
130
9
64
244
241
67
0
0
8
0
1
0
0
0
0
0
0
0
0
0
0
0
0
0
28
249
255
223
19
0
68
255
255
108
8
0
8
0
1
0
0
0
0
0
0
0
0
0
0
0
0
0
25
255
255
199
3
5
65
237
255
150
10
2
4
0
2
1
0
0
0
0
0
0
0
0
0
0
0
0
28
195
124
21
0
0
55
255
255
169
0
0
0
0
3
4
0
0
0
0
0
0
0
0
0
0
0
0
0
2
19
4
0
0
93
226
246
176
0
0
0
0
1
1
0
0
0
0
0
0
0
0
0
0
0
0
0
2
0
0
13
0
53
255
253
177
4
4
0
0
0
0
0
0
0
0
0
0
0
0
0
0
0
0
9
5
4
0
0
0
52
255
255
162
6
1
1
0
1
0
0
0
0
0
0
0
0
0
0
0
0
0
7
0
12
0
0
19
97
252
250
142
0
0
0
2
5
4
0
0
0
0
0
0
0
0
0
0
0
0
0
0
0
2
13
104
250
252
245
58
0
1
0
2
0
2
0
0
0
0
0
0
0
0
0
0
0
0
10
0
68
168
221
247
255
246
251
64
0
7
10
0
0
2
0
0
0
0
0
0
0
0
0
0
0
0
0
2
152
240
255
255
238
255
255
135
16
0
0
1
10
0
0
0
0
0
0
0
0
0
0
0
0
0
5
9
215
250
252
255
242
255
254
238
219
230
137
0
0
11
0
0
0
0
0
0
0
0
0
0
0
0
14
10
255
255
250
249
255
238
247
255
254
243
146
15
1
6
0
0
0
0
0
0
0
0
0
0
0
0
0
30
255
251
249
249
224
120
49
138
143
96
24
0
9
0
0
0
0
0
0
0
0
0
0
0
0
0
0
34
203
233
255
220
125
0
2
3
0
8
4
0
15
0
0
0
0
0
0
0
0
0
0
0
0
0
2
0
79
166
163
51
0
1
2
0
0
6
0
0
6
0
0
0
0
0
0
0
0
0
0
0
0
0
0
0
0
0
0
0
0
0
0
0
0
0
0
0
0
0
0
0
0
0
0
0
0
0
0
0
0
0
0
0
0
0
0
0
0
0
0
0
0
0
0
0
0
0
0
0
0
0
0
0
0
0
0
0
0
0
0
0
0
0
0
0
0
0
0
0
0
0
0
0
0
0
0
0
0
0
0
0
0
0
0
0
0
0
0
0
0
0
0
0
0
0
0
0
0
0
0
0
0
0
0
0
0
0
