4
0
0
0
0
0
0
0
0
0
0
2
0
0
0
0
6
1
0
0
5
0
9
0
6
0
0
0
0
0
0
0
0
0
0
0
0
0
7
0
13
0
0
12
0
0
2
6
10
0
8
5
0
0
0
0
0
0
0
0
0
0
0
0
0
0
7
0
9
0
5
12
4
2
0
0
8
0
3
17
0
0
0
0
0
0
0
0
0
0
0
0
0
0
1
0
0
8
3
0
1
11
0
0
4
0
0
7
0
0
0
0
0
0
0
0
0
0
0
0
0
0
3
8
0
0
4
21
0
0
5
0
0
8
0
0
0
0
0
0
0
0
0
0
0
0
0
0
0
0
5
0
4
0
81
201
109
0
0
12
0
0
0
0
4
0
0
0
0
0
0
0
0
0
0
0
0
0
1
0
1
3
183
255
235
92
0
6
0
0
4
0
4
0
0
0
0
0
0
0
0
0
0
0
0
4
0
3
0
22
223
179
240
234
13
0
6
0
3
0
0
0
0
0
0
0
0
0
0
0
0
0
0
0
8
0
0
191
249
77
197
255
8
0
2
0
6
5
0
0
0
0
0
0
0
0
0
0
0
0
0
1
1
12
66
231
185
2
208
255
0
15
0
7
0
0
26
0
0
0
0
0
0
0
0
0
0
0
0
0
0
20
189
255
86
0
189
248
90
0
20
0
6
0
0
0
0
0
0
0
0
0
0
0
0
0
0
2
0
106
255
171
0
6
129
255
132
20
0
0
14
0
5
0
0
0
0
0
0
0
0
0
0
0
0
4
14
238
247
53
1
3
114
255
147
3
0
4
15
0
9
0
0
0
0
0
0
0
0
0
0
0
0
0
81
242
178
49
65
50
113
252
231
35
9
0
7
2
0
0
0
0
0
0
0
0
0
0
0
0
0
3
192
253
251
241
248
250
255
253
255
200
6
0
0
4
18
0
0
0
0
0
0
0
0
0
0
0
0
45
229
255
249
214
153
97
88
239
245
132
3
6
0
6
0
0
0
0
0
0
0
0
0
0
0
0
0
0
96
144
84
12
0
3
0
227
234
0
8
3
0
11
0
0
0
0
0
0
0
0
0
0
0
0
0
0
2
8
0
0
0
2
3
235
246
53
0
0
0
3
2
0
0
0
0
0
0
0
0
0
0
0
0
9
0
0
0
3
0
0
0
219
255
139
0
0
0
0
8
0
0
0
0
0
0
0
0
0
0
0
0
0
2
10
7
3
3
2
0
162
255
200
0
6
1
1
0
0
0
0
0
0
0
0
0
0
0
0
0
0
2
0
0
0
5
7
0
88
250
217
0
10
0
9
0
0
0
0
0
0
0
0
0
0
0
0
0
9
6
3
1
0
0
0
0
33
245
217
0
2
0
9
0
0
0
0
0
0
0
0
0
0
0
0
0
0
0
1
8
4
0
0
9
7
246
232
6
0
2
0
1
0
0
0
0
0
0
0
0
0
0
0
0
8
7
2
0
0
3
2
0
0
250
253
26
3
17
0
7
0
0
0
0
0
0
0
0
0
0
0
0
0
0
0
0
0
0
0
0
5
165
155
19
0
8
0
2
0
0
0
0
0
0
0
0
0
0
0
0
0
0
0
0
0
0
0
0
0
12
5
0
3
1
0
10
0
0
0
0
0
0
0
0
0
0
0
0
0
0
0
0
0
0
0
0
14
0
0
6
3
0
0
0
0
0
0
0
0
0
0
0
0
0
0
0
0
0
0
0
0
0
0
0
8
1
10
9
0
0
7
0
0
0
0
0
