4
0
0
0
0
0
0
0
0
0
0
0
0
0
0
0
0
0
1
0
3
0
0
0
0
0
0
0
0
0
0
0
0
0
0
0
0
0
0
0
0
0
0
0
0
0
0
7
0
13
0
0
4
0
0
0
0
0
0
0
0
0
0
0
0
0
0
0
0
0
0
0
0
11
5
0
0
0
16
0
15
0
0
0
0
0
0
0
0
0
0
0
0
0
0
0
0
0
0
0
0
0
0
4
14
0
1
9
0
0
0
0
0
0
0
0
0
0
0
0
0
0
0
0
0
0
0
0
0
5
16
0
13
15
0
3
11
0
0
0
0
0
0
0
0
0
0
0
0
0
0
0
0
0
0
0
0
0
0
2
78
232
71
3
0
0
0
0
0
0
0
0
0
0
0
0
0
0
0
0
0
0
0
0
0
2
17
0
224
253
210
0
10
0
0
0
0
0
0
0
0
0
0
0
0
0
0
0
0
0
0
0
0
3
0
103
255
254
178
13
0
0
0
0
0
2
0
2
0
0
10
0
4
0
0
0
59
17
0
8
0
1
0
228
255
251
105
2
8
0
0
0
0
0
0
1
12
0
0
0
0
23
0
63
238
158
3
3
0
11
43
241
255
225
4
5
0
0
0
0
0
4
1
0
11
0
0
24
0
0
30
156
253
239
2
13
0
0
163
255
236
38
0
4
5
0
0
0
0
0
6
0
0
0
4
16
0
4
193
255
255
127
15
0
6
44
254
234
205
8
11
6
0
0
0
0
0
0
0
4
0
10
2
0
13
142
246
255
180
21
17
0
0
190
255
245
25
0
0
0
7
0
0
0
0
0
0
2
0
9
0
5
135
255
245
193
27
0
0
9
54
242
253
178
0
11
18
4
6
0
0
0
0
4
1
0
0
0
0
86
242
240
255
172
54
8
0
0
152
255
233
0
2
1
0
13
0
0
0
0
0
0
9
0
4
0
11
141
253
255
255
255
243
215
121
134
254
251
201
167
26
0
3
0
2
0
0
0
0
0
3
6
0
1
0
26
170
255
235
255
254
244
255
248
248
254
255
244
44
10
0
0
0
0
0
0
0
0
3
2
0
12
10
0
31
54
144
110
192
244
255
255
255
255
229
161
3
0
0
0
6
0
0
0
0
0
3
6
0
0
8
0
0
19
0
0
9
35
219
255
246
156
112
45
0
1
0
3
3
0
0
0
0
2
0
2
1
0
0
3
18
0
1
7
3
110
255
247
119
10
10
0
0
16
1
1
0
0
0
0
0
9
0
0
9
4
0
2
3
4
0
7
0
163
254
253
41
0
6
0
11
9
0
2
0
0
0
0
0
0
0
0
4
1
0
3
0
0
0
11
35
250
255
238
56
2
14
0
4
0
0
8
0
0
0
0
0
0
10
0
0
0
0
9
3
4
0
0
128
255
241
244
8
0
0
0
0
1
0
9
0
0
0
0
0
0
8
0
1
8
0
3
2
8
0
4
73
225
255
108
0
6
0
8
3
5
0
3
0
0
0
0
0
0
0
0
0
0
0
0
0
0
18
3
9
206
210
0
4
0
0
0
0
0
0
0
0
0
0
0
0
0
0
0
0
0
0
0
0
0
0
9
0
0
16
0
10
0
0
0
0
0
0
0
0
0
0
0
0
0
0
0
0
0
0
0
0
5
0
0
6
0
0
7
0
0
0
0
0
0
0
0
0
0
0
0
0
0
0
0
0
0
0
0
0
0
19
0
0
19
2
1
6
0
0
0
0
0
0
0
0
0
0
0
0
