2
7
0
0
0
1
0
0
0
4
0
0
4
9
0
0
10
0
0
0
1
3
0
0
0
0
0
0
0
0
0
0
5
6
3
3
4
0
5
0
0
2
9
0
0
3
5
0
1
3
0
2
0
0
0
0
0
0
1
5
2
0
0
0
0
0
13
8
0
0
4
6
7
0
7
0
0
0
0
9
0
0
0
0
0
1
5
3
0
0
0
0
0
0
0
0
6
11
0
0
0
0
8
0
11
10
0
6
0
0
0
0
0
1
1
0
0
0
3
4
1
1
3
0
0
1
3
4
13
6
0
0
0
9
1
8
0
0
0
0
0
0
0
0
2
0
0
0
0
0
5
9
42
121
176
154
106
133
92
35
0
0
2
5
1
0
0
0
0
2
0
0
4
0
0
0
16
28
139
234
255
255
255
255
255
255
239
186
58
0
0
0
0
0
0
0
0
2
0
0
5
0
0
23
63
208
255
255
226
160
110
100
115
204
248
255
109
1
9
0
7
0
0
0
0
6
0
0
0
6
0
6
147
248
252
230
52
1
0
6
0
0
90
251
252
55
0
4
3
0
0
0
0
0
0
5
0
6
2
8
102
254
241
255
194
141
57
1
6
0
34
233
246
151
3
9
0
0
0
0
0
0
0
10
0
0
4
0
27
44
115
207
231
255
246
146
72
13
7
186
250
169
1
0
6
0
0
0
0
2
0
9
0
0
3
0
0
0
0
11
57
124
203
214
240
42
10
170
255
144
0
0
13
0
0
0
0
0
0
2
1
0
7
5
0
16
0
0
4
0
0
1
65
26
21
213
255
143
0
9
0
0
0
0
0
3
0
0
3
0
0
4
7
0
12
11
13
0
6
0
0
0
79
253
255
80
1
7
0
0
0
0
0
4
1
0
1
0
0
0
0
3
2
0
0
0
4
0
3
10
174
255
180
0
0
0
10
0
0
0
0
0
6
0
1
7
0
0
2
0
11
0
0
2
2
3
0
91
236
250
74
0
2
1
0
0
0
0
0
0
0
0
0
0
0
0
0
0
2
5
4
0
10
0
23
216
244
242
21
0
14
0
0
0
0
0
0
0
0
0
0
0
0
0
0
0
0
7
7
0
0
41
184
255
176
28
0
7
0
23
2
0
0
0
0
0
0
0
0
0
0
0
0
25
0
0
0
9
8
102
255
216
64
0
0
18
0
0
0
0
0
0
0
0
0
0
0
0
0
0
0
0
0
22
0
0
97
237
246
83
0
28
95
74
112
15
19
0
0
0
0
0
0
0
0
0
0
0
0
4
12
0
21
174
244
255
255
235
219
236
255
217
84
12
0
0
0
0
0
0
0
0
0
0
0
0
0
0
0
74
192
255
253
255
244
252
255
152
148
54
0
0
17
0
0
0
0
0
0
0
0
0
0
0
0
19
144
226
255
255
255
221
149
38
30
4
0
5
6
4
0
0
0
0
0
0
0
0
0
0
0
0
0
82
241
255
225
128
54
7
0
0
5
0
7
0
0
2
0
0
0
0
0
0
0
0
0
0
0
0
0
29
255
176
114
0
0
3
5
0
0
0
0
0
0
0
0
0
0
0
0
0
0
0
0
0
0
0
0
0
25
0
5
1
3
0
0
0
0
0
0
0
0
0
0
0
0
0
0
0
0
0
0
0
0
0
0
13
0
2
10
5
5
5
9
0
0
0
0
0
0
0
0
0
0
0
0
0
0
0
0
0
0
0
0
6
0
19
0
0
0
0
0
0
0
0
0
0
0
0
0
0
0
0
0
