4
7
0
1
4
0
0
0
0
0
0
0
0
0
0
0
0
0
0
4
2
2
4
0
2
0
0
0
0
0
0
5
3
0
18
5
6
0
0
0
0
0
0
0
0
0
0
1
0
0
1
0
0
0
0
0
0
5
1
0
0
0
5
0
0
0
0
0
0
0
0
0
0
7
3
0
0
0
0
1
2
0
0
0
0
1
0
0
15
11
0
2
10
0
0
0
0
0
0
0
0
0
0
0
8
8
0
0
0
0
0
0
0
0
8
0
4
0
0
17
0
0
0
0
0
0
0
0
0
0
7
0
7
5
0
7
0
0
0
0
0
0
12
0
0
16
110
197
129
0
0
0
0
0
0
0
0
6
14
0
0
0
0
14
0
0
0
0
0
2
10
0
0
0
202
255
196
0
0
0
0
0
0
0
0
2
0
0
66
81
20
3
0
0
0
0
0
1
0
0
9
0
244
255
178
0
0
0
0
0
0
0
0
7
0
45
226
253
99
15
0
0
0
0
0
0
2
0
4
4
240
255
84
7
0
1
14
0
1
13
0
0
0
93
247
174
224
0
4
0
0
0
0
0
5
0
0
5
247
253
110
0
1
13
0
0
3
0
0
3
14
224
214
33
18
1
4
0
0
0
0
0
6
0
0
2
225
246
128
13
0
0
5
2
3
7
0
4
58
254
214
0
0
19
0
0
0
0
0
0
2
3
0
0
164
251
147
0
9
0
4
10
0
9
0
0
160
255
202
8
16
0
0
0
0
0
0
4
0
2
3
0
96
255
198
0
23
3
0
4
0
0
4
0
219
254
97
3
0
0
14
0
0
0
0
5
0
0
3
2
47
249
254
108
0
0
10
0
15
0
6
11
228
245
41
0
9
8
4
0
0
0
0
0
3
0
1
2
12
151
255
220
32
0
9
0
2
2
0
90
255
255
53
0
3
0
0
0
0
0
0
0
10
0
0
0
0
45
222
255
226
51
0
15
0
2
5
201
255
212
0
9
0
0
4
0
0
0
0
0
0
2
3
0
0
12
29
212
255
244
151
53
4
1
16
244
245
199
33
0
17
0
2
0
0
0
0
0
0
2
3
0
0
1
11
28
143
248
255
254
234
236
251
255
248
238
119
33
3
0
3
0
0
0
0
0
0
1
3
0
0
0
0
0
1
34
101
189
243
244
230
255
248
140
3
0
0
0
6
0
0
0
0
0
0
0
2
4
2
0
0
6
10
3
0
0
10
32
61
232
255
128
0
14
2
0
0
0
0
0
0
1
0
0
0
2
5
4
2
0
0
0
2
8
2
1
16
255
244
118
7
0
0
8
7
0
0
0
0
2
3
0
0
0
1
1
0
5
6
1
0
3
0
0
7
231
255
135
0
0
0
2
0
0
0
0
0
0
4
3
0
0
0
0
0
5
2
0
0
9
8
0
1
138
255
193
20
11
17
3
0
0
0
0
0
0
3
6
1
0
2
2
0
0
4
5
2
2
0
0
2
49
189
255
221
222
194
105
3
0
0
0
0
0
0
0
0
0
0
0
0
0
0
0
0
0
0
0
0
0
25
172
239
231
159
23
4
0
0
0
0
0
0
0
0
0
0
0
0
0
0
0
0
0
0
0
0
7
0
13
0
0
4
0
14
0
0
0
0
0
0
0
0
0
0
0
0
0
0
0
0
0
0
0
0
0
0
9
0
0
6
0
0
0
0
0
0
0
0
0
0
0
0
0
0
0
0
0
0
0
0
0
0
0
6
0
0
0
1
6
0
0
0
0
0
