0
0
0
0
0
0
0
0
0
0
6
0
1
5
0
8
0
0
7
0
5
0
10
1
0
0
0
0
0
0
0
0
0
0
0
0
0
1
3
0
10
5
0
4
13
3
0
0
2
0
0
0
9
0
0
0
0
0
0
0
0
0
0
0
0
0
4
0
0
7
10
6
0
0
2
2
0
3
14
8
0
0
0
0
0
0
0
0
0
0
0
0
0
10
0
0
4
0
0
0
16
6
3
0
8
0
1
0
0
0
0
0
0
0
0
0
0
0
0
0
0
0
0
2
3
4
3
0
0
0
83
99
88
24
59
20
0
0
0
0
0
0
0
0
0
0
0
0
0
0
0
5
0
0
0
4
24
120
236
255
248
190
234
177
113
0
0
0
0
0
0
0
0
0
0
0
0
19
0
0
7
0
0
74
205
255
248
243
255
255
250
236
246
0
0
0
0
0
0
0
0
0
0
0
0
0
5
12
0
34
158
227
255
251
251
255
237
252
249
255
248
0
0
0
0
2
0
0
2
0
12
0
3
3
5
6
67
184
243
246
255
253
209
102
102
94
255
252
242
0
0
0
0
5
0
0
11
12
0
26
0
0
32
84
184
255
255
138
143
0
3
0
4
101
252
255
201
0
0
0
0
8
0
7
0
0
0
0
4
3
115
248
253
231
240
0
0
0
32
0
4
89
242
250
202
0
0
0
0
0
0
6
0
6
25
0
111
117
255
238
255
140
38
19
0
14
0
0
40
236
234
222
132
0
0
0
0
5
0
0
0
0
8
0
126
248
249
255
134
0
13
0
0
0
6
0
47
219
255
237
82
0
0
0
0
0
0
4
9
0
16
165
235
255
93
88
53
8
8
0
18
0
5
0
206
220
235
127
34
0
0
0
0
1
3
5
6
0
46
240
255
247
91
7
0
0
0
15
0
7
0
11
245
255
255
168
5
0
0
0
0
0
6
0
2
20
150
250
242
122
7
0
1
4
9
0
1
2
0
19
255
244
255
171
0
0
0
0
0
0
0
4
4
94
255
252
190
0
10
0
4
10
0
5
0
3
0
168
254
252
252
36
0
0
0
0
0
9
0
10
0
124
255
244
148
10
2
0
0
2
0
4
1
0
119
223
244
251
228
8
8
0
0
0
0
0
18
0
3
255
226
249
133
4
0
7
9
0
0
0
0
72
231
255
255
241
39
0
17
0
0
0
0
7
3
0
4
229
255
253
255
148
7
4
88
111
92
114
196
255
252
251
158
19
21
2
0
0
0
0
0
6
0
6
8
67
172
255
238
255
192
214
247
246
245
243
255
246
236
215
15
4
0
0
1
0
0
0
0
0
9
0
0
15
30
255
244
255
239
253
255
249
250
252
255
182
109
0
0
0
0
24
0
0
0
0
0
0
9
0
12
0
0
25
82
182
201
184
167
186
208
167
80
27
0
6
0
16
0
0
0
0
0
0
0
0
1
0
2
0
8
0
0
0
9
0
6
11
0
0
0
0
7
0
1
2
0
0
4
0
0
0
0
0
0
0
0
0
0
0
0
0
0
0
0
0
0
0
0
0
0
0
0
0
0
0
0
0
0
0
0
0
0
0
0
0
0
0
0
0
0
0
0
0
0
0
0
0
0
0
0
0
0
0
0
0
0
0
0
0
0
0
0
0
0
0
0
0
0
0
0
0
0
0
0
0
0
0
0
0
0
0
0
0
0
0
0
0
0
0
0
0
0
0
0
0
0
0
0
0
0
0
0
0
0
0
0
0
0
0
0
0
0
0
0
