5
0
0
0
0
0
0
0
0
0
0
0
0
0
0
0
0
3
3
2
0
0
0
0
4
2
5
0
9
0
0
0
0
0
0
0
0
0
0
0
0
0
0
0
0
0
0
0
0
7
8
3
0
0
4
0
0
0
0
0
0
0
0
0
0
0
0
0
0
0
0
0
0
7
9
10
5
0
0
0
0
0
11
5
6
0
0
0
0
0
0
0
0
0
0
0
0
0
0
0
0
0
0
0
0
0
0
6
12
0
0
0
5
0
0
0
0
0
0
0
0
0
0
0
0
0
0
0
0
1
0
0
0
4
4
0
0
12
0
0
0
0
0
0
0
0
0
0
0
0
0
0
0
0
0
0
0
0
1
2
0
0
0
3
10
0
0
14
3
0
0
0
0
0
0
0
0
0
0
0
0
0
0
0
0
0
0
0
2
4
3
0
0
19
0
6
11
0
0
0
0
0
0
0
0
0
0
0
0
0
0
0
0
8
6
37
116
206
247
225
186
166
23
0
0
0
0
0
0
0
0
0
0
0
0
6
0
24
0
28
105
159
232
215
206
140
97
55
64
139
18
0
8
0
0
0
0
0
0
0
0
6
20
160
123
1
55
231
207
107
16
28
0
0
0
0
7
21
0
7
16
0
0
0
0
0
0
0
0
0
6
140
243
255
184
101
0
0
1
3
0
14
25
0
0
0
0
8
3
0
0
0
0
0
0
0
0
3
0
0
34
179
246
181
52
0
16
0
0
0
0
6
7
14
2
0
0
0
0
0
0
0
0
0
0
11
0
5
4
2
23
139
251
129
0
8
15
2
0
5
0
0
0
0
3
0
0
0
0
0
0
0
0
0
10
0
0
3
0
31
135
243
114
0
0
0
0
7
3
0
1
0
0
0
0
0
0
0
0
0
0
0
1
9
12
1
0
0
11
138
240
24
2
0
3
0
0
9
6
0
0
0
0
0
0
0
0
0
0
0
12
0
0
6
10
0
3
13
207
105
10
0
10
0
2
0
0
3
10
3
0
5
2
0
12
3
0
1
1
5
1
0
0
3
0
5
96
216
11
0
4
0
7
0
0
0
0
2
0
0
0
13
31
161
4
0
0
0
0
5
6
2
0
0
147
215
0
9
0
9
0
0
0
0
0
3
0
1
18
0
235
165
1
5
10
0
0
3
7
0
0
46
222
184
8
6
0
7
1
0
0
0
0
0
16
2
0
0
211
226
205
169
110
51
59
94
97
133
214
230
255
68
0
0
8
1
0
0
0
0
0
0
15
5
0
18
2
73
124
186
253
255
238
254
255
215
169
174
134
0
0
0
19
0
0
0
0
0
0
16
0
0
6
0
11
0
26
5
9
1
2
14
8
3
19
0
0
0
12
2
0
0
6
0
0
0
0
0
2
5
5
0
1
9
0
2
1
0
0
0
0
0
0
12
0
9
0
0
0
5
0
0
0
0
0
0
15
0
4
5
0
6
4
7
0
0
3
2
3
5
1
0
3
0
0
1
8
0
0
0
0
0
0
0
0
0
0
0
0
0
0
0
0
0
0
0
0
0
0
0
0
0
0
0
0
0
0
0
0
0
0
0
0
0
0
0
0
0
0
0
0
0
0
0
0
0
0
0
0
0
0
0
0
0
0
0
0
0
0
0
0
0
0
0
0
0
0
0
0
0
0
0
0
0
0
0
0
0
0
0
0
0
0
0
0
0
0
0
0
0
0
0
0
0
0
0
0
0
0
0
0
0
0
0
0
0
0
0
0
0
0
0
0
0
0
