4
0
0
0
0
0
0
0
0
0
0
0
0
0
0
0
0
0
0
8
0
0
4
4
0
0
0
0
0
0
0
0
0
0
0
0
0
0
0
0
0
0
0
0
0
8
0
0
0
0
0
0
1
0
0
0
0
0
0
0
0
0
0
0
0
0
0
0
0
0
0
0
0
0
0
0
1
10
7
2
7
0
0
0
0
0
0
0
0
0
0
0
0
0
0
0
0
0
0
0
0
0
13
0
0
0
1
0
0
0
0
0
0
0
0
0
0
0
0
0
0
0
0
0
0
0
0
0
0
3
11
0
0
1
0
9
5
0
0
0
0
0
0
0
0
0
0
0
0
0
0
0
0
0
0
0
0
0
0
0
18
9
0
4
0
0
0
0
0
0
0
0
0
0
0
0
0
0
0
0
0
0
0
0
0
2
0
0
12
0
0
50
31
0
0
0
0
0
0
0
0
0
0
0
0
0
0
0
0
0
0
0
0
1
11
0
0
0
90
208
189
0
0
0
0
0
12
0
0
3
12
0
0
0
5
3
0
4
42
190
170
1
4
3
0
13
162
250
200
0
0
0
0
7
0
5
19
0
0
6
4
0
0
0
2
125
206
255
227
0
0
0
2
182
255
121
9
0
0
0
0
0
0
0
1
10
11
0
0
0
1
5
91
246
255
190
52
15
0
7
25
195
255
124
0
0
0
0
0
2
5
0
0
5
0
0
28
9
0
159
246
229
121
10
0
0
3
11
219
255
143
0
14
0
0
0
0
10
0
2
6
0
4
7
0
3
118
252
251
123
0
0
4
0
15
148
244
238
26
0
0
0
0
0
0
0
0
3
6
1
3
10
9
168
246
255
89
11
22
0
12
11
74
230
255
86
9
3
5
0
0
0
0
8
0
0
7
0
0
57
219
244
255
245
197
162
99
61
70
88
238
255
177
62
15
0
1
0
0
0
0
1
0
4
0
8
93
205
255
255
252
253
252
249
255
255
253
250
255
238
255
226
49
0
4
0
0
0
0
1
0
9
0
149
240
245
239
43
42
46
124
130
129
229
245
255
233
222
117
12
0
0
0
0
0
0
0
6
0
14
1
153
255
202
19
11
7
5
0
10
0
121
251
243
85
7
0
0
8
0
8
0
0
0
0
0
20
0
0
164
149
11
0
0
0
0
3
0
113
246
255
76
1
0
2
0
4
0
7
0
0
0
0
7
0
14
11
19
2
0
3
4
8
0
12
35
235
248
70
0
0
20
7
0
5
0
0
0
0
0
0
0
4
4
0
0
0
0
6
0
0
14
15
186
242
132
6
14
0
0
0
0
4
0
1
0
0
0
0
13
0
0
5
10
1
1
0
4
0
0
128
255
106
5
0
0
0
5
10
6
0
0
9
0
0
0
0
0
0
8
5
0
0
12
0
0
12
52
229
175
24
0
0
0
3
0
0
0
0
0
0
0
0
0
0
0
12
0
0
13
0
0
5
1
25
223
199
39
10
0
3
1
2
0
4
11
0
0
4
0
0
0
0
0
0
0
0
0
0
0
0
4
168
189
60
0
9
7
0
0
0
0
0
0
0
0
0
0
0
0
0
0
0
0
0
0
0
0
0
0
53
47
0
0
1
0
0
0
0
0
0
0
0
0
0
0
0
0
0
0
0
0
0
0
0
0
0
2
0
0
0
6
0
0
14
0
0
0
0
0
0
0
0
0
0
0
0
0
0
0
0
0
0
0
0
0
0
3
7
0
0
0
4
0
0
0
0
0
0
0
0
0
0
0
0
