2
0
0
0
0
0
0
0
0
0
10
0
15
0
0
7
0
0
2
0
11
0
2
3
7
0
0
0
0
0
0
0
0
0
0
0
0
1
0
4
0
0
11
0
1
0
14
0
0
0
10
0
0
0
0
0
0
0
0
0
0
0
0
0
0
12
0
11
0
0
6
0
0
1
8
0
0
3
12
0
9
0
0
0
0
0
0
0
0
0
0
0
0
0
0
0
8
16
0
11
2
0
0
6
2
0
3
0
0
0
0
0
0
0
0
0
0
0
0
0
0
5
21
74
135
205
214
205
152
134
136
135
92
16
0
19
0
0
0
0
0
0
0
0
0
0
0
0
0
0
85
245
255
255
255
190
155
255
233
238
255
146
0
0
0
0
0
0
0
0
0
0
0
0
0
0
0
0
115
255
216
90
45
0
19
0
0
46
228
231
19
0
2
0
0
0
0
0
0
0
0
0
0
0
0
5
5
9
19
0
5
0
0
0
0
0
166
245
59
13
0
0
0
0
0
0
0
0
0
0
0
0
0
3
4
0
0
3
0
0
6
0
0
12
198
242
116
0
7
0
0
0
0
0
0
0
0
0
0
0
0
0
0
1
12
11
0
0
2
2
0
111
232
255
109
5
0
0
0
0
0
0
0
0
0
0
0
0
0
8
0
0
0
0
0
0
1
0
15
143
255
218
0
0
0
0
0
0
0
0
0
0
0
0
0
0
0
0
0
4
5
3
15
10
0
2
110
255
248
106
18
0
17
0
0
0
0
0
0
0
0
0
0
0
0
10
0
5
0
0
3
0
0
39
231
248
176
26
0
10
0
0
0
0
0
0
0
0
0
0
0
0
0
0
0
12
7
6
0
0
24
207
255
227
78
1
7
0
5
0
0
0
0
0
0
0
0
0
0
0
0
14
0
0
0
0
0
35
175
255
248
116
0
0
0
25
0
0
0
0
0
0
0
0
0
0
0
0
0
97
107
167
202
187
110
108
255
250
122
5
0
10
0
0
6
0
0
0
0
0
2
1
1
0
0
129
233
255
255
249
255
247
247
255
236
255
190
67
0
0
7
2
2
0
0
0
0
4
0
6
5
11
208
252
217
61
11
50
199
255
252
237
154
183
244
253
118
1
0
0
0
0
0
0
0
0
0
0
0
129
255
255
21
23
110
178
244
255
234
130
0
7
138
245
244
109
5
16
0
0
0
0
0
0
19
0
5
255
242
243
199
253
238
255
249
99
0
0
1
0
13
169
255
248
134
15
3
0
0
0
0
11
0
2
0
102
243
255
252
251
209
105
29
11
8
5
0
7
4
8
138
254
255
253
230
0
0
0
0
0
1
0
6
0
37
62
124
45
5
1
8
0
2
11
0
6
0
5
19
98
146
102
101
0
0
0
0
6
20
0
0
3
0
27
2
5
0
0
0
5
0
0
15
0
7
0
0
6
0
8
0
0
0
0
0
0
0
7
0
13
1
0
2
1
0
7
5
0
2
0
0
6
0
6
6
0
0
8
0
0
0
0
0
0
0
0
0
0
0
0
0
0
0
0
0
0
0
0
0
0
0
0
0
0
0
0
0
0
0
0
0
0
0
0
0
0
0
0
0
0
0
0
0
0
0
0
0
0
0
0
0
0
0
0
0
0
0
0
0
0
0
0
0
0
0
0
0
0
0
0
0
0
0
0
0
0
0
0
0
0
0
0
0
0
0
0
0
0
0
0
0
0
0
0
0
0
0
0
0
0
0
0
0
0
0
0
0
0
0
0
0
0
0
0
0
