4
0
0
0
0
0
0
0
0
10
0
0
3
0
0
12
0
0
0
0
0
0
0
0
0
0
0
0
0
0
0
0
0
0
0
0
0
0
3
0
0
21
1
0
5
0
0
0
0
0
0
0
0
0
0
0
0
0
0
0
0
0
0
0
0
0
10
12
0
0
1
4
1
0
0
0
0
0
0
0
0
0
0
0
0
0
0
0
0
0
0
0
0
21
0
0
5
0
0
2
2
0
0
0
0
0
0
0
0
0
0
0
0
0
0
0
0
0
0
0
0
0
10
0
0
7
1
0
8
0
0
0
0
0
0
0
0
0
0
0
0
0
0
0
0
0
0
0
0
11
3
0
0
2
6
2
0
0
0
0
0
0
0
0
0
0
0
0
0
0
0
0
0
0
0
0
0
0
43
209
255
119
0
0
13
0
0
0
0
0
0
0
0
0
0
0
0
0
0
0
0
0
0
0
0
11
147
253
190
51
2
8
0
0
0
0
0
0
0
0
0
0
0
0
0
0
0
0
6
7
0
3
0
71
255
226
7
7
3
0
0
3
0
11
3
0
12
0
0
0
0
0
0
0
8
1
0
0
2
3
25
148
237
93
0
0
0
0
5
0
4
0
0
12
0
0
16
0
0
0
0
1
6
0
0
2
8
0
72
231
225
5
7
1
8
0
0
4
11
0
14
24
5
4
0
0
0
0
0
5
0
0
10
9
0
0
158
255
224
34
17
23
22
43
29
15
0
88
216
102
5
6
7
0
0
0
0
0
5
0
11
0
0
9
207
245
255
243
255
255
255
255
241
216
203
255
237
18
0
0
0
0
0
0
0
0
9
0
0
0
4
6
111
203
234
253
255
217
210
201
222
205
253
251
168
15
11
0
9
0
0
0
0
0
5
0
0
5
12
0
1
5
31
50
62
17
8
0
7
23
248
252
70
0
13
0
7
0
0
0
0
0
2
2
5
0
0
4
0
0
4
5
0
0
0
2
0
13
253
237
39
3
0
0
0
0
0
0
0
0
0
0
0
0
0
0
0
3
0
7
1
0
0
0
3
100
251
180
0
3
3
3
2
0
0
0
0
0
0
0
0
0
0
0
0
3
0
3
0
0
2
0
1
107
255
122
0
7
0
0
0
0
0
0
0
0
0
0
0
0
0
0
0
3
0
0
0
0
4
0
5
123
245
35
0
1
0
0
5
0
0
0
0
0
0
0
0
0
0
0
0
1
0
0
0
1
2
0
23
218
255
19
5
3
0
3
1
0
0
0
0
0
0
0
0
0
0
0
0
0
0
2
0
0
0
4
48
255
223
18
7
0
1
10
0
0
0
0
0
0
0
0
0
0
0
0
0
0
0
3
0
0
0
6
64
242
176
6
0
0
5
10
0
0
0
0
0
0
0
0
0
0
0
0
0
1
1
2
0
4
0
3
66
255
218
28
0
3
6
0
0
0
0
0
0
0
0
0
0
0
0
0
0
3
2
0
0
8
0
0
61
255
252
26
0
2
5
0
10
0
0
0
0
0
0
0
0
0
0
0
0
0
0
1
0
0
2
9
15
207
255
205
49
0
0
0
6
0
0
0
0
0
0
0
0
0
0
0
0
0
1
1
0
0
0
4
8
75
201
138
0
0
22
0
0
0
0
0
0
0
0
0
0
0
0
0
0
0
0
0
0
0
0
0
0
0
10
2
0
7
0
0
16
0
0
0
0
0
0
0
0
0
0
0
0
0
0
0
0
0
0
0
0
6
0
0
9
0
0
4
1
0
0
0
0
