5
0
0
0
0
0
0
0
0
0
2
0
2
0
0
10
0
0
0
6
2
0
8
11
0
0
0
0
0
0
0
0
0
0
0
0
0
9
3
3
0
3
12
0
8
12
0
0
10
0
0
0
10
0
0
0
0
0
0
0
0
0
0
0
0
0
0
1
10
0
0
3
0
0
0
0
0
2
1
0
2
0
0
0
0
0
0
0
0
0
0
0
0
11
0
0
14
0
0
26
0
0
7
7
0
0
0
0
0
0
0
0
0
0
0
0
0
0
0
0
0
0
19
0
0
9
11
0
0
0
0
0
8
0
0
0
16
0
0
0
0
0
0
0
0
0
0
0
0
0
86
241
198
60
49
68
74
58
46
53
64
67
72
41
0
0
0
0
0
0
0
0
0
0
0
0
0
30
216
255
246
255
255
235
255
255
249
253
243
242
255
191
39
0
0
0
0
0
0
0
0
0
0
0
0
127
251
179
158
157
169
255
179
165
149
169
172
155
173
125
0
0
0
0
0
10
0
0
5
0
0
0
49
244
234
33
7
1
0
5
0
0
1
2
0
11
0
0
2
0
0
0
0
0
0
3
0
3
13
7
111
255
190
0
0
8
0
0
1
0
3
6
2
0
0
8
0
0
0
0
0
0
7
6
0
0
0
6
191
238
121
0
4
0
1
7
0
9
2
0
7
7
9
0
6
0
0
0
0
3
0
5
4
4
2
44
255
249
231
162
151
152
116
24
6
0
0
2
3
0
3
0
8
0
0
0
0
9
0
3
10
0
5
36
192
246
224
242
255
245
255
209
163
104
20
7
0
0
0
3
0
0
0
0
0
7
0
2
2
0
0
0
21
13
0
34
78
88
167
237
255
248
182
98
0
11
3
0
0
0
0
0
0
0
2
0
6
0
13
0
0
0
17
0
0
11
0
0
89
146
252
255
82
0
0
0
11
0
0
0
0
0
12
0
7
2
0
0
9
9
0
6
8
0
0
9
3
4
68
245
235
27
0
11
0
0
0
0
0
0
0
0
0
0
4
3
0
6
0
3
7
0
0
15
0
1
0
126
248
108
3
8
0
0
0
0
0
0
0
1
1
0
0
0
0
0
0
1
0
0
17
0
0
0
11
26
255
146
0
0
3
0
0
0
0
1
0
0
3
2
0
4
14
0
13
0
20
9
0
0
9
4
12
92
249
129
9
0
5
0
0
0
0
6
0
0
2
2
1
15
37
99
0
0
0
3
3
0
10
0
28
232
255
63
15
0
2
0
0
0
0
8
0
0
2
0
0
1
19
232
186
7
8
0
32
2
0
20
143
255
255
19
0
0
0
0
0
0
0
0
0
1
6
3
0
0
0
152
232
204
14
1
0
0
48
168
255
239
144
7
0
7
0
0
0
0
0
0
0
1
4
5
3
2
1
30
231
250
254
138
164
172
255
255
247
155
12
4
4
3
0
0
0
0
0
2
2
0
0
0
2
3
0
0
16
129
253
255
255
252
255
236
120
1
0
5
0
0
9
0
0
0
0
0
0
0
0
0
0
0
0
6
0
10
128
214
194
134
66
29
12
0
0
3
2
0
0
0
0
0
0
0
0
0
0
0
0
0
0
5
0
0
1
12
0
4
0
11
1
0
0
3
2
0
0
0
0
0
0
0
0
0
0
0
0
0
0
0
12
6
2
0
0
5
0
0
0
0
0
3
1
0
0
0
0
0
0
0
0
0
0
0
0
0
0
0
0
0
0
0
7
5
0
0
0
2
4
2
0
0
0
0
0
0
0
