4
0
0
0
0
0
0
0
0
5
3
0
0
3
0
0
0
0
0
0
0
0
0
0
0
0
0
0
0
0
0
0
0
0
0
0
0
0
5
10
13
7
0
0
1
0
0
0
0
0
0
0
0
0
0
0
0
0
0
0
0
0
0
0
0
0
7
0
0
0
0
0
3
0
0
0
0
0
0
0
0
0
0
0
0
0
0
0
0
0
0
0
0
7
0
14
0
6
4
2
0
0
0
0
0
0
0
0
0
0
0
0
0
0
0
0
0
0
0
0
0
8
0
15
0
0
0
13
7
0
0
0
0
0
0
0
0
0
0
0
0
0
0
0
0
0
0
0
0
0
21
0
50
247
205
5
0
0
0
0
0
0
0
0
0
0
0
0
0
0
0
0
0
0
0
0
0
0
0
28
200
255
245
60
7
0
0
0
0
0
0
0
0
0
0
0
0
0
0
0
0
0
0
0
0
5
0
34
243
246
241
22
0
0
0
0
0
0
0
0
0
0
0
0
0
0
0
0
0
0
0
0
0
1
3
61
245
255
152
0
12
47
32
0
6
4
0
0
0
0
0
0
0
0
0
0
0
0
0
0
0
0
0
111
255
250
106
8
173
249
172
12
0
0
7
10
0
0
0
0
0
0
0
0
0
0
0
0
0
3
12
215
240
255
20
21
255
255
206
4
1
3
7
4
0
0
0
0
0
0
0
0
0
0
0
0
0
3
104
252
253
183
10
0
248
241
222
0
5
0
0
0
7
0
0
0
0
0
0
0
0
0
0
0
0
0
184
253
249
93
7
1
252
255
237
0
5
0
1
1
5
0
0
0
0
0
0
0
0
0
0
0
0
0
206
254
216
38
0
6
255
236
218
0
8
6
6
0
0
0
0
0
0
0
0
0
0
0
0
0
0
57
238
236
184
0
1
4
252
255
224
4
1
0
0
0
5
0
0
0
0
0
0
0
0
0
0
0
0
168
255
255
102
0
14
53
255
255
206
0
0
0
6
0
0
0
0
0
0
1
0
0
2
0
0
13
35
248
255
249
175
131
142
198
255
255
168
26
20
32
17
0
6
0
0
0
0
0
0
0
3
1
0
6
21
230
249
255
238
255
253
255
247
245
255
242
255
255
152
19
0
0
0
0
0
1
0
0
4
2
0
0
6
18
67
100
124
201
191
255
255
255
217
217
196
166
72
0
0
0
0
0
0
3
0
0
2
3
0
0
0
0
11
7
0
7
13
222
255
231
19
0
0
3
0
2
1
0
0
0
0
4
0
0
0
1
0
0
0
0
0
8
5
7
4
245
250
206
0
6
9
6
0
7
0
0
0
0
0
3
0
0
0
0
1
2
2
24
0
0
0
0
0
248
248
94
0
10
0
0
0
0
17
0
0
0
0
0
0
1
0
0
0
0
0
0
0
0
3
3
3
231
255
114
16
3
0
18
16
0
0
0
0
0
0
0
0
3
1
0
0
0
0
0
12
4
0
3
0
195
248
102
0
2
5
0
0
5
6
0
0
0
0
0
0
0
0
0
0
0
0
0
3
0
4
9
0
74
243
96
19
0
5
1
0
6
0
0
0
0
0
0
0
0
0
0
0
0
0
0
5
0
0
13
0
0
21
22
0
0
5
0
0
9
2
0
0
0
0
0
0
0
0
0
0
0
0
2
11
0
0
0
9
0
0
0
0
7
7
0
0
9
0
0
0
0
0
0
0
0
0
0
0
0
0
0
0
4
5
0
2
6
4
4
3
7
2
0
4
8
0
0
0
0
0
