8
0
0
0
0
0
0
0
0
2
0
0
3
0
0
2
0
0
17
0
0
12
0
0
1
0
0
0
0
0
0
0
0
0
0
0
0
3
0
0
0
12
0
5
2
0
7
4
0
3
5
0
0
0
0
0
0
0
0
0
0
0
0
0
0
0
8
2
0
0
0
0
0
4
0
0
1
0
0
0
9
0
0
0
0
0
0
0
0
0
0
0
0
0
15
0
6
0
17
0
6
12
0
0
13
7
0
5
1
0
0
0
0
0
0
0
0
0
0
0
0
7
2
0
0
0
0
14
47
223
255
254
228
132
25
11
0
0
0
0
0
0
0
0
0
0
0
0
0
0
0
13
0
16
25
160
255
249
255
237
255
203
50
0
2
0
0
0
0
0
0
0
0
0
0
0
0
10
0
17
0
0
53
202
255
164
83
41
132
255
174
5
0
0
0
0
0
0
0
0
0
0
0
0
0
0
3
0
5
19
187
255
226
25
0
2
65
248
247
33
5
0
0
0
0
0
0
0
0
0
0
0
0
0
0
4
0
120
255
255
77
2
0
19
192
255
201
8
2
0
0
0
0
0
0
0
0
0
0
0
0
10
1
1
8
189
240
182
32
6
46
150
255
236
47
13
0
0
0
0
0
0
0
0
0
0
0
0
0
0
6
0
11
255
255
134
0
0
183
255
243
199
0
16
5
0
0
0
0
0
0
0
0
0
0
0
0
0
14
0
113
255
203
18
2
172
246
255
105
7
0
0
1
0
0
0
0
0
0
0
0
0
0
0
0
5
0
9
6
255
255
207
123
236
238
101
43
0
12
0
4
0
0
0
0
0
0
0
0
0
0
0
0
5
2
0
3
109
242
246
255
252
213
0
0
19
0
0
11
0
0
0
0
0
0
0
0
0
0
0
0
0
15
8
18
95
255
255
246
201
13
8
0
0
18
0
0
0
0
0
0
0
0
0
0
0
0
0
0
7
0
0
38
117
247
241
255
218
23
0
11
3
0
3
0
0
0
0
0
3
1
0
0
0
1
3
5
0
7
0
125
246
255
249
255
241
26
0
0
3
5
0
7
0
0
0
0
1
0
0
0
0
0
0
0
4
2
230
242
253
89
113
245
207
11
0
3
1
7
0
0
0
0
0
0
0
0
1
1
0
0
0
0
9
108
248
252
103
8
124
255
202
13
3
2
0
3
3
0
0
0
0
0
0
0
0
0
0
0
0
0
98
255
249
144
6
0
210
251
201
12
0
5
0
2
6
0
0
0
0
0
0
0
0
0
0
1
4
5
179
248
171
9
0
55
223
250
184
4
0
10
6
5
3
0
0
0
0
0
0
0
0
0
0
2
6
9
219
255
145
78
86
197
233
255
169
16
0
2
1
0
3
1
0
0
0
0
0
0
0
0
0
1
3
4
95
238
249
251
255
246
255
244
108
13
4
0
0
0
3
8
0
0
0
0
0
0
0
0
0
0
0
0
0
136
231
255
244
134
65
9
11
0
7
2
2
0
0
0
0
0
0
0
0
0
0
0
0
0
0
0
0
0
0
0
0
0
0
0
0
0
0
0
0
0
0
0
0
0
0
0
0
0
0
0
0
0
0
0
0
0
0
0
0
0
0
0
0
0
0
0
0
0
0
0
0
0
0
0
0
0
0
0
0
0
0
0
0
0
0
0
0
0
0
0
0
0
0
0
0
0
0
0
0
0
0
0
0
0
0
0
0
0
0
0
0
0
0
0
0
0
0
0
0
0
0
0
0
0
0
0
0
0
0
0
