1
0
0
0
0
0
0
0
0
0
0
0
0
1
0
0
0
4
0
12
0
8
7
0
0
0
0
0
0
0
0
0
0
0
0
0
0
0
0
0
0
0
1
1
1
0
11
0
11
0
0
15
13
0
0
0
0
0
0
0
0
0
0
0
0
0
0
0
0
0
0
2
4
13
0
8
0
7
0
0
0
0
0
0
0
0
0
0
0
0
0
0
0
0
0
0
0
0
0
0
1
0
102
195
65
0
1
14
0
0
0
0
0
0
0
0
0
0
0
0
0
0
0
2
2
0
0
0
0
13
224
255
190
0
0
9
4
0
0
0
0
0
0
0
0
0
0
0
0
0
0
3
2
0
0
0
0
101
236
252
171
25
0
0
0
0
0
0
0
0
0
0
0
0
0
0
0
0
1
2
0
0
0
4
9
166
253
255
56
0
9
7
0
0
0
0
0
0
0
0
0
0
0
0
0
0
2
1
0
0
0
10
19
250
255
138
6
0
0
6
0
0
0
0
0
0
2
0
0
2
22
163
104
0
0
4
2
0
3
0
122
244
232
69
0
7
0
4
4
0
0
0
0
0
5
1
0
1
61
187
241
117
31
0
0
0
35
138
246
255
92
0
0
7
0
1
0
0
0
0
0
15
0
0
15
0
3
39
191
255
226
214
224
234
217
255
255
209
27
0
14
0
3
0
0
0
0
0
0
0
5
8
1
0
7
0
34
135
236
255
255
255
253
247
237
51
0
14
0
0
1
0
15
0
0
0
0
0
6
8
0
0
21
2
0
0
74
85
64
79
213
243
237
0
0
0
0
6
0
0
8
0
0
0
0
17
0
0
2
7
0
0
0
11
2
0
1
3
215
255
174
13
8
0
10
4
0
7
0
0
0
0
0
0
3
12
0
0
4
10
0
0
0
0
3
0
190
240
74
0
0
0
0
0
0
22
0
0
0
0
0
0
0
1
0
9
2
0
16
0
28
0
0
63
254
255
0
5
3
0
2
7
0
0
4
0
0
0
0
4
0
0
0
0
1
3
2
3
2
0
6
69
247
173
0
0
5
7
2
2
0
0
6
0
0
0
0
0
0
4
13
7
0
0
5
0
1
0
0
31
255
143
5
11
0
0
30
0
5
0
0
0
0
0
0
10
3
0
0
0
0
0
1
0
12
7
2
75
231
141
1
0
36
156
247
65
13
0
0
0
0
0
0
0
0
0
3
14
21
10
0
10
0
11
6
125
255
253
243
246
255
255
227
31
0
1
10
0
0
0
0
5
2
0
0
0
0
21
57
93
172
168
238
231
236
255
255
252
248
138
38
3
15
0
0
0
0
0
0
2
0
0
8
0
16
126
252
240
255
253
254
255
255
255
253
255
139
37
0
3
0
0
3
0
0
0
0
0
0
4
15
0
0
52
136
139
141
91
16
26
35
207
255
183
31
0
3
6
0
7
0
0
0
0
0
5
0
0
0
0
1
0
0
3
0
3
1
2
3
7
0
0
17
8
0
11
0
0
7
0
0
0
0
0
0
0
0
0
0
0
0
0
0
0
0
0
0
0
0
0
0
0
0
0
0
0
0
0
0
0
0
0
0
0
0
0
0
0
0
0
0
0
0
0
0
0
0
0
0
0
0
0
0
0
0
0
0
0
0
0
0
0
0
0
0
0
0
0
0
0
0
0
0
0
0
0
0
0
0
0
0
0
0
0
0
0
0
0
0
0
0
0
0
0
0
0
0
0
0
0
0
0
0
0
0
0
0
0
0
0
0
0
0
0
0
