5
0
0
0
0
0
0
0
0
0
14
0
0
11
0
0
6
3
8
0
0
0
3
4
1
0
0
0
0
0
0
0
0
0
0
0
0
1
0
5
0
4
0
10
0
0
0
0
13
7
1
2
0
0
0
0
0
0
0
0
0
0
0
0
0
0
0
0
9
0
1
0
0
12
0
0
9
0
0
0
8
0
0
0
0
0
0
0
0
0
0
0
0
7
8
1
2
0
0
10
6
0
8
2
0
1
2
0
0
0
0
0
0
0
0
0
0
0
0
0
0
0
2
0
0
86
142
252
255
250
255
138
11
0
4
0
2
0
0
0
0
0
0
0
0
0
0
0
0
0
16
44
158
219
245
255
246
248
255
137
0
0
14
0
7
0
0
0
0
0
0
0
0
0
0
0
0
0
0
108
238
255
255
239
213
221
212
117
13
0
1
0
0
0
0
0
0
0
0
0
0
0
0
0
0
2
0
255
243
255
190
146
1
0
0
2
0
0
2
4
0
0
0
0
0
0
0
1
1
0
0
0
0
0
132
255
250
219
47
1
0
8
0
0
12
0
0
15
0
0
0
0
0
0
0
1
0
0
0
0
1
107
255
228
68
0
0
7
6
0
11
0
5
7
33
0
6
0
0
0
0
0
0
0
0
0
0
2
5
107
248
181
26
0
0
0
0
10
0
9
0
4
0
2
2
0
0
0
0
0
0
0
0
0
0
4
8
141
248
174
0
10
4
11
1
0
0
6
16
0
0
18
0
0
0
0
0
0
0
0
0
0
0
4
8
177
255
184
0
19
0
4
3
66
121
97
24
8
4
0
0
0
0
0
0
0
0
0
0
0
0
2
5
119
238
245
178
188
176
175
181
226
239
255
83
3
0
0
1
0
0
0
0
0
0
1
0
0
0
0
1
114
244
255
249
233
255
255
247
249
250
255
237
56
8
8
0
0
0
0
0
0
0
1
1
0
0
0
0
51
99
153
246
255
250
244
255
252
233
174
255
173
0
13
0
0
0
0
0
0
2
0
1
7
1
0
2
0
0
13
33
40
34
33
32
32
25
24
192
235
92
0
6
0
0
0
0
0
4
2
0
2
0
1
16
63
0
0
0
1
0
0
8
15
0
0
175
255
120
0
0
0
0
0
0
0
5
4
0
0
0
7
30
210
72
27
0
5
13
0
0
8
0
84
248
185
34
0
12
0
0
0
0
0
4
2
0
0
0
7
30
222
227
184
32
0
6
14
0
0
23
71
199
255
120
0
0
0
0
0
0
0
2
0
0
2
0
2
17
189
255
255
198
127
3
0
15
96
149
255
245
109
30
20
0
0
0
0
0
0
1
0
0
6
2
0
5
111
242
248
246
251
219
218
222
233
253
249
100
0
0
10
0
0
0
0
0
0
2
0
0
6
1
0
2
3
105
145
212
236
254
251
251
255
255
193
38
10
2
0
21
0
0
0
0
0
2
0
0
5
0
0
5
0
1
0
48
107
239
255
248
244
101
48
0
0
0
0
3
0
0
0
0
0
0
0
0
0
0
0
0
0
0
0
0
0
0
0
0
0
0
0
0
0
0
0
0
0
0
0
0
0
0
0
0
0
0
0
0
0
0
0
0
0
0
0
0
0
0
0
0
0
0
0
0
0
0
0
0
0
0
0
0
0
0
0
0
0
0
0
0
0
0
0
0
0
0
0
0
0
0
0
0
0
0
0
0
0
0
0
0
0
0
0
0
0
0
0
0
0
0
0
0
0
0
0
0
0
0
0
0
0
0
0
0
