7
0
0
0
0
0
0
0
0
0
9
0
5
0
7
0
0
1
5
0
6
0
4
1
0
0
0
0
0
0
0
0
0
0
0
0
0
0
0
0
0
0
0
6
16
3
0
0
5
0
2
0
0
0
0
0
0
0
0
0
0
0
0
0
0
13
0
0
3
8
7
0
0
8
0
3
0
0
0
4
5
0
0
0
0
0
0
0
0
0
0
0
0
1
0
0
7
0
0
3
8
0
0
10
7
4
0
1
0
0
0
0
0
0
0
0
0
0
0
0
0
0
0
0
16
0
6
0
0
4
13
0
0
0
0
0
4
0
0
0
0
0
0
0
0
0
0
0
0
1
8
0
6
0
4
0
14
0
18
0
0
17
5
0
0
0
0
0
0
0
0
0
0
0
0
0
0
0
7
1
0
0
3
62
136
239
231
30
3
0
0
0
12
0
0
0
0
0
0
0
0
0
0
0
0
148
128
119
102
222
214
239
255
255
255
15
3
7
0
0
0
0
0
0
0
0
0
0
0
0
0
0
0
45
74
178
255
255
255
195
211
254
228
9
5
13
0
4
0
0
0
0
0
0
0
0
0
0
0
0
0
0
0
51
97
45
0
0
146
254
175
0
0
0
0
7
4
0
0
0
0
0
0
0
0
0
0
0
0
9
8
5
5
0
7
0
144
255
123
13
4
0
0
2
0
0
0
0
0
0
0
0
0
0
0
0
0
0
2
0
0
1
0
3
174
224
32
0
1
0
2
3
0
0
0
0
0
0
0
0
0
0
0
0
0
0
15
6
1
0
0
69
238
175
0
0
1
0
5
3
0
0
0
0
0
0
0
0
0
0
0
0
0
0
10
0
0
0
23
158
255
132
2
12
4
0
3
0
0
0
0
0
0
0
0
0
0
0
0
0
0
12
0
0
15
4
0
182
247
38
0
0
0
0
0
0
6
0
0
0
0
0
0
0
0
0
0
0
0
1
2
6
0
0
23
248
209
0
9
1
0
9
0
0
0
0
0
0
0
0
0
0
0
0
0
0
0
6
0
0
1
6
10
253
163
0
2
2
0
1
6
3
0
0
0
0
0
0
0
0
0
0
0
0
0
0
0
0
0
3
75
251
122
0
0
0
0
0
3
4
0
0
0
0
0
0
0
0
0
0
0
0
0
0
0
5
0
0
124
247
105
0
1
1
0
0
0
3
2
0
0
0
0
0
0
0
0
0
0
0
0
1
0
4
2
0
118
245
124
2
4
5
2
0
0
0
1
0
0
0
0
0
0
0
0
0
0
0
0
4
0
0
0
0
105
249
125
0
0
2
4
2
0
0
0
0
0
0
0
0
0
0
0
0
0
0
0
1
5
0
0
1
129
255
105
0
0
0
0
3
1
0
0
0
0
0
0
0
0
0
0
0
0
0
0
2
0
0
0
0
174
255
115
11
1
0
0
3
2
0
0
0
0
0
0
0
0
0
0
0
0
0
0
6
0
0
11
0
203
255
150
29
12
0
0
3
2
0
0
0
0
0
0
0
0
0
0
0
0
0
0
6
0
0
6
16
65
240
255
154
12
0
10
0
0
0
4
0
0
0
0
0
0
0
0
0
0
0
0
0
7
9
0
0
18
192
255
94
0
0
2
0
7
0
4
0
0
0
0
0
0
0
0
0
0
0
0
0
0
0
4
1
0
12
0
25
0
3
0
0
10
0
0
0
0
0
0
0
0
0
0
0
0
0
0
13
1
0
0
0
6
3
5
0
0
8
0
0
7
0
0
0
0
0
0
