4
0
0
0
0
0
0
0
0
3
1
0
0
2
3
1
0
1
9
0
0
8
3
0
3
0
0
0
0
0
0
0
0
0
0
0
0
0
0
0
0
0
1
1
0
0
15
0
11
0
3
9
0
0
0
0
0
0
0
0
0
0
0
0
0
0
0
0
0
0
0
1
3
0
0
0
3
2
0
19
0
0
0
0
0
0
0
0
0
0
0
0
0
0
1
3
2
1
0
1
3
17
3
16
0
4
0
0
9
0
0
0
0
0
0
0
0
0
0
0
0
1
2
2
1
0
0
0
0
0
6
0
0
113
237
90
0
0
0
0
0
0
0
0
0
0
0
0
0
1
0
0
0
0
0
0
0
12
0
10
10
219
255
95
10
0
0
0
0
0
0
0
0
0
0
0
0
2
0
0
0
4
7
4
0
0
0
3
0
199
248
126
0
0
0
0
0
0
0
0
0
0
0
0
0
5
0
0
0
10
15
12
6
0
7
0
190
255
223
46
5
0
0
0
0
1
1
0
0
0
1
0
0
5
0
24
82
200
255
32
9
1
0
134
232
248
196
27
3
0
0
0
0
0
0
0
4
5
1
1
4
0
16
0
162
255
238
12
0
0
29
227
255
254
29
0
2
0
0
0
0
1
0
0
4
1
0
0
4
2
0
165
245
213
37
0
12
12
165
228
255
120
0
0
9
0
0
0
0
4
2
0
0
0
0
0
2
1
49
235
247
223
15
0
0
8
250
255
229
35
0
2
0
0
0
0
0
0
2
2
0
0
7
7
0
80
240
247
251
70
0
4
0
98
253
237
115
3
0
17
0
0
0
0
0
0
1
5
1
0
2
0
0
100
243
255
170
0
0
24
0
69
239
255
121
0
0
0
1
0
0
0
0
0
0
1
5
0
0
0
18
170
255
250
0
0
0
0
18
136
244
255
54
0
4
15
1
0
0
0
0
7
0
0
7
0
0
23
73
227
245
137
0
24
74
33
14
188
255
242
60
0
0
0
0
0
0
0
0
13
0
15
5
0
0
11
216
255
255
102
177
229
245
225
224
255
249
255
177
9
15
0
8
0
0
0
0
0
11
0
0
24
30
213
255
244
255
251
242
252
255
255
249
238
255
255
68
0
0
1
0
0
0
0
0
0
22
0
0
0
90
255
242
255
225
213
183
88
70
255
239
255
192
169
18
10
0
11
0
0
0
0
0
0
0
9
12
0
148
240
219
97
38
0
9
0
43
255
255
175
6
0
0
0
0
10
0
0
0
0
0
5
0
2
0
0
14
86
44
0
18
13
0
58
158
245
255
97
0
4
20
0
0
2
0
0
0
0
0
2
2
0
4
5
0
8
0
6
0
0
16
164
255
255
132
0
0
10
0
6
4
3
8
0
0
0
0
2
0
0
12
0
10
0
7
13
0
4
118
234
255
195
49
3
6
6
0
16
0
0
0
0
0
0
0
0
1
7
0
0
0
12
0
0
0
0
99
217
248
21
0
0
0
0
4
0
0
1
6
0
0
0
0
0
0
0
0
0
0
0
0
0
0
0
0
0
0
0
0
0
0
0
0
0
0
0
0
0
0
0
0
0
0
0
0
0
0
0
0
0
0
0
0
0
0
0
0
0
0
0
0
0
0
0
0
0
0
0
0
0
0
0
0
0
0
0
0
0
0
0
0
0
0
0
0
0
0
0
0
0
0
0
0
0
0
0
0
0
0
0
0
0
0
0
0
0
0
0
0
0
0
0
0
0
0
0
0
0
0
0
0
0
0
0
0
