9
0
0
0
0
0
0
0
0
3
1
0
0
0
2
3
2
2
0
8
0
6
1
0
0
0
0
0
0
0
0
0
0
0
0
0
0
0
0
0
2
2
1
0
0
0
0
2
0
0
0
3
11
0
0
0
0
0
0
0
0
0
0
0
0
4
5
6
4
0
0
0
0
1
8
3
9
8
4
0
0
0
0
0
0
0
0
0
0
0
0
0
0
2
0
0
0
0
0
0
2
0
0
0
0
0
0
4
3
0
0
0
0
0
0
0
0
0
0
0
0
0
0
0
1
2
3
4
4
2
2
5
15
9
0
0
1
0
0
0
0
0
0
0
0
0
0
0
0
0
5
10
7
0
0
0
0
6
0
0
0
2
3
3
3
0
0
0
0
0
0
0
0
0
0
0
0
0
0
0
0
0
10
54
91
198
149
132
6
0
2
4
2
0
0
0
0
0
0
0
0
0
0
0
0
0
5
3
0
18
88
193
255
218
218
249
68
11
0
0
0
0
0
0
0
0
0
0
0
0
0
0
0
0
2
4
0
82
255
165
73
9
35
184
194
9
0
11
2
0
0
0
0
0
0
0
0
0
0
0
0
13
0
7
93
245
204
43
0
3
0
30
62
0
0
0
0
0
0
0
0
0
0
0
0
0
0
0
0
0
3
80
230
223
19
0
0
10
0
0
0
5
11
0
10
0
0
0
0
0
0
0
0
0
0
0
0
12
7
153
235
90
0
7
0
0
20
8
0
1
0
0
5
0
0
0
0
0
0
0
0
0
0
0
0
0
0
232
178
0
7
0
16
0
0
0
0
3
4
0
0
0
0
0
0
0
0
0
0
0
0
0
0
16
8
231
175
3
0
74
128
99
0
0
11
8
4
3
7
0
0
0
0
0
0
0
0
0
0
0
0
0
0
124
232
222
185
219
240
187
4
1
6
0
0
0
4
0
0
0
0
0
0
0
0
0
0
0
0
0
9
3
21
46
36
0
220
222
13
3
0
0
16
0
1
0
0
0
0
0
0
0
0
0
0
0
0
0
0
4
6
0
6
19
239
173
2
2
0
1
6
0
2
0
0
0
0
0
0
0
0
0
0
0
0
0
10
0
0
14
0
79
254
124
0
2
0
1
2
0
4
0
0
0
0
0
0
0
0
0
0
0
0
0
10
0
3
20
5
200
241
58
0
0
1
2
0
1
4
0
0
0
0
0
0
0
0
0
0
0
0
9
3
2
0
0
66
239
110
10
2
0
0
1
0
4
0
0
0
0
0
0
0
0
0
0
0
0
0
0
0
5
3
15
212
238
65
0
7
0
0
0
0
4
0
0
0
0
0
0
0
0
0
0
0
0
0
5
1
0
0
91
247
93
0
0
6
0
2
0
4
2
0
0
0
0
0
0
0
0
0
0
0
0
0
0
4
0
12
200
249
34
7
4
0
0
9
0
7
0
1
0
0
0
0
0
0
0
0
0
0
0
0
0
0
4
31
251
214
20
3
7
0
0
14
0
9
0
7
0
0
0
0
0
0
0
0
0
0
0
0
6
4
0
165
238
90
6
0
0
0
0
0
0
0
0
0
0
0
0
0
0
0
0
0
0
0
0
0
1
0
0
156
190
32
0
5
0
0
0
0
0
0
0
0
0
0
0
0
0
0
0
0
0
0
0
0
0
14
0
0
1
0
2
12
0
0
0
0
0
0
0
0
0
0
0
0
0
0
0
0
0
0
0
0
0
0
5
0
0
5
0
0
0
0
0
0
0
0
0
0
0
0
0
0
