3
0
0
0
0
0
0
0
0
0
0
0
0
0
5
0
0
0
0
11
2
0
0
10
0
0
0
0
0
0
0
0
0
0
0
0
0
0
2
4
11
0
3
0
4
8
0
0
0
3
4
2
0
0
0
0
0
0
0
0
0
0
0
0
0
10
0
0
2
0
3
0
1
0
4
2
0
0
4
1
1
0
0
0
0
0
0
0
0
0
0
0
0
0
0
8
14
0
0
3
5
0
6
0
0
7
4
0
4
0
0
0
0
0
0
0
0
0
0
0
0
3
0
0
0
11
0
16
0
0
0
0
6
13
0
0
8
0
0
0
0
0
0
0
0
0
0
0
0
0
8
0
0
79
144
241
253
255
202
85
0
0
9
10
0
0
0
0
0
0
0
0
0
0
0
0
0
49
200
251
249
239
233
254
254
233
255
236
123
12
0
1
6
0
0
0
0
0
0
0
0
0
0
0
0
57
226
245
255
242
255
255
251
255
252
255
228
112
9
0
2
0
0
0
0
0
0
0
0
0
0
0
0
0
174
250
239
255
83
41
42
235
255
244
246
205
8
0
7
0
0
0
0
0
0
0
0
0
0
0
0
7
47
213
162
39
7
0
95
245
255
255
245
214
0
1
8
0
0
0
0
0
0
0
0
0
0
0
0
1
10
39
15
0
0
27
223
252
242
255
251
107
0
12
0
0
0
0
0
0
0
0
0
0
0
0
0
0
6
0
2
0
0
141
245
255
250
255
179
13
10
13
0
0
0
0
0
0
0
0
0
0
0
0
0
18
0
1
3
0
55
202
253
251
255
171
27
10
0
0
2
0
0
0
0
0
0
0
0
0
0
0
0
0
40
1
0
102
240
255
246
252
200
36
0
6
0
0
0
0
0
0
0
0
0
0
0
0
0
0
0
0
0
0
127
255
252
247
255
248
94
0
18
0
7
13
2
0
0
0
0
0
0
0
0
0
0
0
0
9
0
0
45
243
255
255
246
203
0
8
0
1
0
0
7
0
0
0
0
0
0
0
0
0
0
0
0
2
0
5
2
108
244
255
253
248
184
36
0
0
4
4
0
0
0
0
0
0
0
0
0
0
0
0
0
0
21
0
0
14
103
98
203
248
255
141
0
7
5
0
7
0
0
0
0
0
0
0
0
0
0
0
0
0
0
0
4
9
0
14
152
255
253
198
20
9
0
0
0
0
0
0
0
0
0
0
0
0
0
0
0
6
0
17
1
0
6
133
255
253
240
189
20
0
0
12
0
0
0
0
0
0
0
0
0
0
0
0
0
0
51
39
50
61
192
248
255
251
255
136
0
1
0
6
2
0
0
0
0
0
0
0
0
0
0
0
0
55
237
255
235
231
248
242
255
252
162
28
0
6
0
3
0
0
0
0
0
0
0
0
0
0
0
0
0
85
247
255
227
255
244
249
255
160
22
0
7
0
0
8
0
0
0
0
0
0
0
0
0
0
0
0
0
74
254
255
255
244
244
177
97
10
0
17
0
0
1
4
3
0
0
0
0
0
0
0
0
0
0
0
0
0
133
248
233
127
35
1
0
0
0
0
0
0
0
0
0
0
0
0
0
0
0
0
0
0
0
0
0
0
3
4
0
0
7
6
0
0
0
0
0
0
0
0
0
0
0
0
0
0
0
0
0
0
0
0
0
2
2
0
0
0
4
5
3
0
0
0
0
0
0
0
0
0
0
0
0
0
0
0
0
0
0
0
0
0
0
1
7
7
0
0
0
0
0
0
0
0
0
0
0
0
0
0
0
