3
0
0
7
0
0
5
5
0
0
0
0
2
6
0
0
8
0
15
0
0
5
1
1
2
0
0
0
0
12
0
2
0
11
0
0
12
0
0
12
0
0
0
12
0
1
0
0
0
7
0
0
0
0
0
0
0
0
0
17
0
8
14
5
0
11
0
0
0
13
3
6
0
3
0
11
1
4
0
2
9
0
0
0
0
9
0
0
0
4
0
16
6
0
7
0
0
1
2
0
9
16
0
2
2
0
0
0
0
0
0
0
0
3
0
7
12
0
4
205
251
190
244
229
138
122
109
77
93
106
43
0
0
0
14
16
10
0
0
0
0
0
0
0
6
15
77
255
250
238
255
255
222
255
255
254
255
255
219
150
112
49
0
0
0
0
0
0
0
9
0
0
8
0
9
166
255
255
207
236
255
254
255
238
249
251
255
255
255
196
15
2
7
0
0
0
0
0
0
6
0
0
9
14
37
39
9
68
170
93
182
181
205
254
241
253
255
230
0
0
3
0
0
0
0
0
9
0
2
1
0
6
0
0
9
4
3
0
38
67
205
255
252
254
253
151
2
0
8
0
0
0
0
2
5
0
0
4
3
13
0
0
0
10
36
207
211
255
250
247
253
252
252
167
0
9
0
0
0
0
0
1
5
0
2
0
0
3
3
8
17
0
139
245
249
255
255
255
238
255
247
230
8
0
10
0
0
0
0
0
2
3
8
4
0
0
0
0
0
1
137
255
241
255
243
244
255
243
254
250
215
6
2
0
0
0
0
4
0
0
0
6
7
0
0
7
0
2
11
161
177
254
235
237
243
250
244
255
242
73
0
0
0
0
0
0
0
9
0
0
0
0
1
0
10
9
0
0
2
0
0
6
22
78
255
251
229
138
0
0
0
0
0
0
1
16
1
1
16
2
0
8
0
0
0
11
0
0
6
6
0
9
162
255
255
253
3
0
0
0
0
11
0
0
3
50
86
37
0
0
8
3
0
0
0
8
0
0
1
7
169
255
255
184
3
0
0
0
0
0
0
7
97
231
215
33
0
4
0
4
11
3
0
0
13
0
0
80
207
255
230
81
0
0
0
0
0
12
0
0
140
252
235
78
1
0
0
0
0
0
28
4
0
19
15
187
253
255
255
101
11
0
0
0
0
2
0
25
226
246
255
222
88
2
0
11
5
5
0
0
0
0
194
247
255
242
248
70
2
0
0
0
0
0
5
0
161
252
252
244
245
153
67
34
0
10
0
29
56
174
223
255
250
243
119
22
0
0
0
0
0
0
15
9
95
229
255
255
246
255
248
249
187
171
165
214
255
244
255
241
255
195
0
0
3
0
0
0
0
13
0
4
0
30
133
245
255
246
244
249
255
249
255
243
251
255
255
255
169
1
17
0
2
0
0
0
0
8
0
0
4
11
10
92
213
255
254
255
246
251
255
250
249
254
221
126
0
8
0
0
5
0
0
0
0
0
6
0
11
0
0
0
0
82
119
208
173
255
248
201
76
60
13
1
0
12
0
7
0
0
0
0
0
0
0
0
0
0
0
0
0
0
0
0
0
0
0
0
0
0
0
0
0
0
0
0
0
0
0
0
0
0
0
0
0
0
0
0
0
0
0
0
0
0
0
0
0
0
0
0
0
0
0
0
0
0
0
0
0
0
0
0
0
0
0
0
0
0
0
0
0
0
0
0
0
0
0
0
0
0
0
0
0
0
0
0
0
0
0
0
0
0
0
0
0
0
0
0
0
0
0
0
0
0
0
0
0
0
0
0
0
0
0
0
0
