2
0
0
0
0
0
0
0
0
0
0
1
2
1
0
0
0
0
0
4
2
0
1
3
2
0
0
0
0
0
0
0
0
0
0
0
0
16
5
0
0
0
3
1
0
0
6
0
0
0
5
2
0
0
0
0
0
0
0
0
0
0
0
0
0
0
0
3
5
0
0
0
0
0
1
6
8
0
0
0
17
0
0
0
0
0
0
0
0
0
0
0
0
17
8
0
0
0
2
0
0
7
0
0
1
8
3
0
0
0
0
0
0
0
0
0
0
0
0
0
0
0
0
1
1
1
1
4
6
0
6
8
0
0
6
3
0
0
0
0
0
0
0
0
0
0
0
0
0
1
0
0
0
0
0
0
0
13
0
0
0
0
0
0
13
0
0
0
0
0
0
0
0
0
0
0
0
5
0
0
29
96
143
148
134
132
83
29
6
4
3
0
0
0
0
0
0
0
0
0
0
0
0
0
0
1
60
142
209
242
252
254
255
248
255
224
77
0
0
15
0
0
0
0
0
0
8
0
0
14
0
0
164
255
252
250
245
221
149
100
137
175
255
243
163
0
12
0
0
0
0
0
0
6
3
0
0
0
0
94
243
230
157
96
37
2
6
3
0
0
189
255
156
0
0
0
8
0
0
0
0
0
0
6
0
14
31
199
220
34
1
4
7
0
0
0
9
70
250
227
41
12
4
0
8
0
0
0
0
2
8
10
0
0
0
81
1
9
13
0
0
12
8
0
53
226
255
176
4
0
3
12
0
0
0
0
0
2
0
5
7
7
0
22
0
0
0
0
7
14
0
24
154
255
227
93
0
11
7
0
7
0
0
0
0
0
1
4
0
0
0
0
0
17
0
14
8
0
22
150
255
205
87
9
0
0
4
12
0
0
0
0
0
0
5
5
0
3
15
8
0
0
0
12
0
39
207
255
166
23
0
0
0
5
0
0
6
0
0
0
0
4
0
1
5
7
0
5
1
6
0
8
46
160
255
173
27
4
0
11
0
0
0
12
0
0
0
0
0
0
0
0
0
0
0
0
0
0
0
52
184
255
177
21
2
0
16
0
0
7
9
0
3
0
0
0
1
0
0
0
0
0
0
0
0
5
29
240
255
184
24
0
3
7
0
6
17
0
0
9
0
6
3
0
0
0
0
0
0
0
0
0
0
0
134
229
179
9
1
0
15
0
0
2
0
0
0
0
0
0
0
1
0
0
0
0
0
0
0
0
0
2
118
255
233
135
32
18
0
9
0
0
0
11
3
0
12
7
0
0
4
0
0
0
0
0
0
0
0
0
10
249
255
255
228
216
143
99
27
42
101
97
88
101
94
236
132
29
0
0
0
0
0
0
0
0
0
3
15
25
222
241
248
255
242
255
236
234
248
255
255
250
213
129
55
0
0
0
0
0
0
0
0
0
0
0
1
7
8
41
153
123
181
242
255
217
143
138
119
50
5
11
0
0
0
0
0
0
0
0
0
0
0
3
15
0
8
0
0
7
0
14
8
3
3
6
7
2
0
0
2
5
1
0
0
0
0
0
0
0
0
0
0
0
0
0
0
0
0
0
0
0
0
0
0
0
0
0
0
0
0
0
0
0
0
0
0
0
0
0
0
0
0
0
0
0
0
0
0
0
0
0
0
0
0
0
0
0
0
0
0
0
0
0
0
0
0
0
0
0
0
0
0
0
0
0
0
0
0
0
0
0
0
0
0
0
0
0
0
0
0
0
0
0
0
0
0
0
0
0
0
0
0
0
0
0
0
0
0
0
0
0
0
0
0
