9
0
0
0
0
0
0
0
0
4
0
0
0
1
3
0
5
0
0
0
1
1
0
0
0
0
0
0
0
0
0
0
0
0
0
0
0
0
0
6
4
0
0
0
0
0
0
0
0
1
1
0
0
0
0
0
0
0
0
0
0
0
0
0
0
16
10
1
0
0
2
3
0
0
0
0
0
0
1
1
1
0
0
0
0
0
0
0
0
0
0
0
0
0
0
0
2
6
0
2
0
0
0
0
0
0
1
2
2
0
0
0
0
0
0
0
0
0
0
0
0
3
12
3
9
0
0
0
6
0
0
0
0
0
0
2
2
0
0
0
0
0
0
0
0
0
0
0
0
0
5
0
0
6
2
13
0
2
1
0
0
0
0
1
2
0
0
0
0
0
0
0
0
0
0
0
0
0
98
178
250
255
243
173
61
4
2
0
0
0
0
0
0
0
0
0
0
0
0
0
0
0
0
0
0
149
245
255
235
224
248
255
230
5
4
1
0
0
0
0
0
0
0
0
0
0
0
0
2
8
2
0
73
251
255
148
43
4
62
255
251
164
48
4
0
8
7
0
8
0
0
0
0
8
3
4
0
0
0
43
220
245
180
18
0
13
0
63
252
255
219
14
9
1
0
3
0
0
0
0
0
0
0
7
11
0
0
30
245
255
24
0
0
4
3
25
255
251
255
26
0
0
0
13
0
0
0
0
0
5
0
0
2
2
4
45
255
255
58
2
6
0
11
183
247
239
255
133
0
9
6
0
0
0
0
0
0
2
0
8
0
0
3
32
206
255
217
49
6
128
166
255
254
255
255
240
18
0
7
0
2
0
0
0
0
0
2
3
3
0
0
0
49
250
255
255
249
238
255
239
232
244
255
250
48
0
4
2
4
0
0
0
0
3
5
0
0
0
10
0
0
37
202
212
218
169
76
21
172
252
255
219
45
5
2
5
0
0
0
0
0
0
12
0
7
0
0
2
0
6
0
0
0
7
9
0
177
255
245
175
0
1
0
5
0
0
0
0
0
0
0
0
0
0
0
0
0
0
1
0
3
0
0
0
200
252
255
90
0
3
0
1
3
0
0
0
0
0
0
0
0
0
0
0
0
0
1
0
1
0
6
24
244
255
245
33
0
0
2
0
0
0
0
0
0
0
0
0
0
0
0
0
0
0
4
2
1
0
0
28
255
255
247
0
6
0
7
0
3
0
0
0
0
0
0
0
0
0
0
0
0
0
3
4
5
0
0
19
249
255
255
0
17
0
0
0
7
0
0
0
0
0
0
0
0
0
0
0
0
0
0
0
7
0
2
23
251
248
255
0
9
0
0
6
0
0
0
0
0
0
0
0
0
0
0
0
0
5
0
0
1
0
0
23
253
249
255
0
0
4
2
13
0
0
0
0
0
0
0
0
0
0
0
0
0
6
1
0
1
0
0
17
249
254
253
0
1
2
9
8
0
0
0
0
0
0
0
0
0
0
0
0
0
0
0
0
10
2
0
22
255
253
251
0
8
0
0
0
4
0
0
0
0
0
0
0
0
0
0
0
0
6
0
1
0
2
0
22
186
253
253
66
12
0
0
1
1
0
0
0
0
0
0
0
0
0
0
0
0
1
0
1
0
11
11
0
39
240
204
26
0
0
11
3
0
0
0
0
0
0
0
0
0
0
0
0
0
0
1
11
0
0
11
0
0
0
21
0
8
0
0
0
2
0
0
0
0
0
0
0
0
0
0
0
0
2
0
11
0
0
0
0
13
5
7
0
3
0
1
0
14
0
0
0
0
