5
5
0
0
5
0
0
0
0
0
6
4
5
0
13
0
8
5
0
0
9
2
0
11
0
0
0
0
0
0
0
0
0
0
0
8
10
4
0
0
3
0
7
0
0
5
0
5
0
0
0
9
6
0
0
0
0
0
1
0
0
1
7
0
0
1
0
0
11
0
0
2
3
0
0
12
4
7
0
0
0
0
0
0
0
0
11
11
0
0
0
7
16
7
0
0
6
2
2
14
1
16
5
0
0
2
0
0
0
0
0
0
0
0
2
0
0
5
0
0
0
0
2
29
73
114
130
135
120
173
109
0
6
0
0
9
1
0
0
0
0
2
0
0
0
15
3
2
32
129
162
234
255
255
255
242
255
255
148
10
18
0
1
5
0
0
0
0
0
0
10
11
3
0
0
93
239
255
244
255
222
187
119
114
226
202
46
0
0
0
3
0
1
0
0
0
0
0
0
0
2
4
8
111
255
254
148
92
10
9
0
56
252
178
0
12
0
9
3
0
7
0
0
0
0
0
8
3
0
0
18
122
255
234
1
11
6
0
12
56
254
147
0
0
6
0
8
0
10
0
0
0
0
7
2
0
2
0
1
102
254
255
66
0
0
9
5
55
255
150
17
0
4
0
8
0
0
0
0
0
0
1
0
0
10
6
0
37
141
244
208
151
8
0
0
21
86
39
0
0
3
0
0
0
3
0
0
0
0
0
0
0
0
4
0
0
12
241
244
222
0
4
8
0
9
0
0
4
12
3
0
0
0
0
0
0
0
0
8
0
0
0
10
3
0
133
255
233
0
10
13
0
2
7
11
0
0
2
3
8
0
0
0
0
0
0
0
2
0
0
0
4
5
156
245
246
179
32
0
19
1
0
0
0
0
0
0
5
0
0
0
0
0
0
0
1
9
0
0
0
0
35
227
254
255
249
192
99
0
2
1
17
16
0
0
0
0
0
0
0
0
7
0
0
0
0
2
7
0
4
49
173
227
255
255
242
113
21
0
0
0
0
1
1
5
0
0
0
0
0
0
0
0
0
0
0
0
0
62
24
43
128
185
255
249
196
45
3
2
0
6
0
5
4
0
13
0
0
0
0
0
0
0
0
0
6
241
210
0
0
21
121
229
249
240
114
53
4
0
9
5
0
3
1
0
0
0
0
0
0
0
0
0
16
205
247
127
0
6
0
72
189
255
242
251
107
2
7
0
0
13
0
0
0
0
0
0
0
0
0
0
10
17
227
255
82
0
10
0
24
151
226
255
243
241
174
9
0
4
17
11
0
0
0
0
0
0
0
0
0
8
33
199
221
145
1
0
6
11
26
137
255
249
244
239
80
0
0
2
0
0
0
0
0
0
0
0
0
6
0
19
147
234
213
40
8
0
0
85
239
244
255
236
184
17
0
4
0
0
0
0
0
0
0
0
0
6
0
15
0
28
165
239
237
243
255
231
237
247
255
212
25
0
0
21
0
0
0
0
0
0
0
0
6
0
0
0
18
0
16
27
130
135
181
127
142
143
9
0
0
14
0
0
0
0
0
0
0
0
0
0
0
0
0
0
0
0
0
0
0
0
0
0
0
0
0
0
0
0
0
0
0
0
0
0
0
0
0
0
0
0
0
0
0
0
0
0
0
0
0
0
0
0
0
0
0
0
0
0
0
0
0
0
0
0
0
0
0
0
0
0
0
0
0
0
0
0
0
0
0
0
0
0
0
0
0
0
0
0
0
0
0
0
0
0
0
0
0
0
0
0
0
0
0
0
0
0
0
0
0
0
0
0
0
0
