1
0
0
0
0
0
0
0
0
0
0
0
0
0
0
0
0
11
0
0
12
0
4
0
1
0
0
0
0
0
0
0
0
0
0
0
0
0
0
0
0
0
0
0
0
0
22
0
0
11
5
7
0
0
0
0
0
0
0
0
0
0
0
0
0
0
0
0
0
0
0
0
0
17
0
6
7
7
0
0
6
0
0
0
0
0
0
0
0
0
0
0
0
0
0
0
0
0
0
0
0
0
4
0
9
0
0
16
0
0
0
0
0
0
0
0
0
0
0
0
0
0
0
0
0
0
0
0
0
4
8
10
8
128
244
80
9
0
0
0
0
0
0
0
0
0
0
0
0
0
0
0
0
0
0
0
0
12
0
0
122
255
253
83
0
0
0
0
0
0
0
0
0
0
0
0
0
0
0
0
0
0
0
0
0
10
18
147
249
238
85
0
11
0
0
0
0
0
0
0
0
0
0
0
0
0
0
0
0
0
0
0
0
0
172
255
241
204
13
0
0
0
0
0
0
0
0
0
0
0
0
0
0
5
3
0
13
0
0
8
0
64
255
255
194
27
0
0
0
0
0
0
0
0
0
0
0
0
0
0
0
0
6
0
0
8
0
4
63
196
255
245
95
0
0
10
0
0
0
0
0
0
0
0
0
0
0
0
0
0
1
1
0
0
16
0
172
255
251
172
10
0
2
5
0
0
0
0
0
0
0
0
0
0
0
0
0
7
0
0
6
0
0
40
228
252
227
61
0
13
5
0
2
0
0
0
0
0
0
0
0
0
0
0
0
0
4
0
10
6
2
180
234
255
151
0
0
7
3
0
10
0
0
0
0
0
0
0
0
0
0
0
0
0
0
3
0
0
135
251
255
221
29
0
2
0
6
5
0
0
0
0
0
0
0
0
0
0
0
0
0
6
0
0
0
21
253
244
254
108
0
6
2
0
1
10
0
0
0
0
0
0
0
0
0
0
0
0
0
0
14
0
2
158
247
249
186
11
1
8
0
2
0
4
3
0
0
0
0
0
0
12
0
5
0
0
0
0
6
0
49
252
246
237
111
0
0
0
0
0
0
0
0
0
0
0
0
4
0
5
0
5
0
3
2
2
15
21
154
255
248
134
0
0
0
0
0
0
0
0
0
0
0
0
0
5
0
0
2
5
0
7
0
5
0
143
255
248
252
53
0
0
0
0
0
0
0
0
0
0
0
0
0
2
1
0
2
3
0
6
0
0
83
255
244
241
78
0
18
0
0
0
0
0
0
0
0
0
0
0
0
0
7
0
0
2
3
2
3
89
237
255
244
72
9
0
2
0
0
0
0
0
0
0
0
0
0
0
0
0
8
2
0
1
6
0
54
228
255
211
97
0
6
18
0
0
0
0
0
0
0
0
0
0
0
0
0
0
4
4
0
2
2
0
133
252
252
50
0
9
0
0
5
0
0
0
0
0
0
0
0
0
0
0
0
3
0
4
0
3
0
0
195
255
65
10
7
2
4
0
4
0
0
0
0
0
0
0
0
0
0
0
0
0
0
0
0
0
0
0
0
0
0
0
0
0
0
0
0
0
0
0
0
0
0
0
0
0
0
0
0
0
0
0
0
0
0
0
0
0
0
0
0
0
0
0
0
0
0
0
0
0
0
0
0
0
0
0
0
0
0
0
0
0
0
0
0
0
0
0
0
0
0
0
0
0
0
0
0
0
0
0
0
0
0
0
0
0
0
0
0
0
0
0
0
0
0
0
0
0
0
0
0
0
0
0
0
0
0
0
0
0
0
0
0
