5
0
0
0
0
0
0
0
0
13
0
0
5
0
4
11
1
0
0
6
2
0
0
8
3
8
4
3
2
0
0
0
0
0
0
0
0
0
0
2
13
0
4
0
0
0
0
0
1
2
2
1
0
0
0
0
12
0
0
0
0
0
0
0
0
0
13
2
0
0
3
1
9
17
7
0
0
0
0
2
7
12
0
0
1
0
0
0
0
0
0
0
0
7
0
0
0
9
4
7
0
0
0
7
4
3
0
0
0
0
2
4
0
0
0
0
0
0
0
0
0
6
0
13
0
0
0
91
116
110
113
78
32
20
24
17
11
0
0
12
0
0
0
0
0
0
0
0
0
0
5
8
0
24
115
253
251
249
255
255
244
255
248
199
163
81
4
0
2
0
0
0
0
0
0
0
0
4
13
0
48
181
254
229
138
148
167
172
197
250
255
251
252
140
12
0
1
0
0
0
0
0
0
0
0
53
46
8
175
255
175
28
0
2
8
0
7
34
30
31
67
90
0
4
11
0
2
0
0
0
10
0
59
183
10
21
195
209
71
0
0
0
0
0
7
1
0
6
0
0
0
0
0
8
0
0
5
1
0
107
238
136
0
74
132
24
0
0
8
0
9
8
0
0
12
0
0
0
0
0
0
0
21
0
6
0
43
202
248
171
94
59
76
91
43
0
9
3
0
0
4
0
0
0
11
0
0
0
0
0
0
2
0
18
253
255
244
255
238
232
255
246
241
210
17
10
0
5
13
0
3
9
0
0
0
0
0
2
21
0
7
0
118
215
234
178
182
109
107
153
210
255
209
130
86
0
7
5
1
8
2
0
0
0
0
7
0
0
15
3
8
11
3
0
0
4
5
0
27
111
228
250
234
35
0
3
0
0
11
0
0
0
0
0
13
0
0
9
0
10
0
10
0
18
0
0
5
0
10
155
255
172
57
0
17
8
0
0
0
0
0
0
7
8
0
0
23
0
10
0
6
0
0
12
5
0
4
0
149
255
250
76
1
0
6
0
0
0
0
1
0
7
5
0
0
11
154
253
53
16
0
0
15
0
0
0
91
233
241
62
0
27
0
0
0
0
0
0
15
0
0
12
58
182
246
215
39
0
18
4
0
0
12
11
0
81
255
239
38
0
0
0
0
0
0
9
0
0
3
16
212
248
113
10
0
2
2
0
0
19
0
0
17
133
245
245
26
11
9
0
0
0
0
0
22
5
0
10
207
245
179
61
0
4
0
8
0
14
3
6
0
118
251
255
0
0
0
0
0
0
0
6
0
4
1
0
27
249
255
255
122
29
0
6
9
0
0
0
94
215
255
166
2
13
6
0
0
0
0
4
0
0
0
19
0
66
147
203
255
254
194
73
93
62
104
173
252
254
214
25
0
0
0
0
0
0
0
8
0
21
7
0
13
0
15
31
126
190
255
247
255
239
255
246
255
225
141
4
9
4
0
0
0
0
0
1
0
7
0
4
0
7
0
0
6
4
59
142
137
154
138
89
34
29
0
9
0
0
2
0
0
0
0
0
0
0
0
0
0
0
0
0
0
0
0
0
0
0
0
0
0
0
0
0
0
0
0
0
0
0
0
0
0
0
0
0
0
0
0
0
0
0
0
0
0
0
0
0
0
0
0
0
0
0
0
0
0
0
0
0
0
0
0
0
0
0
0
0
0
0
0
0
0
0
0
0
0
0
0
0
0
0
0
0
0
0
0
0
0
0
0
0
0
0
0
0
0
0
0
0
0
0
0
0
0
0
0
0
0
0
0
0
0
0
0
