8
0
0
0
0
0
0
0
0
2
1
0
14
0
5
3
0
1
0
10
3
0
3
4
0
0
0
0
0
0
0
0
0
0
0
0
0
0
5
13
0
0
0
8
0
0
0
0
6
5
0
5
5
0
0
0
0
0
0
0
0
0
0
0
0
0
14
5
0
27
1
0
6
2
10
0
0
3
0
7
0
0
0
0
0
0
0
0
0
0
0
0
0
5
0
0
5
0
0
0
6
0
0
7
5
0
0
8
0
0
0
0
0
0
0
0
0
0
0
0
0
8
0
16
59
229
255
250
227
79
0
0
11
0
0
0
8
0
0
0
0
0
0
0
0
0
0
0
0
0
1
54
255
241
129
8
183
245
84
0
0
13
1
0
11
0
0
0
0
0
0
0
0
0
0
0
0
0
36
236
240
133
9
13
12
223
202
59
0
8
0
0
0
0
0
0
0
0
0
0
0
0
0
0
0
18
174
240
96
0
3
0
7
14
255
167
17
0
0
21
0
0
0
0
0
0
0
4
9
0
0
5
0
31
252
222
0
6
8
0
5
0
134
250
118
5
0
0
0
0
0
0
0
4
0
0
0
0
4
0
0
144
239
81
11
2
0
0
0
4
18
194
140
0
0
7
0
0
0
0
0
0
0
5
0
2
5
0
6
211
203
0
0
0
4
15
2
0
14
209
139
2
1
0
2
0
0
0
0
0
0
14
0
1
0
0
66
252
189
13
0
0
0
0
0
28
106
243
119
5
5
0
14
0
0
0
0
9
0
5
0
0
0
13
119
247
167
5
0
19
0
62
160
219
238
255
117
6
4
0
0
0
0
0
0
12
0
0
1
6
0
2
71
255
198
3
66
158
162
221
255
255
255
237
66
0
4
9
7
0
0
0
0
1
0
0
8
7
0
0
1
147
251
215
255
255
241
255
255
255
236
255
120
1
0
0
0
0
0
0
0
0
6
4
1
0
0
11
0
18
148
247
255
252
255
255
249
179
36
202
189
10
0
12
0
0
0
0
0
0
0
0
0
0
0
0
0
4
123
240
231
168
154
173
99
20
0
137
255
98
0
0
0
0
0
0
0
0
0
0
0
0
0
0
0
5
113
255
100
2
8
0
10
0
12
87
242
195
7
7
2
0
0
0
0
0
0
0
0
0
0
0
0
0
186
250
38
2
0
13
0
0
3
77
242
166
0
0
8
0
0
0
0
0
0
0
0
0
0
0
0
4
194
233
6
14
0
2
6
14
0
129
255
69
9
1
0
0
0
0
0
0
0
0
0
0
0
0
0
36
229
245
0
0
0
8
1
0
53
230
233
0
10
2
0
0
0
0
0
0
0
0
0
0
0
0
0
3
190
254
82
20
0
0
3
96
232
253
104
0
0
0
4
0
0
0
0
0
0
0
0
0
0
0
0
0
33
228
255
205
170
140
255
236
255
122
0
14
10
6
0
0
0
0
0
0
0
0
0
0
0
0
0
10
0
50
218
253
255
255
244
180
92
0
1
0
0
0
4
0
0
0
0
0
0
0
0
0
0
0
0
0
0
0
0
0
0
0
0
0
0
0
0
0
0
0
0
0
0
0
0
0
0
0
0
0
0
0
0
0
0
0
0
0
0
0
0
0
0
0
0
0
0
0
0
0
0
0
0
0
0
0
0
0
0
0
0
0
0
0
0
0
0
0
0
0
0
0
0
0
0
0
0
0
0
0
0
0
0
0
0
0
0
0
0
0
0
0
0
0
0
0
0
0
0
0
0
0
0
0
0
0
0
0
0
