9
0
0
0
0
0
0
0
0
6
0
0
5
0
11
4
0
0
6
6
0
0
0
0
0
0
0
0
0
0
0
0
0
0
0
0
0
0
9
13
13
3
0
0
3
0
2
0
0
4
0
0
0
0
0
0
0
0
0
0
0
0
0
0
0
0
0
0
0
0
2
0
8
5
0
0
0
3
0
0
3
0
0
0
0
0
0
0
0
0
0
0
0
0
9
8
12
4
7
0
0
4
0
1
5
0
0
0
1
0
0
0
0
0
0
0
0
0
0
0
0
0
0
0
11
0
12
7
0
0
0
7
11
0
0
2
0
0
0
0
0
0
0
0
0
0
0
0
0
1
6
6
14
0
2
0
0
12
0
0
4
0
3
9
0
0
0
0
0
0
0
0
0
0
0
0
0
0
7
0
0
33
85
166
229
121
34
0
0
0
0
8
2
0
0
0
0
0
0
0
0
0
0
0
0
3
0
0
7
213
253
255
248
255
113
13
4
0
0
0
0
0
0
0
0
0
0
0
0
0
0
0
0
0
9
53
172
255
255
223
178
240
255
10
0
0
8
0
0
0
0
0
0
0
0
0
0
0
0
0
0
9
26
229
255
254
61
44
101
255
68
0
12
0
7
3
13
0
0
0
0
0
0
0
0
0
0
0
0
10
157
255
247
120
6
5
0
255
72
19
0
8
0
1
0
0
0
0
0
0
0
0
0
0
0
0
0
0
223
244
255
42
0
0
14
246
237
110
0
19
0
3
0
0
0
0
0
0
0
0
0
0
0
0
0
32
230
255
181
0
3
14
164
254
255
108
6
0
8
0
12
0
0
0
0
0
0
0
0
0
0
0
0
56
255
255
134
62
159
191
255
254
235
18
0
0
0
1
0
0
0
0
0
0
0
0
0
0
0
0
0
0
172
253
255
241
255
255
255
255
192
0
0
15
2
12
0
0
0
0
0
0
0
0
0
0
0
0
0
4
22
207
255
255
203
174
244
253
70
10
0
0
1
0
9
0
0
0
0
0
0
0
0
0
0
0
0
0
5
0
84
40
6
54
243
247
47
16
0
1
0
2
1
0
0
0
0
0
0
0
0
0
0
0
0
4
0
1
3
3
0
127
255
255
45
7
0
4
0
1
2
0
0
0
0
0
0
0
0
0
0
0
0
0
0
19
0
0
17
211
255
249
35
0
0
5
0
2
2
0
0
0
0
0
0
0
0
0
0
0
0
0
0
14
0
6
81
255
243
184
13
0
3
1
0
4
0
0
0
0
0
0
0
0
0
0
0
0
0
7
0
0
8
0
103
255
249
87
0
0
4
0
0
6
0
0
0
0
0
0
0
0
0
0
0
0
0
6
0
4
2
0
109
255
255
14
0
3
2
0
1
4
0
0
0
0
0
0
0
0
0
0
0
0
0
0
0
7
1
5
155
253
255
0
0
4
0
0
3
0
0
0
0
0
0
0
0
0
0
0
0
0
0
4
5
0
0
4
209
255
253
0
9
2
0
1
5
0
3
0
0
0
0
0
0
0
0
0
0
0
0
0
0
13
0
6
165
255
233
0
0
0
0
0
0
0
0
0
0
0
0
0
0
0
0
0
0
0
0
16
0
4
0
1
122
221
197
0
0
0
0
0
0
0
0
0
0
0
0
0
0
0
0
0
0
0
0
4
0
2
0
0
2
15
0
0
0
0
0
0
0
0
0
0
0
0
0
0
0
0
0
0
0
0
0
0
0
2
10
7
5
2
0
0
0
0
0
0
0
0
0
0
0
0
0
