4
0
0
0
0
0
0
0
0
0
0
0
0
0
0
0
0
3
0
0
17
0
3
8
0
0
0
0
0
0
0
0
0
0
0
0
0
0
0
0
0
0
0
0
0
0
10
0
0
3
0
11
0
0
0
0
0
0
0
0
0
0
0
0
0
0
0
0
0
0
0
0
0
0
0
0
0
14
14
0
2
0
0
0
0
0
0
0
0
0
0
0
0
0
0
0
0
0
0
0
0
17
0
0
14
0
0
10
0
0
0
0
0
0
0
0
0
0
0
0
0
0
0
0
0
0
0
0
0
0
0
2
11
6
47
192
78
0
0
0
0
0
0
0
0
0
0
0
0
0
0
0
0
0
0
0
0
3
1
5
0
0
174
166
19
0
0
0
0
0
0
0
0
0
0
0
0
0
0
0
0
0
0
0
0
3
0
1
5
76
230
65
0
0
0
0
0
0
0
0
0
0
0
0
0
0
0
0
0
0
0
0
0
0
8
0
20
189
96
1
0
0
0
0
0
0
0
0
0
0
0
0
0
0
0
13
0
17
0
0
4
3
0
0
109
187
0
0
6
0
0
0
0
0
0
0
0
0
0
0
0
0
1
0
15
0
0
4
0
0
4
53
201
69
0
0
0
0
0
0
0
0
0
0
0
0
0
0
0
2
8
13
1
61
10
4
0
1
37
239
138
0
0
15
1
0
0
0
0
0
0
0
0
0
0
0
0
5
0
0
32
239
69
19
0
0
94
241
19
9
0
0
0
0
0
0
0
0
0
0
0
0
0
0
0
0
14
15
220
242
6
0
0
42
255
118
0
0
0
4
7
0
0
0
0
0
0
0
0
0
0
0
0
8
0
113
254
98
14
10
0
132
227
6
0
24
0
0
0
0
0
0
0
0
0
0
0
0
0
0
0
0
25
222
167
4
21
23
32
240
118
53
93
175
36
6
1
0
0
0
0
0
0
0
0
0
0
0
0
33
178
247
222
227
247
246
255
255
249
244
201
101
0
6
0
0
0
0
0
0
2
0
0
0
26
0
66
216
233
255
212
114
131
204
249
128
80
29
5
0
0
0
4
0
0
0
0
2
9
0
0
0
0
57
230
254
109
28
0
0
0
210
201
15
0
0
0
5
2
0
0
0
0
0
0
0
0
2
13
9
16
179
248
53
0
7
0
5
140
245
30
1
0
0
7
7
0
0
0
0
0
0
0
9
0
6
0
0
0
73
11
0
10
5
12
35
255
139
9
2
0
0
0
0
0
1
8
0
0
0
0
0
6
0
0
19
2
0
1
1
4
0
0
214
171
12
0
0
0
0
0
2
0
0
0
0
0
0
0
3
0
0
1
0
0
0
10
0
0
7
96
255
50
16
0
11
7
4
3
4
2
0
0
0
0
0
0
6
0
6
11
0
12
13
0
6
1
50
218
105
7
0
0
0
0
0
0
0
1
7
9
0
0
0
0
2
0
2
4
0
0
0
0
0
1
177
97
0
8
0
7
0
2
7
6
3
0
0
0
0
0
0
0
0
0
0
0
0
0
0
0
0
0
0
0
0
0
0
0
0
0
0
0
0
0
0
0
0
0
0
0
0
0
0
0
0
0
0
0
0
0
0
0
0
0
0
0
0
0
0
0
0
0
0
0
0
0
0
0
0
0
0
0
0
0
0
0
0
0
0
0
0
0
0
0
0
0
0
0
0
0
0
0
0
0
0
0
0
0
0
0
0
0
0
0
0
0
0
0
0
0
0
0
0
0
0
0
0
0
0
0
0
0
0
0
