8
0
0
0
0
0
0
0
0
11
0
1
1
0
2
4
0
4
0
0
0
0
0
0
2
0
0
0
0
0
0
0
0
0
0
0
0
0
8
1
0
13
0
6
0
0
0
0
3
7
0
0
2
0
0
0
0
0
0
0
0
0
0
0
0
0
0
8
0
0
0
3
9
2
5
2
4
10
2
0
1
0
0
0
0
0
0
0
0
0
0
0
0
11
0
0
5
0
5
0
0
1
2
0
0
0
0
2
10
0
0
0
0
0
0
0
0
0
0
0
0
0
25
0
20
0
0
24
5
0
3
16
7
0
0
1
0
0
0
0
0
0
0
0
0
0
0
0
0
8
0
0
0
7
0
0
239
255
251
210
109
4
0
16
0
0
0
0
0
0
0
0
0
0
0
0
0
0
8
0
12
0
74
253
253
243
254
255
149
2
0
19
0
0
0
0
0
0
0
0
0
0
0
0
0
0
4
0
0
171
251
241
242
222
241
255
149
0
29
125
119
0
0
0
0
0
0
0
0
0
0
0
0
8
0
7
137
233
253
155
50
117
249
187
122
166
230
248
150
0
0
0
0
0
0
0
0
0
0
0
0
0
5
76
255
245
194
15
58
255
241
109
173
255
215
118
9
0
0
0
0
0
0
0
0
0
0
0
0
0
27
145
255
196
27
10
178
255
241
255
235
162
77
9
6
0
0
0
0
0
0
0
0
0
0
0
0
2
37
230
233
96
0
0
244
254
249
255
116
5
17
0
0
0
0
0
0
0
0
0
0
0
0
0
0
0
43
205
255
141
20
105
236
249
255
108
4
1
0
0
4
0
0
0
0
0
0
0
0
0
0
0
0
12
0
134
254
231
181
217
255
193
138
9
0
24
6
0
4
0
0
0
0
0
0
0
0
0
0
0
0
3
7
17
242
255
255
255
182
55
3
15
3
0
0
0
4
0
0
0
0
0
0
0
0
0
0
0
0
0
5
3
128
244
251
248
77
3
0
0
3
6
2
9
0
0
0
0
0
0
0
0
0
0
0
0
0
3
0
8
136
253
250
244
135
0
8
0
0
3
10
0
0
0
0
0
0
0
0
0
0
0
0
0
0
0
6
148
255
255
232
250
149
21
0
4
1
3
0
0
8
0
0
0
0
0
0
0
0
0
0
0
0
17
20
213
250
76
40
238
255
141
5
1
0
7
0
0
0
0
0
0
0
0
0
0
0
0
0
1
1
0
139
255
172
11
0
199
248
238
16
0
0
11
2
0
0
0
0
0
0
0
0
0
0
0
1
2
3
110
249
206
22
14
10
91
240
250
19
0
2
7
0
0
1
0
0
0
0
0
0
0
0
0
1
3
4
213
234
171
7
0
0
29
250
255
53
6
0
0
0
2
3
0
0
0
0
1
0
0
0
0
1
4
5
182
255
241
115
56
106
161
253
203
59
2
0
0
0
3
0
0
0
0
0
1
0
0
0
0
1
4
6
57
255
247
243
251
252
242
197
68
11
0
9
1
0
0
3
0
0
0
0
0
0
0
0
0
0
0
0
4
95
164
246
255
241
194
10
0
0
0
0
0
0
0
0
0
0
0
0
0
0
0
0
0
0
0
0
0
0
0
10
0
0
36
0
0
0
0
0
0
0
0
0
0
0
0
0
0
0
0
0
0
0
0
0
1
0
0
15
2
0
0
0
0
0
0
0
0
0
0
0
0
0
0
0
0
0
0
0
0
0
0
0
6
1
0
0
0
4
1
9
0
0
0
0
0
0
0
0
0
0
0
0
