5
0
2
4
0
0
8
12
0
0
6
7
0
1
0
0
4
6
0
8
0
12
5
0
0
0
0
0
0
0
0
9
13
0
0
0
7
4
0
0
3
7
2
3
0
0
11
0
2
4
0
13
0
0
0
0
0
15
0
0
0
7
5
0
0
5
0
0
9
0
0
0
0
8
0
3
0
6
7
4
1
0
0
0
0
0
7
8
0
0
0
4
12
0
0
0
6
0
0
1
5
0
0
14
0
0
8
0
3
0
0
0
0
0
3
0
4
12
0
0
0
0
9
0
0
10
11
0
0
0
11
0
3
1
2
12
1
0
0
0
0
5
4
0
0
0
1
110
255
254
227
171
86
49
1
0
3
0
0
12
5
0
7
0
0
0
0
0
0
2
0
0
6
7
5
104
255
236
209
255
255
255
221
239
220
205
129
127
123
164
209
73
17
0
0
0
0
0
6
4
4
0
0
101
254
162
23
29
47
105
134
237
225
228
237
238
232
189
150
52
0
0
0
0
0
6
0
2
0
9
0
55
252
229
14
0
3
0
0
6
0
0
11
0
0
8
0
10
2
0
0
0
0
0
0
3
0
2
0
14
144
246
149
14
0
11
4
0
0
2
0
6
0
9
10
0
0
0
0
0
0
0
0
8
0
0
0
0
42
255
242
32
0
0
0
11
5
18
1
11
0
0
0
0
17
0
0
0
0
5
0
7
0
0
8
0
6
207
248
50
14
25
66
100
104
71
111
74
12
0
0
23
0
0
0
0
0
1
0
2
0
0
3
1
4
31
255
242
183
234
255
241
249
255
255
245
218
95
2
7
0
0
0
0
0
0
0
3
4
1
0
0
2
0
153
246
254
253
178
91
109
91
100
169
255
255
134
0
7
0
0
0
0
0
7
2
2
7
0
0
0
13
152
255
158
19
7
1
0
0
10
0
22
149
251
124
0
0
0
0
0
0
10
0
0
5
4
0
0
0
8
37
23
0
10
0
2
2
3
0
1
12
203
250
37
0
0
0
0
7
5
0
0
6
0
52
24
0
0
5
0
4
7
0
11
4
0
4
2
0
163
247
44
0
0
0
0
0
2
0
1
2
0
205
48
11
0
5
1
0
0
0
0
12
1
0
1
0
112
255
74
0
0
0
0
0
0
4
5
0
0
255
129
0
0
9
10
4
12
3
0
0
0
0
18
5
67
255
132
0
0
0
0
6
0
1
6
0
0
137
232
72
3
0
3
0
0
4
5
4
11
8
7
0
30
238
163
0
0
0
0
6
0
3
0
2
11
17
230
219
69
0
6
2
7
17
0
0
3
7
1
9
135
247
147
0
0
0
0
0
0
8
0
2
7
0
100
248
246
128
18
1
0
0
8
16
1
0
0
97
255
232
67
0
0
0
0
0
5
2
0
0
0
0
0
49
233
254
172
117
40
12
56
1
5
57
129
239
255
139
0
0
0
0
0
0
3
0
12
0
5
0
0
1
30
120
235
250
228
250
241
223
210
247
255
232
79
6
5
0
0
0
0
0
0
0
0
0
0
0
0
0
11
2
41
129
160
162
199
255
224
161
88
27
0
0
1
0
0
0
0
0
0
0
0
0
0
0
0
0
0
0
0
15
8
0
10
0
0
0
0
0
0
6
15
0
0
0
0
0
0
0
0
0
0
0
0
8
10
4
5
10
0
0
0
5
7
9
7
2
0
0
0
0
0
0
0
0
0
0
0
0
0
0
0
0
0
0
6
1
0
1
6
0
0
0
0
0
1
4
6
0
0
0
0
