3
0
0
0
0
0
0
0
0
3
7
0
0
0
6
1
0
0
1
0
6
0
8
0
0
0
0
0
0
0
0
0
0
0
0
0
0
0
8
2
16
4
4
0
0
20
6
0
2
0
0
1
6
0
0
0
0
0
0
0
0
0
0
0
0
0
6
0
0
0
2
0
11
0
0
0
9
5
0
0
0
0
0
0
0
0
0
0
0
0
0
0
0
5
0
0
0
1
7
0
0
14
8
0
5
0
0
0
0
0
0
0
0
0
0
0
0
0
0
0
0
1
0
14
0
0
8
4
3
0
0
0
12
0
0
0
12
0
0
0
0
0
0
0
0
0
0
0
0
0
21
133
161
171
218
254
255
255
166
17
0
7
27
0
0
0
0
0
0
0
0
0
0
0
0
0
0
2
69
241
255
242
255
255
222
242
255
156
5
0
0
0
11
0
0
0
0
0
0
0
0
0
0
0
0
0
30
169
147
72
69
65
2
136
249
209
0
1
2
17
0
0
0
0
0
0
0
0
0
0
0
0
0
2
0
3
0
1
15
0
0
106
255
212
3
5
0
0
3
0
0
0
0
0
0
0
0
0
0
0
0
0
8
0
28
0
0
5
23
189
251
111
10
0
0
7
0
0
0
0
0
0
0
0
0
0
0
0
0
0
0
8
4
0
18
0
131
255
187
28
0
0
7
6
0
0
0
0
0
0
0
0
0
0
0
0
0
0
8
0
3
0
0
160
252
223
67
8
0
0
8
0
0
0
0
0
0
0
0
0
0
0
0
0
0
0
28
0
0
128
196
252
247
162
21
0
3
0
0
0
11
0
0
0
0
0
0
0
0
0
0
0
0
4
0
53
199
249
250
251
255
225
133
0
6
6
1
0
2
0
0
0
0
0
0
0
0
0
0
0
0
4
45
253
255
247
226
38
20
227
251
87
0
5
5
4
0
0
0
0
0
0
0
0
0
0
0
0
0
0
38
183
204
123
0
4
5
91
255
215
1
0
0
1
2
0
0
0
0
11
0
0
11
1
0
5
0
0
0
0
0
1
0
0
7
5
255
236
53
0
3
3
0
0
0
0
0
4
0
2
5
0
0
7
0
1
13
0
0
0
1
16
0
66
250
248
0
4
8
0
0
0
0
0
0
0
1
6
1
0
3
2
0
0
0
0
0
17
4
0
30
119
253
229
0
16
1
0
6
0
0
0
0
0
0
2
0
3
2
0
5
4
20
0
8
0
0
19
0
201
254
138
6
9
0
0
5
0
0
0
0
3
0
1
0
0
0
15
97
0
0
10
6
8
0
22
180
255
197
35
0
0
3
1
0
0
0
0
0
0
0
5
0
0
4
69
227
23
8
0
0
0
53
195
249
230
82
7
0
0
7
0
3
0
0
0
0
0
0
6
0
6
7
68
245
137
38
0
42
148
237
246
246
81
5
8
1
3
0
0
6
0
0
0
0
1
0
4
0
6
0
12
163
255
227
220
241
251
255
196
67
0
3
0
6
1
0
6
0
0
0
0
0
0
2
1
0
0
0
10
19
129
197
255
255
183
87
23
0
0
0
0
0
0
0
0
0
0
0
0
0
0
1
2
0
0
0
4
9
7
6
4
2
1
0
0
0
0
0
0
0
0
0
0
0
0
0
0
0
0
0
3
2
0
0
0
0
0
0
0
0
3
7
3
0
0
0
0
0
0
0
0
0
0
0
0
0
0
0
2
2
0
0
0
0
0
3
9
8
1
0
0
0
0
0
0
0
0
0
0
0
0
0
0
0
