3
0
2
0
0
15
1
0
1
2
4
0
0
4
2
0
6
0
3
0
3
0
8
1
4
0
0
0
0
0
12
3
0
0
0
2
13
0
0
6
9
0
0
6
0
8
4
0
10
5
10
0
0
0
0
0
0
6
0
0
3
10
3
0
0
0
0
0
7
0
0
3
2
0
0
0
4
0
0
0
20
0
0
0
0
0
0
7
3
0
6
6
13
12
5
0
0
12
1
0
8
5
3
1
8
10
9
0
0
0
0
0
0
0
6
14
0
0
11
0
0
0
0
4
0
0
0
10
0
0
2
2
0
0
1
9
6
0
0
0
0
9
0
0
0
8
2
0
68
137
173
255
252
172
156
120
4
0
2
7
0
0
0
3
0
0
0
0
0
4
0
5
6
1
0
44
231
242
240
255
251
230
251
255
218
191
129
71
20
13
0
1
2
0
0
0
0
1
2
2
0
8
2
3
121
150
107
22
19
99
126
148
225
236
242
255
223
139
19
0
3
0
0
0
0
0
0
0
0
0
0
0
0
0
6
0
0
20
0
0
1
9
88
241
255
171
0
4
0
0
0
0
0
0
0
0
0
0
0
0
0
3
4
1
14
0
0
3
31
116
229
255
235
48
5
0
7
0
0
0
0
0
0
0
0
0
0
0
0
0
0
5
0
10
43
155
255
253
213
115
63
0
4
6
0
0
0
0
0
0
0
0
0
0
0
0
0
4
1
9
64
178
233
249
182
119
38
2
0
9
0
11
1
0
0
0
0
0
0
0
0
0
0
0
0
13
0
0
225
249
190
87
4
0
0
7
11
4
0
0
3
0
0
0
0
0
0
0
0
0
0
0
0
0
0
0
210
251
82
0
7
21
6
0
0
0
6
0
0
0
0
0
0
0
0
0
0
0
0
0
0
0
17
14
67
248
222
101
2
4
0
0
0
12
2
0
14
0
0
0
0
0
0
0
0
0
0
0
0
11
0
6
0
95
255
255
120
0
4
9
3
0
10
0
2
0
0
0
0
0
0
0
0
0
0
0
0
0
0
9
0
11
90
207
233
77
0
0
13
0
7
0
0
0
0
0
0
0
0
0
0
0
0
0
0
0
7
0
0
0
16
108
247
255
98
7
0
0
0
10
0
0
0
0
0
0
0
0
0
0
0
0
0
2
6
0
1
0
0
0
94
234
255
130
1
17
0
0
16
0
0
0
0
0
0
0
0
0
0
0
0
7
0
0
7
0
7
0
16
102
251
255
82
0
0
1
1
0
0
0
0
0
0
0
0
0
0
0
0
0
0
16
0
0
3
0
0
15
137
253
117
2
0
0
1
0
0
0
0
0
0
0
0
0
0
0
0
0
102
114
12
0
0
5
10
0
65
254
149
0
0
15
0
0
0
0
0
0
0
0
0
0
0
0
0
5
174
248
213
135
50
26
6
52
178
255
93
20
3
0
12
0
0
0
0
0
0
0
0
0
0
0
0
0
2
55
224
253
233
255
253
245
255
225
41
0
0
15
0
0
0
0
0
0
0
0
0
0
0
0
0
1
1
8
30
71
125
177
209
240
147
44
0
0
8
3
0
0
0
0
0
0
0
0
0
0
0
0
0
0
0
0
0
0
2
4
6
11
3
0
5
3
0
0
3
0
0
0
0
0
0
0
0
0
0
0
0
8
9
9
9
6
2
0
0
0
0
0
2
0
0
0
11
0
0
0
0
0
0
0
0
0
0
0
0
0
0
0
0
0
0
3
6
12
4
1
7
10
6
0
0
0
0
0
0
