8
0
0
0
0
0
0
0
0
1
0
0
0
0
9
3
0
0
3
0
4
0
0
16
0
0
0
0
0
0
0
0
0
0
0
0
0
4
0
0
6
2
0
0
13
2
0
21
0
2
9
0
10
0
0
0
0
0
0
0
0
0
0
0
0
3
0
0
5
0
6
13
0
0
16
0
1
0
7
0
6
0
0
0
0
0
0
0
0
0
0
0
0
0
11
1
0
0
0
0
0
0
10
0
4
4
0
6
0
0
0
0
0
0
0
0
0
0
0
0
0
0
37
179
255
210
223
255
194
70
0
21
0
16
0
0
5
0
0
0
0
0
0
0
0
0
0
0
0
54
220
255
240
255
255
253
251
226
96
0
0
0
5
0
5
0
0
0
0
0
0
0
0
0
0
0
0
81
255
255
229
255
253
241
255
255
234
41
10
0
10
0
0
0
0
0
0
0
0
0
0
0
0
0
0
145
241
255
255
213
116
119
169
238
255
190
4
9
3
0
5
0
0
0
0
0
0
0
0
0
0
0
0
134
255
255
224
43
0
0
9
114
255
247
31
0
3
0
4
0
0
0
0
0
0
0
0
0
0
0
0
53
247
245
115
0
20
0
0
2
248
255
110
11
4
0
1
0
0
0
0
0
0
0
0
0
1
3
4
39
252
255
194
47
0
38
59
171
242
251
194
0
9
0
0
0
0
0
0
1
0
0
0
0
2
4
6
45
255
243
238
249
203
248
255
252
255
253
255
25
0
0
17
0
0
0
0
1
0
0
0
0
2
4
6
248
245
255
251
251
255
255
249
255
251
238
255
41
0
24
0
0
0
0
0
0
0
0
0
0
1
3
4
40
199
255
243
253
255
250
247
243
255
255
255
247
179
2
0
0
0
0
0
0
0
0
0
0
0
0
0
32
201
233
255
255
231
255
255
255
247
255
233
255
255
62
16
0
0
0
0
0
0
0
0
0
0
0
0
54
255
255
235
255
251
174
99
5
94
34
96
220
255
194
14
0
0
0
0
0
0
0
0
0
0
0
0
63
243
255
238
235
62
0
14
0
2
0
1
92
242
246
63
0
0
0
0
0
0
0
0
0
0
0
0
66
241
255
255
61
19
0
0
0
10
0
0
115
255
255
109
0
0
0
0
0
0
0
0
0
0
0
0
98
255
246
216
60
0
0
9
6
0
21
70
229
243
252
182
0
0
0
0
0
0
0
0
0
0
0
0
112
237
253
255
255
184
142
56
123
205
215
255
236
255
255
231
0
0
0
0
0
0
0
0
0
0
0
0
67
253
255
247
243
241
253
248
252
252
255
255
253
243
233
168
0
0
0
0
0
0
0
0
0
0
0
0
9
178
241
250
255
255
242
255
255
255
240
255
249
252
159
23
0
0
0
0
0
0
0
0
0
0
0
0
0
32
168
234
254
255
255
239
248
252
255
243
194
72
14
0
0
0
0
0
0
0
0
0
0
0
0
0
4
0
0
43
162
247
184
176
168
246
172
87
0
3
0
14
0
0
0
0
0
0
0
0
0
0
0
0
0
0
0
0
0
0
0
0
0
0
0
0
0
0
0
0
0
0
0
0
0
0
0
0
0
0
0
0
0
0
0
0
0
0
0
0
0
0
0
0
0
0
0
0
0
0
0
0
0
0
0
0
0
0
0
0
0
0
0
0
0
0
0
0
0
0
0
0
0
0
0
0
0
0
0
0
0
0
0
0
0
0
0
0
0
0
0
0
0
0
0
0
0
0
0
0
0
0
0
0
0
0
0
0
