4
0
0
0
0
0
0
0
0
0
4
0
0
2
9
0
0
2
0
0
0
0
4
7
0
0
0
0
0
0
0
0
0
0
0
0
0
4
0
17
0
3
0
0
5
0
0
5
5
0
0
0
0
0
0
0
0
0
0
0
0
0
0
0
0
2
0
0
0
0
15
0
0
6
6
0
0
5
6
1
4
0
0
0
0
0
0
0
0
0
0
0
0
0
15
0
14
0
0
0
6
2
3
0
0
0
1
0
3
0
0
0
0
0
0
0
0
0
0
0
0
0
0
9
0
12
1
0
1
0
6
10
8
3
0
0
1
0
0
0
0
0
0
0
0
0
0
0
0
7
16
0
14
74
242
55
15
8
0
0
0
0
5
10
0
0
0
0
0
0
0
0
0
0
0
0
0
0
0
3
12
207
255
82
0
2
0
2
10
0
0
9
0
0
0
0
0
0
0
0
0
0
0
0
0
0
13
0
167
248
176
0
10
0
19
87
92
14
0
9
2
0
0
0
0
0
7
0
1
5
0
1
2
0
3
79
251
214
14
0
11
1
3
207
106
2
0
7
0
0
0
0
0
3
5
0
0
0
0
2
0
11
7
201
250
178
0
8
0
0
45
250
100
0
7
0
0
0
0
0
0
1
0
0
0
0
6
9
0
0
102
255
241
27
9
0
14
10
114
255
91
0
4
1
10
0
0
0
0
0
0
4
3
0
8
3
0
30
210
255
128
0
0
0
1
0
115
250
122
4
0
11
0
0
0
0
0
5
0
8
1
0
0
0
0
163
255
171
0
12
0
28
2
7
90
255
169
6
0
0
0
0
0
0
0
8
0
6
0
0
2
1
49
244
255
78
8
1
0
6
0
0
35
255
190
0
9
0
15
0
0
0
0
2
0
5
0
6
6
8
94
255
224
82
12
0
0
4
21
0
42
240
194
9
16
0
1
0
0
0
0
0
0
6
0
9
0
0
97
244
255
253
249
255
255
158
164
170
208
255
185
0
0
14
0
0
0
0
0
0
0
0
0
0
0
0
0
75
145
224
255
254
247
253
255
252
249
243
126
8
0
1
0
0
0
0
0
0
0
0
0
0
0
0
0
0
2
13
27
46
62
64
57
63
113
254
122
0
0
19
0
0
0
0
0
0
0
0
0
0
0
0
0
7
0
0
0
0
9
8
1
3
95
255
131
1
3
0
0
0
0
0
0
0
0
0
0
0
0
0
0
0
0
8
6
0
0
0
0
5
138
243
63
0
8
0
9
0
0
0
0
0
0
0
0
0
0
0
0
1
0
0
0
0
2
3
4
0
173
243
50
3
1
9
0
0
0
0
0
0
0
0
0
0
0
0
0
6
0
0
0
0
0
3
7
2
201
255
186
14
2
0
0
0
0
0
0
0
0
0
0
0
0
0
0
0
0
5
7
1
0
0
3
0
198
238
222
10
4
0
11
0
0
0
0
0
0
0
0
0
0
0
0
4
0
0
3
5
0
0
0
0
215
255
113
8
0
6
0
0
0
0
0
0
0
0
0
0
0
0
0
0
0
0
0
0
0
0
0
4
141
230
73
0
0
16
0
0
0
0
0
0
0
0
0
0
0
0
0
0
0
0
0
0
0
0
0
0
0
21
0
9
4
1
0
0
0
0
0
0
0
0
0
0
0
0
0
0
0
0
0
0
0
0
0
11
0
0
0
0
0
0
11
0
0
0
0
0
0
0
0
0
0
0
0
0
0
0
0
0
0
0
0
5
10
4
6
0
9
1
4
0
0
0
0
