2
1
0
0
0
8
10
0
4
4
2
7
0
0
3
1
6
9
0
0
10
5
3
9
0
0
0
0
0
1
5
13
6
4
0
8
0
0
0
0
11
9
0
0
0
0
17
12
0
7
0
0
1
0
0
0
0
0
0
2
0
0
0
24
0
0
15
0
0
0
0
17
3
0
0
0
0
11
3
0
21
0
0
0
0
0
2
0
0
4
0
5
0
0
5
0
11
10
0
9
0
8
0
6
25
0
12
0
0
0
0
0
0
0
7
0
5
4
0
0
14
124
243
255
249
249
255
247
132
244
74
0
0
0
3
0
9
0
0
0
0
0
7
0
0
0
0
70
149
244
255
248
255
254
247
255
250
252
226
176
10
0
4
16
0
0
0
0
0
2
12
0
0
2
14
213
255
248
250
251
255
255
249
250
252
255
255
236
83
9
0
0
0
0
0
0
0
0
1
0
0
8
0
255
251
253
255
255
252
250
255
254
254
255
239
255
228
56
17
0
7
0
0
0
0
0
9
0
0
16
0
207
255
248
255
215
204
69
32
37
254
255
251
252
254
119
0
9
0
0
0
0
0
0
6
0
1
0
0
81
115
143
98
19
18
0
0
26
242
246
247
255
241
128
4
0
5
0
0
0
0
0
1
1
6
0
3
0
10
5
9
0
0
5
1
163
253
240
255
248
248
106
9
0
1
0
0
0
0
0
5
0
0
0
20
0
0
0
21
0
4
16
155
255
251
255
253
247
133
11
0
10
5
0
0
0
0
0
12
0
0
0
7
0
4
5
8
5
3
146
255
251
255
255
230
255
16
0
0
4
0
0
0
0
0
0
9
0
1
4
0
3
0
1
0
20
150
255
250
253
255
248
255
191
11
18
5
4
0
0
0
0
0
0
0
0
10
1
0
5
0
3
10
36
255
245
249
252
244
239
207
37
1
0
0
8
4
0
0
0
0
10
0
0
9
0
5
0
5
1
33
228
247
255
255
246
255
204
11
0
0
13
2
0
0
0
0
0
0
5
2
0
0
12
0
0
1
39
201
255
246
255
255
244
254
73
25
0
0
5
0
0
6
3
2
0
2
0
0
0
0
6
13
9
0
107
235
255
242
254
255
255
248
126
47
37
63
55
57
52
20
0
0
6
5
12
3
9
0
0
2
0
10
227
255
250
253
255
240
255
253
255
251
255
255
232
254
240
155
79
6
0
0
0
0
0
5
0
0
1
130
255
255
243
255
255
249
255
255
253
253
241
249
255
255
255
255
237
65
4
3
7
10
4
7
9
0
0
169
245
253
255
248
244
255
253
244
246
255
255
255
253
236
248
253
210
47
0
0
0
1
0
0
12
6
10
129
250
255
255
253
246
247
252
255
254
254
248
252
242
253
227
100
45
0
0
0
8
7
6
0
0
0
0
17
171
245
240
255
255
249
255
214
162
156
158
156
65
0
21
0
0
0
17
14
5
0
3
9
0
0
24
0
62
255
255
250
255
250
233
58
0
6
0
10
12
0
0
0
5
1
0
0
0
0
0
0
0
0
0
0
0
0
0
0
0
0
0
0
0
0
0
0
0
0
0
0
0
0
0
0
0
0
0
0
0
0
0
0
0
0
0
0
0
0
0
0
0
0
0
0
0
0
0
0
0
0
0
0
0
0
0
0
0
0
0
0
0
0
0
0
0
0
0
0
0
0
0
0
0
0
0
0
0
0
0
0
0
0
0
0
0
0
0
0
0
0
0
0
0
0
0
0
0
0
0
0
0
0
0
0
0
0
0
0
