9
0
0
0
0
0
0
0
0
0
0
0
4
1
0
0
6
0
7
2
0
0
0
3
8
0
0
0
0
0
0
0
0
0
0
0
0
8
0
0
0
0
0
0
0
0
4
8
9
7
1
0
0
0
0
0
0
0
0
0
0
0
0
0
0
0
0
0
2
9
13
7
0
0
0
0
0
0
3
10
8
0
0
0
0
0
0
0
0
0
0
0
0
0
5
6
0
0
0
0
0
12
0
3
9
0
0
0
0
0
0
0
0
0
0
0
0
0
0
0
0
2
3
0
0
0
0
6
9
0
0
0
0
0
0
0
1
0
0
0
0
0
0
0
0
0
0
0
0
0
0
0
4
8
3
0
0
3
12
6
0
8
6
0
2
0
0
0
0
0
0
0
0
0
0
0
0
4
0
0
5
0
0
0
10
0
12
0
0
5
11
0
0
0
0
0
0
0
0
0
0
0
0
0
0
0
0
0
3
1
22
90
161
254
225
106
5
1
3
0
10
0
0
0
0
10
0
0
12
0
1
7
0
0
5
2
7
114
205
255
248
248
255
249
61
0
0
13
0
0
0
4
0
0
2
6
0
11
0
5
0
2
10
57
155
255
252
249
238
228
255
244
247
3
0
150
212
105
0
0
2
0
16
0
6
7
6
0
14
27
175
255
237
251
234
100
2
0
251
252
160
4
174
255
251
148
0
0
5
5
0
8
6
0
22
0
138
255
225
255
255
148
31
0
0
15
191
254
211
217
255
238
220
71
0
5
6
0
26
0
5
2
0
187
244
255
255
138
67
15
0
25
0
0
117
242
255
255
255
216
30
0
1
0
3
4
0
0
0
7
153
249
255
243
137
27
0
5
0
0
76
189
254
255
251
237
249
119
0
0
13
0
1
0
5
0
5
4
255
251
233
154
0
4
12
2
135
202
246
242
255
245
249
255
180
0
7
9
6
0
1
0
12
1
0
0
254
253
255
255
246
174
232
255
249
255
250
252
255
252
244
178
0
4
0
0
0
11
3
0
1
8
0
3
123
237
253
252
255
239
255
234
185
94
229
255
246
251
128
0
0
0
5
0
0
0
0
8
0
0
17
0
0
98
213
231
205
193
86
34
0
96
255
244
234
92
2
10
1
0
3
0
0
0
0
0
4
10
6
0
0
4
5
0
22
0
11
0
59
252
243
254
106
0
0
1
11
0
5
0
0
0
0
0
7
0
0
4
8
0
0
0
0
0
6
31
203
255
255
168
0
0
21
0
3
0
0
0
0
0
0
0
4
0
0
0
0
0
25
0
1
9
43
216
255
245
201
13
0
0
12
0
0
13
0
0
0
0
0
0
15
8
0
8
13
0
0
7
16
0
97
255
248
232
49
0
0
0
0
1
5
0
5
0
0
0
0
0
0
0
4
5
0
0
17
0
0
23
193
234
251
116
0
27
0
11
0
0
13
0
13
0
0
0
0
4
0
0
0
1
3
0
0
0
3
0
210
255
191
0
7
0
4
0
2
2
0
2
0
0
0
0
0
0
0
0
0
0
0
0
0
0
0
1
204
255
177
0
11
0
0
0
0
0
0
0
0
0
0
0
0
0
0
0
0
0
0
0
0
0
8
13
155
255
226
53
0
0
0
0
0
0
0
0
0
0
0
0
0
0
0
0
0
0
0
0
0
12
0
0
47
202
232
112
2
0
0
0
0
0
0
0
0
0
0
0
0
0
0
0
0
0
0
0
0
0
14
15
0
11
0
0
0
0
0
0
0
0
0
0
0
0
0
0
0
