5
0
0
0
0
0
0
0
0
3
0
1
0
6
3
0
1
1
0
2
7
0
0
4
1
1
0
6
0
0
0
0
0
0
0
0
0
0
5
8
0
0
0
4
7
8
0
0
0
0
0
5
6
0
0
0
0
0
0
0
0
0
0
0
0
1
2
0
0
0
5
8
0
0
0
5
7
5
1
0
0
4
10
1
12
0
0
0
0
0
0
0
0
1
0
0
9
8
1
8
0
0
0
0
0
0
0
0
0
1
0
0
0
0
0
0
0
0
0
0
0
0
2
2
2
0
0
7
8
5
14
5
0
6
6
0
0
11
0
15
0
0
0
0
0
0
0
0
0
1
7
8
0
0
10
0
0
24
30
6
0
0
3
0
8
0
0
10
0
0
0
0
0
0
0
0
0
6
0
7
0
7
13
0
54
242
226
158
96
84
80
75
89
58
59
0
0
0
0
0
0
0
0
0
0
2
0
13
0
0
0
16
196
247
255
249
236
255
255
249
255
255
227
3
7
2
2
0
0
0
0
0
0
0
13
0
12
7
0
92
249
245
252
250
249
255
255
196
194
162
82
8
0
2
1
0
0
0
0
0
0
6
13
0
0
6
56
243
255
255
193
134
127
26
33
28
0
4
0
0
3
2
1
0
0
0
0
0
0
11
0
13
16
3
191
255
234
124
0
13
0
18
0
5
1
0
0
6
10
1
1
0
0
0
0
0
1
0
13
0
6
158
240
255
255
10
8
0
7
2
0
6
0
14
5
0
0
1
0
0
0
0
0
1
1
3
0
20
135
255
253
234
255
125
19
17
0
0
4
0
6
0
0
0
0
0
0
0
0
0
0
1
2
0
86
208
254
226
255
248
240
255
173
37
6
4
0
0
0
0
6
9
7
0
0
0
0
0
0
1
2
111
224
245
255
251
96
152
255
245
249
228
26
7
0
13
0
3
0
0
0
0
0
0
0
0
0
2
2
239
255
253
231
100
0
0
51
213
249
250
199
0
0
0
1
5
2
4
6
0
0
7
0
0
9
0
36
236
255
174
33
0
1
0
4
0
95
239
235
34
1
0
10
0
0
0
0
2
0
0
22
0
0
10
0
115
86
22
0
4
14
0
0
1
45
245
243
40
1
1
0
0
0
0
0
5
2
8
0
3
11
3
18
6
0
0
5
1
0
0
6
121
232
255
193
3
1
3
1
0
0
0
0
0
0
0
7
5
7
179
91
4
0
0
4
0
0
57
144
255
255
246
67
0
14
3
0
0
0
0
0
0
0
4
8
0
0
255
150
46
31
48
143
241
248
229
252
255
226
40
3
6
10
0
10
0
0
0
0
1
7
12
0
0
8
252
239
242
255
255
243
252
255
255
255
184
32
8
0
0
0
2
7
0
0
0
0
0
3
0
16
0
2
250
251
253
253
255
252
223
218
166
67
0
0
0
21
1
0
7
0
0
0
0
0
0
11
0
2
2
0
49
162
183
83
72
77
8
0
25
0
5
3
7
0
0
0
6
0
0
0
0
0
0
0
0
0
0
0
0
0
0
0
0
0
0
0
0
0
0
0
0
0
0
0
0
0
0
0
0
0
0
0
0
0
0
0
0
0
0
0
0
0
0
0
0
0
0
0
0
0
0
0
0
0
0
0
0
0
0
0
0
0
0
0
0
0
0
0
0
0
0
0
0
0
0
0
0
0
0
0
0
0
0
0
0
0
0
0
0
0
0
0
0
0
0
0
0
0
0
0
0
0
0
0
0
0
0
0
0
0
0
0
0
0
