6
0
0
0
0
0
0
0
0
2
0
5
3
17
0
16
0
0
0
0
0
0
0
0
0
0
0
0
0
0
0
0
0
0
0
0
0
0
4
0
0
0
0
0
7
0
0
0
0
0
0
0
0
0
0
0
0
0
0
0
0
0
0
0
0
0
9
0
2
17
71
226
121
0
0
0
0
0
0
0
0
0
0
0
0
0
0
0
0
0
0
0
0
6
7
0
0
0
94
255
100
0
0
0
0
0
0
0
0
0
0
0
0
0
0
0
0
0
0
0
0
0
0
0
11
31
218
240
128
0
0
0
0
0
0
0
0
0
0
0
0
0
0
0
0
0
0
0
0
0
5
4
0
61
255
245
69
0
0
0
0
0
0
0
0
0
0
0
0
0
0
0
0
0
0
0
0
0
0
3
0
126
245
255
7
0
0
0
0
0
0
0
0
0
0
0
0
0
0
0
0
0
0
0
0
9
0
6
37
210
254
138
0
0
0
0
0
0
0
0
0
0
0
0
0
0
0
0
0
0
0
0
0
0
7
0
172
241
247
37
0
0
0
0
12
2
0
4
0
0
0
0
0
0
0
0
0
0
0
0
0
3
2
6
222
255
184
0
15
5
10
0
5
0
0
4
8
0
0
0
0
0
0
0
0
0
0
0
0
0
17
119
255
231
66
4
0
0
70
95
67
57
7
15
0
0
0
0
0
0
0
0
0
0
0
0
0
11
0
244
247
229
33
8
128
200
231
255
255
217
3
0
0
0
0
0
0
0
0
0
0
0
0
0
0
0
4
255
255
214
123
249
245
253
252
247
255
238
51
10
0
0
0
0
0
0
0
0
0
0
0
0
0
0
83
241
254
255
255
255
232
186
108
72
248
255
84
0
0
0
0
0
0
0
0
0
0
0
0
0
0
22
210
243
255
237
255
180
36
1
0
23
224
249
100
21
0
0
0
0
0
0
0
0
0
0
0
0
0
99
246
253
255
255
212
13
2
0
12
106
251
234
14
0
1
0
0
0
0
0
0
0
0
0
0
0
0
88
255
252
245
244
111
0
3
0
66
243
255
69
20
0
8
0
0
0
0
0
0
0
0
0
0
0
0
91
255
246
255
255
199
5
0
65
255
252
128
1
0
0
1
0
0
0
0
0
0
0
0
0
0
0
0
90
255
252
234
191
44
46
108
210
251
165
66
0
9
0
5
0
0
0
0
0
0
0
0
0
0
0
0
37
192
248
255
255
240
255
255
255
228
30
0
4
0
14
0
0
0
0
0
0
0
0
0
0
0
0
0
0
25
255
237
255
248
238
255
181
37
0
11
0
0
0
1
0
0
0
0
0
0
0
0
0
0
0
0
9
9
9
201
213
159
153
62
0
23
0
0
10
11
0
0
0
0
0
0
0
0
0
0
0
0
0
0
4
0
7
5
0
0
6
0
21
0
3
3
0
0
0
15
0
0
0
0
0
0
0
0
0
0
0
0
0
0
12
0
12
11
0
7
0
0
0
2
0
0
8
0
0
0
0
0
0
0
0
0
0
0
0
0
0
0
0
0
0
0
0
0
0
0
0
0
0
0
0
0
0
0
0
0
0
0
0
0
0
0
0
0
0
0
0
0
0
0
0
0
0
0
0
0
0
0
0
0
0
0
0
0
0
0
0
0
0
0
0
0
0
0
0
0
0
0
0
0
0
0
0
0
0
0
0
0
0
0
0
0
0
0
0
0
0
0
0
0
0
0
0
0
0
0
0
0
0
0
0
0
0
0
0
0
0
0
0
0
