2
0
0
0
0
0
0
0
0
0
0
0
7
2
0
3
1
0
0
4
3
0
2
7
0
0
0
0
0
0
0
0
0
0
0
0
0
0
17
0
0
0
0
18
0
11
0
0
0
8
0
2
0
0
0
0
0
0
0
0
0
0
0
0
0
0
12
3
0
0
0
6
11
0
0
16
1
0
0
6
4
0
0
0
0
0
0
0
0
0
0
0
0
2
0
0
0
10
10
0
0
7
0
0
0
9
0
4
0
0
0
0
0
0
0
0
0
0
0
0
0
7
0
10
0
16
87
170
255
196
92
15
0
5
0
4
0
0
0
0
0
0
0
0
0
0
0
0
0
0
0
11
174
255
238
255
241
255
244
172
60
0
0
12
0
0
0
0
0
0
0
0
0
0
0
0
0
14
0
199
255
243
192
32
37
68
225
255
157
0
1
7
0
0
0
0
0
0
0
0
0
0
0
0
0
0
133
253
235
80
0
19
0
0
162
238
175
11
0
0
7
0
0
0
0
0
0
0
0
0
0
0
0
0
173
252
153
5
0
5
2
0
144
251
210
2
0
2
0
0
0
0
0
0
0
0
0
0
0
0
0
0
187
255
158
14
0
0
0
15
168
255
145
8
0
0
8
0
0
0
0
0
0
0
0
0
0
0
0
0
67
207
255
106
12
4
9
18
234
250
194
11
2
0
0
0
0
0
0
0
0
0
0
0
0
0
0
11
1
73
121
24
0
6
0
64
255
253
238
1
0
6
0
0
0
0
0
0
0
0
0
0
0
0
0
0
4
0
1
11
17
0
3
167
244
255
123
0
0
1
5
0
0
0
0
0
0
0
0
0
0
0
0
1
4
6
60
71
28
0
32
232
255
205
9
5
0
5
0
0
0
0
0
0
0
0
0
0
0
0
0
0
89
197
255
250
243
213
186
248
255
75
0
4
2
8
0
0
0
0
0
0
0
0
0
0
0
0
0
77
210
255
250
228
255
255
254
255
193
14
4
0
5
0
6
0
0
0
0
1
0
5
0
0
3
0
44
233
255
247
132
0
124
255
249
255
89
0
0
10
8
0
6
0
0
0
0
1
0
7
0
1
0
4
121
254
248
158
3
32
150
235
253
242
251
31
24
0
0
17
0
0
0
0
0
1
0
2
8
1
0
20
224
255
219
23
10
188
249
255
201
255
254
170
0
0
12
0
15
0
0
0
0
1
0
0
3
0
3
29
255
249
162
68
213
255
247
191
0
215
234
255
84
108
0
0
0
0
0
0
0
0
4
0
0
0
6
14
205
251
255
249
255
245
161
19
0
101
255
255
240
231
0
22
0
0
0
0
0
0
7
0
2
0
3
0
88
255
244
250
156
80
23
0
0
0
227
245
255
228
0
0
11
0
0
0
0
0
5
0
4
0
0
0
8
23
45
28
0
5
0
7
0
0
187
255
255
197
0
7
0
0
0
0
0
1
0
0
3
0
0
16
0
0
0
3
1
0
12
0
11
0
40
188
168
47
0
3
0
0
0
0
0
0
0
0
0
0
0
0
0
0
0
0
0
0
0
0
0
0
0
0
0
0
0
0
0
0
0
0
0
0
0
0
0
0
0
0
0
0
0
0
0
0
0
0
0
0
0
0
0
0
0
0
0
0
0
0
0
0
0
0
0
0
0
0
0
0
0
0
0
0
0
0
0
0
0
0
0
0
0
0
0
0
0
0
0
0
0
0
0
0
0
0
0
0
0
0
0
0
0
0
0
0
0
0
0
0
0
0
0
0
0
0
0
