5
0
0
0
0
0
0
0
0
2
9
0
7
0
0
4
3
3
0
5
0
0
3
1
6
0
0
0
0
0
0
0
0
0
0
0
0
3
0
0
0
9
5
1
0
0
3
0
10
0
0
7
0
0
0
0
0
0
0
0
0
0
0
0
0
0
15
17
0
0
3
0
0
0
19
0
8
12
1
0
10
0
0
0
0
0
0
0
0
0
0
0
0
4
0
0
3
10
0
18
11
0
0
0
0
2
7
0
0
0
0
0
0
0
0
0
0
0
0
0
0
5
2
0
0
38
111
149
12
33
0
10
6
39
141
247
134
0
0
0
0
0
0
0
0
0
0
0
0
0
23
0
70
255
255
239
255
230
255
169
111
197
244
255
122
0
0
0
0
0
0
0
0
0
0
0
0
10
0
118
200
241
244
255
249
250
252
247
255
255
255
211
13
0
0
0
0
0
0
0
0
0
0
0
0
9
13
225
255
252
255
255
247
254
255
255
255
255
223
23
0
0
0
0
0
0
0
0
0
0
0
0
0
23
208
255
255
208
135
239
241
255
247
255
219
107
5
0
3
0
0
0
0
0
0
0
0
0
0
0
0
48
255
252
240
241
58
31
147
143
150
98
9
5
0
12
0
0
0
0
0
0
0
0
0
0
0
0
0
156
254
246
255
255
255
255
255
219
128
29
5
0
14
0
6
0
0
0
0
0
0
0
0
0
0
0
0
194
253
255
255
242
255
255
242
255
230
237
60
0
0
21
0
0
0
0
0
0
0
0
0
0
0
0
0
138
244
255
242
241
255
245
255
247
247
255
253
141
4
0
0
0
0
0
0
0
0
0
0
0
0
0
0
5
60
79
70
103
185
225
242
249
255
245
239
255
40
16
2
0
0
0
0
0
0
0
0
0
0
0
0
5
7
0
0
14
0
5
67
112
209
243
255
255
134
0
0
0
0
0
0
0
0
0
0
0
0
0
0
2
0
2
0
1
0
15
0
0
73
254
244
249
239
11
3
0
0
0
0
0
17
0
0
1
3
2
2
0
0
0
2
0
0
0
5
3
0
178
255
242
255
16
0
0
0
0
0
2
8
0
23
0
0
5
0
1
13
6
0
0
6
8
0
0
0
112
237
255
248
0
24
0
0
0
0
7
0
12
0
0
4
3
0
0
0
1
23
18
0
0
4
0
12
21
216
255
246
12
0
0
0
0
0
0
0
6
6
16
95
203
98
5
5
0
0
0
3
5
0
11
0
21
250
255
249
18
0
0
0
0
0
0
8
0
0
127
255
250
255
212
116
24
0
9
7
0
0
1
4
158
251
233
229
9
5
0
0
0
0
5
2
0
11
237
255
255
248
240
255
219
90
0
0
8
2
91
152
255
255
251
127
11
0
0
0
0
0
0
0
18
0
205
241
238
255
247
255
255
249
240
241
244
243
249
255
246
255
209
15
1
6
0
0
0
0
2
3
0
3
8
192
255
250
255
252
249
254
255
254
252
255
255
255
250
194
16
2
0
4
0
0
0
0
0
0
0
0
0
0
0
0
0
0
0
0
0
0
0
0
0
0
0
0
0
0
0
0
0
0
0
0
0
0
0
0
0
0
0
0
0
0
0
0
0
0
0
0
0
0
0
0
0
0
0
0
0
0
0
0
0
0
0
0
0
0
0
0
0
0
0
0
0
0
0
0
0
0
0
0
0
0
0
0
0
0
0
0
0
0
0
0
0
0
0
0
0
0
0
0
0
0
0
0
0
0
0
0
0
0
0
0
0
0
0
0
