3
5
0
0
5
2
0
1
0
0
0
1
7
0
13
0
1
3
2
9
5
0
0
1
0
0
0
0
0
0
1
6
1
0
0
1
0
0
17
0
0
0
0
15
3
0
0
0
0
0
2
3
1
0
0
0
0
0
3
7
0
0
3
5
0
0
0
0
12
17
0
0
0
13
15
3
0
0
0
0
1
0
0
0
0
0
0
0
0
6
6
0
0
14
0
14
1
0
10
0
14
0
0
0
1
2
4
0
5
0
0
0
0
5
0
0
0
4
0
0
18
213
237
252
196
127
133
40
9
11
8
0
8
4
13
0
0
0
0
0
0
0
1
0
1
3
0
8
68
250
255
249
254
249
255
234
202
81
46
2
6
0
2
2
9
0
0
0
0
0
2
0
0
8
0
12
68
243
250
255
246
253
247
255
253
255
223
174
136
21
0
0
0
0
0
0
0
0
6
0
0
9
0
0
16
99
154
240
76
47
90
162
211
249
255
255
241
76
17
1
5
0
0
0
0
0
0
0
0
0
0
0
0
0
1
23
0
12
0
0
12
28
87
251
254
207
11
0
0
0
0
0
0
0
0
0
0
0
0
0
0
0
34
0
0
25
30
13
2
29
171
250
242
242
0
13
7
0
0
0
0
0
0
0
0
0
0
0
0
25
180
167
179
221
246
207
162
205
255
255
218
55
5
0
0
0
0
0
0
0
0
0
0
0
0
0
0
119
255
250
241
245
255
252
249
255
231
255
145
0
0
19
5
0
0
0
0
0
0
0
0
0
0
0
0
209
244
255
255
255
250
237
255
252
255
236
236
196
0
13
0
0
0
0
0
0
0
0
0
0
0
0
0
222
242
254
239
237
255
245
253
247
252
255
255
243
223
35
6
0
0
0
0
0
0
0
0
0
0
0
0
190
255
222
170
120
106
35
0
9
0
34
183
250
247
134
3
0
0
0
0
0
0
0
0
0
0
0
0
35
95
0
0
0
10
0
1
0
2
11
0
62
244
246
71
0
0
0
0
0
10
0
2
1
0
7
0
7
0
0
0
0
2
1
0
3
0
7
0
0
68
230
157
4
1
0
0
6
0
0
4
3
0
0
0
0
0
0
4
0
0
7
0
0
1
7
14
0
0
198
193
7
4
0
0
0
10
0
0
0
15
20
2
2
2
0
12
0
0
14
0
7
0
0
0
23
95
248
244
9
6
2
0
0
10
15
3
0
20
109
57
20
0
0
0
0
0
6
0
0
20
66
145
238
255
247
162
6
3
0
0
12
0
0
0
0
30
255
254
255
182
143
72
36
52
35
46
56
232
251
252
255
249
247
90
0
0
0
0
0
0
2
12
6
20
255
245
255
234
252
237
247
255
243
255
255
239
255
242
245
183
41
0
0
0
0
0
5
13
0
0
0
41
229
255
244
255
255
253
255
242
240
255
238
255
168
182
144
27
22
0
0
0
0
0
0
1
0
11
6
0
55
129
142
235
241
255
245
161
139
126
19
25
7
0
0
0
0
6
2
1
0
0
0
0
0
0
0
0
0
0
0
0
0
0
0
0
0
0
0
0
0
0
0
0
0
0
0
0
0
0
0
0
0
0
0
0
0
0
0
0
0
0
0
0
0
0
0
0
0
0
0
0
0
0
0
0
0
0
0
0
0
0
0
0
0
0
0
0
0
0
0
0
0
0
0
0
0
0
0
0
0
0
0
0
0
0
0
0
0
0
0
0
0
0
0
0
0
0
0
0
0
0
0
0
0
0
0
0
0
0
0
0
0
0
