3
0
0
0
0
0
0
0
0
8
2
0
7
1
0
0
0
0
11
0
0
0
8
2
0
0
0
0
0
0
0
0
0
0
0
0
0
0
0
0
0
18
11
0
0
11
0
7
14
5
0
0
11
0
0
0
0
0
0
0
0
0
0
0
0
17
6
17
8
0
0
11
5
0
6
0
0
1
7
28
0
0
0
0
0
0
0
0
0
0
0
0
0
0
3
1
0
14
16
0
0
13
0
13
14
0
9
0
7
0
0
0
0
0
0
0
0
0
0
0
0
7
35
135
164
103
75
106
156
210
255
176
166
14
2
0
11
0
0
0
0
0
0
0
0
0
0
0
0
6
164
255
239
234
255
254
248
255
236
215
3
3
0
16
0
0
0
0
0
0
0
0
0
0
0
0
0
11
76
225
255
250
219
201
232
244
249
124
14
0
2
10
0
0
0
0
0
0
0
0
0
0
0
0
0
0
0
42
42
44
41
1
17
169
255
236
43
2
0
8
0
0
0
0
0
0
0
0
0
0
0
0
0
6
0
8
0
0
8
0
0
0
198
255
48
0
5
0
7
0
0
0
0
0
0
0
0
0
0
0
0
8
3
1
1
4
0
12
86
156
254
232
40
0
8
0
0
0
0
0
0
0
0
0
0
0
0
0
0
0
0
0
8
37
98
195
255
255
248
115
0
9
4
0
28
0
0
0
0
0
0
0
0
0
0
0
0
11
187
223
207
252
255
255
251
229
112
9
0
0
4
6
0
0
0
0
0
0
0
0
0
0
0
0
0
144
237
255
248
247
248
249
216
4
3
1
11
0
0
11
18
0
0
0
0
0
0
0
0
0
0
0
0
20
172
183
135
194
252
253
250
126
3
0
11
0
0
16
0
0
0
0
0
0
0
0
0
0
0
0
0
0
0
8
10
0
5
107
255
243
131
47
0
9
1
0
19
0
0
0
0
0
0
0
0
0
0
0
0
2
2
3
0
2
1
16
107
255
240
176
7
0
5
0
2
0
0
0
0
0
3
7
0
5
0
6
0
6
0
0
0
0
0
0
2
130
255
195
11
1
0
4
0
0
0
0
0
9
0
0
0
7
0
2
0
0
1
4
6
7
7
3
0
44
255
238
39
0
0
15
0
0
0
0
0
3
8
0
5
110
55
0
0
0
1
0
0
0
0
0
0
0
204
247
141
0
28
0
14
0
0
0
0
0
0
0
7
250
241
118
4
0
0
0
10
14
8
2
1
6
130
255
155
9
0
0
0
0
0
0
0
9
6
17
0
121
245
255
202
27
2
0
0
0
0
0
3
119
255
244
150
0
0
18
3
0
0
0
0
0
0
0
8
29
132
177
243
213
142
60
10
0
14
75
136
255
251
218
0
0
14
0
5
0
0
0
0
0
3
0
7
0
0
7
166
248
255
255
255
252
242
246
255
254
218
41
4
14
0
16
0
0
0
0
0
8
0
10
0
11
11
0
5
55
126
204
243
255
255
255
253
151
49
6
2
0
0
14
0
0
0
0
0
0
0
0
0
0
0
0
0
0
0
0
0
0
0
0
0
0
0
0
0
0
0
0
0
0
0
0
0
0
0
0
0
0
0
0
0
0
0
0
0
0
0
0
0
0
0
0
0
0
0
0
0
0
0
0
0
0
0
0
0
0
0
0
0
0
0
0
0
0
0
0
0
0
0
0
0
0
0
0
0
0
0
0
0
0
0
0
0
0
0
0
0
0
0
0
0
0
0
0
0
0
0
0
0
0
0
0
0
0
0
0
0
