0
0
0
0
0
0
0
0
0
6
0
0
0
3
1
0
1
0
10
0
9
0
1
0
0
0
0
0
0
0
0
0
0
0
0
0
0
0
11
7
0
1
1
0
0
1
0
0
0
5
3
5
9
0
0
0
0
0
0
0
0
0
0
0
0
13
0
0
0
3
6
3
0
12
0
11
1
0
0
0
0
0
0
0
0
0
0
0
0
0
0
0
0
8
0
8
19
0
0
15
0
0
3
0
3
0
15
7
3
0
0
0
0
0
0
0
0
0
0
0
0
0
0
10
6
0
2
5
0
61
176
244
240
124
6
0
0
0
0
0
0
0
0
0
0
0
0
0
0
5
14
0
0
11
0
1
91
228
253
255
255
221
73
4
4
0
0
0
0
0
0
0
0
0
0
0
0
0
7
4
5
0
0
88
242
255
254
241
248
253
169
4
0
0
0
0
0
0
0
0
0
0
0
0
0
5
0
2
7
8
105
227
255
248
255
240
255
252
255
7
6
0
0
0
0
0
2
4
0
0
7
12
0
5
0
0
0
163
246
255
245
255
189
136
194
248
249
15
2
0
0
0
0
4
0
0
8
6
0
0
0
0
8
120
212
237
252
250
201
87
20
1
136
252
244
56
0
0
0
0
0
1
0
3
5
0
0
1
12
9
20
207
239
255
254
124
18
0
0
5
124
255
255
162
3
0
0
0
0
0
10
4
0
0
2
4
1
26
214
255
246
69
30
17
0
8
0
0
131
252
233
179
1
0
0
0
0
2
5
0
0
7
7
0
0
131
250
240
187
14
0
8
0
18
0
0
144
255
250
187
5
0
0
0
0
0
0
0
7
6
0
17
90
255
239
214
10
0
6
9
15
0
1
16
175
240
255
127
0
0
0
0
0
0
3
3
5
0
0
84
226
240
255
114
10
0
0
0
0
7
1
43
255
255
240
30
5
0
0
0
0
0
5
0
0
3
29
131
255
211
122
0
1
0
4
9
0
0
0
43
255
246
255
0
1
0
0
0
0
6
0
0
12
3
146
254
255
129
3
1
0
0
5
8
0
0
10
167
255
246
250
24
4
0
0
0
0
0
27
0
0
93
255
251
230
68
0
4
13
4
0
0
3
19
38
221
249
254
191
0
0
0
0
0
0
2
0
0
9
82
254
255
222
12
5
17
0
0
4
0
0
40
238
255
247
208
15
0
18
0
0
0
0
3
9
0
0
101
245
245
249
64
0
0
3
15
0
6
57
226
243
251
255
112
4
0
0
0
0
0
0
0
14
0
5
99
240
255
236
241
94
63
64
43
66
173
234
255
239
255
211
9
15
0
0
0
0
0
0
0
0
0
19
19
117
242
255
251
251
255
249
255
250
255
248
245
255
123
55
8
0
23
0
0
0
0
0
0
16
7
0
2
8
88
240
255
253
239
237
255
251
248
255
206
92
0
6
0
0
8
5
0
0
0
0
9
0
5
0
4
0
0
73
90
84
186
255
252
255
236
93
13
6
2
0
0
15
0
3
0
0
0
0
0
0
0
0
0
0
0
0
0
0
0
0
0
0
0
0
0
0
0
0
0
0
0
0
0
0
0
0
0
0
0
0
0
0
0
0
0
0
0
0
0
0
0
0
0
0
0
0
0
0
0
0
0
0
0
0
0
0
0
0
0
0
0
0
0
0
0
0
0
0
0
0
0
0
0
0
0
0
0
0
0
0
0
0
0
0
0
0
0
0
0
0
0
0
0
0
0
0
0
0
0
0
0
0
0
0
0
0
0
0
0
0
