1
0
0
0
0
0
0
0
0
0
0
0
0
0
0
0
0
9
0
3
3
0
6
0
6
0
0
0
0
0
0
0
0
0
0
0
0
0
0
0
0
0
0
0
0
5
0
1
0
4
0
0
0
0
0
0
0
0
0
0
0
0
0
0
0
0
0
0
0
0
0
0
0
0
12
16
0
0
4
12
0
0
0
0
0
0
0
0
0
0
0
0
0
0
0
0
0
0
0
0
0
0
0
0
15
8
0
0
4
0
0
0
0
0
0
0
0
0
0
0
0
0
0
0
0
0
0
0
0
11
1
64
226
254
81
4
5
0
0
0
0
0
0
0
0
0
0
0
0
0
0
0
0
0
0
0
0
0
18
133
249
255
21
0
0
0
0
0
0
0
0
0
0
0
0
0
0
0
0
0
0
0
0
0
0
0
130
237
255
207
0
5
0
0
0
0
0
0
0
0
0
0
0
0
0
0
0
0
0
0
0
0
0
53
217
255
250
142
0
1
0
0
0
0
0
0
0
0
0
0
0
0
0
0
0
0
0
6
2
1
11
157
254
243
195
0
0
0
11
0
0
0
0
0
0
0
0
0
0
0
0
11
6
13
0
0
11
0
70
250
255
197
10
7
0
9
0
0
0
0
0
0
0
0
0
0
0
0
0
0
0
10
0
5
0
29
156
255
232
153
0
7
4
0
0
0
0
0
0
0
0
0
0
0
0
0
0
15
0
5
0
14
0
142
255
255
107
27
5
0
10
0
6
0
0
0
0
0
0
0
0
0
0
0
0
3
0
0
0
0
28
195
250
210
11
0
0
0
0
4
0
0
0
0
0
0
0
0
0
0
0
0
0
0
0
16
4
19
169
249
234
65
0
13
10
5
4
4
1
0
0
0
0
0
0
0
0
0
0
0
0
3
0
0
0
93
238
255
182
0
3
0
0
0
13
0
0
0
0
0
0
0
0
0
0
0
0
0
0
0
5
0
34
237
252
235
73
1
0
0
15
3
0
1
0
0
0
0
0
0
0
0
0
0
0
0
0
12
0
8
141
250
252
87
0
0
0
0
0
0
0
0
0
0
0
0
0
0
0
0
0
0
0
0
0
1
3
31
254
245
237
62
0
0
0
0
0
0
0
0
0
0
0
0
0
0
0
0
0
0
0
0
0
0
16
155
249
249
96
1
0
0
0
0
0
0
0
0
0
0
0
0
0
0
0
0
0
0
0
0
0
1
41
255
250
245
36
0
15
0
0
0
0
0
0
0
0
0
0
0
0
0
0
0
0
0
0
0
0
0
24
253
251
209
0
14
0
0
0
0
0
0
0
0
0
0
0
0
0
0
0
0
0
0
0
0
0
26
193
254
240
207
0
0
11
0
0
0
0
0
0
0
0
0
0
0
0
0
0
0
0
0
0
0
0
76
243
255
244
39
1
7
0
0
0
0
0
0
0
0
0
0
0
0
0
0
0
0
0
0
0
0
0
11
210
255
74
6
12
0
0
0
0
0
0
0
0
0
0
0
0
0
0
0
0
0
0
0
0
0
0
0
0
0
0
0
0
0
0
0
0
0
0
0
0
0
0
0
0
0
0
0
0
0
0
0
0
0
0
0
0
0
0
0
0
0
0
0
0
0
0
0
0
0
0
0
0
0
0
0
0
0
0
0
0
0
0
0
0
0
0
0
0
0
0
0
0
0
0
0
0
0
0
0
0
0
0
0
0
0
0
0
0
0
0
0
0
0
0
0
0
0
0
0
0
0
0
0
0
0
0
0
0
0
0
