4
0
10
0
2
0
0
0
4
1
0
0
0
2
0
7
4
5
0
0
0
4
13
0
3
0
0
0
0
0
2
0
4
11
12
10
3
0
2
6
4
0
3
3
0
7
0
3
2
0
0
0
9
0
0
0
0
3
8
0
0
0
0
3
0
0
0
0
0
0
10
4
0
0
0
16
7
0
6
1
0
0
0
0
0
0
7
2
1
3
0
10
5
2
0
0
4
0
0
0
7
7
0
0
0
0
2
7
0
0
0
0
0
0
5
0
0
12
6
0
0
0
6
0
17
8
0
0
4
6
0
0
16
14
0
0
0
0
0
0
0
1
8
0
0
0
0
0
80
255
190
12
0
0
0
1
12
0
12
2
0
0
0
0
0
0
0
0
0
0
0
1
6
0
8
20
237
255
229
9
0
13
11
4
0
0
18
0
0
15
2
0
10
0
0
0
0
8
0
0
16
0
3
0
255
245
255
54
7
2
0
4
4
0
0
10
125
182
71
0
2
0
0
0
0
8
0
12
0
0
2
3
122
254
252
128
0
5
1
0
0
0
4
2
246
255
255
0
0
0
0
0
0
0
0
11
0
2
5
0
202
255
249
70
0
7
0
0
0
1
0
0
194
227
255
0
5
0
0
0
0
0
0
3
0
5
0
0
252
239
255
6
9
0
14
1
5
2
7
1
255
255
234
1
0
0
0
0
0
2
0
0
0
10
0
21
253
255
238
1
1
16
0
0
0
1
2
113
246
238
254
11
0
0
0
0
0
0
0
0
0
8
0
114
255
254
243
3
0
0
127
72
4
0
0
144
255
255
247
74
0
0
0
0
0
0
2
4
1
0
12
201
255
250
255
255
255
255
247
243
255
190
255
249
255
244
255
195
0
0
0
0
0
5
1
4
0
0
63
246
253
250
254
235
255
247
255
249
255
252
254
255
255
255
255
101
12
0
0
0
0
5
0
0
2
8
124
255
253
254
255
255
255
245
251
255
247
255
255
248
255
255
244
16
0
0
0
0
0
2
0
6
3
0
255
255
251
255
255
255
255
243
247
255
255
255
245
255
255
247
212
0
0
0
0
0
0
0
6
0
0
14
249
246
255
255
245
119
0
11
57
27
0
0
74
182
255
244
39
6
9
0
0
0
0
0
3
4
17
56
255
255
253
198
64
0
13
0
0
0
6
5
0
130
244
255
13
0
0
0
0
0
0
11
0
7
19
0
255
250
249
0
5
0
0
1
5
1
5
0
5
64
254
251
0
5
14
0
0
0
0
0
6
0
0
22
43
205
78
0
8
6
0
3
0
0
0
13
0
0
255
255
119
0
0
0
0
0
0
0
7
5
0
9
3
5
0
4
0
5
6
0
8
26
0
3
0
13
245
248
202
20
68
0
0
0
0
0
0
0
0
6
1
0
11
0
12
0
0
16
0
0
0
0
19
0
182
255
255
232
130
0
0
0
0
10
0
12
4
0
4
2
0
6
0
1
1
0
2
11
1
2
2
0
67
248
255
255
0
0
0
0
0
0
0
0
0
0
0
0
0
0
0
0
0
0
0
0
0
4
0
0
14
55
254
69
0
0
0
0
0
0
0
0
0
0
0
0
0
0
0
0
0
0
0
0
0
2
5
3
9
0
10
0
0
0
0
0
0
0
0
0
0
0
0
0
0
0
0
0
0
0
0
0
0
0
6
0
0
9
0
15
0
0
0
0
0
0
0
0
0
0
0
0
0
0
0
0
0
0
0
0
0
0
6
8
0
0
15
6
0
0
0
0
0
