0
0
0
0
0
0
0
0
0
0
0
0
0
0
0
0
0
0
0
0
0
0
0
0
0
0
0
0
0
0
0
0
0
0
0
0
0
0
0
0
0
0
0
0
0
0
0
0
0
0
0
0
0
0
0
0
0
0
0
0
0
0
0
0
0
0
0
0
0
0
0
0
0
0
0
0
0
0
0
0
0
0
0
0
0
0
0
0
0
0
0
0
0
0
0
0
0
0
0
0
0
0
0
0
0
0
0
0
0
0
0
0
0
0
0
0
0
0
0
0
0
0
0
0
0
0
0
0
0
0
0
0
0
0
0
0
0
0
0
0
0
0
0
0
0
0
0
0
0
0
0
0
0
0
0
0
0
0
0
0
0
0
0
0
0
0
0
0
0
0
0
0
0
0
0
0
0
0
0
0
0
0
0
0
0
0
0
0
0
0
0
0
0
0
0
0
0
0
0
0
0
0
0
0
0
0
0
0
0
0
0
0
0
0
0
0
0
0
0
0
0
0
0
0
0
3
0
10
0
0
15
0
9
0
12
0
0
8
0
10
0
112
173
178
155
17
0
7
0
0
0
0
0
0
3
0
6
2
0
6
0
14
0
10
5
13
0
104
185
246
255
239
247
213
81
0
3
0
0
0
0
9
0
22
0
0
12
0
11
0
10
0
23
134
246
251
255
255
233
251
252
255
250
149
0
0
0
0
0
0
4
0
1
1
1
5
0
0
28
171
214
255
253
255
237
165
72
76
30
196
255
228
64
0
0
0
0
0
5
0
1
17
0
0
9
130
215
244
255
251
236
83
25
5
0
0
21
147
255
255
212
0
0
0
0
4
0
5
0
0
0
41
156
251
255
255
206
103
14
0
0
6
14
0
4
68
219
255
245
0
0
0
0
0
15
0
8
0
23
194
255
245
246
127
46
0
14
0
4
0
0
13
35
238
252
254
166
0
0
0
0
0
0
10
0
0
137
255
247
253
137
0
0
1
0
0
0
2
12
137
252
242
255
218
11
0
0
0
0
0
11
0
1
29
236
255
244
135
8
0
0
14
5
8
19
146
197
244
255
250
201
97
0
0
0
0
0
1
0
3
0
110
250
255
206
16
0
12
11
0
15
136
248
239
255
255
210
102
9
0
1
0
0
0
0
1
0
16
0
163
248
247
199
67
45
68
157
212
246
255
248
225
177
86
2
0
7
16
0
0
0
0
0
9
0
0
8
142
253
255
249
243
255
248
244
232
255
232
144
25
10
4
11
10
0
0
1
0
0
0
0
3
3
2
0
0
81
182
254
255
245
211
210
114
19
0
8
9
0
0
0
0
0
0
7
0
0
0
0
0
0
9
11
0
3
30
23
59
49
8
0
0
6
5
0
0
10
16
0
0
3
7
0
0
0
0
0
11
5
6
0
0
0
1
3
7
1
6
0
0
0
0
5
11
0
0
5
12
0
0
0
0
0
0
0
0
9
0
2
7
5
0
3
0
0
11
0
14
4
0
5
0
6
9
0
0
3
7
0
0
0
0
0
0
0
0
0
0
0
0
0
0
0
0
0
0
0
0
0
0
0
0
0
0
0
0
0
0
0
0
0
0
0
0
0
0
0
0
0
0
0
0
0
0
0
0
0
0
0
0
0
0
0
0
0
0
0
0
0
0
0
0
0
0
0
0
0
0
0
0
0
0
0
0
0
0
0
0
0
0
0
0
0
0
0
0
0
0
0
0
0
0
0
0
0
0
0
0
0
0
0
0
0
0
0
0
0
0
0
0
0
0
0
0
0
