1
0
0
0
0
0
0
0
0
5
0
3
2
5
8
0
0
0
12
0
4
0
17
0
0
0
0
0
0
0
0
0
0
0
0
0
0
0
0
6
0
0
4
4
16
0
0
0
0
7
0
3
8
0
0
0
0
0
0
0
0
0
0
0
0
0
0
0
0
2
9
0
0
9
0
10
0
4
0
9
1
0
0
0
0
0
0
0
0
0
0
0
0
1
0
0
2
10
2
0
15
0
0
0
19
2
0
0
2
0
0
0
0
0
0
0
0
0
0
0
0
0
0
7
7
0
0
31
143
255
118
0
0
8
12
1
0
0
0
0
0
0
0
0
0
0
0
0
0
3
0
0
4
0
0
71
229
245
196
127
5
4
0
8
1
0
0
0
0
0
0
0
0
0
0
0
0
5
0
0
1
8
5
83
243
254
255
189
5
0
0
14
0
0
0
0
0
0
0
0
0
0
0
0
0
0
2
5
0
0
0
91
255
255
233
120
0
1
6
0
0
0
0
0
0
0
0
0
0
0
0
0
0
0
1
0
7
0
0
109
251
248
255
23
0
7
0
0
10
0
0
0
0
0
0
0
0
0
0
0
0
0
15
2
0
16
9
64
251
249
247
29
0
0
10
0
1
0
0
0
0
0
0
0
0
0
0
0
0
0
0
13
0
0
0
115
255
255
217
28
3
0
6
0
0
0
0
0
0
0
0
0
0
0
0
0
0
3
0
2
0
1
22
227
255
247
131
0
0
0
0
0
4
0
0
0
0
0
0
0
0
0
0
0
0
2
6
0
0
31
119
255
253
247
92
0
9
3
0
0
3
0
0
0
0
0
0
0
0
0
0
0
0
2
0
4
5
0
178
254
248
231
71
14
6
0
4
3
0
0
0
0
0
0
0
0
0
0
0
0
0
1
0
12
8
0
199
251
252
172
8
0
0
0
3
4
0
0
0
0
0
0
0
0
0
0
0
0
0
0
14
0
0
106
239
255
255
187
4
0
5
7
0
0
7
0
0
0
0
0
0
0
0
0
0
0
0
0
4
16
0
117
247
250
248
62
23
0
0
4
0
0
3
0
0
0
0
0
0
0
0
0
0
0
0
0
10
0
0
137
255
237
126
15
0
0
0
4
0
0
3
0
0
0
0
0
0
0
0
0
0
0
0
8
0
10
43
238
249
255
72
0
0
0
1
2
0
0
1
0
0
0
0
0
0
0
0
0
0
0
0
2
0
1
168
255
245
255
90
0
4
4
0
0
0
1
2
0
0
0
0
0
0
0
0
0
0
0
0
1
2
0
211
254
243
205
50
0
0
0
0
0
2
5
3
0
0
0
0
0
0
0
0
0
0
0
0
1
0
11
188
255
255
173
0
0
0
0
0
2
3
1
0
0
0
0
0
0
0
0
0
0
0
0
0
0
5
49
229
242
245
88
1
3
3
5
7
4
0
0
0
0
0
0
0
0
0
0
0
0
0
0
0
6
0
127
250
255
128
0
3
0
0
0
1
0
0
0
9
0
0
0
0
0
0
0
0
0
0
0
0
0
0
0
0
0
0
0
0
0
0
0
0
0
0
0
0
0
0
0
0
0
0
0
0
0
0
0
0
0
0
0
0
0
0
0
0
0
0
0
0
0
0
0
0
0
0
0
0
0
0
0
0
0
0
0
0
0
0
0
0
0
0
0
0
0
0
0
0
0
0
0
0
0
0
0
0
0
0
0
0
0
0
0
0
0
0
0
0
0
0
0
0
0
0
0
0
0
0
0
0
0
0
0
0
