6
0
0
0
0
0
0
0
0
0
0
6
8
8
0
0
5
0
1
1
0
7
11
2
3
0
0
0
0
0
0
0
0
0
0
0
0
5
2
0
0
0
5
4
3
0
0
0
10
0
0
0
0
0
0
0
0
0
0
0
0
0
0
0
0
2
1
0
0
0
0
6
0
7
9
0
0
17
6
0
11
0
0
0
0
0
0
0
0
0
0
0
0
0
0
0
12
1
0
3
0
0
13
255
168
4
6
7
0
0
0
0
0
0
0
0
0
0
0
0
0
3
0
0
0
0
0
6
3
16
190
164
26
0
0
4
0
0
0
0
0
0
0
0
0
0
0
0
0
1
4
6
0
0
9
0
0
122
247
15
0
9
0
26
0
0
0
0
0
0
0
0
0
0
0
0
0
0
0
13
0
3
4
0
69
236
97
9
8
0
15
0
0
0
0
0
0
0
0
0
0
0
0
0
0
9
0
7
0
0
0
23
206
163
4
0
1
7
0
14
2
0
0
0
0
0
0
0
0
0
0
0
0
0
2
3
12
0
0
114
251
12
9
4
0
0
0
0
0
0
0
0
0
0
0
0
0
0
0
0
0
0
0
9
0
6
57
241
117
7
5
2
0
0
0
0
2
0
0
0
0
0
0
0
0
0
0
0
0
7
2
2
5
1
163
210
21
0
0
0
0
0
0
1
2
0
0
0
0
0
0
0
0
0
0
0
0
0
0
0
7
44
252
51
4
0
0
0
0
0
0
0
0
0
0
0
0
0
0
0
0
0
0
0
0
0
2
4
0
180
226
0
7
0
0
0
0
0
0
0
0
0
0
0
0
0
0
0
0
0
0
0
0
4
4
0
72
251
74
4
0
0
0
0
0
0
0
0
0
0
0
0
0
0
0
0
0
0
0
0
0
0
0
0
177
211
16
23
0
1
0
0
0
0
0
0
0
0
0
0
0
0
0
0
0
0
0
0
0
9
1
51
234
196
131
104
49
0
0
0
0
0
0
1
2
0
0
0
0
0
0
0
0
0
0
0
0
0
0
130
248
240
197
231
223
68
0
6
8
0
0
0
1
0
0
0
0
0
0
0
0
0
0
0
0
3
21
227
151
8
0
0
106
234
48
0
0
2
12
4
0
0
0
0
0
0
0
0
0
0
0
0
0
0
35
253
82
0
27
4
4
237
37
5
7
4
0
0
7
0
0
0
0
0
0
0
0
0
0
0
0
6
38
252
60
4
0
10
94
245
32
0
0
2
4
0
4
0
0
0
0
0
0
0
0
0
0
0
0
0
35
237
66
13
4
43
227
176
11
0
0
0
10
0
0
0
0
0
0
0
0
0
0
0
0
0
0
3
0
169
190
84
176
250
215
24
0
11
11
0
0
0
0
0
0
0
0
0
0
0
0
0
0
0
0
0
5
12
171
250
218
116
6
10
0
8
0
3
0
10
0
0
0
0
0
0
0
0
0
0
0
0
0
3
0
2
0
12
0
0
4
0
5
2
0
3
0
14
0
0
0
0
0
0
0
0
0
0
0
0
0
0
0
0
0
0
0
0
0
0
0
0
0
0
0
0
0
0
0
0
0
0
0
0
0
0
0
0
0
0
0
0
0
0
0
0
0
0
0
0
0
0
0
0
0
0
0
0
0
0
0
0
0
0
0
0
0
0
0
0
0
0
0
0
0
0
0
0
0
0
0
0
0
0
0
0
0
0
0
0
0
0
0
0
0
0
0
0
0
0
0
0
0
0
0
0
0
0
0
0
0
0
0
0
0
