1
0
0
0
0
0
0
0
0
0
0
0
0
0
0
0
0
0
5
0
0
2
5
1
1
0
0
0
4
0
0
0
0
0
0
0
0
0
0
0
0
0
0
0
0
3
0
1
3
0
0
4
2
0
4
1
0
0
0
0
0
0
0
0
0
0
0
0
0
0
0
0
0
0
0
0
7
0
0
6
0
0
9
7
0
0
0
0
0
0
0
0
0
0
0
0
0
0
0
0
0
0
5
8
4
2
4
1
0
0
3
5
0
0
0
0
0
0
0
0
0
0
0
0
0
0
0
0
0
9
0
0
0
12
0
0
20
5
0
0
0
0
0
0
0
0
0
0
0
0
0
0
0
0
0
0
0
0
29
9
4
128
252
254
204
44
0
3
1
0
0
0
0
0
0
0
0
0
0
0
0
0
0
0
0
9
0
3
123
229
255
255
255
87
4
5
8
0
0
0
0
0
0
0
0
0
0
0
0
0
0
0
0
1
3
116
246
255
242
250
253
107
0
0
4
0
0
0
0
0
0
0
0
0
6
0
1
1
1
0
6
1
126
255
255
244
255
243
149
0
0
0
0
0
0
0
0
0
0
0
0
0
0
34
0
0
2
0
0
42
212
255
252
255
249
151
13
0
0
0
0
0
0
0
0
0
0
0
0
14
0
0
4
0
0
0
116
255
255
248
240
245
159
0
3
0
0
0
0
0
0
0
0
0
0
0
0
0
1
0
0
13
0
90
202
250
230
255
255
144
0
0
0
0
0
0
0
0
0
0
0
0
0
0
0
3
7
15
1
0
95
251
241
255
254
243
59
2
20
10
0
0
0
0
0
0
0
0
0
0
0
0
0
0
0
0
0
17
195
255
248
251
251
149
0
11
0
0
7
0
0
0
0
0
0
0
0
0
0
0
0
2
0
26
78
222
250
251
255
255
39
19
4
9
0
0
0
0
0
0
0
0
0
0
0
0
0
0
0
0
1
6
176
255
251
244
253
143
24
0
0
2
2
0
0
0
0
0
0
4
0
4
8
0
7
4
0
2
15
194
253
250
255
237
164
0
0
0
0
0
0
0
0
0
0
0
0
10
1
0
0
0
0
2
2
0
86
254
255
249
246
203
0
0
0
0
0
0
0
0
0
0
0
0
0
0
0
2
1
6
3
5
0
74
228
252
243
252
251
69
0
0
0
0
0
0
0
0
0
0
0
0
0
1
0
0
5
12
0
0
0
247
255
254
255
239
114
14
5
0
0
0
0
0
0
0
0
0
0
0
0
9
0
0
0
0
0
78
131
255
254
243
247
169
3
0
0
0
0
0
0
0
0
0
0
0
0
0
0
0
0
5
0
0
24
184
255
244
237
255
165
6
14
9
0
0
0
0
0
0
0
0
0
0
0
0
0
0
0
13
0
0
44
216
255
255
255
197
3
0
12
0
7
0
0
0
0
0
0
0
0
0
0
0
0
2
0
8
0
14
93
255
248
243
228
7
11
0
0
10
0
0
0
0
0
0
0
0
0
0
0
0
0
8
0
0
2
0
52
204
255
246
216
3
0
0
0
9
1
0
0
0
0
0
0
0
0
0
0
0
0
2
0
0
18
1
1
25
0
0
32
0
10
15
0
0
0
0
0
0
0
0
0
0
0
0
0
0
0
5
0
0
1
0
0
0
0
0
0
0
0
0
3
0
11
0
0
0
0
0
0
0
0
0
0
0
0
0
3
2
0
0
0
10
23
24
0
8
0
1
6
0
0
0
0
0
0
0
0
0
0
0
0
0
0
