6
0
0
0
0
0
0
0
0
0
12
0
0
7
5
1
3
0
0
0
0
0
0
0
0
0
0
0
0
0
0
0
0
0
0
0
0
8
0
7
21
0
0
0
0
0
0
0
0
0
0
0
0
0
0
0
0
0
0
0
0
0
0
0
0
2
0
0
0
0
2
0
13
0
0
0
0
0
0
0
0
0
0
0
0
0
0
0
0
0
0
0
0
0
24
7
7
255
187
33
0
0
0
0
0
0
0
0
0
0
0
0
0
0
0
0
0
0
0
0
0
2
0
10
133
249
236
77
1
0
0
0
0
0
0
0
0
0
0
0
0
0
0
0
0
0
0
0
0
0
12
59
252
255
232
21
0
0
0
0
0
0
0
0
0
0
0
0
0
0
0
0
0
0
0
0
0
0
14
225
255
244
62
9
0
0
0
0
0
0
0
0
0
0
0
0
0
0
0
0
0
0
0
0
0
10
58
255
241
159
0
0
9
0
0
0
0
0
0
0
0
0
0
0
0
3
0
5
0
0
5
0
0
0
209
238
255
31
0
5
3
3
4
0
4
0
12
8
0
0
0
0
0
0
0
11
0
0
3
1
2
78
244
251
161
21
0
0
0
0
8
0
1
0
0
0
4
0
0
0
0
0
0
9
0
0
4
0
0
97
255
247
4
0
18
14
0
37
15
4
15
0
0
25
0
0
0
0
0
8
0
1
0
5
4
0
6
207
255
224
10
67
127
182
219
235
217
91
17
0
0
0
1
0
0
0
0
8
0
0
2
5
0
1
52
251
254
250
181
243
243
255
255
243
255
244
196
38
6
0
7
0
0
0
0
0
0
1
0
0
0
12
91
250
249
255
255
255
250
222
174
204
249
249
255
237
161
0
0
0
0
0
0
0
0
2
0
0
0
4
63
255
249
255
255
169
78
14
0
0
40
144
217
255
229
40
0
0
0
0
0
0
5
0
0
10
9
0
3
219
253
248
142
13
0
0
8
10
0
7
25
224
255
72
0
0
0
0
0
0
0
0
0
0
0
0
0
175
235
255
49
6
0
3
4
5
11
0
14
98
249
114
0
0
0
0
0
0
0
0
0
0
0
0
0
109
255
234
176
6
4
0
6
0
0
10
10
240
255
97
5
0
0
0
0
0
0
0
0
0
0
0
0
35
225
251
252
51
4
18
0
9
8
13
170
250
243
64
0
0
0
0
0
0
0
0
0
0
0
0
0
5
119
255
255
230
100
74
85
79
155
231
255
255
201
7
0
0
0
0
0
0
0
0
0
0
0
0
0
2
7
151
241
252
255
255
252
255
249
244
255
223
38
0
6
0
0
0
0
0
0
0
0
0
0
0
0
10
0
16
176
238
250
232
255
246
248
255
217
48
19
0
2
0
0
0
0
0
0
0
0
0
0
0
0
0
20
0
0
34
155
231
179
164
162
32
0
0
0
0
5
0
0
0
0
0
0
0
0
0
0
0
0
0
3
0
12
3
0
0
12
0
20
0
3
6
2
0
0
0
0
0
0
0
0
0
0
0
0
0
0
0
0
0
0
0
0
0
0
0
0
0
0
0
0
0
0
0
0
0
0
0
0
0
0
0
0
0
0
0
0
0
0
0
0
0
0
0
0
0
0
0
0
0
0
0
0
0
0
0
0
0
0
0
0
0
0
0
0
0
0
0
0
0
0
0
0
0
0
0
0
0
0
0
0
0
0
0
0
0
0
0
0
0
0
0
0
0
0
0
0
0
0
0
0
0
0
0
0
0
0
0
0
0
0
