6
0
2
2
0
0
0
1
2
0
0
0
0
0
1
1
0
3
0
9
4
0
12
0
2
0
0
0
0
0
1
3
2
0
0
0
0
5
7
9
9
6
3
0
0
8
1
0
0
0
5
4
14
0
0
0
0
5
1
0
0
0
1
4
6
0
0
0
0
0
0
3
7
0
0
0
7
5
3
0
0
0
0
0
0
4
0
0
0
0
1
2
3
9
6
4
3
0
0
0
3
5
9
0
0
96
234
1
2
0
0
0
0
0
0
0
7
6
0
0
0
0
0
0
8
10
3
0
0
0
0
20
51
238
122
9
6
0
0
0
0
4
0
0
0
0
0
6
17
10
0
0
0
0
0
2
7
20
3
79
255
200
12
13
0
0
0
0
0
9
0
0
0
0
0
19
42
60
32
5
0
0
0
0
3
0
46
255
224
31
5
10
1
0
0
0
0
0
0
2
8
2
0
0
15
19
0
0
0
8
5
0
0
28
187
244
78
0
0
0
9
0
0
0
0
0
0
0
0
0
0
0
0
0
0
3
0
0
0
1
8
78
255
144
9
3
0
9
0
0
0
0
0
0
0
0
0
0
0
0
0
0
10
3
1
19
0
0
98
255
164
10
0
8
1
12
0
0
0
0
0
0
0
0
0
0
0
0
0
4
0
0
0
0
0
124
255
135
9
0
12
0
0
0
4
0
0
0
0
0
0
0
0
0
0
0
0
5
0
6
17
0
90
240
182
3
0
12
5
0
3
0
3
0
0
0
0
0
0
0
0
0
0
0
0
0
6
15
0
61
239
217
19
11
13
0
0
3
5
0
2
0
0
0
0
0
0
0
0
0
0
0
0
0
2
0
0
174
255
80
9
0
0
0
10
1
0
10
0
0
0
0
0
0
0
0
0
0
0
0
0
3
2
2
127
247
128
0
8
9
6
0
0
0
4
13
0
0
0
0
0
0
0
0
0
0
0
0
0
0
5
0
220
224
20
24
0
0
5
2
0
8
3
0
8
0
0
0
0
0
0
0
0
0
0
0
0
2
0
125
252
97
9
150
59
0
0
0
3
1
0
0
6
0
0
0
0
0
0
0
0
0
0
0
0
0
10
215
214
32
0
48
207
107
0
7
8
0
6
0
0
0
0
0
0
0
0
0
0
0
0
0
0
0
0
205
172
0
25
6
72
214
0
3
2
0
9
0
0
0
0
0
0
0
0
0
0
0
0
0
0
0
9
206
174
5
0
0
112
240
0
0
0
0
1
4
3
0
0
0
0
0
0
0
0
0
0
0
0
7
0
214
177
4
9
105
251
169
11
1
0
9
0
4
0
0
0
0
0
0
0
0
0
0
0
0
0
0
0
194
255
166
167
255
205
51
1
0
0
16
0
4
0
0
0
0
0
0
0
0
0
0
0
0
0
4
0
11
165
255
195
130
23
0
0
0
0
4
0
5
0
0
0
0
0
0
0
0
0
0
0
0
0
0
10
5
0
0
16
0
7
2
5
10
0
0
1
3
0
0
0
0
0
0
0
0
0
0
0
0
0
0
0
0
0
0
0
0
0
0
0
0
0
0
0
0
0
0
0
0
0
0
0
0
0
0
0
0
0
0
0
0
0
0
0
0
0
0
0
0
0
0
0
0
0
0
0
0
0
0
0
0
0
0
0
0
0
0
0
0
0
0
0
0
0
0
0
0
0
0
0
0
0
0
0
0
0
0
0
0
0
0
0
0
0
0
0
0
0
0
0
0
0
0
0
0
0
0
0
0
0
0
0
0
0
