8
0
0
0
0
0
0
0
0
0
3
9
0
6
0
5
5
8
0
7
0
0
6
4
0
0
0
0
0
0
0
0
0
0
0
0
0
0
0
0
0
8
5
0
0
0
0
0
0
0
4
0
0
0
0
0
0
0
0
0
0
0
0
0
0
10
7
0
0
0
0
2
11
3
6
0
6
0
0
3
5
0
0
0
0
0
0
0
0
0
0
0
0
0
0
4
3
5
0
0
0
0
3
0
2
0
0
3
11
0
0
0
0
0
0
0
0
0
0
0
0
8
0
2
0
7
0
16
0
0
10
0
11
8
9
0
0
0
0
0
0
0
0
0
0
0
0
0
0
0
0
18
0
0
0
12
0
0
0
12
125
233
255
104
0
0
0
0
0
0
0
0
0
0
0
0
0
2
0
0
0
13
127
217
251
239
237
237
253
255
248
76
7
0
0
0
0
0
0
0
0
0
0
0
0
1
5
0
75
110
250
255
246
254
250
254
249
247
242
58
0
0
0
0
0
0
0
0
0
0
0
0
0
0
8
32
250
246
248
255
171
44
121
252
255
231
86
1
0
0
0
0
0
0
0
0
0
0
0
0
0
0
0
173
238
243
191
52
0
59
217
239
244
160
0
10
4
0
0
0
0
0
0
0
0
0
0
0
0
0
52
237
255
220
0
0
30
249
241
252
124
33
0
1
0
0
0
0
0
0
0
0
0
0
0
0
0
12
11
202
240
225
29
98
206
255
253
227
38
0
0
11
0
0
0
0
0
0
0
0
0
0
0
0
0
0
0
184
254
255
192
204
242
157
255
170
0
10
5
0
15
0
0
0
0
0
0
0
0
0
0
0
0
0
1
17
194
255
248
250
140
63
205
32
0
11
0
9
0
0
0
0
0
0
0
0
0
0
0
0
0
7
0
0
176
242
255
255
246
2
7
10
11
0
11
0
0
0
0
0
0
0
0
0
0
0
0
0
0
0
0
14
171
255
254
241
255
80
0
2
0
8
0
11
1
0
0
0
0
0
0
1
0
11
0
8
0
9
0
27
204
255
195
199
255
239
96
0
9
0
0
2
0
0
0
0
0
1
0
9
0
0
0
7
2
0
30
198
255
158
17
89
239
255
150
0
9
0
0
0
0
0
0
0
0
3
0
8
0
0
0
9
5
30
188
255
224
13
0
2
217
248
170
0
8
1
2
0
1
0
0
0
0
7
0
0
0
5
5
0
0
181
255
239
93
6
0
36
228
255
155
0
3
0
1
0
3
0
0
0
0
8
0
0
0
1
0
0
21
222
255
249
59
25
6
154
248
255
111
15
0
0
0
0
4
0
0
0
0
0
0
1
1
0
0
5
103
255
254
99
0
33
167
255
255
146
25
5
0
0
0
0
0
0
0
0
0
0
2
1
2
6
0
12
161
242
255
184
171
230
249
251
222
20
0
0
0
6
5
1
0
0
0
0
0
1
8
0
0
9
0
0
155
255
252
255
242
253
230
171
10
0
20
0
3
0
0
0
6
0
0
0
0
0
0
0
0
0
0
0
0
225
242
249
174
90
5
0
5
0
0
0
0
0
0
0
0
0
0
0
0
0
0
0
0
0
0
0
0
0
0
4
0
7
0
1
0
0
0
0
0
0
0
0
0
0
0
0
0
0
0
0
0
0
0
0
0
10
2
3
0
6
0
0
0
0
0
0
0
0
0
0
0
0
0
0
0
0
0
0
0
0
0
0
0
0
0
1
0
0
0
5
11
0
0
0
0
0
0
0
0
0
0
0
0
