6
0
0
0
0
0
0
0
0
0
4
0
0
4
20
0
10
9
0
0
7
16
0
7
0
0
0
0
0
0
0
0
0
0
0
0
0
6
0
6
7
0
0
43
0
0
6
0
0
0
2
0
10
0
0
0
0
0
0
0
0
0
0
0
0
3
0
1
5
0
0
0
7
0
0
15
13
2
3
9
0
0
0
0
0
0
0
0
0
0
0
0
0
2
3
0
0
10
3
0
134
196
255
48
2
0
0
1
0
0
0
0
0
0
0
0
0
0
0
0
0
4
0
12
0
0
4
180
251
245
255
248
9
5
0
6
11
0
0
0
0
0
0
0
0
0
0
0
0
0
0
15
0
17
127
255
255
255
255
68
0
0
14
0
1
0
0
0
0
0
0
0
0
0
0
0
0
0
0
1
4
130
255
242
244
237
83
0
12
0
6
0
10
0
0
0
0
0
0
0
0
0
0
0
0
1
5
0
57
255
253
255
255
142
0
13
5
0
1
3
0
0
0
0
0
0
0
0
19
0
11
0
3
8
0
52
255
246
253
255
121
8
0
0
5
4
0
0
9
0
0
0
0
11
5
5
0
0
3
0
13
0
57
255
250
251
255
174
6
0
24
3
0
14
23
0
0
0
0
0
0
0
0
6
0
5
11
2
2
73
255
228
255
255
180
19
0
13
0
0
9
0
0
5
9
0
0
0
0
0
0
0
10
0
0
12
0
181
239
255
255
194
0
2
0
0
0
3
11
4
5
5
0
0
0
0
0
7
1
0
10
0
0
11
120
251
255
255
235
15
0
21
2
16
0
63
127
65
1
4
5
0
0
0
0
0
0
5
1
6
8
0
255
255
255
248
135
0
4
0
5
52
194
255
255
255
179
53
0
0
0
0
0
0
0
9
0
0
0
1
255
250
255
202
0
2
10
0
190
252
253
253
254
255
254
142
0
0
0
0
0
2
0
0
1
0
13
121
255
255
243
128
15
3
49
255
251
255
248
255
255
239
255
189
0
0
0
0
0
0
0
5
0
15
7
131
244
255
251
142
0
126
255
249
253
255
181
255
253
255
255
119
2
0
0
0
0
4
0
4
0
4
0
63
255
254
245
244
202
240
255
246
255
128
193
237
255
244
248
80
4
0
0
0
0
0
0
2
2
0
0
6
251
255
249
255
255
255
252
255
254
252
255
255
244
255
66
0
0
0
0
0
0
0
4
3
0
0
16
0
136
234
255
255
252
255
251
255
252
255
255
227
209
58
10
3
15
0
0
0
0
0
5
3
0
0
7
0
13
196
255
255
254
253
243
255
255
255
249
139
0
2
0
0
5
0
0
0
0
0
0
0
0
1
0
11
0
0
183
247
253
255
255
249
255
194
62
6
0
0
11
13
0
0
0
0
0
0
0
0
7
4
0
18
2
5
0
73
138
116
236
255
123
0
0
1
23
0
9
0
0
0
0
0
0
3
3
0
1
0
0
2
0
0
9
0
0
0
14
0
0
1
15
1
0
5
0
1
4
0
0
0
0
0
0
0
0
0
0
0
0
0
0
0
0
0
0
0
0
0
0
0
0
0
0
0
0
0
0
0
0
0
0
0
0
0
0
0
0
0
0
0
0
0
0
0
0
0
0
0
0
0
0
0
0
0
0
0
0
0
0
0
0
0
0
0
0
0
0
0
0
0
0
0
0
0
0
0
0
0
0
0
0
0
0
0
0
0
0
0
0
0
0
0
0
0
0
0
0
0
0
0
0
0
0
0
0
0
0
0
0
0
0
0
0
