4
0
0
0
0
0
0
0
0
1
1
1
0
0
0
0
0
1
0
0
2
6
0
0
4
0
0
0
0
0
0
0
0
0
0
0
0
1
1
1
0
0
0
0
0
0
11
18
0
0
6
0
1
0
0
0
0
0
0
0
0
0
0
0
0
1
1
0
0
0
0
0
0
15
0
8
5
12
0
0
11
0
0
0
0
0
0
0
0
0
0
0
0
0
0
0
0
0
0
0
0
0
0
2
1
0
3
25
0
0
0
0
0
0
0
0
0
0
0
0
0
0
0
0
0
0
0
0
0
0
29
1
15
0
0
4
0
0
0
0
0
0
0
0
0
0
0
0
0
0
0
0
0
0
0
1
1
20
194
124
0
0
9
6
0
0
0
0
0
0
0
0
0
0
0
0
0
0
0
0
0
0
1
1
1
140
255
212
13
10
0
0
7
0
0
0
0
0
0
0
0
0
0
0
0
0
0
0
0
0
1
1
1
208
247
246
6
0
0
9
0
0
0
0
0
12
0
0
9
5
0
5
0
0
4
0
1
5
7
0
51
255
252
249
39
1
3
0
10
0
0
0
0
0
4
2
0
0
1
0
9
47
156
12
1
0
8
27
137
244
244
216
163
8
8
0
4
0
0
0
0
0
7
0
0
0
15
0
40
254
255
95
0
19
0
0
190
255
255
136
10
162
0
0
7
0
0
0
0
3
2
0
6
3
8
0
133
238
255
104
9
12
0
23
233
250
254
166
48
204
4
7
0
0
0
0
0
4
3
0
8
0
0
9
190
255
246
241
130
59
5
20
228
250
247
247
222
108
4
11
0
0
0
0
0
0
3
0
4
0
1
0
93
237
255
255
253
237
81
179
241
255
250
255
239
32
0
0
8
0
0
0
0
0
0
0
2
4
9
0
0
120
255
238
255
255
255
255
251
249
245
248
177
0
1
5
11
0
0
0
0
0
0
3
3
0
0
13
0
51
255
255
241
255
252
238
255
255
255
198
0
22
1
7
0
0
0
0
0
0
0
0
0
0
0
0
0
0
144
239
254
251
255
235
255
255
255
134
0
0
0
1
2
0
0
0
0
0
0
0
0
0
0
0
0
0
5
60
189
255
244
183
227
249
252
132
0
2
0
2
2
0
0
0
0
0
0
0
0
0
0
0
0
0
8
2
18
36
44
18
56
252
255
135
2
4
0
0
0
0
0
0
0
0
0
0
0
0
0
0
0
0
3
0
0
0
5
0
50
251
254
133
0
2
0
0
0
0
0
0
0
0
0
0
0
0
0
0
0
7
0
0
13
6
0
0
42
249
251
130
0
0
0
2
3
0
0
0
0
0
0
0
0
0
0
0
0
0
9
8
0
0
6
16
55
255
255
138
3
4
0
0
0
0
0
0
0
0
0
0
0
0
0
0
0
6
0
0
7
4
11
0
30
243
248
131
2
5
0
0
0
0
0
0
0
0
0
0
0
0
0
0
0
0
2
8
7
0
0
0
23
198
210
104
0
0
2
5
5
0
0
0
0
0
0
0
0
0
0
0
0
0
0
0
0
0
0
0
0
73
47
15
0
0
1
1
0
0
0
0
0
0
0
0
0
0
0
0
0
0
0
0
0
0
0
0
0
13
6
0
0
0
2
2
0
0
0
0
0
0
0
0
0
0
0
0
0
0
0
0
0
0
0
0
0
0
0
0
3
2
0
0
0
0
0
0
0
0
0
0
0
0
0
0
0
0
0
0
0
0
0
0
0
1
4
7
5
1
0
0
0
0
0
0
0
