9
0
0
0
0
0
0
0
0
5
0
0
0
2
0
0
0
0
0
1
6
7
0
0
8
0
0
0
0
0
0
0
0
0
0
0
0
0
2
7
8
3
0
4
12
12
7
0
0
0
5
5
0
0
0
0
0
0
0
0
0
0
0
0
0
0
0
0
0
0
4
0
0
0
0
5
17
6
0
0
0
0
0
0
0
0
0
0
0
0
0
0
0
0
10
17
7
0
0
0
2
12
0
0
0
0
1
6
0
0
0
0
0
0
0
0
0
0
0
0
0
0
0
0
0
0
0
3
4
0
2
9
0
0
0
8
0
0
0
0
0
0
0
0
0
0
0
0
0
4
0
0
5
8
4
0
0
3
4
0
5
9
0
0
4
0
0
0
0
0
0
0
0
0
0
0
0
1
0
0
11
42
96
177
244
160
101
10
0
12
11
0
6
0
0
0
0
0
0
0
0
0
0
0
0
0
0
51
159
247
255
209
167
239
255
149
10
0
2
0
2
0
0
0
0
3
0
4
0
0
7
0
0
14
0
230
255
190
90
14
0
0
181
255
21
8
0
0
9
0
0
0
0
0
1
5
0
2
8
0
5
5
171
255
209
44
14
0
4
3
53
213
110
9
0
28
0
0
0
0
0
0
5
4
0
5
5
0
27
174
243
194
1
3
0
8
0
0
0
60
110
0
6
5
0
0
0
0
0
0
4
1
0
8
0
0
65
255
248
5
4
0
6
0
5
4
4
0
1
5
0
0
0
0
0
0
0
1
0
0
0
8
0
3
94
241
96
0
3
13
2
0
7
0
0
1
0
11
0
13
0
0
0
0
0
4
0
0
0
4
0
5
85
255
143
0
15
0
0
19
0
0
8
1
9
0
0
2
2
0
0
0
0
1
0
4
0
0
0
3
42
239
235
146
104
53
88
95
105
110
103
107
65
13
0
0
1
0
0
0
0
0
0
10
0
0
7
0
1
60
230
236
251
255
243
255
255
254
255
252
227
0
11
0
2
0
0
0
0
0
0
0
0
0
0
0
0
0
23
54
73
148
109
40
59
42
161
255
196
0
2
3
0
0
0
0
0
0
0
0
0
0
0
0
0
0
0
4
4
8
0
0
0
16
191
221
56
11
0
0
8
0
0
0
0
0
0
0
0
0
0
0
0
0
0
0
6
0
0
18
2
94
246
200
0
0
0
6
0
0
0
0
0
0
0
0
0
0
0
0
0
0
0
0
7
0
19
0
0
208
255
145
14
0
4
6
0
0
0
0
0
0
0
0
0
0
0
0
0
5
1
0
0
2
0
0
87
253
191
34
4
0
4
0
8
0
0
0
0
0
0
0
0
0
0
0
0
4
0
0
4
10
0
34
230
253
78
0
3
2
0
8
0
0
0
0
0
0
0
0
0
0
0
0
0
0
0
0
11
0
0
128
247
169
13
0
14
0
0
20
0
0
0
0
0
0
0
0
0
0
0
0
0
2
1
0
11
0
56
250
238
28
4
6
0
0
7
0
10
0
0
0
0
0
0
0
0
0
0
0
0
0
13
0
0
9
148
255
118
0
0
0
0
0
0
0
0
0
0
0
0
0
0
0
0
0
0
0
0
9
0
7
8
0
145
242
14
0
0
0
0
0
0
0
0
0
0
0
0
0
0
0
0
0
0
0
0
0
1
0
3
1
0
6
0
0
0
0
0
0
0
0
0
0
0
0
0
0
0
0
0
0
0
0
0
9
5
6
7
9
0
0
4
0
0
0
0
0
0
0
0
0
0
0
0
