1
0
0
0
0
0
0
0
0
5
0
0
0
1
0
0
2
0
13
0
0
3
0
13
0
0
0
0
0
0
0
0
0
0
0
0
0
0
0
0
3
2
0
0
0
8
0
17
17
0
0
0
14
0
0
0
0
0
0
0
0
0
0
0
0
0
0
4
2
0
0
0
0
7
0
6
6
0
6
2
0
0
0
0
0
0
0
0
0
0
0
0
0
0
3
2
0
0
1
5
4
0
8
9
3
0
0
8
8
0
0
0
0
0
0
0
0
0
0
0
0
1
2
0
0
0
0
0
0
0
0
4
0
16
25
0
10
0
0
0
0
0
0
0
0
0
0
0
0
0
0
0
2
1
0
0
0
169
251
84
0
1
0
23
0
0
0
0
0
0
0
0
0
0
0
0
0
0
0
0
6
1
0
5
25
190
255
227
38
0
24
0
7
0
0
0
0
0
0
0
0
0
0
0
0
2
0
0
5
0
0
23
63
255
251
149
30
0
2
0
1
0
0
0
0
0
0
0
0
0
0
0
0
0
9
0
0
5
0
6
110
241
251
95
3
0
1
0
10
0
0
0
0
0
0
0
0
0
0
0
0
8
0
0
13
0
7
0
152
255
207
8
0
12
8
0
0
0
0
0
0
0
0
0
0
0
0
0
0
6
0
0
17
0
4
54
215
254
210
23
20
0
0
6
11
0
0
0
0
0
0
0
0
0
0
0
0
0
1
0
0
4
0
146
251
239
156
5
2
0
0
4
0
0
0
0
0
0
0
0
0
0
0
0
0
0
7
0
0
2
54
209
254
177
45
0
0
12
3
0
3
0
0
0
0
0
0
0
0
0
0
0
0
0
0
9
0
5
174
240
240
65
0
14
4
7
1
0
15
0
0
0
0
0
0
0
0
0
0
0
0
1
0
10
3
33
251
255
182
6
0
10
0
0
13
0
0
0
0
0
0
0
0
0
0
0
0
0
0
5
0
3
1
62
249
255
102
3
0
1
11
0
2
0
4
0
0
0
0
0
0
0
0
0
0
0
0
0
5
6
0
119
255
251
40
0
0
0
0
0
0
0
0
0
0
0
0
0
0
0
0
0
0
0
0
2
0
0
68
255
232
163
13
0
0
0
0
0
0
0
0
0
0
0
0
0
0
0
0
0
0
0
0
0
3
18
179
251
241
44
0
0
0
0
0
0
0
0
0
0
0
0
0
0
0
0
0
0
0
0
0
0
4
105
255
209
35
0
2
0
0
0
0
0
0
0
0
0
0
0
0
0
0
0
0
0
0
0
0
7
37
242
255
148
20
0
0
0
0
0
0
0
0
0
0
0
0
0
0
0
0
0
0
0
0
0
0
13
71
237
237
193
0
10
8
0
0
0
0
0
0
0
0
0
0
0
0
0
0
0
0
0
0
0
0
0
145
249
172
38
16
0
14
0
0
0
0
0
0
0
0
0
0
0
0
0
0
0
0
0
0
0
0
85
215
248
97
0
6
12
0
0
0
0
0
0
0
0
0
0
0
0
0
0
0
0
0
0
0
0
0
79
234
204
37
0
10
2
1
0
0
0
0
0
0
0
0
0
0
0
0
0
0
0
0
0
0
0
0
0
24
15
0
0
0
0
4
0
0
0
0
0
0
0
0
0
0
0
0
0
0
0
0
0
0
0
0
3
0
0
8
5
4
5
0
0
0
0
0
0
0
0
0
0
0
0
0
0
0
0
0
0
0
0
0
0
0
9
3
0
0
4
0
0
0
0
0
0
0
0
0
0
0
0
0
