4
0
6
10
0
2
6
0
2
0
2
13
0
8
0
0
6
0
0
0
0
0
0
0
0
0
0
0
0
8
0
0
4
0
6
3
5
16
0
2
13
0
0
6
0
0
0
0
0
0
0
0
0
0
0
0
0
10
0
3
6
0
3
4
0
2
2
0
0
0
0
0
2
0
0
0
0
0
0
0
0
0
0
0
0
0
0
12
0
0
7
10
7
0
21
0
0
0
11
0
8
0
0
0
0
0
0
0
0
0
0
0
0
0
3
0
0
13
7
0
0
0
0
0
33
0
0
0
0
0
0
0
0
0
0
0
0
0
0
0
0
0
12
12
0
0
0
40
186
255
146
7
0
0
6
19
0
0
0
0
0
0
0
0
0
0
0
0
0
6
0
0
0
20
1
0
40
206
255
172
26
0
8
30
0
0
0
0
0
0
0
0
0
0
0
0
0
1
0
7
0
0
4
0
9
67
254
246
46
8
156
235
71
0
0
0
0
0
0
0
0
0
0
0
0
0
0
0
0
0
0
0
0
2
202
255
157
0
153
255
182
0
23
0
0
4
2
0
8
0
0
0
0
0
0
0
0
0
0
0
0
12
151
255
234
27
43
238
231
22
0
0
0
2
0
0
4
0
0
0
0
0
0
0
0
0
0
0
0
1
62
254
245
36
5
214
248
115
0
5
8
2
0
6
0
0
0
0
0
0
0
0
0
0
0
0
0
4
39
201
255
221
37
20
255
218
63
2
5
1
0
8
0
0
0
0
0
0
0
0
0
0
0
0
0
0
0
95
247
255
91
0
252
255
135
0
0
3
0
7
0
0
0
0
0
0
0
0
0
0
0
0
0
5
0
40
242
238
230
220
255
255
200
12
0
9
2
0
0
0
0
0
0
0
0
0
0
0
0
0
0
0
7
1
245
255
255
237
246
255
245
85
0
9
0
0
0
0
0
0
0
0
0
0
0
0
0
0
0
2
0
16
255
248
227
195
255
250
255
142
1
1
0
0
3
0
0
0
0
0
0
0
0
0
0
0
0
10
0
27
162
163
2
0
176
250
250
192
0
16
0
0
8
0
0
0
0
0
0
0
0
0
0
0
0
0
13
2
0
14
8
0
20
218
255
244
28
0
6
8
0
0
0
0
0
0
0
0
0
0
0
0
0
8
10
0
0
0
0
0
0
174
247
255
119
0
0
0
0
0
0
0
0
0
0
0
0
0
0
0
0
0
0
11
15
6
0
2
5
94
235
255
202
12
0
0
12
0
0
0
0
0
0
0
0
0
0
0
0
0
0
0
0
0
2
5
0
8
254
248
223
0
0
0
0
0
0
0
0
0
0
0
0
0
0
0
0
16
0
0
5
1
0
0
3
0
248
245
234
10
0
3
0
0
0
0
0
0
0
0
0
0
0
0
0
0
6
11
0
0
3
5
0
9
185
247
253
51
0
2
5
0
0
0
0
0
0
0
0
0
0
0
0
0
0
0
0
3
0
0
2
7
124
255
255
74
0
7
0
0
0
0
0
0
0
0
0
0
0
0
0
0
0
0
0
0
0
0
0
0
117
241
229
24
0
5
1
0
0
0
0
0
0
0
0
0
0
0
0
0
0
0
0
0
0
0
0
0
0
2
11
0
4
5
0
0
0
0
0
0
0
0
0
0
0
0
0
0
0
0
0
0
0
0
0
1
10
2
3
8
2
0
13
0
0
0
0
0
0
0
0
0
0
0
0
0
0
0
0
0
0
0
0
0
0
1
0
11
0
0
3
0
0
0
0
