8
0
0
0
0
0
0
0
0
0
12
1
0
5
3
0
2
0
6
5
0
0
13
0
0
0
0
0
0
0
0
0
0
0
0
0
0
6
0
11
12
0
0
6
0
4
0
1
0
6
0
0
13
0
0
0
0
0
0
0
0
0
0
0
0
2
0
0
0
0
0
9
0
1
0
0
7
0
0
0
0
0
0
0
0
0
0
0
0
0
0
0
0
0
8
13
13
9
0
0
6
0
20
0
19
0
14
11
0
0
0
0
0
0
0
0
0
0
0
0
0
0
12
0
0
6
4
4
43
74
195
240
247
102
8
0
0
0
0
0
0
0
0
0
0
0
0
0
0
5
0
13
17
0
75
202
247
255
255
250
255
212
42
15
3
0
0
0
0
0
0
0
0
0
0
0
0
2
16
0
19
166
246
244
255
228
180
153
235
255
55
5
0
0
0
0
0
0
0
0
0
0
0
0
0
0
0
127
242
238
255
232
78
22
1
0
175
254
65
0
3
0
0
0
0
0
5
1
0
0
0
8
0
25
195
250
242
247
122
24
0
0
63
100
226
255
113
0
0
0
0
0
0
1
0
0
6
7
0
0
10
145
243
255
190
62
6
0
33
118
248
252
255
242
231
61
0
0
0
0
0
3
0
5
4
0
0
9
93
255
250
230
0
0
0
45
216
255
248
248
188
175
239
116
0
0
0
0
0
7
0
8
0
0
0
14
125
235
253
249
166
31
49
220
254
242
181
63
0
0
141
57
14
0
0
0
0
8
0
0
0
8
11
0
49
166
255
242
248
247
209
255
249
139
0
7
10
2
0
14
0
0
0
0
0
0
0
4
0
6
8
0
2
21
13
170
250
249
249
255
179
7
4
0
0
0
8
11
2
0
0
0
0
0
1
7
0
0
0
0
6
0
14
5
193
246
255
248
230
69
2
1
4
11
0
12
0
0
0
0
0
2
0
0
3
3
2
7
0
3
0
68
247
252
228
242
255
243
156
52
7
0
8
0
12
0
0
0
0
0
0
0
0
0
0
0
0
5
0
241
255
238
88
63
230
244
248
231
121
0
0
9
0
0
0
0
0
0
0
0
0
0
0
0
0
0
58
255
234
163
7
0
5
111
218
247
252
102
9
3
0
0
0
0
0
0
0
0
0
0
0
0
0
6
159
250
253
74
11
2
0
0
72
213
255
255
32
12
0
0
0
0
0
0
0
0
0
0
0
0
0
1
202
255
203
26
0
4
0
1
17
73
252
255
174
0
1
0
0
0
0
0
0
0
0
0
0
0
0
0
219
245
137
0
0
13
17
48
132
238
255
237
134
8
1
0
0
0
0
0
0
0
0
0
0
0
0
5
196
250
206
86
144
155
221
255
243
248
247
190
27
0
0
0
0
0
0
0
0
0
0
0
0
0
0
0
94
253
255
255
236
255
255
243
219
160
70
4
0
14
0
0
0
0
0
0
0
0
0
0
0
0
0
0
26
154
213
249
255
242
145
76
0
2
16
0
10
0
9
0
0
0
0
0
0
0
0
0
0
0
0
0
0
0
0
0
0
0
0
0
0
0
0
0
0
0
0
0
0
0
0
0
0
0
0
0
0
0
0
0
0
0
0
0
0
0
0
0
0
0
0
0
0
0
0
0
0
0
0
0
0
0
0
0
0
0
0
0
0
0
0
0
0
0
0
0
0
0
0
0
0
0
0
0
0
0
0
0
0
0
0
0
0
0
0
0
0
0
0
0
0
0
0
0
0
0
0
0
0
0
0
0
0
0
0
