4
1
0
6
4
0
2
2
5
0
2
4
3
0
0
0
0
0
0
17
0
9
0
6
3
0
0
0
0
0
2
0
7
6
6
0
0
0
0
0
0
0
1
0
0
6
0
0
8
0
0
11
0
0
0
0
0
6
16
0
0
0
5
7
8
3
0
0
0
0
1
1
0
0
6
0
5
0
0
5
0
0
0
0
0
0
10
0
7
0
0
0
0
5
2
1
2
1
0
0
1
0
8
0
0
11
0
0
13
0
0
0
0
0
0
3
3
0
16
0
14
0
0
2
5
2
0
0
4
0
0
19
4
0
6
0
0
0
0
0
0
12
0
3
0
0
3
0
0
0
0
0
3
1
0
0
6
7
0
0
2
56
247
207
2
0
0
0
0
2
0
6
13
3
0
34
0
17
3
0
0
2
0
0
3
0
15
21
10
111
255
254
0
0
0
0
0
0
5
0
0
7
12
195
193
39
14
0
0
5
2
0
0
4
6
0
3
247
245
246
6
0
0
0
0
0
14
0
5
0
38
239
251
84
7
10
0
7
0
0
6
0
0
9
171
255
248
62
4
0
0
0
0
0
0
7
0
2
13
255
255
117
0
0
0
0
0
0
6
12
0
2
237
252
245
16
0
0
0
0
0
4
0
8
2
0
38
255
246
144
0
2
25
0
0
13
0
0
0
123
255
255
181
0
14
0
0
0
0
0
7
0
11
0
166
255
246
60
11
0
0
38
33
0
9
0
94
238
251
242
39
0
0
0
0
0
0
0
11
0
0
56
249
251
189
10
12
79
167
223
234
146
37
15
79
250
241
154
18
0
11
0
0
0
0
2
0
11
1
154
254
240
153
76
176
253
255
249
250
247
254
197
142
255
255
105
4
7
0
0
0
0
0
0
0
7
128
245
255
255
226
253
255
240
214
158
174
216
247
255
250
237
255
188
64
160
6
0
0
0
0
6
13
0
255
255
242
246
255
254
244
105
18
0
0
26
159
229
255
255
235
255
251
188
7
0
0
0
0
0
0
5
255
246
255
250
249
150
55
5
0
0
0
0
0
206
255
245
243
188
119
3
2
0
0
0
0
6
2
9
122
168
178
148
46
18
0
0
4
6
4
0
11
203
249
255
70
18
0
5
4
0
0
0
0
0
0
0
0
6
0
19
0
0
0
7
1
1
0
0
28
229
255
248
27
0
1
0
1
0
0
0
0
11
2
0
8
0
0
0
22
2
9
1
0
1
2
11
73
255
255
173
3
0
26
0
0
0
0
0
0
0
0
0
0
0
20
0
0
0
1
0
0
7
0
6
85
253
254
195
47
0
0
7
1
0
0
0
0
0
7
9
0
0
3
0
7
0
4
3
0
5
0
0
80
251
255
255
192
20
0
15
0
0
0
0
0
6
0
0
3
17
0
0
0
0
0
3
0
2
0
10
82
253
242
243
164
3
0
0
0
0
0
0
0
0
6
0
13
0
0
3
3
0
2
3
0
0
0
1
42
239
250
252
29
5
1
10
0
0
0
0
0
0
0
0
0
0
0
0
0
0
0
0
0
0
0
0
0
108
134
109
31
0
3
10
0
0
0
0
0
0
0
0
0
0
0
0
0
0
0
0
0
0
0
0
0
0
7
9
0
0
0
4
11
0
0
0
0
0
0
0
0
0
0
0
0
0
0
0
0
0
0
0
0
0
0
0
9
10
0
0
3
0
0
0
0
0
0
0
0
0
0
0
0
0
0
0
0
0
0
0
0
3
4
4
2
2
3
0
0
0
0
0
0
