1
0
0
0
0
0
0
0
0
0
0
0
0
0
0
0
0
0
0
12
0
0
8
0
1
0
0
0
0
0
0
0
0
0
0
0
0
0
0
0
0
0
0
0
0
2
10
0
0
0
2
0
4
0
0
0
0
0
0
0
0
0
0
0
0
0
0
0
0
0
0
0
0
0
12
0
5
6
7
0
2
0
0
0
0
0
0
0
0
0
0
0
0
0
0
0
0
0
0
0
0
0
2
0
0
0
0
3
0
0
0
0
0
0
0
0
0
0
0
0
0
0
0
0
0
0
0
0
0
0
0
7
0
0
0
16
0
0
0
0
0
0
0
0
0
0
0
0
0
0
0
0
0
0
0
0
0
2
0
105
251
255
101
0
8
0
0
0
0
0
0
0
0
0
0
0
0
0
0
0
0
0
0
0
0
0
122
217
255
255
217
22
0
0
0
0
0
0
0
0
0
0
0
0
0
0
0
0
0
0
0
0
0
41
228
255
247
246
247
9
2
0
0
0
0
0
0
0
0
0
0
0
0
0
22
0
0
15
0
0
86
195
255
248
255
234
105
10
7
0
0
0
0
0
0
0
0
0
0
0
0
0
8
2
1
0
0
32
169
250
255
250
181
14
21
0
0
0
0
0
0
0
0
0
0
0
0
0
0
3
0
7
7
0
12
134
247
255
231
185
37
0
0
17
11
0
0
0
0
0
0
0
0
0
0
0
0
1
0
0
4
1
53
225
255
247
199
32
0
8
7
0
0
0
0
0
0
0
0
0
0
0
0
0
0
2
1
0
0
0
134
251
246
237
117
0
8
16
0
1
2
0
0
0
0
0
0
0
0
0
0
0
0
2
0
3
8
24
231
249
255
131
0
0
0
4
0
4
1
0
0
0
0
0
0
0
0
0
0
0
0
0
0
8
34
145
255
254
221
45
4
0
8
0
18
0
3
0
0
0
0
0
0
0
0
0
0
0
0
4
0
6
52
255
247
255
144
0
0
4
0
4
0
19
0
0
0
0
0
6
0
4
9
0
14
0
0
1
0
2
129
251
255
190
0
0
0
0
0
0
0
0
0
0
0
0
0
0
1
0
1
3
0
0
16
3
6
96
255
250
180
17
13
0
0
0
0
0
0
0
0
0
0
0
0
0
0
0
1
5
0
0
4
12
45
255
243
255
109
0
0
0
0
0
0
0
0
0
0
0
0
0
0
7
0
4
9
0
11
5
0
111
221
255
228
201
5
1
0
0
0
0
0
0
0
0
0
0
0
0
0
7
0
4
7
0
13
0
54
249
255
249
198
23
0
13
0
0
0
0
0
0
0
0
0
0
0
0
0
0
9
0
0
1
0
20
178
252
255
213
20
0
12
0
12
0
0
0
0
0
0
0
0
0
0
0
0
0
5
0
0
8
0
122
254
255
209
48
6
18
0
5
0
0
0
0
0
0
0
0
0
0
0
0
0
3
0
5
7
1
7
233
255
253
56
2
0
0
1
0
6
0
0
0
0
0
0
0
0
0
0
0
0
3
0
0
0
0
28
140
255
165
34
0
7
1
0
9
0
0
0
0
0
0
0
0
0
0
0
0
0
1
0
0
8
6
0
2
14
7
0
0
7
0
0
8
0
0
0
0
0
0
0
0
0
0
0
0
0
0
3
1
0
0
1
0
0
0
0
15
9
0
1
6
0
0
0
0
0
0
0
0
0
0
0
0
0
0
4
10
1
0
2
8
8
12
2
0
0
3
3
2
8
0
0
0
0
0
0
0
0
0
0
0
0
