3
0
0
1
1
0
0
0
1
0
0
0
7
7
0
0
1
0
0
8
0
0
0
0
0
0
0
0
0
1
1
1
0
0
0
0
0
5
2
0
0
0
0
0
5
13
0
0
0
8
1
0
0
0
0
0
0
3
1
0
0
0
0
1
1
0
1
5
4
3
4
0
0
0
9
6
8
13
0
13
1
0
0
0
0
0
0
0
0
1
2
2
0
6
1
0
0
0
0
0
0
6
0
13
0
0
22
0
0
0
0
0
0
0
0
0
0
1
0
0
0
0
0
0
3
6
0
0
4
2
7
2
0
7
0
7
0
0
0
0
0
0
1
3
2
0
0
0
0
1
4
8
7
0
0
0
4
0
29
37
89
68
2
9
0
0
0
0
0
0
3
4
1
0
0
2
8
0
27
56
59
68
107
154
182
255
224
255
255
242
231
53
3
0
0
0
0
0
0
3
0
0
0
11
23
119
204
255
255
248
255
255
251
244
255
202
248
255
255
154
8
0
0
0
0
5
0
1
0
5
0
0
202
248
255
254
254
234
196
125
112
35
21
54
229
249
253
36
6
0
0
0
0
0
0
1
0
7
5
1
144
234
165
90
43
31
3
0
6
6
40
152
255
241
123
25
0
0
0
0
0
0
7
0
0
1
1
0
49
11
9
4
0
1
6
13
0
71
232
253
249
143
0
6
0
0
0
0
0
0
7
0
0
0
0
0
0
11
1
6
15
0
9
125
232
255
240
254
224
88
0
0
11
0
0
0
0
0
0
0
4
6
0
10
0
0
0
0
91
154
247
255
233
234
255
246
255
218
12
14
0
0
0
0
0
3
0
0
2
5
0
10
0
2
14
77
255
253
255
255
255
198
56
43
233
224
20
1
0
0
0
0
0
6
0
8
0
0
0
0
0
0
1
72
255
255
245
168
65
0
1
14
248
242
32
9
0
0
0
0
0
0
0
14
0
2
2
3
0
5
0
39
146
78
1
8
0
6
0
139
255
226
5
0
4
0
0
0
0
0
0
7
5
0
0
0
8
3
0
8
8
0
5
15
0
7
111
240
255
69
14
4
0
0
0
0
0
0
0
0
0
2
4
0
0
9
0
0
0
10
10
0
7
26
187
255
230
14
0
0
17
0
0
0
0
0
21
0
9
0
8
12
3
0
14
1
0
3
0
11
26
183
255
246
121
13
3
0
0
0
0
0
0
9
0
8
149
173
36
0
0
12
0
1
0
19
0
0
170
255
239
148
12
0
0
10
0
0
0
0
0
0
14
0
240
246
239
77
8
0
0
2
8
0
47
193
255
255
149
23
0
0
10
0
0
0
0
0
0
28
0
0
111
245
255
244
195
129
40
29
53
146
242
239
253
168
52
0
2
14
7
0
0
0
0
0
0
0
0
9
6
90
176
255
255
255
247
255
255
246
255
251
157
16
0
1
0
8
0
0
15
0
0
0
0
0
5
0
5
0
39
107
203
252
230
248
246
216
153
55
6
0
15
0
4
0
14
0
1
0
0
0
0
0
0
0
0
0
0
0
0
0
0
0
0
0
0
0
0
0
0
0
0
0
0
0
0
0
0
0
0
0
0
0
0
0
0
0
0
0
0
0
0
0
0
0
0
0
0
0
0
0
0
0
0
0
0
0
0
0
0
0
0
0
0
0
0
0
0
0
0
0
0
0
0
0
0
0
0
0
0
0
0
0
0
0
0
0
0
0
0
0
0
0
0
0
0
0
0
0
0
0
0
0
0
0
0
0
0
0
0
0
0
0
0
