8
0
0
0
0
0
0
0
0
4
0
16
0
0
5
0
2
1
0
10
0
0
0
10
0
0
0
0
0
0
0
0
0
0
0
0
0
0
9
0
0
20
0
12
5
2
0
0
0
22
0
0
3
0
0
0
0
0
0
0
0
0
0
0
0
1
1
0
0
8
8
0
0
0
2
6
0
0
0
0
14
0
0
0
0
0
0
0
0
0
0
0
0
9
0
0
28
0
0
19
2
10
0
0
12
2
1
5
0
0
0
0
0
0
0
0
0
0
0
0
0
0
1
11
0
6
0
0
193
222
124
25
0
0
1
0
0
0
0
0
0
0
0
0
0
0
0
0
0
0
8
0
3
9
15
192
255
249
234
114
8
0
11
0
0
0
0
0
0
0
0
0
0
0
0
0
0
1
0
11
0
6
160
254
161
218
255
245
123
0
0
2
0
0
0
0
0
0
0
0
0
0
0
0
0
2
0
0
8
5
229
199
2
30
91
222
236
49
0
13
0
0
0
0
0
0
0
0
0
0
0
0
0
0
9
0
0
13
255
149
6
0
11
43
253
128
0
2
0
0
0
0
0
0
0
0
0
0
0
0
0
0
7
5
6
4
225
162
5
0
0
10
193
124
17
3
0
0
0
0
0
0
0
0
0
0
0
0
0
0
0
0
6
11
216
202
0
9
0
52
255
88
4
0
10
0
0
0
0
0
0
0
0
0
0
0
0
1
9
1
0
0
184
255
23
3
114
255
250
46
0
17
0
0
0
0
0
0
0
0
0
0
0
0
0
6
0
0
7
14
158
221
0
113
245
255
172
15
0
0
14
0
0
0
0
0
0
0
0
0
0
0
0
0
0
8
3
0
107
255
255
255
234
161
12
9
4
15
0
0
0
0
0
0
0
0
0
0
0
0
0
6
0
2
0
17
135
237
253
248
98
2
17
0
0
0
5
0
0
0
0
0
0
0
0
0
0
0
0
0
0
6
32
128
255
252
207
43
15
0
0
0
0
3
2
0
0
0
0
0
0
0
0
0
0
0
0
0
7
29
218
255
235
252
124
0
0
0
0
0
0
0
0
0
0
0
0
0
0
0
0
0
0
0
0
7
16
179
249
255
170
250
98
0
0
0
0
0
0
0
0
0
0
0
0
0
0
0
0
0
0
0
0
0
135
255
227
97
64
255
60
0
0
0
0
0
0
0
0
0
0
0
0
0
0
0
0
0
0
0
0
11
173
240
80
0
179
249
0
0
0
0
0
0
0
0
0
0
0
0
0
0
0
0
0
0
0
0
0
0
153
232
0
36
236
222
5
0
0
0
0
0
0
0
0
0
0
0
0
0
0
0
0
0
0
0
0
10
134
221
102
193
244
137
0
0
0
0
0
0
0
0
0
0
0
0
0
0
0
0
0
0
0
0
0
0
67
255
255
253
224
8
9
0
0
0
0
0
0
0
0
0
0
0
0
0
0
0
0
0
0
0
0
7
5
129
204
210
156
10
0
0
0
0
0
0
0
0
0
0
0
0
0
0
0
0
0
0
0
0
0
0
0
0
0
0
0
0
0
0
0
0
0
0
0
0
0
0
0
0
0
0
0
0
0
0
0
0
0
0
0
0
0
0
0
0
0
0
0
0
0
0
0
0
0
0
0
0
0
0
0
0
0
0
0
0
0
0
0
0
0
0
0
0
0
0
0
0
0
0
0
0
0
0
0
0
0
0
0
0
0
0
0
0
0
0
0
0
0
0
0
0
0
0
0
0
0
0
0
0
0
0
0
0
0
