5
0
0
0
0
0
0
0
0
2
0
0
0
0
0
0
2
0
1
2
0
0
0
5
5
11
0
0
0
0
0
0
0
0
0
0
0
0
0
1
3
4
4
3
2
0
6
10
7
2
1
0
0
0
0
7
5
0
0
0
0
0
0
0
0
0
0
0
2
2
1
0
0
0
0
0
0
0
0
2
2
11
0
5
0
0
0
0
0
0
0
0
0
3
2
0
0
0
0
0
0
8
7
4
0
0
0
0
1
0
0
0
3
0
0
0
0
0
0
0
0
2
1
1
0
0
0
0
0
0
0
1
5
6
3
0
0
9
8
6
7
0
0
0
0
0
0
0
0
0
0
0
1
2
1
0
0
8
2
0
0
0
0
0
0
0
5
0
0
0
0
0
0
0
0
0
0
4
2
0
0
0
0
0
0
1
0
0
2
6
4
3
5
10
33
0
0
0
0
0
0
0
0
0
0
32
23
9
0
0
0
7
14
11
30
71
119
152
162
160
158
234
201
69
0
6
0
0
4
0
4
0
49
226
237
29
1
49
126
173
220
191
254
252
255
249
252
254
252
255
249
129
5
0
11
4
0
0
0
13
233
255
225
33
0
228
255
255
241
244
255
249
246
255
255
241
158
139
107
31
0
0
5
0
0
15
2
0
255
255
184
0
9
139
233
255
216
98
29
21
40
48
23
38
0
22
4
0
0
4
0
0
8
0
4
0
255
245
195
0
0
83
89
19
0
2
0
4
0
0
0
12
0
0
0
1
1
4
0
0
7
0
5
0
255
245
195
0
0
0
4
0
12
0
10
8
4
0
13
0
0
4
0
0
0
0
8
0
0
14
5
0
244
252
163
2
17
0
21
1
0
5
0
0
5
2
3
0
21
3
0
0
2
0
15
6
0
0
0
11
216
251
248
169
80
100
15
1
6
3
0
8
0
0
15
0
0
0
0
7
7
6
0
2
0
0
9
0
29
215
252
246
255
250
246
224
187
110
5
0
0
4
0
0
0
0
4
0
0
0
2
0
5
0
8
0
0
0
76
124
227
216
239
225
255
247
236
2
13
0
0
0
8
0
0
0
0
0
3
3
3
0
0
10
6
0
1
0
9
0
6
18
55
226
248
115
0
0
5
19
0
0
0
0
0
5
1
0
1
2
0
0
2
15
0
7
0
4
0
0
9
124
247
242
71
0
0
0
0
0
0
0
0
6
0
0
3
6
1
0
102
78
0
0
0
8
12
0
4
108
254
245
65
0
9
0
12
0
0
0
0
0
0
0
5
0
4
8
255
174
33
8
14
0
1
0
0
165
255
211
3
0
2
6
0
0
0
0
0
0
0
1
2
0
3
0
236
240
226
87
8
17
8
0
165
241
254
126
8
2
0
0
0
0
0
0
0
7
0
0
0
1
3
0
75
242
250
255
255
164
160
194
249
255
138
1
2
0
8
0
8
0
0
0
0
0
0
8
0
5
2
13
0
45
109
192
255
246
251
253
229
127
0
0
1
5
0
14
0
0
0
0
0
0
0
0
0
0
0
0
0
0
6
0
54
156
157
76
34
0
0
0
0
0
0
0
0
0
0
0
0
0
0
0
0
0
0
0
0
0
15
0
0
20
11
0
0
0
0
0
0
0
0
0
0
0
0
0
0
0
0
0
0
0
0
0
0
0
5
0
0
0
0
0
13
0
0
0
0
0
0
0
0
0
0
0
0
0
0
0
0
0
0
0
0
1
0
3
8
9
10
8
1
0
0
0
0
0
0
0
0
0
0
0
0
