1
0
0
0
0
0
0
0
0
3
0
6
0
0
4
3
0
0
0
0
0
0
0
0
0
0
0
0
0
0
0
0
0
0
0
0
0
8
0
0
23
8
0
26
0
0
0
0
0
0
0
0
0
0
0
0
0
0
0
0
0
0
0
0
0
0
5
21
0
0
20
0
7
0
0
0
0
0
0
0
0
0
0
0
0
0
0
0
0
0
0
0
0
11
0
0
17
0
0
0
3
0
0
0
0
0
0
0
0
0
0
0
0
0
0
0
0
0
0
0
0
2
0
9
0
8
12
5
6
0
0
0
0
0
0
0
0
0
0
0
0
0
0
0
0
0
0
0
0
0
3
7
1
0
0
227
6
0
0
0
0
0
0
0
0
0
0
0
0
0
0
0
0
0
0
0
0
12
0
1
0
9
8
242
111
0
0
0
0
0
0
0
0
0
0
0
0
0
0
0
0
0
0
0
0
0
5
7
0
3
33
208
122
0
0
0
0
0
0
0
0
0
0
0
0
0
0
0
0
0
0
0
0
3
3
2
3
0
83
255
112
0
0
0
0
0
0
0
0
0
0
0
0
0
0
0
0
0
0
0
0
0
6
0
1
14
69
255
72
0
0
0
0
0
0
0
0
0
0
0
0
0
0
0
0
0
0
0
0
0
9
0
0
16
105
255
13
0
0
0
0
0
0
0
0
0
0
0
0
0
0
0
0
0
0
0
0
3
5
3
0
0
171
249
0
0
0
0
0
0
0
0
0
0
0
0
0
0
0
0
0
0
0
0
0
1
0
2
0
0
151
252
4
0
0
0
0
0
0
0
0
0
0
0
0
0
0
0
0
0
0
0
0
0
0
0
3
6
45
243
1
0
0
0
0
0
0
0
0
0
0
0
0
0
0
0
0
0
0
0
0
1
1
0
3
1
1
234
0
0
0
0
0
0
0
0
0
0
0
0
0
0
0
0
0
0
0
0
0
0
0
6
3
0
46
242
0
0
0
0
0
0
0
0
0
0
0
0
0
0
0
0
0
0
0
0
0
0
24
0
6
13
16
233
0
0
0
3
6
0
0
1
0
0
0
0
0
0
0
0
0
0
0
0
0
6
4
0
0
0
39
233
6
6
7
0
0
0
6
6
0
0
0
0
0
0
0
0
0
0
0
0
0
4
0
6
4
0
80
255
97
0
2
2
0
2
3
0
0
0
0
0
0
0
0
0
0
0
0
0
0
0
2
3
0
5
35
230
125
0
0
0
4
12
0
0
5
0
0
0
0
0
0
0
0
0
0
0
0
0
7
0
0
1
0
219
107
14
4
0
0
3
5
1
0
0
0
0
0
0
0
0
0
0
0
0
0
0
0
0
12
1
1
232
128
0
0
7
0
0
1
10
0
0
0
0
0
0
0
0
0
0
0
0
0
8
0
2
5
0
0
139
172
18
0
6
12
0
0
9
0
0
0
0
0
0
0
0
0
0
0
0
0
0
0
0
0
6
0
36
247
133
15
0
6
1
0
7
0
0
0
0
0
0
0
0
0
0
0
0
0
0
7
0
4
7
0
19
144
177
23
0
9
5
0
0
5
0
0
0
0
0
0
0
0
0
0
0
0
0
8
0
0
15
5
0
22
16
0
0
7
0
0
0
0
0
0
0
0
0
0
0
0
0
0
0
0
0
8
0
0
3
8
0
0
0
0
18
7
0
5
2
0
0
0
0
0
0
0
0
0
0
0
0
0
1
0
1
3
0
0
1
10
10
4
0
0
0
7
3
5
0
0
0
0
