1
0
0
0
0
0
0
0
0
0
0
0
0
0
0
0
0
5
0
0
0
2
3
4
0
0
0
0
0
0
0
0
0
0
0
0
0
0
0
0
0
0
0
0
0
0
13
2
12
0
0
17
0
0
0
0
0
0
0
0
0
0
0
0
0
0
0
0
0
0
0
0
0
0
20
0
0
5
8
0
0
0
0
0
0
0
0
0
0
0
0
0
0
0
0
0
0
0
0
0
0
11
0
3
1
10
0
0
12
0
0
0
0
0
0
0
0
0
0
0
0
0
0
0
0
0
0
0
0
0
97
234
248
150
4
8
7
0
0
0
0
0
0
0
0
0
0
0
0
0
0
0
0
0
0
0
0
42
233
255
255
232
39
7
0
0
0
0
0
0
0
0
0
0
0
0
0
0
0
0
0
0
0
0
0
28
255
249
244
245
74
0
16
0
0
0
0
0
0
0
0
0
0
0
0
0
0
0
0
0
0
0
0
169
249
246
255
242
159
6
0
0
0
0
0
0
0
0
0
0
0
0
0
0
0
6
0
0
4
6
1
197
244
251
248
255
57
1
0
0
0
0
0
0
0
0
0
0
0
0
0
0
7
11
6
0
5
0
155
247
255
255
255
155
11
0
5
0
0
0
0
0
0
0
0
0
0
0
0
3
1
0
17
0
10
22
255
248
253
255
231
37
1
1
7
0
0
0
0
0
0
0
0
0
0
0
0
10
0
5
0
9
4
152
255
253
255
250
171
1
9
1
0
0
0
0
0
0
0
0
0
0
0
0
0
0
5
9
4
0
97
237
255
245
252
214
78
4
0
0
3
0
0
0
0
0
0
0
0
0
0
0
0
0
15
0
1
17
221
245
255
246
255
192
4
0
2
3
5
0
0
0
0
0
0
0
0
0
0
0
0
6
0
2
22
165
246
255
246
255
232
138
5
0
11
12
0
0
0
0
0
0
0
0
0
0
0
0
0
6
2
2
157
241
255
254
254
215
85
0
15
0
0
0
3
0
0
0
0
0
11
0
0
11
0
0
0
8
0
47
231
240
251
252
255
211
9
0
10
0
7
0
4
0
0
0
0
0
2
2
1
0
0
4
0
4
38
238
249
255
255
239
185
80
0
0
0
0
10
0
6
0
0
0
0
2
0
3
6
0
1
7
0
0
172
247
255
235
246
255
3
0
0
6
0
2
8
0
3
0
0
0
0
6
0
0
2
2
0
0
14
135
250
248
241
255
233
53
0
0
7
0
0
13
0
0
1
0
0
0
0
0
2
0
0
8
0
0
84
233
255
248
255
247
59
15
6
3
0
0
2
2
0
4
0
0
0
0
0
0
9
10
0
5
0
8
134
243
255
255
226
193
10
0
4
0
0
3
4
0
0
11
0
0
0
0
0
0
3
12
0
1
0
0
90
247
231
255
202
102
13
0
0
0
3
13
2
0
0
2
0
0
0
0
0
5
0
5
0
1
11
0
9
76
209
234
69
3
0
8
1
0
0
0
0
7
7
0
8
0
0
0
0
0
0
0
0
0
0
0
0
0
0
0
0
0
0
0
0
0
0
0
0
0
0
0
0
0
0
0
0
0
0
0
0
0
0
0
0
0
0
0
0
0
0
0
0
0
0
0
0
0
0
0
0
0
0
0
0
0
0
0
0
0
0
0
0
0
0
0
0
0
0
0
0
0
0
0
0
0
0
0
0
0
0
0
0
0
0
0
0
0
0
0
0
0
0
0
0
0
0
0
0
0
0
0
0
0
0
0
0
0
0
0
0
