2
0
0
6
0
0
0
0
10
2
0
6
0
0
8
7
0
3
5
4
0
0
0
0
0
0
0
0
0
0
0
0
6
3
9
0
0
0
0
4
17
5
0
0
10
0
0
0
0
0
7
5
0
0
0
0
0
4
4
0
0
0
10
4
8
16
7
0
0
0
5
5
0
13
0
0
9
9
0
0
3
0
0
0
0
0
8
0
15
0
0
0
0
0
2
2
0
1
3
5
0
4
0
0
0
0
0
0
9
0
0
0
0
0
9
0
12
3
5
11
9
15
10
0
0
13
0
0
0
0
11
11
0
0
10
9
0
0
0
0
0
4
8
0
0
1
0
4
0
0
16
0
0
10
0
6
0
10
0
0
6
11
0
0
0
0
0
0
0
0
4
1
0
15
0
21
4
6
126
158
151
140
130
151
145
94
29
0
0
6
0
0
18
0
0
0
0
0
9
5
0
31
48
176
218
215
255
244
244
255
249
255
247
255
194
90
11
0
6
8
0
0
0
0
0
2
0
5
0
248
244
255
252
242
255
255
253
236
252
255
247
240
255
249
88
6
0
6
0
0
0
0
0
5
3
0
2
254
254
246
241
255
236
243
250
255
245
252
246
255
240
253
214
75
3
5
0
0
0
0
0
0
3
0
16
253
255
199
181
171
0
11
18
0
11
145
103
252
248
252
255
150
1
0
3
0
0
0
0
4
16
0
0
114
90
18
0
6
5
0
0
25
0
0
5
113
241
254
255
249
30
0
6
0
0
0
0
0
7
4
0
12
5
0
8
0
7
10
4
11
6
0
0
30
255
255
236
255
42
0
0
0
0
0
0
2
0
0
5
0
0
0
1
9
0
0
0
0
0
6
5
41
255
246
248
236
32
1
0
0
0
0
0
5
0
0
7
5
16
5
0
5
0
9
7
9
0
0
0
40
231
243
255
250
38
15
0
0
0
0
0
0
10
0
0
0
0
0
5
0
22
74
63
81
65
86
69
96
255
255
247
255
17
12
0
0
0
0
0
1
0
0
4
8
1
0
1
104
182
244
254
244
255
255
248
255
246
245
255
252
175
70
7
0
0
0
0
1
0
2
3
0
0
13
117
243
241
251
255
255
239
240
255
251
254
255
255
248
240
231
222
0
0
0
0
0
0
0
12
7
7
45
238
253
255
255
240
242
254
255
249
253
249
255
255
248
255
255
249
0
0
0
0
6
0
0
8
0
2
29
255
255
243
242
247
255
255
255
253
246
250
252
236
239
255
230
124
0
0
0
0
0
10
6
0
0
0
31
255
247
249
255
252
255
242
253
252
243
96
9
17
14
0
0
2
0
0
0
0
0
4
2
0
0
16
27
167
249
255
255
229
255
255
243
179
80
22
0
0
0
0
10
4
0
0
0
0
4
0
0
0
4
4
0
19
30
92
205
230
201
81
34
14
3
0
0
9
8
0
0
1
0
0
0
0
4
0
2
0
4
1
0
2
4
0
9
0
13
0
7
0
0
4
0
0
0
3
0
0
0
0
0
0
0
0
0
0
0
0
0
0
0
0
0
0
0
0
0
0
0
0
0
0
0
0
0
0
0
0
0
0
0
0
0
0
0
0
0
0
0
0
0
0
0
0
0
0
0
0
0
0
0
0
0
0
0
0
0
0
0
0
0
0
0
0
0
0
0
0
0
0
0
0
0
0
0
0
0
0
0
0
0
0
0
0
0
0
0
0
0
0
0
0
0
0
0
0
0
0
0
0
0
0
0
0
0
0
0
0
0
0
0
0
0
0
