2
8
0
0
10
8
0
0
0
0
4
1
11
0
2
0
3
7
6
5
0
0
4
9
0
0
0
0
0
0
7
13
4
0
0
8
7
18
0
0
11
0
0
12
0
0
0
0
0
15
0
2
5
0
0
0
0
5
0
0
0
3
3
0
0
0
17
12
0
16
0
0
10
0
19
12
8
0
3
0
0
0
0
0
0
3
2
2
0
0
6
3
12
14
0
15
78
160
193
229
255
223
120
6
0
4
6
0
12
0
0
0
0
0
6
14
0
0
11
0
0
14
133
235
255
218
208
223
254
250
255
201
62
1
0
11
0
0
0
0
0
4
0
3
4
5
0
8
94
231
245
138
32
0
7
5
40
190
255
243
166
9
0
0
13
0
0
0
0
7
0
7
3
0
0
48
216
207
64
0
16
8
4
6
0
4
155
255
255
66
9
0
0
0
0
0
0
1
0
4
0
10
19
0
25
13
0
0
0
5
0
1
3
0
35
226
255
188
0
3
0
0
0
0
0
0
14
1
0
5
0
0
5
0
1
7
0
0
14
0
0
0
10
91
252
235
5
8
5
0
0
0
0
5
0
13
1
0
14
7
2
0
18
0
8
6
0
7
0
2
3
16
254
245
129
1
0
0
0
0
0
8
1
0
4
12
0
0
2
0
0
0
0
2
0
0
13
0
0
9
193
253
135
11
2
0
0
0
0
0
4
5
4
0
0
20
0
10
0
14
0
9
14
0
0
10
3
0
184
255
115
8
0
0
0
0
0
0
0
0
0
16
8
0
22
118
154
97
7
0
0
32
0
0
9
30
252
255
32
1
10
0
0
0
0
0
21
0
3
0
7
169
255
255
255
254
223
163
26
0
3
11
0
45
253
241
12
4
0
0
0
0
0
4
0
0
12
2
125
231
53
9
78
210
219
255
224
102
6
0
20
139
255
76
7
0
12
0
0
0
0
7
0
18
0
110
222
75
5
6
0
1
70
223
255
252
171
0
43
255
210
0
5
5
0
0
0
0
0
0
15
0
4
193
223
5
0
0
0
0
8
38
151
255
252
202
209
248
63
0
10
7
0
0
0
0
0
12
0
4
40
250
142
0
7
2
0
0
0
0
14
122
255
246
255
234
0
5
5
0
17
0
0
0
0
2
0
18
3
178
238
60
4
0
0
13
0
15
0
15
240
255
251
255
98
11
0
0
1
0
0
0
0
0
10
0
0
139
253
193
39
0
10
0
0
0
58
213
218
119
217
249
251
124
26
12
0
0
0
0
0
2
0
0
23
22
254
248
236
150
90
71
124
223
255
152
19
22
28
230
255
247
189
9
7
0
0
0
0
0
5
7
0
0
98
250
248
255
241
255
249
153
58
21
0
0
3
31
227
241
255
50
0
0
0
0
0
1
0
2
14
0
13
37
81
160
165
133
19
0
13
0
15
0
15
0
30
191
146
23
5
0
0
0
0
0
26
0
0
12
0
0
6
0
7
0
14
5
0
12
0
0
7
0
0
0
15
0
0
0
0
0
0
0
0
0
0
0
0
0
0
0
0
0
0
0
0
0
0
0
0
0
0
0
0
0
0
0
0
0
0
0
0
0
0
0
0
0
0
0
0
0
0
0
0
0
0
0
0
0
0
0
0
0
0
0
0
0
0
0
0
0
0
0
0
0
0
0
0
0
0
0
0
0
0
0
0
0
0
0
0
0
0
0
0
0
0
0
0
0
0
0
0
0
0
0
0
0
0
0
0
0
0
0
0
0
0
0
0
0
0
0
0
0
0
