4
0
0
0
0
0
0
0
0
0
3
0
9
0
0
3
0
0
5
0
0
0
2
0
0
0
0
12
6
0
0
0
0
0
0
0
0
4
6
3
5
3
5
0
10
0
0
2
3
1
0
0
0
19
3
1
0
0
0
0
0
0
0
0
0
0
0
0
0
2
3
0
4
1
0
2
7
0
0
4
4
0
0
0
5
0
0
0
0
0
0
0
0
9
0
3
1
4
4
1
0
4
0
1
3
0
5
8
0
2
14
5
7
0
0
0
0
0
0
0
0
7
0
1
5
0
0
9
0
1
2
2
0
0
2
0
0
0
0
0
2
0
0
0
0
0
0
0
0
0
0
0
0
0
26
2
0
0
4
2
0
0
0
1
27
19
0
0
4
0
0
0
0
0
0
0
0
0
9
1
9
81
154
11
4
0
4
0
0
3
0
43
151
174
32
4
1
0
0
0
0
0
0
0
0
0
1
0
7
162
255
11
0
0
3
0
1
7
0
95
255
231
27
0
3
0
13
2
0
6
2
0
1
0
1
7
65
242
205
0
7
6
2
4
0
0
84
235
255
37
12
0
0
0
7
1
0
1
0
0
7
4
0
73
237
249
21
15
0
0
0
10
0
66
233
246
78
15
1
0
0
0
0
1
1
0
0
0
7
1
10
208
254
99
5
0
10
17
0
2
63
203
252
117
1
0
0
0
2
0
0
3
1
0
4
0
0
0
195
249
154
0
0
25
0
0
0
18
197
231
177
0
11
0
0
1
5
2
0
6
0
0
8
0
0
119
254
246
40
0
2
0
5
0
5
170
255
241
29
8
0
4
1
0
2
3
0
6
0
0
2
0
55
251
253
90
4
11
0
0
18
2
129
241
247
107
0
0
0
2
0
0
0
2
0
4
0
1
0
28
166
251
216
32
45
19
8
7
0
40
227
255
115
0
0
11
1
0
0
0
0
0
0
2
0
6
0
58
255
254
255
255
249
222
193
148
102
231
255
247
122
10
1
0
2
0
3
5
3
0
4
0
3
10
0
43
177
249
255
250
255
255
247
255
255
255
242
255
255
169
0
5
0
0
0
0
0
0
11
0
0
7
0
0
9
35
70
172
238
236
188
255
236
252
195
140
39
8
0
32
0
0
0
0
0
0
6
2
0
8
13
0
0
12
0
0
1
10
60
246
255
171
25
3
0
14
0
0
9
0
0
0
0
4
0
1
2
0
0
3
14
0
5
10
15
0
117
255
226
21
0
16
0
0
20
4
0
0
0
0
0
13
0
0
6
0
0
0
0
9
0
0
6
53
245
242
58
0
0
10
0
0
0
3
6
0
0
0
0
0
0
0
5
6
11
10
0
0
15
1
0
154
254
133
0
0
6
0
2
8
0
6
0
0
0
0
0
0
3
4
0
0
0
0
0
0
20
0
39
231
211
42
9
10
4
0
0
7
0
4
7
0
0
0
0
4
1
0
0
7
3
0
3
2
0
9
181
209
104
0
0
0
6
5
1
0
0
0
4
0
0
0
0
0
0
0
0
0
0
0
0
2
6
57
255
117
0
18
0
0
0
0
0
0
0
0
0
0
0
0
0
0
0
0
0
0
0
0
0
0
3
196
169
14
16
0
24
0
0
0
0
0
0
0
0
0
0
0
0
0
0
0
0
0
0
0
0
8
0
12
0
0
1
19
0
0
0
0
0
0
0
0
0
0
0
0
0
0
0
0
0
0
0
0
0
6
0
0
0
19
0
14
4
0
0
0
0
0
0
0
0
0
0
0
0
