8
0
0
0
0
0
0
0
0
2
0
0
3
6
0
0
9
0
7
0
8
13
0
2
3
0
0
0
0
0
0
0
0
0
0
0
0
0
2
10
0
1
7
14
0
15
0
4
5
0
1
17
0
0
0
0
0
0
0
0
0
0
0
0
0
16
0
2
0
9
0
3
13
0
0
9
0
0
19
0
0
0
0
0
0
0
0
0
0
0
0
0
0
0
0
2
4
0
5
0
0
0
10
8
0
7
2
0
15
0
0
0
0
0
0
0
0
0
0
0
0
0
0
7
2
0
0
9
11
13
0
0
9
0
0
8
9
0
0
0
0
0
0
0
0
0
0
0
0
19
0
12
0
0
0
123
204
154
113
16
0
5
0
8
0
0
0
0
0
0
0
0
0
0
0
0
0
0
0
13
0
2
97
198
227
220
245
138
13
0
4
0
5
0
0
0
0
0
0
0
0
0
0
0
0
5
6
0
69
53
132
61
0
0
151
235
112
1
2
1
3
0
0
0
0
0
0
0
0
0
0
0
0
0
37
185
178
42
6
0
0
5
0
216
175
5
2
0
1
0
0
0
0
0
0
0
0
0
0
0
0
0
116
235
29
0
6
1
4
2
0
140
255
65
2
4
1
0
0
0
0
0
0
0
0
0
0
0
0
0
235
141
12
0
0
1
5
0
21
139
228
47
14
0
4
0
0
0
0
0
0
0
0
0
0
0
0
14
211
195
4
21
1
0
5
3
0
161
153
0
12
0
3
0
0
0
0
0
0
0
0
0
0
0
0
0
172
255
54
0
10
5
0
8
0
116
154
0
0
14
0
0
0
0
0
0
0
0
0
0
0
0
0
9
36
255
133
13
7
0
6
0
45
195
14
14
0
3
0
0
0
0
0
0
0
0
0
0
0
0
0
0
11
107
255
52
0
0
7
0
200
67
2
0
0
13
0
0
0
0
0
0
0
0
0
0
0
0
0
0
0
132
255
53
8
0
0
130
96
9
0
11
6
0
5
0
0
0
0
0
0
0
0
0
0
0
0
0
4
38
233
143
0
0
24
205
37
0
3
0
2
0
8
0
0
0
0
0
0
0
0
0
0
0
0
6
9
0
163
254
34
28
150
117
12
0
4
0
5
0
1
0
0
0
0
0
0
0
0
0
0
0
0
0
0
0
34
234
125
153
143
26
0
6
0
0
7
0
0
0
0
0
0
0
0
0
0
0
0
0
0
5
3
24
0
192
241
240
49
0
0
9
0
0
4
0
4
0
0
0
0
0
0
0
0
0
0
0
0
0
0
6
0
199
255
143
0
0
4
4
0
0
3
0
5
0
0
0
0
0
0
0
0
0
0
0
0
12
0
11
10
196
255
104
8
3
2
0
0
6
3
0
0
0
0
0
0
0
0
0
0
0
0
0
0
0
0
6
0
183
247
126
0
0
0
0
2
4
1
1
0
0
0
0
0
0
0
0
0
0
0
0
0
0
1
0
25
255
255
134
7
0
3
1
2
0
0
8
0
0
0
0
0
0
0
0
0
0
0
0
0
8
0
4
5
117
245
210
11
0
0
0
0
0
0
0
0
0
0
0
0
0
0
0
0
0
0
0
0
3
0
2
0
0
0
17
0
0
0
0
0
0
0
0
0
0
0
0
0
0
0
0
0
0
0
0
0
17
0
5
10
7
0
3
9
0
0
0
0
0
0
0
0
0
0
0
0
0
0
0
0
0
0
0
0
0
0
1
0
2
0
0
0
0
0
0
0
0
0
0
0
0
0
0
0
