7
0
0
0
0
0
0
0
0
0
0
0
0
0
0
0
0
11
0
0
2
7
0
0
4
0
0
0
0
0
0
0
0
0
0
0
0
0
0
0
0
0
0
0
0
0
4
16
7
0
1
0
0
0
0
0
0
0
0
0
0
0
0
0
0
0
0
0
0
0
0
0
0
6
0
0
0
0
22
0
7
0
0
0
0
0
0
0
0
0
0
0
0
0
0
0
0
0
0
0
0
5
4
0
0
0
0
0
0
0
0
0
0
0
0
0
0
0
0
0
0
0
0
0
0
0
0
0
0
0
8
2
0
10
1
16
0
0
0
0
0
0
0
0
0
0
0
0
0
0
0
0
0
0
0
0
0
2
0
0
2
4
0
0
5
0
0
0
0
0
0
0
0
0
0
0
0
0
0
0
0
0
0
0
0
3
1
8
10
0
22
0
7
0
0
0
0
0
0
0
0
0
0
0
0
0
0
0
0
0
0
0
0
0
1
0
1
51
240
91
0
0
0
0
0
1
0
0
0
6
0
0
1
0
21
0
0
21
98
188
221
164
130
160
159
227
240
69
0
0
0
0
0
0
7
5
0
0
0
0
10
0
0
54
223
255
240
218
216
229
255
201
234
255
112
0
0
0
0
0
0
0
11
8
0
0
3
0
0
26
2
205
248
164
47
3
10
33
45
60
247
215
9
12
0
0
0
0
0
2
6
0
0
4
4
0
0
0
184
255
165
1
0
16
0
7
0
220
246
50
0
0
9
0
0
0
0
5
0
0
0
6
0
1
20
176
255
223
0
8
10
0
7
2
160
255
124
0
11
13
0
0
0
0
0
0
0
0
3
1
0
15
59
255
180
11
0
10
0
0
4
82
255
223
31
0
5
0
7
0
0
0
0
0
2
1
2
0
0
10
42
102
10
10
0
0
10
11
56
252
231
51
0
15
0
9
0
0
0
0
0
0
3
0
0
5
1
0
0
1
0
0
1
1
3
9
199
248
79
10
0
0
10
0
4
0
0
0
0
0
0
0
0
0
0
0
0
7
0
0
1
0
0
179
255
141
11
0
2
0
13
0
0
0
0
0
0
0
0
0
0
0
0
0
0
0
3
4
7
0
33
251
208
53
0
0
3
0
7
0
4
0
0
0
0
0
0
0
0
0
0
0
0
14
0
10
0
50
195
255
71
0
0
13
3
0
3
0
4
0
0
0
0
0
0
0
0
0
0
0
0
0
14
0
15
161
249
172
0
4
2
10
0
0
6
0
0
0
0
0
0
0
0
0
0
0
0
0
0
0
4
4
94
239
207
9
10
5
0
0
0
3
5
0
2
0
0
0
0
0
0
0
0
0
0
0
0
3
0
25
244
220
47
1
0
0
0
0
3
7
0
0
6
0
0
0
0
0
0
0
0
0
0
0
0
0
15
189
241
75
0
3
5
1
4
4
9
4
0
0
0
0
0
0
0
0
0
0
0
0
0
0
0
1
136
255
82
0
15
4
0
1
1
0
0
0
1
8
0
0
0
0
0
0
0
0
0
0
0
0
0
41
226
214
9
7
6
0
0
0
0
0
0
0
0
0
0
0
0
0
0
0
0
0
0
0
0
0
0
176
230
49
0
0
0
4
13
0
0
0
0
0
0
0
0
0
0
0
0
0
0
0
0
0
0
0
0
187
201
10
13
12
0
4
0
0
0
0
0
0
0
0
0
0
0
0
0
0
0
0
0
0
0
0
0
0
16
0
0
7
5
11
0
0
0
0
0
0
0
0
0
0
0
0
0
