4
0
0
0
0
0
0
0
0
2
0
5
2
0
0
10
2
5
0
6
0
9
0
0
9
0
0
0
0
0
0
0
0
0
0
0
0
5
7
0
2
12
17
0
0
0
0
0
0
4
12
0
0
0
0
0
0
0
0
0
0
0
0
0
0
4
0
5
1
0
0
9
0
0
0
2
4
0
0
9
2
0
0
0
0
0
0
0
0
0
0
0
0
0
11
7
0
10
14
0
0
0
0
0
0
2
0
0
13
0
0
0
0
0
0
0
0
0
0
0
0
0
12
0
9
0
0
0
0
0
29
0
0
18
18
0
0
0
0
0
0
0
0
0
0
0
0
0
0
0
0
0
10
57
0
14
6
0
1
121
251
54
0
8
12
0
0
0
0
0
0
0
0
0
0
0
0
0
19
0
92
227
47
0
0
38
166
140
59
0
4
10
0
0
0
0
0
0
0
0
0
0
0
0
0
8
0
37
255
127
0
14
0
156
252
189
0
0
2
57
2
0
0
0
0
0
0
0
0
0
0
0
0
0
4
162
243
55
0
13
71
246
225
14
0
0
3
25
1
0
0
0
0
0
0
0
0
0
0
0
0
0
46
252
200
11
0
0
211
237
62
0
12
6
11
1
0
0
0
0
0
0
0
0
0
0
0
0
0
5
162
255
93
0
17
101
255
162
0
0
6
0
0
12
0
0
0
0
0
0
0
0
0
0
0
0
0
3
204
234
49
3
0
208
255
61
3
0
0
21
0
11
0
0
0
0
0
0
0
0
0
0
0
0
0
0
183
242
50
0
53
251
186
0
0
7
0
0
7
0
11
0
0
0
0
0
0
0
0
0
0
0
0
0
183
255
122
3
151
255
117
10
0
42
181
169
50
0
9
0
0
0
0
0
0
0
0
0
0
0
0
1
121
242
242
138
173
250
191
151
255
255
231
104
5
20
0
0
0
0
0
0
0
0
0
0
0
0
0
0
25
196
245
255
255
255
250
255
221
128
36
8
0
0
12
0
0
0
0
0
0
0
0
0
0
0
0
5
0
9
25
234
247
255
153
15
9
2
0
0
1
0
0
0
0
0
0
0
0
0
0
0
0
0
0
0
11
9
0
120
244
186
0
8
4
0
0
0
1
1
0
0
0
0
0
0
0
0
0
0
0
0
0
0
0
0
20
221
255
111
17
0
0
0
0
0
0
0
0
0
0
0
0
0
0
0
0
0
0
0
0
15
0
6
71
254
247
62
0
0
0
0
0
0
0
0
0
0
0
0
0
0
0
0
0
0
0
0
0
0
5
0
95
248
251
34
0
0
0
1
1
0
0
0
0
0
0
0
0
0
0
0
0
0
0
0
0
0
17
0
66
255
202
25
8
0
2
3
2
0
0
0
0
0
0
0
0
0
0
0
0
0
0
0
0
1
0
16
76
255
245
208
28
0
1
2
1
0
0
0
1
0
0
0
0
0
0
0
0
0
0
0
0
7
3
0
79
246
252
215
0
0
0
1
0
0
0
0
3
0
0
0
0
0
0
0
0
0
0
0
0
0
7
1
43
233
236
26
0
0
0
0
0
0
0
0
0
0
0
0
0
0
0
0
0
0
0
0
0
4
0
7
0
6
20
0
9
0
0
0
0
0
0
0
0
0
0
0
0
0
0
0
0
0
0
0
0
2
0
7
5
0
3
5
2
0
0
0
0
0
0
0
0
0
0
0
0
0
0
0
0
0
0
0
0
0
4
0
0
7
0
0
0
0
0
0
0
0
0
0
0
0
0
0
0
