8
0
0
0
0
0
0
0
0
4
2
0
10
0
0
0
2
0
0
6
1
0
0
1
0
0
0
0
0
0
0
0
0
0
0
0
0
0
0
0
3
0
19
5
0
11
0
12
0
0
17
0
3
0
0
0
0
0
0
0
0
0
0
0
0
7
10
4
3
0
0
0
12
0
15
0
12
5
0
13
0
0
0
0
0
0
0
0
0
0
0
0
0
0
0
0
3
6
10
3
0
8
7
0
0
3
10
0
0
0
0
0
0
0
0
0
0
0
0
0
0
0
7
10
0
0
0
6
0
0
14
2
9
0
3
0
0
0
0
0
0
0
0
0
0
0
0
0
0
10
0
0
3
16
0
11
26
98
233
240
220
97
7
3
12
0
0
0
0
0
0
0
0
0
0
0
0
4
0
10
0
0
9
137
255
249
255
255
255
251
246
65
0
0
0
0
0
0
0
0
0
0
0
0
0
2
0
0
10
115
211
255
245
243
255
234
244
255
255
109
8
0
0
0
0
0
0
0
0
0
0
0
0
5
11
125
189
249
245
255
251
255
188
55
119
249
244
255
42
0
0
0
0
0
0
0
0
0
0
0
0
0
37
255
236
255
255
227
207
53
0
2
196
238
255
255
60
0
0
0
0
0
0
0
0
0
0
0
0
8
8
194
255
245
255
194
16
13
7
152
250
243
255
199
22
0
0
0
0
0
0
0
0
0
0
0
0
0
142
228
255
243
255
76
6
0
81
233
251
255
248
92
2
0
0
0
0
0
0
0
0
0
0
0
0
7
255
239
255
252
255
81
0
52
255
250
238
255
255
100
0
0
0
0
0
0
0
0
0
0
0
0
0
0
193
255
232
247
255
95
151
255
241
255
255
255
165
0
13
0
0
0
0
0
0
0
0
0
0
0
0
14
61
178
227
255
250
255
255
255
255
241
253
219
39
20
0
0
0
0
0
0
0
0
0
0
0
0
0
0
0
0
69
233
252
254
242
247
255
255
147
32
0
0
9
0
0
0
0
0
1
0
11
0
2
3
0
0
10
0
2
219
255
246
253
250
246
119
0
6
8
0
7
0
0
0
0
0
7
0
3
0
0
0
0
12
0
116
232
255
241
255
241
228
54
0
8
0
0
13
5
0
0
0
0
0
7
0
1
0
8
0
2
0
146
232
252
255
255
245
199
27
0
1
14
0
0
16
0
0
0
0
0
0
4
0
5
6
7
0
30
130
248
255
239
252
253
244
173
0
10
2
0
14
7
0
8
0
0
0
0
3
3
0
4
0
0
11
123
251
253
255
253
255
247
255
168
14
5
0
0
5
0
0
7
0
0
0
0
0
1
0
2
0
0
52
236
248
255
255
235
255
255
254
159
0
3
13
0
0
2
4
0
0
0
0
0
0
1
0
0
2
2
49
239
255
242
254
255
253
246
199
97
8
0
0
0
7
1
0
8
0
0
0
0
2
6
0
0
10
0
1
154
232
255
243
231
242
243
103
0
2
0
9
9
0
0
4
0
0
0
0
0
0
0
0
0
0
0
0
0
83
246
176
121
148
70
10
0
0
0
0
0
0
0
0
0
0
0
0
0
0
0
0
0
0
0
0
0
0
27
0
2
9
0
4
2
0
0
0
0
0
0
0
0
0
0
0
0
0
0
0
0
0
0
0
0
9
0
0
6
0
0
13
6
0
0
0
0
0
0
0
0
0
0
0
0
0
0
0
0
0
0
0
0
0
7
3
0
9
8
0
0
0
0
0
0
0
0
0
0
0
0
0
0
