0
0
0
0
0
0
0
0
0
0
2
0
0
5
4
0
2
0
2
0
1
7
1
1
1
0
0
0
0
0
0
0
0
0
0
0
0
0
12
9
0
0
0
2
3
9
0
0
0
0
0
0
6
0
0
0
0
0
0
0
0
0
0
0
0
1
0
0
17
18
4
0
0
0
0
3
10
0
25
0
0
0
0
0
0
0
0
0
0
0
0
0
0
9
1
0
0
0
0
5
0
0
21
0
11
0
0
17
0
0
0
0
0
0
0
0
0
0
0
0
0
5
0
0
8
9
4
4
8
11
0
12
0
14
0
1
6
0
0
0
0
0
0
0
0
0
0
0
0
0
9
7
0
0
44
134
223
125
38
0
0
8
27
0
10
0
0
0
0
0
0
0
0
0
0
0
0
0
13
0
0
127
253
255
249
255
241
30
13
0
0
3
0
0
0
0
0
0
0
0
0
0
0
0
0
9
0
4
111
247
255
237
255
250
255
209
19
3
8
0
6
0
0
0
0
2
0
0
1
4
0
0
0
0
0
123
252
255
239
255
250
253
255
255
199
18
11
2
0
0
0
0
0
0
0
0
0
0
0
0
2
10
73
246
247
212
255
239
255
191
133
249
255
197
27
1
1
0
0
0
0
0
0
2
0
0
0
2
3
0
150
253
247
84
109
255
171
28
20
93
255
255
190
18
1
0
0
0
0
0
1
2
0
0
0
1
0
42
242
255
184
0
4
22
0
0
0
0
85
197
252
71
0
0
0
0
0
0
0
0
0
0
1
0
0
188
239
255
7
13
0
14
8
10
2
0
8
104
237
124
0
0
0
0
0
1
0
0
1
1
0
1
6
197
254
172
19
0
0
12
0
0
0
0
28
35
255
160
6
0
0
0
0
3
0
0
4
0
0
8
30
223
255
112
0
9
10
0
24
9
4
0
0
76
255
137
3
0
0
0
0
3
0
1
7
0
0
14
51
255
219
29
1
0
1
0
0
0
14
0
11
192
250
53
1
0
0
0
0
2
6
0
9
0
2
0
100
250
167
0
7
0
9
2
1
4
0
7
120
255
255
50
1
0
0
0
0
0
1
0
9
0
7
19
171
245
172
0
0
5
1
0
6
0
15
2
211
255
119
2
1
0
0
0
0
10
0
0
0
0
0
0
173
255
165
0
0
0
0
1
7
20
0
130
255
186
11
13
0
0
0
0
0
3
0
4
5
1
1
23
223
246
148
4
27
0
0
0
0
0
28
250
254
136
13
0
0
0
0
0
0
0
0
9
3
0
0
40
228
255
188
0
6
0
14
0
5
38
198
255
207
1
7
9
6
0
0
0
0
8
0
0
0
0
0
0
84
224
246
61
5
0
0
5
95
187
254
237
211
1
0
0
5
0
0
0
0
3
0
0
0
16
5
0
0
104
255
243
193
142
96
146
241
243
255
191
26
0
14
7
0
0
0
0
0
0
11
5
0
0
0
10
1
9
135
230
255
255
235
255
248
252
112
15
2
8
0
0
0
0
0
0
0
0
0
0
0
0
0
0
0
9
2
8
74
194
255
208
102
8
5
2
0
0
0
0
0
0
0
0
0
0
0
0
0
0
0
0
0
0
0
6
0
0
10
12
2
6
4
2
0
0
0
0
0
0
0
0
0
0
0
0
0
0
0
0
0
14
7
0
0
0
0
0
1
4
2
1
0
0
0
0
1
0
0
0
0
0
0
0
0
0
0
0
0
0
0
0
7
11
3
0
0
1
0
0
0
0
0
1
2
0
0
0
0
