9
0
0
0
0
0
0
0
0
1
0
4
0
0
7
5
0
5
0
0
0
0
0
0
6
0
0
0
0
0
0
0
0
0
0
0
0
3
0
2
7
4
0
0
0
3
0
1
6
5
0
0
0
0
0
0
0
0
0
0
0
0
0
0
0
0
6
0
0
0
5
9
11
0
0
0
2
3
0
0
0
0
0
0
0
0
0
0
0
0
0
0
0
1
14
0
0
10
6
0
0
3
1
0
0
0
0
0
2
0
0
0
0
0
0
0
0
0
0
0
0
1
0
0
0
3
0
2
10
5
5
3
1
0
0
0
0
0
0
0
0
0
0
0
0
0
0
0
0
0
11
8
7
0
0
16
0
0
0
0
0
2
3
2
0
0
0
0
0
0
0
0
0
0
0
0
0
19
0
0
99
212
255
211
53
8
10
7
1
0
3
4
1
0
0
0
0
0
0
0
0
0
0
0
0
0
4
90
230
244
217
255
242
60
52
33
9
0
0
2
1
0
0
0
0
0
0
1
0
1
3
1
1
2
108
251
204
32
19
152
247
233
255
239
0
0
0
6
0
0
0
0
0
5
1
0
8
0
0
0
0
80
251
230
0
6
7
0
182
250
255
165
8
2
0
7
1
0
0
0
0
7
5
0
14
0
0
1
35
225
231
81
10
8
0
0
98
255
242
61
10
0
0
1
0
0
0
0
0
0
3
0
8
0
3
0
126
245
96
0
0
0
7
8
182
255
217
0
1
0
1
0
0
0
0
0
0
0
0
3
0
0
9
0
203
241
0
3
1
0
69
211
250
255
205
0
0
0
7
0
4
0
0
0
0
0
0
12
0
0
8
0
190
249
83
29
110
221
236
240
175
255
204
16
0
2
4
0
1
0
0
0
0
3
0
9
0
0
1
0
93
236
241
252
242
218
141
6
114
253
206
10
0
2
0
0
0
0
0
0
0
4
0
0
3
0
0
4
1
29
107
103
30
3
0
15
101
250
211
0
0
6
0
7
0
0
0
0
0
0
0
0
0
0
0
0
0
0
0
8
0
8
1
2
109
255
205
8
0
7
0
0
5
0
0
0
0
0
0
0
0
0
0
0
0
1
0
6
0
6
1
0
75
246
219
16
0
1
3
0
2
0
0
0
0
0
0
0
0
0
0
0
0
5
0
4
0
1
2
0
32
252
248
34
2
0
4
5
0
0
0
0
0
0
0
0
0
0
0
0
0
6
0
4
0
0
2
0
7
255
255
42
2
0
0
9
0
0
0
0
0
0
0
0
0
0
0
0
0
3
0
5
4
0
1
3
4
252
249
49
0
0
0
9
0
0
0
0
0
0
0
0
0
0
0
0
0
0
0
4
5
0
0
7
10
255
253
87
0
5
0
5
0
0
0
0
0
0
0
0
0
0
0
0
0
0
1
0
3
0
0
3
11
247
255
134
2
9
0
3
0
0
0
0
0
0
0
0
0
0
0
0
0
1
4
0
1
4
0
0
7
215
239
153
0
5
0
9
0
0
0
0
0
0
0
0
0
0
0
0
0
0
0
0
0
0
0
0
0
170
254
217
0
0
0
3
4
0
0
0
0
0
0
0
0
0
0
0
0
0
0
0
0
0
0
0
0
133
253
238
21
0
0
4
0
0
0
0
0
0
0
0
0
0
0
0
0
0
0
0
0
0
0
0
0
5
10
6
0
12
4
0
15
0
0
0
0
0
0
0
0
0
0
0
0
0
0
0
0
0
0
0
0
2
0
0
0
10
1
0
0
0
0
0
0
