8
2
5
0
8
9
0
0
0
0
0
0
2
4
4
0
0
0
0
4
0
0
3
6
0
0
0
0
0
7
0
0
0
0
3
9
0
6
5
4
0
0
0
3
7
4
5
4
0
0
0
0
7
0
0
0
0
0
0
18
0
0
9
0
0
0
0
2
0
1
6
5
0
0
0
0
2
6
0
0
2
0
0
0
0
0
9
0
0
4
7
0
13
3
5
0
0
0
0
0
0
0
2
0
0
11
8
0
0
0
0
0
0
0
5
0
2
8
0
0
0
0
2
0
14
9
0
3
7
3
11
5
0
0
2
2
0
0
0
0
0
0
0
9
24
0
9
107
109
221
246
246
247
189
89
28
0
0
0
7
6
0
0
5
0
0
0
0
0
2
0
0
0
10
120
243
255
250
255
245
255
255
242
214
152
23
0
0
15
0
0
7
0
0
0
0
0
0
12
0
0
138
255
249
246
239
175
46
20
93
192
255
241
118
17
0
7
0
0
12
0
0
0
0
0
11
0
0
0
253
255
246
112
48
2
1
0
6
9
173
255
238
0
5
0
13
0
0
4
0
0
0
0
0
0
9
13
254
238
217
8
1
0
0
11
0
38
85
230
244
12
0
12
15
55
166
9
0
0
0
0
8
0
11
0
255
254
167
5
0
0
0
14
68
177
217
255
246
0
8
125
240
251
253
123
0
0
0
0
7
0
0
30
234
255
255
68
12
0
6
0
0
49
213
233
132
0
100
255
250
238
249
49
0
0
0
0
0
14
9
0
138
252
246
238
215
105
0
23
0
1
19
2
0
113
255
254
218
143
6
6
0
0
0
0
4
12
0
6
5
70
193
255
253
255
225
209
108
60
0
75
230
255
206
167
60
0
0
0
0
0
0
0
0
0
0
10
0
0
18
146
199
244
255
250
255
252
199
247
254
255
142
0
8
15
0
15
0
0
0
0
0
5
0
3
0
4
0
5
3
83
129
234
249
254
247
254
252
238
250
64
5
1
4
0
0
0
0
0
0
0
0
0
0
0
0
0
0
5
0
54
78
217
255
254
246
255
255
246
188
56
0
2
0
0
0
0
0
0
0
0
0
0
0
0
5
0
12
0
58
249
255
160
196
242
249
242
245
217
12
0
0
0
0
0
0
0
0
0
0
0
0
0
7
0
4
16
215
236
233
38
2
0
48
255
255
224
46
0
0
0
0
0
0
0
0
0
0
0
0
0
0
1
1
29
255
255
140
6
4
0
13
79
233
255
99
4
0
0
0
0
0
0
0
0
0
0
0
0
0
25
0
148
239
190
19
0
2
17
28
216
255
246
54
0
0
0
0
0
0
0
0
0
0
0
0
0
0
0
0
255
246
75
3
0
0
0
213
253
255
190
26
0
0
0
0
0
0
0
0
0
0
0
0
0
8
0
73
254
253
192
171
163
135
178
255
255
243
113
0
0
0
0
0
0
0
0
0
0
0
0
0
0
0
10
0
248
251
252
255
255
250
253
228
222
109
0
0
9
0
0
0
0
0
0
0
0
0
0
0
0
0
0
0
47
235
187
255
252
255
160
27
0
0
0
10
2
0
0
0
0
0
0
0
0
0
0
0
0
0
21
0
0
21
0
0
0
8
5
0
11
13
0
0
0
0
0
0
0
0
0
0
0
0
0
0
0
0
16
0
6
0
5
3
8
0
0
0
3
1
0
4
5
0
0
0
0
0
0
0
0
0
0
0
0
7
0
2
0
0
8
4
0
20
14
0
0
1
5
4
0
0
0
0
0
