1
0
0
0
0
0
0
0
0
0
0
0
0
0
0
0
0
0
11
0
5
5
2
0
12
0
0
0
0
0
0
0
0
0
0
0
0
0
0
0
0
0
0
0
0
10
0
0
0
3
6
6
0
0
0
0
0
0
0
0
0
0
0
0
0
0
0
0
0
0
0
0
0
0
0
19
6
0
0
20
0
0
0
0
0
0
0
0
0
0
0
0
0
0
0
0
0
0
0
0
0
0
6
0
0
9
2
0
5
0
0
0
0
0
0
0
0
0
0
0
0
0
0
0
0
0
0
0
0
1
5
161
255
127
0
16
3
0
0
0
0
0
0
0
0
0
0
0
0
0
0
0
0
0
0
0
0
0
88
237
255
183
0
0
0
0
0
0
0
0
0
0
0
0
0
0
0
0
0
0
0
0
0
0
0
2
151
255
250
122
0
6
0
0
0
0
0
0
0
0
0
0
0
0
0
0
0
0
0
0
0
0
0
177
248
248
251
69
2
0
3
0
0
0
0
0
0
0
0
0
0
0
0
0
0
6
0
0
11
7
30
237
252
251
223
17
0
6
0
0
0
0
0
0
0
0
0
0
0
0
0
4
18
0
0
4
0
22
170
255
253
249
41
0
0
2
11
0
0
0
0
0
0
0
0
0
0
0
0
0
1
0
2
6
2
102
235
254
251
157
2
15
11
5
0
0
0
0
0
0
0
0
0
0
0
0
0
5
0
10
6
0
119
246
255
255
161
12
5
0
0
0
0
0
0
0
0
0
0
0
0
0
0
0
0
0
1
0
12
22
232
255
249
228
52
0
2
0
10
0
28
0
0
0
0
0
0
0
0
0
0
0
0
0
11
0
0
162
253
233
255
64
3
0
0
6
0
0
0
0
0
0
0
0
0
0
0
0
0
0
0
6
0
0
25
253
252
255
231
3
22
0
7
0
0
10
5
0
0
0
0
0
0
0
0
0
0
0
0
0
0
11
166
254
253
216
43
15
0
18
2
0
3
0
0
0
0
0
0
0
7
0
0
6
1
2
0
5
0
117
255
242
249
65
1
0
0
0
0
0
0
0
0
0
0
0
0
0
4
2
0
0
0
0
0
1
14
254
226
255
154
0
3
0
0
0
0
0
0
0
0
0
0
0
0
0
0
0
3
1
4
0
1
0
180
244
255
245
128
0
16
0
0
0
0
0
0
0
0
0
0
0
0
5
0
0
3
3
10
0
3
122
255
251
247
231
28
16
0
0
0
0
0
0
0
0
0
0
0
0
0
8
1
0
1
0
1
0
55
234
252
248
248
63
0
0
2
0
0
0
0
0
0
0
0
0
0
0
0
0
4
0
3
0
0
21
158
248
255
242
105
0
0
0
10
0
0
0
0
0
0
0
0
0
0
0
0
0
7
0
5
0
1
26
213
248
255
147
0
3
0
2
0
0
0
0
0
0
0
0
0
0
0
0
0
0
12
0
2
3
0
0
194
251
145
19
0
0
2
1
7
0
0
0
0
0
0
0
0
0
0
0
0
0
0
0
0
0
0
0
0
0
0
0
0
0
0
0
0
0
0
0
0
0
0
0
0
0
0
0
0
0
0
0
0
0
0
0
0
0
0
0
0
0
0
0
0
0
0
0
0
0
0
0
0
0
0
0
0
0
0
0
0
0
0
0
0
0
0
0
0
0
0
0
0
0
0
0
0
0
0
0
0
0
0
0
0
0
0
0
0
0
0
0
0
0
0
0
0
0
0
0
0
0
0
0
0
0
0
0
0
0
0
0
0
