2
0
0
0
0
0
0
0
0
7
0
7
4
0
12
0
3
3
4
0
0
0
13
0
10
0
0
0
0
0
0
0
0
0
0
0
0
0
0
0
2
0
7
0
1
0
0
2
13
0
0
0
1
0
0
0
0
0
0
0
0
0
0
0
0
10
4
0
5
5
0
0
9
6
4
1
0
0
0
6
0
0
0
0
0
0
0
0
0
0
0
0
0
0
9
6
0
24
0
8
0
0
4
6
0
8
5
0
1
0
0
0
0
0
0
0
0
0
0
0
0
1
7
0
0
204
255
247
117
20
0
8
0
5
0
0
9
0
0
0
0
0
0
0
0
0
0
0
0
0
0
6
0
210
250
255
225
154
12
0
11
0
0
3
0
0
0
0
0
0
0
0
0
0
0
0
0
13
0
0
8
199
234
251
255
255
142
17
1
0
0
15
0
0
0
0
0
0
0
0
0
0
0
0
0
0
3
0
0
172
241
200
170
249
255
65
0
7
0
7
0
0
0
0
0
0
0
0
0
0
0
0
0
0
4
0
4
7
42
42
43
241
249
175
0
5
7
0
7
0
0
0
0
0
0
0
0
0
0
0
0
0
2
0
8
0
3
0
0
39
255
158
9
6
0
11
0
0
0
0
0
0
0
0
0
0
0
0
0
10
0
0
0
0
5
2
9
1
237
220
17
8
0
9
0
0
0
0
0
0
0
0
0
0
0
0
0
0
0
0
3
5
7
0
0
0
113
253
185
0
1
0
27
0
0
0
0
0
0
0
0
0
0
0
0
0
5
11
0
0
0
4
2
4
214
255
73
8
0
8
0
0
0
0
0
0
0
0
0
0
0
0
0
8
3
2
0
0
0
4
0
14
220
252
132
0
0
12
7
0
0
0
0
0
0
0
0
0
0
0
0
3
0
2
3
14
0
11
24
176
255
255
53
0
4
8
0
0
0
0
0
0
0
0
0
0
0
0
0
5
0
8
0
0
2
111
219
243
253
217
53
0
0
3
0
0
0
0
0
0
9
0
6
2
0
14
21
141
145
149
88
44
166
245
255
249
74
0
0
8
0
0
0
0
0
0
0
14
0
2
0
12
3
12
211
255
254
247
255
255
246
240
250
56
2
1
4
0
0
9
0
0
0
0
0
0
17
0
13
0
13
204
250
252
253
255
236
237
255
255
116
14
2
0
3
0
5
14
0
0
0
0
0
13
0
0
0
23
12
21
195
250
255
255
255
255
244
246
223
0
0
0
13
2
0
0
0
0
0
0
0
0
6
0
4
0
0
11
0
44
58
48
46
118
240
255
255
206
119
18
0
0
2
3
6
0
0
0
0
0
0
0
6
2
3
11
0
10
0
6
17
0
90
164
230
248
227
165
41
6
0
0
7
0
0
0
0
4
0
4
0
0
3
0
8
0
5
0
0
15
0
0
62
226
255
243
48
8
7
0
0
0
0
0
0
1
0
1
5
0
0
13
0
4
2
0
0
8
0
12
0
0
115
204
22
0
0
0
3
0
0
0
0
0
0
0
0
0
0
0
0
0
0
0
0
0
0
0
0
0
0
0
0
0
0
0
0
0
0
0
0
0
0
0
0
0
0
0
0
0
0
0
0
0
0
0
0
0
0
0
0
0
0
0
0
0
0
0
0
0
0
0
0
0
0
0
0
0
0
0
0
0
0
0
0
0
0
0
0
0
0
0
0
0
0
0
0
0
0
0
0
0
0
0
0
0
0
0
0
0
0
0
0
0
0
0
0
0
0
0
0
0
0
0
0
