9
0
0
0
0
0
0
0
0
2
2
1
0
0
0
1
2
0
0
8
0
0
3
0
3
0
0
0
0
0
0
0
0
0
0
0
0
0
0
5
7
4
0
0
0
9
0
2
0
4
5
4
0
0
0
0
0
0
0
0
0
0
0
0
0
3
1
0
0
0
0
8
14
0
0
5
0
2
0
5
0
0
0
0
0
0
0
0
0
0
0
0
0
0
0
0
1
2
0
0
0
10
0
1
4
16
0
14
0
0
0
0
0
0
0
0
0
0
0
0
0
1
0
0
1
7
10
7
3
0
0
3
0
0
0
2
1
0
0
0
0
0
0
0
0
0
0
0
0
7
4
0
0
0
0
0
0
0
3
7
0
4
11
0
0
0
0
0
0
0
0
0
0
0
0
0
0
0
2
8
5
0
2
14
27
23
138
248
255
199
136
11
16
0
0
0
0
0
0
0
0
0
0
0
0
4
2
0
0
17
87
181
251
254
255
241
228
235
230
37
0
0
0
0
0
0
5
2
0
0
0
0
4
0
8
11
81
236
247
255
253
206
86
39
0
3
6
0
5
0
0
0
0
0
4
0
0
2
1
0
0
0
17
174
255
255
251
214
70
0
14
6
0
24
1
2
3
0
0
0
0
0
3
0
0
4
3
0
1
9
217
237
237
239
143
3
3
1
0
51
124
214
135
0
0
0
0
0
0
0
3
0
0
2
1
2
13
167
255
252
226
53
0
0
1
10
90
224
255
255
133
0
14
0
0
0
0
0
4
1
0
0
0
7
30
237
250
198
47
0
5
60
207
205
255
255
255
176
13
2
0
0
0
0
0
0
3
3
0
0
0
8
37
255
249
124
0
14
14
230
242
248
249
252
231
125
0
6
7
0
0
0
0
0
2
1
1
0
0
4
31
252
235
233
108
207
249
255
255
255
253
250
84
0
10
1
0
0
0
0
0
0
0
0
2
3
0
0
21
218
253
243
255
255
242
196
77
242
255
249
85
0
1
0
0
0
0
0
0
0
0
0
0
0
0
0
0
20
165
215
250
143
62
7
201
248
255
198
0
13
9
0
10
0
0
0
0
0
0
0
0
0
0
0
0
0
11
17
0
0
10
65
255
255
240
45
19
0
0
9
0
0
0
0
0
0
0
0
0
0
0
0
0
12
0
0
15
0
105
254
243
245
118
0
7
0
6
9
0
0
0
0
0
0
0
0
0
0
0
0
0
0
4
9
0
67
241
249
255
155
0
13
0
8
5
0
4
0
0
0
0
0
0
0
0
0
0
0
0
5
2
3
20
194
255
239
216
34
0
0
13
5
0
1
0
0
0
0
0
0
0
0
0
0
0
0
0
8
0
20
193
242
243
255
26
0
11
0
4
0
0
9
1
0
0
0
0
0
0
0
0
0
0
0
0
0
6
128
255
246
255
123
0
5
0
12
0
1
1
2
5
0
0
0
0
0
0
0
0
0
0
0
0
5
68
206
248
255
161
0
7
3
0
0
10
0
4
0
0
0
0
0
0
0
0
0
0
0
0
3
5
32
207
247
255
140
38
7
0
0
0
0
0
0
0
0
0
0
0
0
0
0
0
0
0
0
0
3
4
189
255
252
210
38
0
15
16
0
0
0
0
0
0
0
0
0
0
0
0
0
0
0
0
0
0
2
4
0
15
0
6
0
0
0
0
0
0
0
0
0
0
0
0
0
0
0
0
0
0
0
0
0
0
2
2
0
7
0
0
15
23
0
4
0
0
0
0
0
0
0
0
0
0
0
0
