8
0
0
0
0
0
0
0
0
0
0
0
0
3
5
0
0
0
0
0
6
7
0
0
0
0
0
0
0
0
0
0
0
0
0
0
0
0
6
8
1
0
0
2
7
4
3
0
0
0
5
0
5
0
0
0
0
0
0
0
0
0
0
0
0
3
0
0
12
8
0
0
1
0
0
9
0
1
17
1
0
0
0
0
0
0
0
0
0
0
0
0
0
0
7
0
0
0
20
18
0
14
5
17
0
1
0
3
0
0
0
0
0
0
0
0
0
0
0
0
0
3
0
0
1
0
0
0
1
0
0
0
2
13
0
8
2
0
0
0
0
0
0
0
0
0
0
0
0
5
0
0
6
4
10
61
123
7
106
180
246
147
59
0
0
0
0
0
0
0
0
0
0
0
0
0
0
0
12
4
0
64
177
248
255
249
228
246
255
244
199
53
0
0
0
0
0
0
0
0
0
0
0
0
0
11
0
0
106
224
255
247
213
94
41
144
168
255
252
93
1
0
0
0
0
0
0
0
0
0
0
0
0
0
0
57
243
245
253
178
85
0
0
0
24
188
246
165
4
0
0
0
0
0
0
0
0
0
0
0
0
0
30
37
251
255
230
20
22
0
14
0
24
207
252
69
0
0
0
0
0
0
0
0
0
0
0
0
0
1
0
9
176
248
255
205
0
1
0
98
198
237
184
0
17
0
0
0
0
0
0
0
0
0
0
0
0
0
4
0
9
197
235
255
15
6
165
248
243
204
29
11
0
0
0
0
0
0
0
0
0
0
0
0
0
0
2
3
6
137
255
238
220
204
255
225
206
12
7
0
0
0
0
0
0
0
0
0
0
0
0
0
0
11
0
0
6
27
249
254
254
253
235
105
0
5
0
15
0
0
0
0
0
0
0
0
0
0
0
0
0
0
9
0
0
99
244
255
240
251
34
0
0
3
0
0
16
0
0
0
0
0
0
0
0
0
0
0
0
12
0
105
137
255
254
236
255
243
35
0
16
0
0
8
0
0
0
0
0
0
7
0
7
0
0
0
0
0
130
247
252
245
255
243
255
245
28
1
0
5
0
6
0
0
0
0
0
0
7
0
6
0
6
10
43
148
229
251
255
102
39
243
252
255
26
0
0
0
0
6
1
0
0
0
0
0
7
5
0
0
5
0
74
242
255
229
155
24
13
229
246
253
13
0
1
0
2
0
0
0
0
0
0
6
0
2
0
2
2
0
113
238
255
171
0
0
0
128
253
255
21
2
0
0
6
0
0
0
0
0
0
5
0
1
0
5
1
6
184
255
166
29
0
0
15
223
253
248
38
5
0
0
5
0
3
0
0
0
0
0
0
6
5
0
0
18
213
255
120
0
9
0
27
255
246
145
16
0
0
0
10
0
0
0
0
0
0
1
0
5
4
0
0
6
155
250
211
66
22
132
209
247
239
30
0
0
6
5
8
0
0
0
0
0
0
0
1
0
2
7
5
0
85
253
255
249
250
238
255
227
64
0
3
0
1
0
0
0
3
0
0
0
0
0
0
0
0
0
0
0
0
112
213
250
253
253
147
17
0
0
0
0
0
0
0
0
0
0
0
0
0
0
0
0
0
0
0
0
0
0
15
11
2
14
5
0
3
0
0
0
0
0
0
0
0
0
0
0
0
0
0
0
0
0
0
0
0
3
0
0
0
0
1
9
0
0
0
0
0
0
0
0
0
0
0
0
0
0
0
0
0
0
0
0
0
9
0
5
12
0
3
5
0
0
0
0
0
0
0
0
0
0
0
0
0
