0
0
0
0
0
0
0
0
0
1
6
0
9
0
0
14
0
0
0
0
4
0
8
0
5
0
0
0
0
0
0
0
0
0
0
0
0
0
0
0
4
4
5
0
6
3
1
0
16
0
2
0
0
0
0
0
0
0
0
0
0
0
0
0
0
0
7
7
0
0
19
0
6
4
0
0
6
0
0
1
7
0
0
0
0
0
0
0
0
0
0
0
0
0
2
14
0
0
0
0
8
2
3
5
6
0
0
0
0
0
0
0
0
0
0
0
0
0
0
0
0
21
0
0
6
18
0
15
0
0
0
4
0
6
6
2
0
0
0
0
0
0
0
0
0
0
0
0
0
0
1
15
0
0
62
237
255
255
248
177
97
71
17
0
0
0
0
0
0
0
0
0
0
0
0
0
0
0
1
0
1
66
210
255
238
238
255
255
255
255
128
17
7
0
0
0
0
0
0
0
0
0
0
0
0
4
0
2
64
131
255
252
255
254
255
244
247
255
103
0
2
0
0
0
0
4
0
2
6
0
10
0
9
17
0
77
212
252
255
238
112
57
53
60
220
254
208
0
9
0
0
0
0
2
0
3
1
0
3
0
0
0
134
238
255
255
167
76
0
17
0
4
128
233
255
111
0
0
0
0
0
0
1
1
0
0
3
11
1
55
247
255
209
181
21
0
4
0
5
0
37
236
255
138
0
0
0
0
0
0
2
0
0
3
0
0
63
227
255
231
129
113
60
5
0
0
9
12
0
137
244
245
10
0
0
0
0
4
4
0
2
0
0
0
151
254
235
247
88
35
111
0
8
10
0
0
2
122
247
255
16
0
0
0
0
4
0
0
5
2
0
49
237
255
179
81
2
1
78
2
1
0
6
0
6
141
252
238
14
0
0
0
0
0
0
0
4
3
4
148
255
251
128
0
8
0
0
0
3
0
3
15
0
106
255
255
9
0
0
0
0
2
0
6
0
0
0
207
242
235
35
1
6
0
12
0
2
5
0
0
42
221
247
155
6
0
0
0
0
3
0
0
6
0
0
188
251
216
0
9
0
0
0
9
0
0
9
1
37
255
238
118
0
0
0
0
0
0
1
0
0
2
15
172
253
230
28
0
0
7
7
9
0
7
0
0
169
255
240
99
5
0
0
0
0
0
1
5
0
0
10
109
251
255
112
6
7
0
0
0
5
6
0
2
209
234
126
17
0
0
0
0
0
7
0
5
3
0
0
38
242
242
157
44
0
2
20
2
0
0
22
120
233
255
39
0
0
0
0
0
0
5
0
0
5
1
0
5
188
251
255
216
60
0
0
0
13
0
95
249
255
255
23
7
5
0
0
0
0
0
3
0
0
6
15
0
80
199
253
255
143
67
37
0
0
91
184
255
233
100
4
2
0
0
0
0
0
0
10
0
0
4
5
0
4
22
108
207
255
232
187
151
151
232
255
237
129
0
4
2
6
0
0
0
0
0
8
0
7
5
0
3
0
0
4
48
227
255
252
247
255
254
255
187
25
0
8
0
1
0
0
0
0
0
0
0
0
0
0
0
0
14
0
6
59
84
94
156
239
250
124
9
0
5
5
0
0
0
0
0
0
0
0
0
0
0
0
0
0
0
0
0
3
0
0
0
12
14
0
0
4
10
1
0
4
0
0
0
0
0
0
0
0
0
0
0
0
3
13
14
3
0
4
0
0
0
0
4
0
0
0
3
6
0
0
0
0
0
0
0
0
0
0
0
0
0
0
0
0
0
0
0
6
7
10
5
0
0
4
2
0
0
0
0
0
