9
0
0
0
0
0
0
0
0
11
0
0
4
0
6
10
0
0
1
1
2
0
0
6
0
0
0
0
0
0
0
0
0
0
0
0
0
0
10
2
0
6
0
0
15
0
0
0
1
4
2
3
0
0
0
0
0
0
0
0
0
0
0
0
0
8
0
0
0
1
7
6
0
1
0
0
0
4
2
0
0
0
0
0
0
0
0
0
0
0
0
0
0
1
0
1
4
0
0
7
0
2
6
5
0
0
2
0
0
0
0
0
0
0
0
0
0
0
0
0
0
0
12
0
0
12
9
0
6
0
0
9
0
0
9
0
3
0
0
0
0
0
0
0
0
0
0
0
0
0
7
11
2
0
0
0
0
23
0
0
0
0
9
0
0
0
0
0
0
0
0
0
0
0
0
0
0
11
0
0
0
0
97
225
255
139
25
0
0
0
4
0
0
0
0
0
0
0
0
0
0
0
0
0
0
1
0
0
64
186
255
255
244
255
83
16
11
0
1
0
6
0
0
0
0
0
0
2
0
3
2
0
11
0
8
143
253
255
158
13
0
255
249
255
0
2
0
3
0
0
0
0
0
2
1
1
0
7
0
0
0
16
142
255
249
107
15
5
2
165
251
255
0
0
0
5
0
0
0
0
0
2
5
0
0
8
0
0
8
163
255
242
58
9
0
0
10
116
255
255
0
3
0
8
0
0
0
0
0
0
7
0
0
2
0
0
123
253
255
57
0
0
26
9
0
174
252
251
0
11
0
3
2
0
0
0
0
0
6
0
4
0
7
0
247
255
15
0
3
0
0
4
40
250
249
255
0
4
0
0
0
0
0
0
0
0
2
0
7
0
10
0
255
255
16
12
0
29
0
0
170
255
254
255
0
0
0
4
0
0
0
0
0
0
0
0
5
0
4
0
135
244
245
0
0
0
7
110
255
238
255
230
0
0
11
0
3
0
0
0
0
4
0
0
2
2
0
0
4
164
255
255
135
77
123
255
220
208
248
172
0
1
11
0
3
0
0
0
0
0
0
0
0
0
0
0
0
0
135
243
255
255
255
143
0
232
241
174
0
6
4
0
5
0
0
0
0
0
0
0
0
0
0
0
0
0
0
31
85
90
41
0
0
249
255
85
0
0
0
2
0
0
0
0
0
0
0
0
0
0
0
0
0
9
3
0
0
1
4
6
7
233
255
72
5
7
0
8
0
0
0
0
0
0
0
0
0
0
0
0
0
0
0
0
0
0
0
0
0
212
255
145
0
12
0
1
4
0
0
0
0
0
0
0
0
0
0
0
0
6
0
0
10
10
0
0
3
173
255
181
0
2
0
2
0
0
0
0
0
0
0
0
0
0
0
0
0
0
11
8
0
0
7
10
0
89
253
155
9
0
0
8
0
0
0
0
0
0
0
0
0
0
0
0
0
3
0
0
3
3
0
0
5
81
252
112
23
0
0
4
0
0
0
0
0
0
0
0
0
0
0
0
0
0
0
1
0
0
0
0
0
171
255
81
0
0
7
0
0
0
0
0
0
0
0
0
0
0
0
0
0
0
0
0
0
0
0
0
0
162
255
127
0
3
0
2
8
0
0
0
0
0
0
0
0
0
0
0
0
0
0
0
0
0
0
0
0
119
236
133
0
0
14
15
0
0
0
0
0
0
0
0
0
0
0
0
0
0
0
0
0
0
0
0
0
0
17
0
0
0
0
0
18
0
0
0
0
0
0
0
0
0
0
0
0
0
0
0
0
0
0
0
0
3
0
4
11
7
0
0
4
0
0
0
0
