9
0
0
0
0
0
0
0
0
2
0
11
0
14
0
9
0
2
0
0
1
0
0
0
5
0
0
0
0
0
0
0
0
0
0
0
0
11
1
0
0
0
0
0
0
0
0
0
2
3
0
0
0
0
0
0
0
0
0
0
0
0
0
0
0
0
0
16
5
13
0
8
3
0
0
0
0
2
4
0
0
0
0
0
0
0
0
0
0
0
0
0
0
17
2
0
0
0
4
0
0
4
5
1
0
0
2
3
0
0
0
0
0
0
0
0
0
0
0
0
0
0
5
25
0
0
2
21
0
0
0
0
0
0
0
2
1
0
0
0
0
0
0
0
0
0
0
0
0
0
0
1
0
0
0
0
0
0
0
0
1
2
0
0
0
0
0
0
0
0
0
0
0
0
0
0
0
0
40
0
7
35
243
198
127
25
5
0
1
6
0
0
0
0
0
0
0
0
0
0
0
0
0
0
0
10
0
16
91
221
252
255
238
63
23
0
0
5
0
0
2
0
0
0
0
0
0
0
0
0
0
0
0
7
15
115
245
252
248
251
255
247
150
0
2
1
1
0
7
0
0
0
0
0
0
0
0
0
0
0
0
0
112
235
255
237
42
102
241
251
176
12
0
0
0
0
2
0
0
0
0
0
0
0
0
0
0
0
0
0
194
250
255
190
0
14
226
255
218
42
3
1
3
0
2
0
0
0
0
0
0
0
0
0
0
0
0
42
244
248
191
47
0
1
251
255
249
61
1
0
5
0
3
0
0
0
0
0
0
0
0
0
0
0
0
23
207
255
101
0
0
1
237
248
255
61
0
0
0
0
0
0
0
0
0
0
0
0
0
0
0
0
0
0
171
245
90
12
13
24
229
247
255
57
0
0
0
3
0
0
0
0
0
0
0
0
0
0
0
0
0
13
198
251
168
0
0
102
255
254
252
53
5
1
0
7
0
0
0
0
0
0
0
0
0
0
0
0
0
0
173
253
250
44
5
206
242
255
246
47
8
1
0
5
0
0
0
0
0
0
0
0
0
0
0
0
0
0
137
253
245
243
255
248
251
255
239
135
0
11
8
0
0
0
0
0
0
0
0
0
0
0
0
0
0
0
29
218
255
240
255
246
255
248
255
178
13
0
0
0
13
0
0
0
0
0
0
0
0
0
0
0
0
0
0
30
229
255
180
185
29
234
251
179
8
0
0
0
5
0
0
0
0
0
0
0
0
0
0
0
0
11
0
2
23
33
23
0
0
226
242
182
10
0
10
3
0
0
0
0
0
0
0
0
0
0
0
0
0
0
29
0
0
17
2
0
0
226
255
233
47
2
3
0
0
0
0
0
0
0
0
0
0
0
0
0
0
0
0
2
0
0
1
0
11
222
255
255
66
2
0
0
3
0
0
0
0
0
0
0
0
0
0
0
0
16
0
11
5
1
15
0
0
220
252
246
61
2
3
0
0
0
0
0
0
0
0
0
0
0
0
0
0
0
5
0
0
1
0
1
4
226
255
254
68
1
0
0
7
0
0
0
0
0
0
0
0
0
0
0
0
0
0
0
0
0
0
0
0
204
255
239
73
0
2
8
0
0
0
0
0
0
0
0
0
0
0
0
0
0
0
0
0
0
0
0
0
55
138
133
41
0
0
0
0
0
0
0
0
0
0
0
0
0
0
0
0
0
0
0
0
0
0
0
0
0
19
16
0
0
3
0
0
0
0
0
0
0
0
0
0
0
0
0
0
0
0
0
0
0
0
0
0
6
0
0
0
5
5
0
2
0
0
0
0
