0
0
0
0
0
0
0
0
0
1
14
0
7
0
0
15
0
0
6
4
0
4
2
0
2
0
0
0
0
0
0
0
0
0
0
0
0
0
0
0
3
9
7
0
8
18
0
3
25
0
0
5
4
0
0
0
0
0
0
0
0
0
0
0
0
0
14
21
0
0
0
0
0
0
8
0
6
0
0
19
0
0
0
0
0
0
0
0
0
0
0
0
0
0
0
0
15
6
0
26
0
9
1
1
0
13
0
7
0
0
0
0
0
0
0
0
0
0
0
0
0
9
0
49
214
255
233
255
246
146
0
1
1
0
9
0
11
0
0
0
0
0
0
0
0
0
0
0
0
0
11
141
255
255
255
252
255
239
139
0
6
0
7
0
3
0
0
0
0
0
0
0
0
0
0
0
0
0
141
252
252
245
251
242
255
249
255
82
9
0
0
8
0
0
0
0
0
0
0
0
0
0
0
0
0
2
216
255
238
255
253
254
251
255
245
220
43
2
1
0
9
0
0
0
0
0
8
0
2
10
0
0
0
0
237
252
255
243
235
255
251
255
235
255
152
0
0
3
0
0
0
0
0
0
6
0
2
4
0
6
0
8
205
255
247
251
255
255
175
233
252
255
212
3
1
5
0
0
0
0
0
1
2
0
3
0
0
11
0
6
221
252
255
246
255
135
33
130
251
253
255
87
8
0
0
0
0
0
0
1
0
0
4
0
0
6
0
0
233
240
255
250
196
21
0
43
253
252
254
205
5
0
6
0
0
0
0
1
0
1
3
1
1
0
0
83
241
251
248
231
73
0
6
48
255
255
241
249
0
0
12
0
0
0
0
1
0
1
0
5
0
0
20
208
255
255
255
145
0
0
0
55
236
251
255
232
0
11
0
0
0
0
0
0
2
2
0
5
0
0
68
243
254
242
250
54
2
4
0
18
192
249
255
226
1
9
0
0
0
0
0
0
7
4
0
3
0
7
107
252
255
255
190
16
0
2
0
0
179
255
243
237
0
0
3
0
0
0
0
0
9
0
0
3
13
0
131
251
244
255
178
0
11
0
5
0
172
250
255
226
6
0
5
0
0
0
0
0
0
0
10
0
0
17
240
255
251
248
173
0
0
0
3
17
188
255
229
255
0
0
5
0
0
0
0
1
0
0
3
11
8
0
139
229
255
255
189
23
0
8
21
59
255
245
255
113
7
7
0
0
0
0
0
0
7
3
0
0
2
1
109
255
246
245
239
125
36
119
231
255
232
255
240
0
10
0
5
0
0
0
0
0
2
6
3
0
0
5
101
244
255
255
255
255
246
255
246
255
255
244
214
0
0
6
0
0
0
0
0
0
1
1
0
7
12
0
0
153
230
248
248
255
248
255
250
234
255
219
41
19
0
1
0
0
0
0
0
0
10
14
0
0
9
5
0
0
165
251
251
247
254
250
255
255
220
30
0
5
0
0
8
0
0
0
0
5
0
0
0
4
0
0
6
1
0
0
104
234
249
155
124
94
0
9
5
0
0
8
0
0
0
0
0
0
0
0
0
0
0
0
0
0
0
0
0
0
0
0
0
0
0
0
0
0
0
0
0
0
0
0
0
0
0
0
0
0
0
0
0
0
0
0
0
0
0
0
0
0
0
0
0
0
0
0
0
0
0
0
0
0
0
0
0
0
0
0
0
0
0
0
0
0
0
0
0
0
0
0
0
0
0
0
0
0
0
0
0
0
0
0
0
0
0
0
0
0
0
0
0
0
0
0
0
0
0
0
0
0
0
0
0
0
0
0
0
