2
0
10
9
0
0
0
0
2
1
0
0
4
0
0
0
6
0
0
0
0
2
4
0
9
0
0
0
0
1
0
0
2
7
7
3
0
0
6
8
0
0
7
10
0
0
3
6
4
2
0
0
0
0
0
0
0
8
0
0
3
1
0
0
0
2
3
2
1
1
2
0
0
0
1
0
0
4
0
4
8
0
0
0
0
2
0
2
2
0
0
3
1
3
0
0
0
0
0
0
3
0
12
0
0
10
0
0
4
0
0
0
0
0
1
5
0
0
4
7
0
0
2
0
2
73
178
241
250
255
244
146
19
0
0
0
16
0
0
0
0
1
7
0
0
7
6
0
0
0
94
204
240
232
236
253
255
249
255
243
88
0
18
2
0
0
0
0
0
3
10
0
0
10
0
0
27
173
220
255
255
241
180
125
92
124
136
255
155
0
4
3
0
0
0
0
0
0
6
0
0
12
0
12
104
250
255
223
110
17
0
4
7
0
0
248
240
26
0
2
1
0
0
0
0
0
0
2
3
0
0
12
29
225
173
24
0
15
0
0
10
6
0
249
205
12
0
2
0
0
0
0
0
0
0
2
3
0
0
1
11
50
5
3
0
0
3
11
0
10
148
254
187
0
1
5
1
0
0
0
0
0
0
1
3
0
0
0
0
0
0
8
3
10
0
3
0
0
232
255
91
0
0
10
0
0
0
0
0
0
0
0
2
4
2
0
0
0
14
0
0
18
0
3
4
48
248
235
1
15
0
0
0
0
0
0
0
1
0
0
0
2
5
4
2
0
0
4
0
0
10
1
4
202
255
136
0
0
14
0
8
0
0
0
0
2
3
0
0
0
1
1
0
11
0
15
7
0
7
0
99
255
211
25
9
0
2
0
3
0
0
0
0
0
4
3
0
0
0
0
0
1
0
0
0
7
1
58
228
235
78
0
0
9
0
4
0
0
0
0
0
0
3
6
1
0
2
2
0
0
16
0
8
0
13
208
255
212
4
0
0
4
6
0
4
0
0
0
0
0
0
0
0
0
0
0
0
0
11
4
0
10
108
245
254
107
0
12
2
0
6
9
0
0
0
0
0
0
0
0
0
0
0
0
0
20
0
2
14
28
239
255
194
0
0
6
0
14
6
0
3
0
0
0
0
0
0
0
0
0
0
0
0
12
0
0
25
170
255
223
0
9
18
0
0
0
0
3
0
0
0
0
0
0
0
0
0
0
0
0
0
0
11
0
87
253
232
229
15
0
0
0
10
5
0
11
3
0
0
0
0
0
0
0
0
0
0
0
0
0
0
36
240
248
255
130
12
8
6
18
0
12
0
0
2
0
0
0
0
0
0
0
0
0
0
0
0
14
112
246
239
255
255
248
235
207
193
170
58
0
0
4
0
0
0
0
0
0
0
0
0
0
0
0
0
25
255
255
246
245
255
255
253
243
255
245
147
4
0
9
6
0
0
0
0
0
0
0
0
0
0
0
0
16
199
246
255
255
170
153
80
72
139
25
23
4
11
0
0
0
0
0
0
0
0
0
0
0
0
0
0
0
0
0
0
0
0
0
0
0
0
0
0
0
0
0
0
0
0
0
0
0
0
0
0
0
0
0
0
0
0
0
0
0
0
0
0
0
0
0
0
0
0
0
0
0
0
0
0
0
0
0
0
0
0
0
0
0
0
0
0
0
0
0
0
0
0
0
0
0
0
0
0
0
0
0
0
0
0
0
0
0
0
0
0
0
0
0
0
0
0
0
0
0
0
0
0
0
0
0
0
0
0
0
0
