8
0
0
0
0
1
4
3
0
1
1
4
4
0
0
0
6
0
0
12
0
5
0
1
0
0
0
0
0
0
0
0
0
0
0
0
0
11
0
0
1
15
5
0
0
5
8
0
1
0
0
8
7
1
1
1
0
0
1
2
0
0
0
0
2
0
15
21
0
0
0
3
0
0
8
0
18
1
8
0
0
3
3
2
1
0
0
0
3
3
1
1
3
6
0
0
3
5
0
0
6
0
0
5
0
0
5
0
10
1
0
1
2
2
0
0
4
7
3
0
0
0
0
6
5
2
1
0
0
15
0
0
2
24
5
8
0
0
0
0
2
5
0
0
2
3
0
0
0
115
183
192
121
73
80
64
16
0
62
250
201
172
152
27
16
4
0
0
2
4
0
0
2
0
0
3
17
249
253
255
255
255
255
242
224
189
255
242
255
255
253
247
136
18
3
0
0
0
0
1
3
0
0
15
40
253
255
255
255
253
251
254
255
240
234
202
242
250
254
255
252
29
9
0
0
5
0
4
0
2
3
5
92
255
248
189
113
178
255
150
243
93
67
25
0
72
245
255
241
21
9
0
0
0
0
11
3
3
0
0
56
254
255
220
192
61
156
54
27
14
0
0
52
150
255
248
143
10
3
0
0
5
0
4
0
0
5
17
88
247
254
238
237
45
0
8
11
3
0
53
232
255
240
250
38
0
0
0
0
0
0
6
4
5
0
0
31
255
236
255
137
7
10
0
0
18
67
245
247
255
233
44
0
0
0
0
1
4
0
2
2
2
0
0
0
173
255
251
169
0
9
15
0
138
245
255
255
218
50
0
6
0
0
1
0
7
0
0
0
1
7
11
12
35
200
255
234
48
0
0
147
238
255
251
252
144
0
7
0
3
3
2
0
0
0
3
9
4
0
0
0
6
171
255
255
218
112
152
248
255
255
158
28
0
9
0
8
2
1
0
0
2
4
1
0
0
0
9
2
0
13
205
240
255
248
244
255
255
208
50
7
0
0
3
0
0
0
0
0
0
3
0
5
8
0
6
0
4
2
138
247
255
244
255
249
228
32
17
0
0
1
5
1
0
0
0
0
4
14
0
0
0
0
0
0
0
147
255
255
251
255
250
198
12
0
0
7
0
1
1
0
0
0
0
0
0
0
4
7
10
0
5
61
102
218
254
247
253
249
254
240
38
10
0
1
0
4
4
0
0
0
0
0
8
0
0
15
0
0
105
216
246
255
237
127
49
113
255
238
227
18
2
0
5
0
1
4
0
0
0
0
6
4
0
13
0
42
220
255
255
205
95
0
10
9
174
255
255
29
0
0
12
0
0
6
0
0
0
0
0
10
0
6
8
113
255
242
247
69
3
0
0
0
170
242
244
104
0
0
5
0
0
5
0
0
0
0
0
6
3
0
0
80
203
249
153
137
106
29
25
139
255
255
255
120
5
0
0
4
2
3
0
0
0
0
6
0
12
8
0
0
81
253
255
253
238
255
255
255
232
255
235
27
11
0
6
0
0
0
0
0
0
0
0
0
3
1
0
2
16
28
40
107
123
234
255
205
231
185
229
17
0
6
0
7
0
5
0
0
0
0
0
1
3
1
0
0
3
10
0
6
0
12
13
0
10
3
11
0
9
0
0
19
0
0
0
0
0
0
0
1
3
2
0
0
0
0
4
0
5
1
0
1
0
0
0
8
13
0
0
3
0
12
0
0
0
0
0
0
1
2
3
2
0
0
0
0
7
0
0
10
0
5
8
8
0
0
14
0
0
7
0
0
0
0
