3
0
0
0
0
0
0
0
0
1
0
1
1
4
2
0
8
0
8
0
0
4
0
5
0
0
0
0
0
0
0
0
0
0
0
0
0
0
0
2
0
2
0
2
0
0
11
0
6
0
0
11
2
0
0
0
0
0
0
0
0
0
0
0
0
6
0
0
0
8
0
23
0
0
3
0
9
0
0
2
1
0
0
0
0
0
0
0
0
0
0
0
0
0
2
13
0
0
0
161
229
228
143
25
0
12
9
0
0
0
0
0
0
0
0
0
0
0
0
0
0
3
0
0
2
7
17
188
255
255
236
166
4
11
0
0
6
0
0
0
0
0
0
0
0
0
0
0
0
0
0
6
2
0
2
158
255
255
255
245
5
0
4
10
0
0
0
0
0
0
0
0
0
0
0
0
0
6
0
0
0
1
0
27
56
67
118
255
66
0
3
6
0
0
0
0
0
0
0
0
0
0
0
0
0
0
1
8
0
0
0
0
9
2
35
255
127
2
0
0
2
0
0
0
0
0
0
0
0
0
0
0
0
4
0
2
0
0
0
6
4
0
65
240
109
21
0
0
5
0
0
0
0
0
0
0
0
0
0
0
0
0
7
0
5
4
37
24
17
127
252
255
9
0
10
8
0
0
0
0
0
0
0
0
0
0
0
0
0
3
3
0
0
82
225
251
255
250
235
251
33
15
0
11
0
0
0
0
0
0
0
0
0
0
0
0
0
0
0
7
9
155
255
255
244
251
254
159
0
2
0
0
7
0
0
0
0
0
0
0
0
0
0
0
0
7
0
1
3
137
241
249
255
242
255
80
6
0
9
1
0
0
0
0
0
0
0
0
0
0
0
0
0
3
4
0
2
23
67
39
55
30
191
255
18
0
10
0
13
0
0
0
0
0
0
0
0
0
0
0
0
0
0
0
7
0
8
0
6
8
22
255
19
0
0
3
0
0
0
0
0
0
0
0
0
0
0
0
0
5
0
2
0
4
0
11
0
1
109
251
31
8
0
6
0
0
0
0
0
0
0
0
0
0
0
0
0
7
0
3
0
9
0
0
0
114
248
233
17
4
6
0
3
0
0
0
0
0
0
0
0
0
0
0
0
6
0
0
10
0
0
41
99
206
251
95
10
0
0
3
3
0
0
0
0
0
0
0
0
0
0
0
0
60
72
6
0
23
141
232
250
255
198
0
3
1
0
3
1
0
0
0
0
0
0
0
0
0
0
0
0
240
235
193
235
255
255
255
246
204
76
0
0
12
0
0
2
0
0
0
0
0
0
0
0
0
0
0
0
237
255
244
245
255
245
255
220
66
0
15
0
4
3
0
2
0
0
0
0
0
0
0
0
0
0
0
0
234
246
255
255
255
183
110
17
0
0
9
0
0
4
5
0
0
0
0
0
0
0
0
0
0
0
0
0
156
251
255
163
47
6
8
0
0
12
2
5
0
5
0
0
0
0
0
0
0
0
0
0
0
0
0
0
3
0
0
13
2
6
0
6
6
0
2
0
7
8
0
12
0
0
0
0
0
0
0
0
0
0
0
0
0
0
0
0
0
0
0
0
0
0
0
0
0
0
0
0
0
0
0
0
0
0
0
0
0
0
0
0
0
0
0
0
0
0
0
0
0
0
0
0
0
0
0
0
0
0
0
0
0
0
0
0
0
0
0
0
0
0
0
0
0
0
0
0
0
0
0
0
0
0
0
0
0
0
0
0
0
0
0
0
0
0
0
0
0
0
0
0
0
0
0
0
0
0
0
0
0
0
0
0
0
0
0
0
