9
0
0
0
0
0
0
0
0
4
0
0
0
3
3
0
0
10
0
0
0
0
10
9
0
0
0
0
0
0
0
0
0
0
0
0
0
0
6
12
7
0
0
0
6
0
0
0
4
1
0
0
18
0
0
0
0
0
0
0
0
0
0
0
0
0
0
0
0
4
9
6
0
8
20
3
0
0
4
0
2
0
0
0
0
0
0
0
0
0
0
0
0
2
6
7
3
0
0
0
0
0
0
0
11
14
0
0
4
0
0
0
0
0
0
0
0
0
0
0
0
0
0
0
0
0
4
7
5
22
1
0
2
0
4
14
0
0
0
0
0
0
0
0
0
0
0
0
0
0
8
13
7
2
1
0
0
0
0
8
7
0
0
5
0
0
0
0
0
0
0
0
0
0
0
0
0
8
3
0
0
8
73
142
183
227
127
11
0
18
7
0
0
0
0
0
0
0
0
0
0
0
0
0
0
3
0
13
106
224
255
203
112
124
209
140
4
0
4
0
5
0
0
0
0
0
0
0
0
0
0
0
0
4
3
141
227
224
132
0
6
4
28
23
2
0
7
0
4
0
0
0
0
0
0
0
0
0
0
0
0
0
65
253
164
13
0
21
0
0
3
5
0
4
0
5
0
0
0
0
0
0
0
0
0
0
0
0
0
16
188
203
0
0
0
0
7
26
0
1
6
0
4
3
0
0
0
0
0
0
0
0
0
0
0
0
0
33
231
149
0
16
4
0
1
0
27
15
0
0
8
3
2
0
0
0
0
0
0
0
0
0
0
0
0
140
255
82
0
0
1
11
0
12
206
129
0
19
0
9
0
0
0
0
0
0
0
0
0
0
0
0
0
158
250
41
16
0
0
13
12
197
248
244
0
11
0
6
0
0
0
0
0
0
0
0
0
0
0
0
0
51
249
109
0
14
0
63
220
193
137
210
0
0
2
5
6
0
0
0
0
0
0
0
0
0
0
0
0
5
175
235
133
142
189
252
208
17
131
144
6
0
0
4
0
0
0
0
0
0
0
0
0
0
0
0
0
0
37
156
238
213
161
90
0
0
144
156
0
0
5
0
2
0
0
0
0
0
0
0
0
0
0
0
0
5
0
4
14
0
2
16
0
6
97
234
60
0
8
17
0
0
0
0
0
0
0
0
0
0
0
0
0
1
0
3
7
0
0
0
0
0
43
255
77
0
0
10
0
0
0
0
0
0
0
0
0
0
0
0
0
3
3
0
0
0
0
0
3
4
48
254
63
0
4
0
3
0
0
0
0
0
0
0
0
0
0
0
0
0
2
5
8
16
7
0
0
0
60
231
81
4
9
0
9
0
0
0
0
0
0
0
0
0
0
0
0
6
6
0
0
0
0
0
6
0
44
233
134
0
0
0
0
0
0
0
0
0
0
0
0
0
0
0
0
4
3
3
2
1
1
1
0
0
43
255
168
1
2
3
0
0
0
0
0
0
0
0
0
0
0
0
0
0
0
0
2
0
0
3
0
8
47
255
150
3
1
0
7
0
0
0
0
0
0
0
0
0
0
0
0
0
0
0
0
0
0
0
0
0
41
255
152
13
0
9
0
0
0
0
0
0
0
0
0
0
0
0
0
0
0
0
0
0
0
0
0
0
29
193
98
0
0
2
24
0
0
0
0
0
0
0
0
0
0
0
0
0
0
0
0
0
0
0
0
8
0
29
0
1
5
0
0
0
0
0
0
0
0
0
0
0
0
0
0
0
0
0
0
0
0
0
0
8
0
0
0
5
7
0
0
0
0
0
0
