1
0
0
0
0
0
0
0
0
6
0
0
4
1
0
2
0
0
3
0
2
0
0
3
12
0
0
0
0
0
0
0
0
0
0
0
0
3
0
0
3
0
0
3
2
0
0
0
2
9
4
0
0
0
0
0
0
0
0
0
0
0
0
0
0
0
2
4
0
0
0
2
3
0
15
13
0
0
7
6
0
0
0
0
0
0
0
0
0
0
0
0
0
0
6
3
0
0
0
0
0
0
0
0
0
7
0
0
8
0
0
0
0
0
0
0
0
0
0
0
0
0
7
0
0
3
2
0
0
49
204
251
74
0
0
8
0
0
0
0
0
0
0
0
0
0
0
0
0
0
7
0
0
7
1
0
12
173
252
255
88
19
4
2
4
0
0
0
0
0
0
0
0
0
0
0
0
0
7
0
0
8
0
1
39
244
255
220
31
0
0
0
0
0
0
0
0
0
0
0
0
0
0
0
0
0
7
0
0
6
0
7
62
255
232
157
0
0
14
1
0
0
0
0
0
0
0
0
0
0
0
0
0
1
0
0
13
0
0
7
184
244
221
0
0
11
0
4
3
0
0
0
0
0
0
0
0
0
0
0
0
4
0
15
0
7
5
48
250
255
192
8
0
10
0
1
0
0
0
0
0
0
0
0
0
0
0
0
0
8
0
2
0
0
0
80
255
255
116
4
0
2
0
3
0
0
0
0
0
0
0
0
0
0
0
0
0
0
6
0
5
13
0
180
255
229
40
0
0
0
3
4
4
0
0
0
0
0
0
0
0
0
0
0
0
0
0
7
0
10
23
255
255
188
6
5
0
0
3
0
0
0
0
0
0
0
0
0
0
0
0
0
0
6
0
11
0
0
122
254
248
115
0
5
0
1
3
0
1
0
0
0
0
0
0
0
0
0
0
0
0
0
0
0
12
75
249
255
213
32
0
0
0
6
2
0
5
0
0
0
0
0
0
0
0
0
0
0
0
5
0
3
0
198
255
248
106
0
9
0
0
11
0
0
3
0
0
0
0
0
0
0
0
0
0
0
0
7
1
0
128
255
255
168
11
0
0
0
0
0
0
0
0
0
0
0
0
0
0
0
0
0
0
0
0
0
0
36
223
249
255
70
0
0
0
0
0
0
0
0
0
0
0
0
0
0
0
0
0
0
0
0
0
0
9
155
255
243
154
7
0
0
0
0
0
0
0
0
0
0
0
0
0
0
0
0
0
0
0
0
0
0
69
245
248
218
11
9
0
0
0
0
0
0
0
0
0
0
0
0
0
0
0
0
0
0
0
0
0
8
160
255
238
136
0
3
0
0
0
0
0
0
0
0
0
0
0
0
0
0
0
0
0
0
0
0
0
63
239
255
182
34
13
0
6
0
0
0
0
0
0
0
0
0
0
0
0
0
0
0
0
0
0
0
0
122
255
252
75
0
0
0
11
0
0
0
0
0
0
0
0
0
0
0
0
0
0
0
0
0
0
0
0
139
245
193
0
1
5
11
0
0
0
0
0
0
0
0
0
0
0
0
0
0
0
0
0
0
0
0
0
0
0
0
0
0
0
0
0
0
0
0
0
0
0
0
0
0
0
0
0
0
0
0
0
0
0
0
0
0
0
0
0
0
0
0
0
0
0
0
0
0
0
0
0
0
0
0
0
0
0
0
0
0
0
0
0
0
0
0
0
0
0
0
0
0
0
0
0
0
0
0
0
0
0
0
0
0
0
0
0
0
0
0
0
0
0
0
0
0
0
0
0
0
0
0
0
0
0
0
0
0
0
0
0
