9
0
0
0
0
0
0
0
0
0
1
4
0
0
0
0
3
1
0
2
4
0
1
4
0
0
0
0
0
0
0
0
0
0
0
0
0
2
0
0
2
6
4
0
0
0
0
0
6
1
0
0
10
0
0
0
0
0
0
0
0
0
0
0
0
7
0
0
2
5
0
0
0
0
13
12
0
0
3
0
0
0
0
0
0
0
0
0
0
0
0
0
0
0
0
1
0
0
0
0
4
0
0
0
0
12
1
0
7
0
0
0
0
0
0
0
0
0
0
0
0
0
0
4
0
0
7
8
1
4
10
3
0
0
2
1
0
0
0
0
0
0
0
0
0
0
0
0
0
0
1
0
0
3
7
0
0
0
0
8
5
0
0
4
0
0
0
0
0
0
0
0
0
0
0
0
0
5
0
0
2
0
0
0
13
9
20
125
239
237
155
63
0
0
0
0
0
0
0
0
0
0
0
0
0
0
0
0
9
0
0
24
83
181
205
249
255
253
255
183
17
0
0
0
0
3
0
0
7
0
12
0
3
1
3
0
0
8
15
199
242
255
249
255
254
245
249
255
27
0
0
0
0
0
0
0
0
5
0
23
0
0
19
4
63
162
255
254
242
205
125
25
78
255
255
181
27
0
0
0
0
0
0
0
0
8
0
17
0
15
0
147
236
255
255
166
120
0
20
3
82
202
71
14
0
0
0
0
0
2
0
0
6
0
7
0
19
36
226
255
250
227
95
26
0
0
14
0
162
197
0
2
0
0
0
0
0
0
2
0
1
0
0
12
131
255
243
215
193
41
11
0
0
0
15
164
255
245
175
10
0
0
0
0
0
0
11
0
0
2
3
131
244
255
197
30
0
13
11
0
19
55
221
250
248
250
159
0
0
0
0
0
0
0
0
1
0
6
79
230
255
239
33
11
0
9
0
0
19
231
235
255
244
97
0
1
2
0
0
0
0
14
0
6
5
2
176
255
221
20
1
2
11
53
121
172
205
255
255
181
30
12
0
0
4
0
0
0
0
0
0
0
13
25
246
254
239
170
139
203
212
255
255
231
255
255
173
13
0
12
0
9
0
0
0
0
0
10
14
0
0
6
163
254
255
249
251
255
255
255
254
255
255
218
25
0
20
0
1
6
0
0
0
0
0
0
0
0
0
0
48
167
183
198
194
190
96
116
255
246
204
82
0
4
1
0
11
0
8
0
0
0
0
6
11
2
12
0
0
23
3
0
0
13
28
229
251
254
95
0
28
4
0
5
4
0
3
0
0
0
0
0
0
0
8
0
4
9
0
0
25
0
97
252
255
177
2
1
8
0
9
10
0
16
0
0
0
0
0
12
4
6
6
0
10
0
0
4
0
48
247
251
182
26
13
10
0
0
12
0
0
9
0
0
0
0
0
0
0
0
1
0
7
0
4
0
23
189
245
184
21
17
0
0
4
17
0
0
3
0
9
0
0
0
0
8
0
0
3
6
0
0
0
3
4
255
246
69
4
0
13
0
10
0
0
8
5
0
0
0
0
0
0
0
0
0
0
0
0
0
0
0
126
255
115
21
2
0
0
0
0
0
0
0
0
0
0
0
0
0
0
0
0
0
0
0
0
0
0
0
131
239
73
0
0
14
7
0
0
0
0
0
0
0
0
0
0
0
0
0
0
0
0
0
0
0
0
13
0
10
0
11
0
0
0
0
0
0
0
0
0
0
0
0
0
0
0
0
0
0
0
0
0
0
0
0
0
3
0
10
0
7
9
0
0
0
0
0
0
0
0
0
0
0
0
