7
0
0
0
0
0
0
0
0
0
0
0
0
0
0
0
0
0
0
0
0
0
0
0
0
0
0
0
0
0
0
0
0
0
0
0
0
0
0
0
0
0
0
0
0
0
0
0
0
0
0
0
0
0
0
0
0
0
0
0
0
0
0
0
0
0
0
0
0
0
0
0
0
0
0
0
0
0
0
0
0
0
0
0
0
0
0
0
0
0
0
0
0
0
0
0
0
0
0
0
0
0
0
0
0
0
0
0
0
0
0
0
0
0
0
0
0
0
0
0
0
0
0
0
0
0
0
0
0
0
0
0
0
0
0
0
0
0
0
0
0
0
0
0
0
0
0
0
0
0
0
0
0
0
0
0
0
0
0
0
0
0
0
0
0
0
0
0
0
0
0
0
0
0
0
0
0
0
0
0
0
0
0
0
0
0
0
0
0
0
0
0
0
0
0
0
0
0
0
0
0
0
0
0
0
0
0
0
0
0
0
0
0
0
0
0
0
0
0
0
0
0
0
0
0
2
3
44
75
17
0
15
0
1
37
3
40
35
26
44
38
40
29
12
33
38
0
0
13
0
0
0
0
4
11
243
255
225
183
191
173
202
212
173
255
255
255
246
255
255
237
219
250
255
169
0
0
0
0
0
0
0
0
218
239
255
253
255
255
253
255
255
238
239
246
252
250
235
255
248
255
254
229
6
12
0
0
0
0
12
1
23
83
188
223
210
201
207
210
186
36
19
39
87
92
118
167
252
245
246
143
0
4
0
0
0
0
0
22
0
9
7
0
0
17
0
2
12
0
0
8
0
6
0
11
218
230
255
30
0
0
0
0
0
0
7
0
0
9
3
0
1
0
10
0
0
0
14
5
0
7
1
67
236
255
192
0
2
5
0
0
0
0
10
0
6
0
0
0
6
1
0
0
18
0
19
0
0
0
0
171
255
255
67
14
0
8
0
0
0
0
0
14
0
0
13
3
0
4
2
8
0
0
0
3
0
8
32
214
255
223
16
6
0
0
0
0
0
0
0
0
0
0
0
0
0
0
0
8
1
1
0
12
0
3
127
255
255
169
2
0
11
0
0
0
0
0
0
0
0
0
0
0
0
0
1
0
2
0
13
0
13
0
255
236
238
37
3
1
0
13
0
0
0
0
0
0
0
0
0
0
0
0
6
0
5
0
0
5
4
117
243
250
147
1
1
14
0
0
0
0
0
0
0
0
0
0
0
0
0
0
0
0
6
0
0
5
18
236
253
255
45
4
0
0
18
2
0
0
0
0
0
0
0
0
0
0
0
0
0
16
3
0
13
0
125
246
243
114
0
0
24
0
0
0
0
0
0
0
0
0
0
0
0
0
0
0
2
0
0
0
5
107
245
250
239
76
11
0
8
0
0
6
0
0
0
0
0
0
0
0
0
0
0
0
12
0
1
0
42
243
255
237
16
0
0
0
0
8
12
0
0
0
0
0
0
0
0
0
0
0
0
0
0
8
5
0
140
253
237
164
0
0
16
8
0
2
0
0
0
0
0
0
0
0
0
0
0
0
0
0
0
12
0
103
212
255
253
62
0
0
0
0
0
0
0
0
0
0
0
0
0
0
0
0
0
0
0
0
4
0
0
163
255
244
255
200
0
0
0
0
0
0
0
0
0
0
0
0
0
0
0
0
0
0
0
0
6
0
5
118
239
255
189
60
0
0
0
0
0
0
0
0
0
0
0
0
0
0
0
0
0
0
0
0
0
6
0
0
27
47
24
0
0
0
0
0
0
0
0
0
0
0
0
0
