8
0
0
0
0
0
0
0
0
0
5
0
4
2
7
0
0
1
0
13
0
0
11
5
0
3
3
0
0
0
0
0
0
0
0
0
0
0
0
0
1
0
0
0
9
5
0
0
6
6
0
0
0
0
0
0
0
0
0
0
0
0
0
0
0
6
12
7
0
0
10
6
0
2
4
0
0
0
0
8
4
9
4
6
11
0
0
0
0
0
0
0
0
0
0
1
0
0
3
7
0
0
12
6
1
0
0
0
0
0
0
0
0
0
0
0
0
0
0
0
0
7
0
1
17
0
0
0
11
2
0
0
0
7
0
0
19
2
5
3
0
0
0
0
0
0
0
0
0
0
0
0
12
0
21
9
0
0
6
10
0
7
11
0
0
0
0
5
6
0
0
0
0
0
0
0
0
4
14
0
31
55
197
255
255
255
251
196
45
0
8
10
58
54
13
0
0
0
0
0
0
0
0
0
0
5
65
146
255
235
255
245
251
240
255
255
138
72
98
132
249
245
123
14
0
1
0
9
1
0
0
7
0
93
223
255
240
255
231
255
245
251
250
255
210
200
250
255
244
247
254
2
0
3
0
11
0
10
0
6
79
230
255
249
243
242
255
255
232
248
241
241
255
255
254
239
255
240
98
0
4
7
0
0
2
2
19
233
255
246
255
249
255
255
190
159
108
255
255
255
226
255
247
235
203
105
0
3
6
6
10
0
12
0
0
255
236
255
247
236
138
146
44
0
106
234
251
255
248
255
255
126
0
0
0
14
0
0
0
4
6
19
7
240
253
242
243
82
1
11
0
0
102
255
246
239
253
138
115
1
0
1
17
0
0
4
5
0
0
0
0
250
248
247
255
156
0
1
6
1
111
242
254
255
167
30
0
0
18
15
0
0
2
0
5
0
11
0
3
255
244
255
233
255
174
47
52
255
240
253
254
148
17
0
0
19
0
0
0
12
1
6
0
1
0
6
0
164
255
246
255
241
255
253
239
255
251
255
239
3
0
0
8
0
7
2
9
0
0
0
10
0
0
4
0
33
150
255
252
253
246
246
255
252
242
244
130
0
13
4
2
0
5
0
0
0
0
0
5
0
0
14
0
0
43
161
255
240
236
255
223
244
255
255
59
4
0
0
5
0
0
0
0
0
0
0
3
0
0
7
5
0
0
6
0
212
234
241
255
250
250
232
245
35
7
9
0
4
0
0
0
0
0
2
1
0
0
0
4
7
1
0
2
0
95
249
243
255
244
255
255
208
0
0
15
0
3
0
0
0
0
0
0
5
11
0
0
1
0
15
0
49
171
246
248
255
251
237
255
200
0
20
0
0
2
0
0
0
0
6
0
0
6
3
0
0
0
0
0
0
141
251
252
255
238
250
249
198
22
0
2
6
0
0
0
0
0
8
0
0
0
0
2
4
6
0
23
0
108
255
246
255
255
253
254
163
0
22
0
0
9
0
0
0
0
0
4
3
0
1
0
0
0
4
0
1
52
217
251
250
244
248
164
3
11
0
0
18
0
0
0
0
0
0
0
0
0
0
0
0
0
0
14
0
9
145
246
254
248
148
33
0
5
0
0
10
0
0
0
0
0
0
0
0
0
0
0
0
0
0
14
0
0
37
63
51
52
41
0
0
15
0
0
5
0
0
0
0
0
0
0
0
0
0
0
0
0
0
1
0
0
4
0
0
0
0
0
6
8
0
0
3
1
0
0
0
0
0
0
0
0
0
0
0
0
4
0
0
8
5
0
3
8
1
7
4
0
0
0
0
2
0
0
0
0
