6
0
0
0
0
0
0
0
0
0
0
0
1
10
2
0
0
10
0
0
12
0
0
0
3
0
0
0
0
0
0
0
0
0
0
0
0
0
3
3
0
0
0
7
10
0
19
0
6
0
12
8
0
0
0
0
0
0
0
0
0
0
0
0
0
0
0
0
0
0
0
3
0
4
0
0
0
4
0
4
4
0
0
0
0
0
0
0
0
0
0
0
0
4
0
0
10
3
0
0
0
2
4
7
65
245
237
98
8
0
0
0
0
0
0
0
0
0
0
0
0
0
0
4
5
0
0
1
13
0
11
95
221
255
255
226
51
0
0
0
0
0
0
0
0
0
0
0
0
0
8
1
0
2
6
0
0
3
161
255
240
148
88
248
74
0
0
0
0
0
0
0
0
0
0
0
0
0
8
0
0
16
6
0
21
160
239
207
32
0
85
255
1
0
0
0
0
0
0
0
0
0
0
0
0
0
6
0
2
8
0
19
141
248
240
63
0
25
163
133
3
0
0
0
0
0
0
0
0
0
0
0
0
1
0
0
4
6
33
154
255
247
40
0
0
50
122
0
5
0
0
0
0
0
0
0
0
0
0
0
0
3
0
0
0
19
116
255
254
28
0
20
0
0
0
8
0
0
0
0
0
0
0
0
0
0
0
0
0
0
32
4
82
255
247
245
227
5
4
49
10
7
0
14
0
0
0
0
0
0
0
0
0
0
0
0
0
6
0
0
122
245
252
175
27
0
0
13
0
0
6
0
8
0
0
0
0
0
0
0
0
0
0
0
0
0
13
47
233
245
165
0
2
0
16
0
0
6
0
0
3
0
0
0
0
0
0
0
0
0
0
0
0
0
11
187
231
235
55
0
18
72
59
53
0
5
11
0
9
0
0
0
0
0
0
0
0
0
0
0
0
0
93
228
255
40
0
89
243
253
223
255
140
5
1
0
0
0
0
0
0
0
0
0
0
0
0
0
0
5
171
254
167
32
123
253
250
249
253
255
241
21
0
20
0
0
0
0
0
0
0
0
0
0
0
0
0
33
255
243
96
238
235
176
145
56
20
209
237
9
5
1
1
0
0
0
0
0
0
0
0
0
0
0
0
158
255
120
138
225
62
11
0
8
55
247
138
0
0
0
0
0
0
0
0
0
0
0
0
0
0
0
0
196
246
189
241
149
0
0
9
0
202
255
32
0
8
0
10
0
0
0
0
0
0
0
0
0
0
0
0
178
255
255
243
99
9
10
0
189
241
110
18
6
1
9
0
0
0
0
0
0
0
0
0
0
0
0
0
72
248
255
255
185
54
120
245
240
250
46
0
0
0
4
7
0
0
0
0
0
0
0
0
0
0
0
0
1
166
246
245
255
255
239
255
195
55
0
17
12
2
10
1
0
0
0
0
0
0
0
0
0
0
0
0
7
0
125
228
250
237
153
133
6
0
10
0
0
0
0
0
0
0
0
0
0
0
0
0
0
0
0
0
5
0
0
28
0
0
13
0
0
1
0
4
2
0
4
4
0
0
0
0
0
0
0
0
0
0
0
0
0
0
0
0
0
0
0
0
0
0
0
0
0
0
0
0
0
0
0
0
0
0
0
0
0
0
0
0
0
0
0
0
0
0
0
0
0
0
0
0
0
0
0
0
0
0
0
0
0
0
0
0
0
0
0
0
0
0
0
0
0
0
0
0
0
0
0
0
0
0
0
0
0
0
0
0
0
0
0
0
0
0
0
0
0
0
0
0
0
0
0
0
0
0
0
0
0
0
0
0
0
0
0
0
