3
0
0
4
4
0
0
1
6
8
0
3
1
0
0
0
2
3
0
6
0
0
8
0
2
0
0
0
0
7
2
0
0
0
0
0
0
0
5
8
0
0
4
0
5
0
0
4
1
0
0
0
5
0
0
0
0
0
0
0
1
6
8
4
0
2
18
0
0
7
7
0
0
5
0
0
2
12
1
2
0
0
0
0
0
0
0
2
0
0
0
0
0
0
6
0
10
13
0
0
3
0
0
1
2
2
0
4
11
0
0
0
0
3
2
1
0
0
1
6
9
3
0
0
8
0
0
2
0
1
0
0
0
10
0
5
0
0
0
0
0
0
0
0
3
8
5
0
0
5
0
0
0
15
86
153
206
255
201
134
16
0
1
10
0
0
0
0
0
0
1
0
0
0
0
3
10
31
15
59
130
244
255
223
249
242
250
253
88
8
0
0
6
0
0
0
0
0
4
4
0
0
44
119
178
213
226
255
246
221
117
45
197
254
249
250
64
0
6
0
0
0
0
0
0
0
5
0
8
8
169
255
255
250
227
174
58
20
3
101
229
243
255
182
7
3
3
0
0
0
0
0
0
4
4
0
5
0
75
120
113
136
31
0
4
0
17
230
255
254
203
12
0
3
2
0
4
0
0
0
0
5
0
0
4
0
3
11
8
0
11
0
7
28
149
253
255
177
17
14
0
0
0
8
2
0
0
0
0
2
0
0
0
12
0
0
0
19
0
21
121
239
254
255
118
26
0
0
8
0
0
9
0
0
0
0
0
3
0
4
0
14
0
0
6
0
0
168
255
248
241
64
29
7
5
2
6
10
0
3
0
0
0
0
0
1
3
7
0
8
0
0
0
0
64
240
246
251
237
217
197
155
8
12
0
3
0
10
0
0
0
0
0
0
0
4
0
3
0
2
0
15
8
178
255
239
251
255
253
255
175
0
14
0
8
0
0
0
0
0
0
3
0
0
2
0
0
3
0
0
0
8
120
245
183
228
242
255
253
255
195
6
0
1
0
0
0
0
0
0
0
0
0
0
0
0
0
2
0
3
0
3
6
0
65
152
243
255
221
11
6
0
0
0
0
0
0
0
0
0
0
0
0
0
0
6
0
0
0
4
0
7
3
93
253
255
234
158
0
0
6
0
0
0
0
0
0
0
0
0
0
0
0
14
0
22
4
0
10
0
0
100
253
251
254
140
5
14
0
0
0
0
0
0
0
0
0
0
0
0
0
0
10
0
12
0
0
6
0
196
243
249
235
32
3
0
4
0
0
0
0
0
0
0
0
0
0
0
0
24
107
144
36
0
1
58
164
246
255
255
99
0
3
0
5
0
0
0
0
0
0
0
0
0
0
0
0
155
244
180
0
20
39
203
255
253
234
141
0
0
14
8
0
0
0
0
0
0
0
0
0
0
0
0
0
176
249
244
90
119
159
245
255
189
78
0
6
7
0
0
9
0
0
0
0
0
0
0
0
0
0
0
0
42
163
218
245
255
246
204
122
24
0
11
0
0
10
0
3
0
0
0
0
0
0
0
0
0
0
0
0
11
0
59
195
219
96
1
8
0
0
0
0
0
0
0
0
0
0
0
0
0
0
0
0
0
0
0
0
0
0
0
0
9
4
0
0
0
0
0
0
0
0
0
0
0
0
0
0
0
0
0
0
0
0
0
0
5
17
8
0
0
7
5
2
0
0
0
0
0
0
0
0
0
0
0
0
0
0
0
0
0
0
0
0
0
0
0
4
9
0
0
2
0
0
0
0
0
0
0
0
0
0
0
0
