1
0
0
0
0
0
0
0
0
0
10
0
0
9
3
0
0
0
0
12
3
0
13
0
0
0
0
0
0
0
0
0
0
0
0
0
0
1
9
0
0
0
0
0
0
2
10
0
0
0
0
11
1
0
0
0
0
0
0
0
0
0
0
0
0
0
0
0
0
0
5
4
0
0
3
0
5
6
0
6
0
0
0
0
0
0
0
0
0
0
0
0
0
0
0
4
3
2
5
0
0
5
3
12
0
0
0
0
12
0
0
0
0
0
0
0
0
0
0
0
0
2
0
8
1
0
0
0
9
0
8
0
4
4
13
0
0
0
0
0
0
0
0
0
0
0
0
0
0
6
0
6
0
0
0
0
67
216
217
15
10
0
0
11
0
0
0
0
0
0
0
0
0
0
0
0
0
1
0
4
0
7
1
11
121
255
255
0
2
0
0
14
0
0
0
0
0
0
0
0
0
0
0
0
0
0
0
6
0
9
0
0
129
249
255
0
6
0
13
0
0
0
0
0
0
0
0
0
0
0
0
0
0
0
5
0
0
7
0
0
255
255
177
0
4
5
0
0
7
0
0
0
0
0
0
0
0
0
0
0
0
3
0
0
10
0
11
59
249
249
118
17
3
0
0
1
0
0
0
0
0
0
0
0
0
0
0
0
0
0
8
4
0
2
0
255
239
244
24
0
0
7
1
15
11
0
0
0
0
0
0
0
0
0
0
0
0
22
0
0
14
0
13
239
255
195
0
0
2
3
0
0
0
0
0
0
0
0
0
0
0
0
0
0
0
0
20
12
0
1
138
251
255
15
0
0
3
0
5
22
4
0
0
0
0
0
0
0
0
0
0
0
0
12
0
0
0
3
135
242
184
0
17
3
7
0
0
0
0
0
0
0
0
0
0
0
0
0
0
0
0
10
0
13
0
1
255
255
129
0
6
0
0
8
0
0
13
0
0
0
0
0
0
0
0
0
0
0
0
0
14
0
0
138
249
248
69
0
6
3
0
2
0
0
1
0
0
0
0
0
0
0
0
0
0
0
0
0
0
6
11
125
255
190
10
0
0
0
0
0
0
0
0
0
0
0
0
0
0
0
0
0
0
0
0
4
4
5
0
255
253
117
0
0
0
0
0
0
0
0
0
0
0
0
0
0
0
0
0
0
0
0
0
3
0
9
125
255
255
1
8
0
0
0
0
0
0
0
0
0
0
0
0
0
0
0
0
0
0
0
0
0
1
0
255
247
178
8
0
0
0
0
0
0
0
0
0
0
0
0
0
0
0
0
0
0
0
0
0
5
0
5
255
247
142
0
5
0
0
0
0
0
0
0
0
0
0
0
0
0
0
0
0
0
0
0
0
0
14
113
247
250
0
26
0
0
0
0
0
0
0
0
0
0
0
0
0
0
0
0
0
0
0
0
0
0
5
234
255
136
0
0
9
0
0
0
0
0
0
0
0
0
0
0
0
0
0
0
0
0
0
0
0
0
0
255
243
124
20
0
0
0
0
0
0
0
0
0
0
0
0
0
0
0
0
0
0
0
0
0
0
0
0
187
255
1
6
0
0
0
0
0
0
0
0
0
0
0
0
0
0
0
0
0
0
0
0
0
0
15
0
3
12
0
15
0
15
0
0
0
0
0
0
0
0
0
0
0
0
0
0
0
0
0
0
0
0
0
0
0
0
7
8
0
12
0
0
0
0
0
0
0
0
0
0
0
0
0
0
0
0
0
0
0
0
8
0
12
14
3
0
15
0
0
0
0
0
0
0
0
0
0
0
0
0
