0
0
0
0
0
0
0
0
0
6
0
6
0
0
0
0
7
0
6
0
2
0
12
2
0
0
0
0
0
0
0
0
0
0
0
0
0
0
9
11
5
4
15
11
0
0
11
8
17
0
4
0
0
0
0
0
0
0
0
0
0
0
0
0
0
0
8
0
3
0
0
6
5
4
0
0
0
0
4
1
9
0
0
0
0
0
0
0
0
0
0
0
0
6
0
0
8
14
0
0
4
2
3
3
9
5
1
0
0
0
0
0
0
0
0
0
0
0
0
0
0
2
7
5
0
8
30
7
0
0
3
9
0
0
0
5
13
0
0
0
0
0
0
0
0
0
0
0
0
0
0
17
65
177
247
197
167
6
0
0
0
8
0
0
0
0
0
0
0
0
0
0
0
0
0
0
0
0
86
188
243
255
255
239
255
190
128
79
42
30
0
0
7
0
0
0
0
0
0
0
0
0
0
0
0
72
199
250
255
255
246
255
249
255
246
255
248
183
50
0
0
0
0
0
0
1
7
0
8
0
0
4
1
245
253
253
255
213
131
249
253
254
255
249
247
255
242
115
3
0
0
0
0
3
0
10
0
16
13
3
84
255
254
246
164
8
18
62
86
81
188
255
252
240
255
222
40
0
0
0
0
0
7
1
0
0
0
13
202
247
244
220
70
0
4
0
0
0
32
58
196
243
252
255
171
0
0
0
0
0
13
0
10
0
0
99
255
251
255
123
0
4
7
1
6
6
12
0
98
255
241
255
255
0
0
0
0
0
0
4
0
15
88
220
253
253
222
26
0
0
1
0
13
0
0
13
0
255
242
247
239
0
0
0
0
1
0
9
0
1
198
255
247
255
111
4
8
12
14
0
2
8
0
6
0
172
255
255
255
0
0
0
0
0
9
0
0
76
242
246
255
222
30
2
0
3
0
6
0
0
9
10
0
48
241
245
253
0
0
0
0
5
0
0
7
251
242
255
252
84
0
0
13
1
0
0
6
12
0
0
10
121
255
255
252
0
0
0
0
9
0
0
14
252
248
255
255
0
11
0
19
0
0
0
7
0
10
3
2
250
251
243
255
0
0
0
0
0
17
14
0
255
252
243
244
48
2
0
0
0
0
24
0
10
0
21
209
249
255
255
141
0
0
0
0
0
0
0
5
255
255
251
255
252
98
5
35
0
5
25
5
3
5
116
241
253
254
172
11
0
0
0
0
0
6
0
1
104
226
255
240
237
255
234
198
107
183
199
126
95
198
249
255
248
221
55
6
0
0
0
0
0
0
7
3
0
113
234
255
255
248
249
255
255
245
255
242
255
252
251
245
217
36
0
0
0
0
0
0
3
0
0
11
3
14
113
207
241
255
241
255
255
249
250
255
246
255
221
156
1
3
1
4
0
0
0
0
0
11
6
0
1
0
4
31
123
170
163
233
245
255
210
165
182
76
43
4
1
21
0
4
0
0
0
0
3
11
0
8
0
8
0
4
0
0
3
26
33
20
22
6
0
15
0
0
0
4
0
4
0
0
0
0
0
0
0
0
0
0
0
0
0
0
0
0
0
0
0
0
0
0
0
0
0
0
0
0
0
0
0
0
0
0
0
0
0
0
0
0
0
0
0
0
0
0
0
0
0
0
0
0
0
0
0
0
0
0
0
0
0
0
0
0
0
0
0
0
0
0
0
0
0
0
0
0
0
0
0
0
0
0
0
0
0
0
0
0
0
0
0
0
0
0
0
0
0
0
0
0
0
0
0
0
0
0
0
0
0
0
0
0
0
0
0
0
