5
0
0
0
0
0
0
0
0
0
0
0
10
4
0
9
0
7
0
3
7
4
0
0
3
0
0
0
0
0
0
0
0
0
0
0
0
3
0
9
0
4
15
0
16
10
1
1
0
0
1
1
0
0
0
0
0
0
0
0
0
0
0
0
0
1
1
0
1
0
0
8
0
0
2
0
4
4
10
10
0
0
0
0
0
0
0
0
0
0
0
0
0
0
7
0
8
1
0
14
0
2
10
0
6
0
0
0
6
0
0
0
0
0
0
0
0
0
0
0
0
0
6
3
0
13
0
0
117
254
211
135
106
47
0
0
24
0
0
0
0
0
0
0
0
0
0
0
0
6
0
0
0
4
0
73
231
254
249
243
255
209
123
0
0
0
0
0
0
0
0
0
0
0
0
0
0
11
0
0
15
0
56
218
255
253
255
255
255
248
213
47
0
0
0
0
0
0
0
0
0
0
0
0
0
0
0
18
0
5
169
255
244
248
254
253
238
249
255
88
10
0
0
0
0
0
0
0
0
0
0
0
0
0
4
0
0
133
246
249
250
143
103
204
252
244
237
20
0
0
0
0
0
0
0
0
0
0
0
0
0
5
0
1
1
149
255
244
202
7
0
23
71
65
63
6
0
0
0
0
0
0
0
0
0
0
0
0
0
0
0
11
2
106
244
255
242
28
9
0
8
0
0
7
0
0
0
0
0
0
0
0
0
0
0
0
0
0
0
9
0
16
173
253
255
102
8
5
3
8
5
0
0
0
0
0
0
0
0
0
0
0
0
0
0
4
0
0
1
0
147
250
246
174
1
0
0
4
10
0
1
0
0
0
0
0
0
0
0
0
0
0
0
0
0
0
14
3
110
255
255
246
47
0
5
7
0
1
4
0
0
0
0
0
0
0
0
0
0
0
0
4
2
0
0
0
20
240
244
247
44
0
7
0
0
3
0
0
0
0
0
0
0
0
0
0
0
0
0
3
0
4
0
15
0
255
255
255
37
2
1
0
16
0
0
0
0
0
0
0
12
0
0
1
7
0
0
0
3
1
4
3
0
255
253
253
36
10
0
0
0
3
0
0
0
0
0
4
0
15
7
0
17
55
147
105
0
2
0
0
10
241
249
244
91
0
0
14
0
0
0
0
0
0
0
0
0
0
0
13
33
226
250
166
3
3
0
0
13
247
255
252
174
0
0
7
0
4
3
0
0
0
0
0
14
2
15
7
156
255
244
241
100
36
8
0
0
245
252
249
193
4
0
0
0
10
2
0
0
0
0
0
7
0
1
0
125
251
253
255
238
228
186
155
108
255
255
248
126
0
2
7
0
6
0
0
0
0
0
14
6
0
0
16
23
214
243
251
248
255
242
255
250
255
246
255
62
0
1
10
0
0
1
0
0
0
0
6
0
0
7
0
7
12
82
97
151
238
255
254
247
237
255
235
35
0
0
0
0
0
5
0
0
0
0
0
12
0
1
3
0
0
6
2
0
11
119
203
249
255
251
137
15
14
7
0
14
3
0
0
0
0
0
0
0
0
0
0
0
0
0
0
0
0
0
0
0
0
0
0
0
0
0
0
0
0
0
0
0
0
0
0
0
0
0
0
0
0
0
0
0
0
0
0
0
0
0
0
0
0
0
0
0
0
0
0
0
0
0
0
0
0
0
0
0
0
0
0
0
0
0
0
0
0
0
0
0
0
0
0
0
0
0
0
0
0
0
0
0
0
0
0
0
0
0
0
0
0
0
0
0
0
0
0
0
0
0
0
0
0
0
0
0
0
0
