2
0
0
0
0
0
0
0
0
5
0
7
9
0
0
16
0
12
0
0
0
0
6
3
0
0
0
0
0
0
0
0
0
0
0
0
0
0
0
0
0
3
7
0
0
0
0
5
12
0
0
3
10
0
0
0
0
0
0
0
0
0
0
0
0
6
3
0
1
13
15
1
3
13
9
0
0
8
0
11
0
0
0
0
0
0
0
0
0
0
0
0
0
0
19
0
38
112
101
102
120
141
235
186
117
8
5
12
0
0
0
0
0
0
0
0
0
0
0
0
0
23
0
3
234
255
239
255
240
255
252
243
250
175
0
0
9
0
0
0
0
0
0
0
0
0
0
0
0
0
0
7
234
240
255
215
77
63
89
154
246
232
69
0
11
0
0
0
0
0
0
0
0
0
0
0
0
4
16
0
114
255
125
0
9
0
0
0
255
248
220
0
2
0
0
0
0
0
0
0
0
0
0
0
0
0
0
14
1
202
74
10
0
3
0
8
242
255
219
4
0
0
0
0
0
0
0
0
0
0
0
0
0
0
0
2
0
224
66
8
0
0
0
0
255
247
220
0
4
0
0
0
0
0
0
0
0
0
0
0
0
3
0
0
0
129
28
2
0
7
3
11
237
255
215
0
10
0
0
0
0
0
0
0
0
0
0
0
0
6
0
0
5
24
0
2
0
0
22
0
255
253
136
0
3
0
0
0
0
0
0
0
0
0
0
0
0
4
2
0
5
0
0
6
4
0
7
6
255
220
39
4
0
0
0
0
0
0
0
0
0
0
0
0
0
0
4
5
0
0
5
1
0
24
0
152
254
162
3
7
0
0
0
0
0
0
0
0
0
0
0
0
0
0
1
7
0
14
8
0
0
0
69
253
255
74
0
8
1
0
0
0
0
0
0
0
0
0
0
0
0
1
0
8
0
9
1
0
14
4
190
254
178
9
0
2
0
0
0
0
0
0
0
0
0
0
0
0
0
8
0
10
0
0
0
6
40
153
252
245
5
1
15
0
1
0
0
0
0
5
0
1
5
1
15
0
0
0
4
0
0
5
0
25
151
253
232
97
0
0
4
0
1
0
0
0
0
0
4
0
0
43
140
181
43
32
36
17
4
2
64
165
250
247
102
17
0
0
0
1
0
0
0
0
0
3
14
0
119
249
227
255
182
233
255
186
148
146
217
255
253
169
13
0
0
26
4
0
7
0
0
0
0
3
0
3
255
255
255
205
0
76
248
251
254
250
255
247
255
251
255
251
120
84
108
109
2
0
0
0
0
7
0
6
120
255
119
87
75
118
255
252
246
201
172
162
196
251
237
255
251
250
255
243
0
0
0
0
0
0
11
2
98
211
255
242
255
255
219
116
76
15
4
3
0
53
75
74
63
63
91
135
0
0
0
0
0
4
0
7
2
0
74
113
103
102
42
4
4
0
0
13
0
13
9
0
3
14
0
8
8
0
0
0
0
2
0
6
0
8
8
0
3
1
0
1
0
4
0
0
6
0
0
8
13
0
0
14
0
0
0
0
0
0
0
0
0
0
0
0
0
0
0
0
0
0
0
0
0
0
0
0
0
0
0
0
0
0
0
0
0
0
0
0
0
0
0
0
0
0
0
0
0
0
0
0
0
0
0
0
0
0
0
0
0
0
0
0
0
0
0
0
0
0
0
0
0
0
0
0
0
0
0
0
0
0
0
0
0
0
0
0
0
0
0
0
0
0
0
0
0
0
0
0
0
0
0
0
0
0
0
0
0
0
0
0
0
0
0
0
0
0
0
0
0
