3
0
0
0
0
0
0
0
0
0
0
13
4
0
1
1
0
1
0
0
2
6
0
6
4
0
0
0
0
0
0
0
0
0
0
0
0
0
1
0
0
6
0
8
0
0
18
0
9
0
0
6
0
0
0
0
0
0
0
0
0
0
0
0
0
0
8
0
0
14
0
4
1
0
3
0
8
0
0
0
17
0
0
0
0
0
0
0
0
0
0
0
0
6
8
0
9
0
0
2
0
0
4
17
0
4
8
0
0
0
0
0
0
0
0
0
0
0
0
0
0
1
0
0
8
12
196
250
255
255
255
238
255
229
50
0
0
0
0
0
0
0
0
0
0
0
0
0
0
0
0
11
3
15
239
255
244
250
239
255
250
237
238
44
14
0
0
0
0
0
0
0
0
0
0
0
0
12
7
0
0
13
172
218
249
255
221
91
189
254
252
105
0
0
0
0
0
0
0
0
0
0
0
0
0
0
1
1
0
13
0
0
51
39
25
67
180
248
219
31
0
0
0
0
0
0
0
2
0
3
10
0
0
2
2
0
0
0
1
3
0
24
103
237
255
250
111
7
1
0
0
0
0
9
0
3
12
0
0
1
11
2
0
3
8
0
0
0
47
212
246
255
234
203
38
0
0
0
0
0
0
0
0
0
1
0
5
10
0
0
11
29
57
156
186
163
255
237
255
238
175
36
4
2
6
0
0
0
0
0
4
11
0
0
4
0
19
134
146
221
251
246
255
255
239
255
237
212
14
0
0
0
0
0
0
0
0
8
0
10
0
8
0
0
154
255
255
243
255
253
252
221
122
248
234
255
123
5
7
23
0
0
0
0
0
0
0
3
0
12
2
0
149
227
255
161
115
119
47
4
2
27
238
252
211
1
0
0
0
0
0
0
0
2
19
7
0
3
3
0
13
14
7
0
7
10
0
4
0
12
220
250
193
0
0
29
0
0
0
0
0
0
9
0
2
3
0
15
0
0
0
6
0
0
8
57
105
42
231
249
201
0
3
0
12
0
0
0
0
1
0
7
8
0
1
1
0
0
10
0
17
93
221
255
241
236
255
248
150
0
0
16
0
0
0
0
0
8
0
0
0
11
0
0
9
7
0
50
178
255
253
245
255
243
255
220
46
7
2
0
5
0
0
0
0
0
5
16
10
0
0
8
0
39
183
228
245
209
182
154
239
254
250
95
1
0
0
3
2
0
0
0
0
0
0
0
2
1
0
65
165
244
247
185
81
22
106
212
255
253
156
0
8
0
0
12
0
0
0
0
0
6
0
23
15
0
88
249
246
254
112
35
43
186
209
248
254
188
22
8
0
7
3
0
3
0
0
0
0
0
0
0
0
19
113
240
255
208
153
192
255
252
255
244
172
61
0
3
0
5
4
0
13
0
0
0
0
9
10
0
0
0
99
249
255
255
255
236
255
243
242
117
6
0
25
0
8
0
0
0
4
0
0
0
0
0
8
0
11
0
0
116
226
214
121
122
114
124
0
0
6
1
0
3
0
4
0
7
0
0
0
0
0
0
0
0
0
0
0
0
0
0
0
0
0
0
0
0
0
0
0
0
0
0
0
0
0
0
0
0
0
0
0
0
0
0
0
0
0
0
0
0
0
0
0
0
0
0
0
0
0
0
0
0
0
0
0
0
0
0
0
0
0
0
0
0
0
0
0
0
0
0
0
0
0
0
0
0
0
0
0
0
0
0
0
0
0
0
0
0
0
0
0
0
0
0
0
0
0
0
0
0
0
0
0
0
0
0
0
0
0
0
0
0
0
