2
0
0
6
0
0
5
0
0
9
0
0
7
0
1
5
7
12
0
11
10
0
1
0
2
0
0
0
0
5
0
0
0
6
0
0
4
5
0
0
0
0
7
2
0
0
21
3
0
3
9
0
0
0
0
0
0
0
15
0
2
0
11
0
10
2
0
0
0
1
1
3
0
0
8
0
4
0
0
12
0
0
0
0
0
4
5
0
6
8
0
0
0
2
1
3
5
7
0
0
4
8
0
0
18
0
0
11
0
0
0
0
0
0
0
19
0
0
0
153
255
242
251
255
235
196
105
57
0
0
4
9
0
1
10
0
6
0
0
0
0
3
0
0
1
16
116
231
251
255
255
255
252
254
228
236
165
28
0
0
0
2
11
0
7
0
0
0
0
0
16
0
11
0
164
255
253
255
233
244
253
255
239
255
232
170
51
0
9
2
0
1
3
0
0
0
0
2
0
13
0
0
60
246
248
190
104
80
86
86
89
232
255
255
170
17
0
9
2
3
0
0
0
0
0
0
10
12
1
0
0
0
0
0
7
0
0
24
0
52
173
255
243
200
32
0
4
3
0
0
0
0
0
6
1
0
0
0
3
5
4
0
2
0
4
0
0
0
0
140
255
243
205
13
0
6
0
0
0
0
0
5
0
0
4
1
0
0
0
0
3
0
0
15
12
4
8
42
229
248
252
160
11
0
8
0
0
0
0
0
0
6
8
0
0
2
0
10
0
0
15
0
0
0
0
9
65
251
247
189
0
0
1
0
0
0
0
1
4
4
0
0
3
11
5
0
12
11
0
16
12
2
0
6
0
247
252
162
3
0
0
0
0
0
0
1
7
0
0
4
4
0
0
3
0
1
2
0
0
6
14
0
11
255
246
169
10
0
3
0
0
0
0
0
6
0
0
15
0
0
20
98
77
130
255
73
108
54
0
14
0
255
255
155
0
13
0
0
0
0
0
0
9
0
0
10
0
15
109
243
255
255
239
255
247
216
177
103
12
240
255
219
75
0
8
0
0
0
0
2
1
5
0
0
2
95
255
255
246
223
173
197
253
255
255
255
243
255
255
248
84
8
0
0
0
0
0
0
0
0
3
5
0
75
240
241
255
58
1
29
94
145
239
238
255
246
254
201
19
0
5
0
0
0
0
6
0
0
0
8
0
86
255
255
255
11
0
9
2
0
25
255
250
255
245
255
161
0
0
0
0
0
0
1
7
2
0
4
0
76
247
253
251
115
0
8
13
8
0
248
247
249
255
254
236
118
2
0
0
0
0
0
5
6
0
5
0
18
115
248
255
240
150
56
0
92
208
255
238
255
255
184
251
191
0
0
0
0
0
0
2
0
0
7
5
0
8
136
255
255
255
222
193
249
251
241
255
255
135
31
91
50
0
0
0
0
0
7
0
0
0
1
11
0
0
55
174
196
255
247
254
254
244
255
255
90
4
0
0
4
2
0
0
0
0
0
0
9
3
0
3
0
1
2
0
26
87
135
250
254
249
188
87
0
0
8
0
0
3
0
0
0
0
0
0
0
0
0
0
0
0
0
0
0
0
0
0
0
0
0
0
0
0
0
0
0
0
0
0
0
0
0
0
0
0
0
0
0
0
0
0
0
0
0
0
0
0
0
0
0
0
0
0
0
0
0
0
0
0
0
0
0
0
0
0
0
0
0
0
0
0
0
0
0
0
0
0
0
0
0
0
0
0
0
0
0
0
0
0
0
0
0
0
0
0
0
0
0
0
0
0
0
0
0
0
0
0
0
0
0
0
0
0
0
0
