0
0
0
0
0
0
0
0
0
0
12
0
0
20
0
0
0
6
0
0
1
0
7
0
0
0
0
0
0
0
0
0
0
0
0
0
0
1
0
7
10
0
0
0
5
0
0
0
9
0
0
0
0
0
0
0
0
0
0
0
0
0
0
0
0
1
0
3
11
0
6
2
0
0
17
12
0
8
29
0
15
0
0
0
0
0
0
0
0
0
0
0
0
0
11
0
3
0
2
11
0
16
0
0
0
0
0
0
0
0
0
0
0
0
0
0
0
0
0
0
0
4
0
36
24
0
40
98
117
101
188
68
14
18
0
24
0
0
0
0
0
0
0
0
0
0
0
0
0
0
0
197
229
212
240
255
250
255
253
255
107
26
1
0
0
0
0
0
0
0
0
0
0
0
0
0
0
10
70
244
255
255
203
216
209
212
223
240
251
210
0
0
18
0
0
0
0
0
0
0
0
0
0
0
0
3
182
255
246
235
8
2
0
0
0
215
251
252
92
0
0
0
0
0
0
0
0
4
0
2
3
0
4
63
254
241
248
196
0
0
3
1
0
159
254
255
128
19
0
0
0
0
0
1
0
3
0
0
4
0
16
172
255
252
240
81
0
0
0
6
3
65
255
240
157
0
5
0
0
0
0
0
0
3
0
0
4
5
32
247
254
255
181
0
3
0
0
2
0
37
193
255
136
1
0
0
0
0
0
0
0
4
0
0
3
7
38
250
249
255
95
0
4
0
3
1
3
35
219
252
210
20
6
0
0
0
0
0
0
5
0
0
0
3
37
249
255
239
43
15
0
0
0
1
1
73
253
250
249
25
4
0
0
0
0
0
0
4
0
0
0
0
34
254
254
199
24
0
0
12
0
2
0
190
242
255
157
12
0
0
0
0
0
4
0
2
0
1
0
1
35
252
248
173
7
0
0
8
1
3
75
254
255
255
129
0
3
0
0
0
0
8
0
0
0
1
1
4
38
250
255
179
0
18
0
0
4
0
124
238
248
242
155
6
0
0
0
0
0
1
2
1
3
2
0
4
35
244
255
172
0
0
9
0
3
62
255
255
246
254
84
6
0
0
0
0
0
0
1
0
2
3
0
8
38
255
240
187
6
0
0
5
14
163
233
255
246
216
0
16
0
0
0
0
0
0
0
0
1
3
0
10
38
250
252
184
0
5
9
70
179
255
255
250
208
34
2
0
17
0
0
0
0
0
1
0
0
2
0
7
31
255
255
199
49
0
121
244
254
250
235
204
36
2
6
0
0
0
0
0
0
1
2
0
0
1
0
1
19
208
243
251
255
255
255
255
249
255
213
24
0
0
10
5
0
0
0
0
0
1
3
0
0
1
0
0
8
23
210
255
216
255
250
244
247
205
112
0
6
0
0
4
4
0
0
0
0
0
3
0
0
4
0
0
3
2
99
246
255
255
247
236
205
33
0
7
16
5
0
0
0
0
0
0
0
0
3
0
0
6
2
0
1
3
0
139
243
248
255
103
0
0
13
0
3
0
0
10
0
0
0
0
0
0
0
0
0
0
0
0
0
0
0
0
0
0
0
0
0
0
0
0
0
0
0
0
0
0
0
0
0
0
0
0
0
0
0
0
0
0
0
0
0
0
0
0
0
0
0
0
0
0
0
0
0
0
0
0
0
0
0
0
0
0
0
0
0
0
0
0
0
0
0
0
0
0
0
0
0
0
0
0
0
0
0
0
0
0
0
0
0
0
0
0
0
0
0
0
0
0
0
0
0
0
0
0
0
0
0
0
0
0
0
0
0
