1
0
0
0
0
0
0
0
0
5
0
0
1
3
0
0
0
0
0
0
3
0
12
3
0
0
0
0
0
0
0
0
0
0
0
0
0
0
0
0
4
5
3
3
4
14
0
3
9
5
0
0
16
0
0
0
0
0
0
0
0
0
0
0
0
0
2
4
0
0
0
0
0
0
7
0
0
0
3
18
0
0
0
0
0
0
0
0
0
0
0
0
0
3
6
2
0
0
0
0
0
0
4
15
0
7
0
0
7
0
0
0
0
0
0
0
0
0
0
0
0
0
1
0
0
0
4
3
0
1
56
243
171
0
6
7
9
0
0
0
0
0
0
0
0
0
0
0
0
0
0
1
5
3
0
0
0
22
225
226
100
2
0
0
0
0
0
0
0
0
0
0
0
0
0
0
0
2
0
1
5
0
0
0
15
230
242
14
0
6
0
13
8
0
0
0
0
0
0
0
0
0
0
0
0
4
0
0
3
0
0
24
65
255
155
13
10
0
19
0
1
0
0
0
0
0
0
0
0
0
0
0
0
3
0
0
8
0
0
0
195
255
105
0
1
5
0
0
2
0
0
0
0
0
0
0
0
0
0
0
0
0
2
0
1
0
11
86
255
226
31
0
0
0
0
0
1
0
0
0
0
0
0
0
0
0
0
0
0
0
4
10
7
0
0
127
243
199
0
10
0
0
2
0
0
0
0
0
0
0
0
0
0
0
0
0
0
3
4
0
0
0
6
196
254
154
0
19
0
0
3
0
0
0
0
0
0
0
0
0
0
0
0
0
0
0
0
0
0
0
38
241
250
64
0
3
0
0
6
0
5
0
0
0
0
0
0
0
0
0
0
0
0
0
0
8
5
0
89
239
187
0
7
0
0
7
6
0
1
0
0
0
0
0
0
0
0
0
0
0
0
4
5
3
0
4
179
255
135
0
5
2
0
15
0
0
0
0
0
0
0
0
0
0
0
0
0
0
0
0
2
2
0
32
247
228
29
7
0
6
0
13
0
3
3
0
0
0
0
0
0
0
0
0
0
0
0
0
0
0
2
117
250
173
0
0
0
0
0
0
0
0
0
0
0
0
0
0
0
0
0
0
0
0
0
7
8
0
32
223
255
100
10
0
0
0
0
0
0
0
0
0
0
0
0
0
0
0
0
0
0
0
0
0
7
0
89
255
222
4
0
0
0
0
0
0
0
0
0
0
0
0
0
0
0
0
0
0
0
0
0
0
7
0
179
246
179
0
0
0
0
0
0
0
0
0
0
0
0
0
0
0
0
0
0
0
0
0
0
4
0
27
243
255
133
19
0
0
0
0
0
0
0
0
0
0
0
0
0
0
0
0
0
0
0
0
0
0
0
93
255
252
50
3
0
0
0
0
0
0
0
0
0
0
0
0
0
0
0
0
0
0
0
0
0
1
11
154
255
167
3
0
9
0
0
0
0
0
0
0
0
0
0
0
0
0
0
0
0
0
0
0
0
3
0
145
226
52
5
1
0
0
0
0
0
0
0
0
0
0
0
0
0
0
0
0
0
0
0
0
0
0
0
0
0
0
0
0
0
0
0
0
0
0
0
0
0
0
0
0
0
0
0
0
0
0
0
0
0
0
0
0
0
0
0
0
0
0
0
0
0
0
0
0
0
0
0
0
0
0
0
0
0
0
0
0
0
0
0
0
0
0
0
0
0
0
0
0
0
0
0
0
0
0
0
0
0
0
0
0
0
0
0
0
0
0
0
0
0
0
0
0
0
0
0
0
0
0
0
0
0
0
0
0
0
