3
0
2
0
4
0
0
6
0
0
0
0
2
2
1
0
0
0
1
5
4
3
3
0
0
0
0
0
0
0
0
0
0
0
0
1
0
7
5
2
0
0
0
0
0
10
0
2
0
0
0
5
9
0
0
0
0
0
1
2
0
0
1
0
3
1
0
0
0
0
1
5
7
0
0
4
2
9
1
5
0
0
0
0
0
3
2
4
0
4
8
0
4
0
0
3
7
7
2
0
0
4
3
0
0
0
2
6
1
0
0
0
0
0
0
3
1
4
2
0
0
0
0
0
0
0
1
4
7
0
0
0
11
1
11
0
2
0
0
0
0
0
1
0
4
0
0
11
7
73
114
175
228
255
255
253
246
255
179
40
1
0
6
0
11
0
0
0
0
0
6
0
7
0
6
107
120
247
255
255
255
249
245
251
255
255
231
97
0
2
11
0
0
0
0
0
0
0
7
0
14
0
55
230
255
177
181
175
150
115
87
76
76
170
255
199
6
0
0
2
0
0
0
0
0
0
3
2
6
3
155
254
42
0
0
2
0
2
10
3
0
229
240
196
0
4
11
0
0
0
0
0
0
2
0
0
0
0
117
215
81
5
1
0
8
12
0
0
100
254
234
112
0
0
0
0
4
0
0
0
0
7
0
0
0
0
22
68
13
0
6
0
1
0
25
105
255
255
176
0
0
23
0
19
0
0
0
0
0
0
0
8
11
0
0
0
0
0
6
0
22
54
197
255
244
188
45
6
0
5
0
0
18
0
0
0
0
4
0
2
1
6
5
0
17
13
0
4
209
249
232
255
253
199
100
40
0
0
0
10
0
0
0
0
0
8
3
0
0
0
0
0
0
0
20
3
161
255
255
255
242
255
251
234
120
0
0
0
5
0
0
0
0
0
1
1
5
5
6
6
0
0
24
0
11
48
40
46
72
203
251
255
230
107
1
12
0
0
0
0
0
1
2
0
6
0
0
13
0
6
0
0
1
10
9
0
0
0
46
222
255
183
0
0
15
0
0
0
0
0
0
0
0
0
0
0
0
2
1
9
0
0
4
6
0
0
0
161
251
175
7
0
1
0
0
0
0
0
0
0
0
0
0
0
0
14
0
0
21
0
0
0
0
18
0
179
249
179
0
16
0
0
0
0
0
0
0
0
0
0
0
0
0
0
18
1
0
0
11
0
5
0
154
255
250
108
11
0
7
0
0
0
0
0
0
0
0
0
0
0
0
0
0
0
6
4
0
0
0
55
209
254
231
16
21
0
6
0
0
0
0
0
0
0
0
0
0
0
0
1
9
0
40
137
18
0
84
239
255
242
129
3
0
0
0
0
0
0
0
0
0
0
0
0
0
0
0
0
24
185
226
107
77
231
230
255
235
123
0
0
0
2
11
0
0
0
0
0
0
0
0
0
0
0
0
32
224
246
201
227
255
255
250
234
96
4
9
2
4
1
0
0
0
0
0
0
0
0
0
0
0
0
0
135
255
246
254
255
255
193
121
24
16
0
0
2
0
0
6
0
0
0
0
0
0
0
0
0
0
0
0
89
234
255
153
88
57
15
0
0
0
0
0
0
0
0
0
0
0
0
0
0
0
0
0
0
0
0
0
0
19
11
0
10
0
0
8
0
0
0
0
0
0
0
0
0
0
0
0
0
0
0
0
0
0
0
0
3
0
0
0
3
4
0
10
0
0
0
0
0
0
0
0
0
0
0
0
0
0
0
0
0
0
0
0
0
8
16
2
0
0
0
0
0
0
0
0
0
0
0
0
0
0
0
0
