2
0
11
10
0
0
0
0
3
0
4
0
0
0
0
0
7
0
12
10
0
0
6
0
0
0
0
0
0
0
0
0
1
5
6
2
0
0
6
15
6
1
0
0
0
13
0
0
0
11
2
0
15
0
0
0
0
7
0
0
2
0
0
0
0
15
4
0
0
11
15
7
7
0
0
5
10
0
0
0
0
0
0
0
0
3
0
3
3
0
0
4
2
0
0
0
10
9
0
0
2
13
0
0
0
0
0
13
1
0
0
0
0
0
2
6
0
0
5
8
0
0
10
4
19
108
216
255
255
179
89
0
0
8
0
5
8
0
0
0
0
0
6
0
0
6
5
0
0
0
37
119
220
255
252
238
255
255
220
79
4
4
0
0
0
0
0
0
0
1
9
0
0
9
0
0
26
134
221
255
251
236
210
119
20
181
255
145
8
0
5
9
3
0
0
0
0
0
7
0
0
13
0
13
105
253
251
201
116
48
11
0
3
130
255
150
7
2
0
0
4
0
0
0
0
3
0
0
4
0
0
23
62
173
137
2
0
1
6
0
0
125
255
146
0
0
0
0
2
0
0
0
0
3
0
0
4
0
0
0
15
0
0
0
16
0
0
24
49
232
203
62
0
9
1
0
0
0
0
0
0
1
0
0
2
1
0
0
0
0
3
10
0
0
4
34
222
255
107
0
0
8
1
0
0
0
0
0
0
2
1
0
0
0
4
4
0
0
0
0
14
0
65
198
249
139
24
0
0
0
1
0
2
0
0
0
0
3
5
2
0
0
0
0
0
0
2
3
0
44
226
255
209
21
0
8
2
0
5
0
4
0
0
0
0
0
1
3
2
0
0
0
0
4
0
10
61
253
251
227
31
0
0
5
0
0
8
0
2
0
0
0
0
0
0
0
4
7
5
3
3
0
10
0
150
252
230
8
16
12
0
0
0
1
4
0
0
0
0
0
0
9
0
0
0
1
0
0
0
7
0
171
246
247
86
4
0
3
0
1
7
0
0
6
0
0
0
0
0
0
0
0
0
0
0
0
0
6
23
235
250
136
9
0
0
0
0
0
13
0
0
3
1
0
0
0
0
0
0
0
0
0
0
0
0
0
122
252
163
28
0
0
11
4
0
22
0
4
1
2
0
0
0
0
0
0
0
0
0
0
0
0
0
53
243
255
98
5
0
0
0
11
1
0
0
0
114
54
3
0
0
0
0
0
0
0
0
0
0
0
0
38
251
240
56
0
0
16
1
0
0
1
79
217
222
57
0
0
0
0
0
0
0
0
0
0
0
0
0
39
255
255
158
0
1
0
0
0
32
139
253
221
72
0
6
0
0
0
0
0
0
0
0
0
0
0
0
9
112
239
253
229
134
155
138
204
244
252
224
74
18
11
0
0
0
0
0
0
0
0
0
0
0
0
0
0
8
68
237
236
255
241
255
236
255
222
27
25
0
0
0
0
0
0
0
0
0
0
0
0
0
0
0
14
0
6
16
73
157
247
255
207
53
30
4
0
0
2
1
0
0
0
0
0
0
0
0
0
0
0
0
0
0
0
0
0
0
0
0
0
0
0
0
0
0
0
0
0
0
0
0
0
0
0
0
0
0
0
0
0
0
0
0
0
0
0
0
0
0
0
0
0
0
0
0
0
0
0
0
0
0
0
0
0
0
0
0
0
0
0
0
0
0
0
0
0
0
0
0
0
0
0
0
0
0
0
0
0
0
0
0
0
0
0
0
0
0
0
0
0
0
0
0
0
0
0
0
0
0
0
0
0
0
0
0
