6
0
0
0
0
0
0
0
0
0
1
3
0
0
0
0
1
4
6
8
0
0
1
15
0
0
0
0
0
0
0
0
0
0
0
0
0
1
7
0
0
13
0
0
12
0
2
0
4
3
14
0
20
0
0
0
0
0
0
0
0
0
0
0
0
2
0
4
1
0
8
6
0
5
0
94
210
191
18
2
7
0
0
0
0
0
0
0
0
0
0
0
0
0
0
20
0
0
14
0
9
45
207
255
234
255
174
0
0
0
0
0
0
0
0
0
0
0
0
0
0
0
10
0
0
16
0
8
142
233
252
242
255
148
17
0
13
0
0
0
0
0
0
0
0
0
0
0
0
0
8
0
9
0
9
169
245
248
255
241
58
0
0
10
0
0
0
0
0
0
0
0
0
0
0
0
0
4
0
0
9
3
127
255
255
255
184
19
0
0
10
0
10
0
0
0
0
0
0
0
0
0
0
0
0
1
0
6
0
90
245
253
245
224
38
0
9
0
0
13
0
0
0
0
0
0
0
1
1
3
5
3
0
0
15
0
78
255
238
255
188
54
0
7
0
7
0
0
0
0
0
0
0
0
2
2
0
0
0
0
0
9
0
49
222
249
255
220
70
4
0
0
0
0
0
9
3
0
0
0
0
1
2
3
0
0
0
0
2
0
5
161
252
255
247
57
9
2
2
11
10
10
1
9
0
0
0
0
0
3
0
0
2
2
0
1
4
5
50
255
246
251
135
0
0
5
1
0
0
0
0
7
0
0
0
0
0
5
0
0
2
5
1
0
0
0
165
249
255
241
37
22
3
0
0
0
11
9
0
0
6
0
0
0
0
6
0
0
1
2
0
0
0
60
255
241
254
163
13
0
0
0
0
4
9
1
0
0
11
0
0
0
0
3
0
0
2
0
0
1
15
201
252
255
194
26
0
2
0
50
74
135
165
167
140
17
0
0
0
0
0
0
0
1
4
0
0
12
37
216
254
242
60
9
0
72
133
255
244
255
255
255
234
61
0
0
0
0
0
0
0
8
7
0
0
0
222
245
255
135
20
46
150
240
255
255
251
239
251
255
229
21
0
0
0
0
0
0
0
0
0
9
3
0
217
255
255
98
133
255
255
249
250
176
80
234
249
235
112
0
0
0
0
0
0
0
8
0
0
4
0
5
239
249
244
220
255
252
245
253
109
27
219
243
234
166
0
0
7
0
0
0
0
0
8
1
0
0
0
12
184
255
255
255
255
241
243
230
171
254
251
255
176
0
0
0
0
0
0
0
0
5
0
0
5
0
6
1
48
211
253
245
231
255
255
243
255
245
248
183
81
13
0
19
0
0
0
0
0
5
0
3
9
0
2
5
0
104
219
255
255
255
247
238
143
138
26
0
0
12
0
0
14
0
0
0
0
0
2
5
3
0
0
13
2
0
22
0
0
0
0
14
0
2
0
21
20
0
11
0
0
0
0
0
0
0
6
0
0
6
0
3
0
5
0
9
4
0
3
0
5
0
7
0
0
4
0
5
0
0
0
0
0
0
0
0
0
0
0
0
0
0
0
0
0
0
0
0
0
0
0
0
0
0
0
0
0
0
0
0
0
0
0
0
0
0
0
0
0
0
0
0
0
0
0
0
0
0
0
0
0
0
0
0
0
0
0
0
0
0
0
0
0
0
0
0
0
0
0
0
0
0
0
0
0
0
0
0
0
0
0
0
0
0
0
0
0
0
0
0
0
0
0
0
0
0
0
0
0
0
0
0
0
0
0
0
0
0
0
0
0
0
0
0
0
