1
0
0
0
0
0
0
0
0
0
0
2
1
8
0
0
0
0
11
0
0
3
2
0
10
0
0
0
0
0
0
0
0
0
0
0
0
0
0
9
1
0
3
0
9
15
0
5
0
4
11
0
0
0
0
0
0
0
0
0
0
0
0
0
0
7
0
2
0
0
18
0
0
0
0
12
0
0
1
1
5
0
0
0
0
0
0
0
0
0
0
0
0
0
0
6
10
0
0
2
0
0
14
0
3
7
6
0
0
0
0
0
0
0
0
0
0
0
0
0
0
2
3
0
0
0
9
187
254
255
242
23
0
0
1
0
8
0
0
0
0
0
0
0
0
0
0
0
0
0
2
0
7
10
0
198
255
253
255
5
4
4
6
0
0
0
0
0
0
0
0
0
0
0
0
0
0
4
2
0
3
6
7
197
245
238
255
13
5
0
0
0
3
0
0
0
0
0
0
0
0
0
0
0
0
0
0
0
4
0
24
199
255
255
245
22
2
0
5
7
0
0
0
0
0
0
0
0
0
0
0
0
0
0
13
0
8
3
113
255
247
255
241
9
0
0
1
0
5
0
0
0
0
0
0
0
0
0
0
0
0
0
10
0
0
10
157
253
255
237
157
20
7
4
0
0
0
0
0
0
0
0
0
0
0
0
0
0
0
2
4
1
0
57
217
244
255
153
12
0
0
0
0
7
2
0
0
0
0
0
0
0
0
0
0
0
0
0
0
5
10
145
255
246
253
136
0
0
4
0
0
7
0
0
0
0
0
0
0
0
0
0
0
0
0
0
0
1
23
226
255
254
248
139
11
4
9
0
0
2
0
0
0
0
0
0
0
0
0
0
0
0
0
0
0
0
22
255
248
255
251
118
14
0
0
0
3
1
2
0
0
0
0
0
0
0
0
0
0
0
0
0
1
0
19
255
245
254
255
137
15
0
2
0
5
0
0
0
0
0
0
0
0
0
0
0
0
0
0
0
3
4
22
250
254
246
255
136
0
3
1
0
5
0
0
0
0
0
0
0
0
0
0
0
0
0
0
0
22
0
10
255
248
243
255
133
0
0
0
3
7
0
5
0
0
0
0
0
0
0
0
0
0
0
0
0
0
0
38
234
255
246
242
139
1
2
2
1
2
0
2
0
0
0
0
0
0
0
0
0
0
0
0
9
0
16
9
253
255
255
255
136
0
0
2
0
0
0
2
0
0
0
0
0
0
0
0
0
0
0
0
0
0
0
28
247
241
245
251
138
0
0
3
0
0
6
0
0
0
0
0
0
0
0
0
0
0
0
0
5
0
0
190
251
255
250
250
133
12
3
4
0
0
6
0
0
0
0
0
0
0
0
0
0
0
0
0
0
0
0
214
255
244
247
244
81
1
0
0
0
0
8
0
0
0
0
0
0
0
0
0
0
0
0
0
2
11
13
101
235
248
255
183
17
0
0
0
0
0
6
2
0
0
0
0
0
0
0
0
0
0
0
0
3
0
0
4
123
250
252
40
0
0
15
2
5
0
0
0
0
0
0
0
0
0
0
0
0
0
0
0
0
0
0
0
0
0
0
0
0
0
0
0
0
0
0
0
0
0
0
0
0
0
0
0
0
0
0
0
0
0
0
0
0
0
0
0
0
0
0
0
0
0
0
0
0
0
0
0
0
0
0
0
0
0
0
0
0
0
0
0
0
0
0
0
0
0
0
0
0
0
0
0
0
0
0
0
0
0
0
0
0
0
0
0
0
0
0
0
0
0
0
0
0
0
0
0
0
0
0
0
0
0
0
0
