8
0
0
0
0
0
0
0
0
0
0
0
0
0
0
0
0
2
4
2
8
0
18
3
0
0
0
0
0
0
0
0
0
0
0
0
0
0
0
0
0
0
0
0
0
6
0
0
11
2
1
0
1
0
0
0
0
0
0
0
0
0
0
0
0
0
0
0
0
0
0
0
0
0
11
11
0
3
0
4
5
0
0
0
0
0
0
0
0
0
0
0
0
0
0
0
0
0
0
0
0
2
0
44
253
65
24
8
0
0
0
0
0
0
0
0
0
0
0
0
0
0
0
0
0
0
0
0
0
2
0
22
212
95
0
0
16
0
0
0
0
0
0
0
0
0
0
0
0
0
0
0
0
0
0
0
0
0
14
5
200
103
17
7
0
0
0
0
0
0
0
0
0
0
0
0
0
0
0
0
0
0
0
0
0
0
2
0
176
208
0
0
9
0
0
0
0
0
0
0
0
0
0
0
0
0
0
0
0
0
0
0
0
2
0
2
211
189
0
10
0
0
0
0
0
0
0
0
0
0
0
0
0
8
1
0
1
0
1
6
1
0
3
0
194
193
1
5
3
0
0
0
0
0
0
0
0
0
0
0
0
0
0
30
19
18
12
0
0
0
11
28
250
200
0
0
1
0
0
0
0
0
0
0
0
0
0
0
0
27
158
231
255
255
144
18
9
0
0
69
248
203
5
7
0
0
0
0
0
0
0
0
0
0
0
0
0
28
255
255
218
203
240
238
193
15
4
154
255
125
0
0
0
0
0
0
0
0
0
0
0
0
0
0
0
44
237
221
38
0
32
138
242
34
0
229
252
110
0
13
0
0
0
0
0
0
0
0
0
0
0
0
0
0
128
244
55
12
0
9
29
13
33
249
239
84
6
7
0
0
0
0
0
0
0
0
0
0
0
0
0
0
0
205
222
118
0
6
0
14
184
253
216
0
0
0
13
0
0
0
0
0
0
0
0
0
0
0
0
0
11
0
153
255
129
14
0
83
255
248
61
3
0
32
0
0
0
0
0
0
0
0
0
0
0
0
0
0
0
5
17
154
254
106
71
251
249
144
16
0
4
0
0
0
0
0
0
0
0
0
0
0
0
0
0
0
3
0
0
64
235
242
229
255
162
36
0
6
1
0
1
0
0
0
0
0
0
0
0
0
0
0
0
0
32
31
88
175
255
248
217
43
12
0
0
5
0
2
18
0
0
0
0
0
0
0
0
0
0
0
0
35
228
242
177
130
144
232
212
6
5
8
0
0
1
3
0
0
0
0
0
0
0
0
0
0
0
0
0
20
233
254
125
0
0
223
188
23
0
0
3
0
8
18
7
0
0
0
0
0
0
0
0
0
0
0
0
7
0
198
230
234
191
172
255
15
0
8
14
0
0
0
0
0
0
0
0
0
0
0
0
0
0
0
0
0
23
0
38
184
247
222
133
21
7
0
0
0
11
14
0
0
0
0
0
0
0
0
0
0
0
0
0
0
0
0
9
0
4
1
0
3
0
0
2
3
0
0
0
0
0
0
0
0
0
0
0
0
0
0
0
0
0
0
0
0
0
0
0
0
0
0
0
0
0
0
0
0
0
0
0
0
0
0
0
0
0
0
0
0
0
0
0
0
0
0
0
0
0
0
0
0
0
0
0
0
0
0
0
0
0
0
0
0
0
0
0
0
0
0
0
0
0
0
0
0
0
0
0
0
0
0
0
0
0
0
0
0
0
0
0
0
0
0
0
0
0
0
0
0
0
0
0
0
0
0
0
0
0
0
0
0
0
0
0
