1
0
0
0
0
0
0
0
0
0
0
0
0
0
0
0
1
0
13
0
1
0
1
5
0
0
0
0
0
0
0
0
0
0
0
0
0
0
0
0
0
0
0
0
0
5
0
0
9
1
0
1
0
0
0
0
0
0
0
0
0
0
0
0
0
0
0
0
0
0
0
0
0
1
0
9
2
0
0
2
0
0
0
0
0
0
0
0
0
0
0
0
0
0
0
1
1
1
0
0
0
0
2
0
0
9
1
0
13
0
0
0
0
0
0
0
0
0
0
0
0
0
0
1
1
1
0
0
0
0
226
214
77
0
0
10
0
0
0
0
0
0
0
0
0
0
0
0
0
0
0
0
0
0
1
2
3
27
239
235
107
13
0
0
1
0
0
0
0
0
0
0
0
0
0
0
0
1
0
0
0
0
1
5
7
123
248
255
87
1
0
1
0
0
0
0
0
0
0
0
0
0
0
0
0
1
0
0
0
0
2
6
9
248
241
255
45
0
5
8
0
0
0
0
0
0
0
0
0
0
0
0
0
0
0
8
12
0
0
0
95
246
255
252
0
6
5
0
3
0
0
0
0
0
0
0
0
0
0
0
0
4
6
0
0
0
8
15
220
255
236
141
2
0
0
11
0
0
0
0
0
0
0
0
0
0
0
0
0
0
0
0
3
14
0
55
255
248
254
64
2
1
0
4
0
0
0
0
0
0
0
0
0
0
0
0
0
13
0
2
2
0
0
158
253
250
206
24
0
7
0
0
0
0
0
0
0
0
0
0
0
0
0
0
0
10
0
8
0
0
106
244
255
255
61
0
0
1
0
8
0
0
0
0
0
0
0
0
0
0
0
0
0
0
0
6
0
49
236
252
255
146
0
1
0
9
0
0
0
0
0
0
0
0
0
0
0
0
0
0
0
5
12
0
0
128
255
248
226
11
5
17
0
11
8
0
1
0
0
0
0
0
0
0
0
0
0
0
0
0
8
0
49
235
242
254
149
0
10
0
7
0
0
8
0
0
0
0
0
0
0
0
0
0
0
0
0
8
0
10
176
255
250
209
11
0
0
0
0
0
0
0
0
0
0
0
0
0
0
0
0
0
0
0
0
0
3
40
234
255
253
92
0
0
0
0
0
0
0
0
0
0
0
0
0
0
0
0
0
0
0
0
0
0
16
181
255
252
199
3
2
0
0
0
0
0
0
0
0
0
0
0
0
0
0
0
0
0
0
0
0
2
104
255
250
255
122
0
1
0
0
0
0
0
0
0
0
0
0
0
0
0
0
0
0
0
0
0
0
77
255
230
255
255
104
23
0
0
0
0
0
0
0
0
0
0
0
0
0
0
0
0
0
0
0
0
0
126
255
255
233
72
0
0
3
0
0
0
0
0
0
0
0
0
0
0
0
0
0
0
0
0
0
0
0
186
238
250
136
2
4
13
0
0
0
0
0
0
0
0
0
0
0
0
0
0
0
0
0
0
0
0
0
58
255
168
53
0
0
3
0
0
0
0
0
0
0
0
0
0
0
0
0
0
0
0
0
0
0
0
0
0
0
0
0
0
0
0
0
0
0
0
0
0
0
0
0
0
0
0
0
0
0
0
0
0
0
0
0
0
0
0
0
0
0
0
0
0
0
0
0
0
0
0
0
0
0
0
0
0
0
0
0
0
0
0
0
0
0
0
0
0
0
0
0
0
0
0
0
0
0
0
0
0
0
0
0
0
0
0
0
0
0
0
0
0
0
0
0
0
0
0
0
0
0
0
0
0
0
0
0
0
0
0
0
