6
0
0
0
0
0
0
0
0
3
3
0
4
5
0
1
1
0
0
0
5
6
2
12
0
0
0
0
0
0
0
0
0
0
0
0
0
0
14
0
0
16
0
17
0
0
11
10
2
0
3
0
9
0
0
0
0
0
0
0
0
0
0
0
0
0
0
0
3
0
13
0
16
56
128
16
0
0
2
0
3
0
0
0
0
0
0
0
0
0
0
0
0
12
0
7
2
0
2
32
135
188
147
1
0
8
3
12
0
0
0
0
0
0
0
0
0
0
0
0
0
0
6
0
0
15
0
182
254
221
13
0
2
0
5
0
0
0
0
0
0
0
0
0
0
0
0
0
0
0
19
0
2
2
101
250
255
91
0
4
0
10
0
0
9
0
0
0
0
0
0
0
0
0
0
0
0
0
4
0
6
21
224
238
152
0
25
8
0
16
0
2
2
0
0
0
0
0
0
0
0
0
0
0
0
11
0
2
0
107
251
255
29
11
0
7
9
0
0
7
0
0
0
0
0
0
0
0
0
0
0
0
0
5
0
11
1
184
255
116
0
0
14
0
0
1
11
0
1
0
0
0
0
0
0
0
0
0
0
0
0
7
4
0
82
254
232
17
0
3
5
1
4
0
1
2
8
0
0
0
0
0
0
0
0
0
0
0
0
0
8
9
201
250
214
27
0
4
0
0
2
0
0
4
0
0
0
0
0
0
0
0
0
0
0
0
0
0
11
0
215
248
135
0
4
7
0
4
3
7
8
8
0
0
0
0
0
0
0
0
0
0
0
0
0
5
0
64
249
254
89
7
1
0
0
0
9
3
0
0
19
0
0
0
0
0
0
0
0
0
0
0
0
2
4
199
255
148
0
22
17
49
146
149
55
0
9
15
0
0
0
0
0
0
0
0
0
0
0
0
0
0
37
230
236
167
50
130
255
246
248
255
236
55
0
0
9
0
0
0
0
0
0
0
0
0
0
0
0
8
57
255
250
223
235
255
251
211
198
238
255
49
6
7
0
0
0
0
0
0
0
0
0
0
0
0
0
0
67
251
246
255
218
200
123
0
70
227
252
63
0
16
0
0
0
0
0
0
0
0
0
0
0
0
0
0
65
255
254
142
27
0
0
52
236
253
198
3
10
0
17
0
0
0
0
0
0
0
0
0
0
0
0
10
55
245
252
34
30
0
111
238
255
246
169
6
6
14
0
0
0
0
0
0
0
0
0
0
0
0
0
0
66
248
249
117
82
159
254
246
253
163
0
4
0
1
10
0
0
0
0
0
0
0
0
0
0
0
0
8
30
221
255
255
255
244
247
250
115
25
14
4
0
0
0
0
0
0
0
0
0
0
0
0
0
0
0
0
19
46
215
238
255
251
194
4
0
0
11
0
10
21
0
0
0
0
0
0
0
0
0
0
0
0
0
4
0
5
17
10
0
1
0
15
2
0
0
4
0
0
0
0
0
0
0
0
0
0
0
0
0
0
0
0
9
0
0
0
0
8
0
0
3
1
7
0
6
1
0
0
0
0
0
0
0
0
0
0
0
0
0
0
0
0
0
0
0
0
0
0
0
0
0
0
0
0
0
0
0
0
0
0
0
0
0
0
0
0
0
0
0
0
0
0
0
0
0
0
0
0
0
0
0
0
0
0
0
0
0
0
0
0
0
0
0
0
0
0
0
0
0
0
0
0
0
0
0
0
0
0
0
0
0
0
0
0
0
0
0
0
0
0
0
0
0
0
0
0
0
0
0
0
0
0
0
0
0
0
0
0
0
0
0
0
0
