2
0
0
0
0
0
0
0
0
0
0
0
4
7
4
0
0
0
0
0
0
0
5
9
0
0
0
0
0
0
0
0
0
0
0
0
0
0
6
10
0
6
0
2
0
0
0
14
0
6
0
10
3
0
0
0
0
0
0
0
0
0
0
0
0
0
0
13
0
0
0
14
0
4
0
0
0
0
0
0
7
0
0
0
0
0
0
0
0
0
0
0
0
4
0
0
0
107
209
249
254
253
115
8
9
11
2
0
14
0
0
0
0
0
0
0
0
0
0
0
0
0
8
14
24
223
250
252
237
241
255
255
92
0
0
15
0
0
0
0
0
0
0
0
0
0
0
0
0
7
0
22
218
240
225
81
12
136
213
255
174
0
0
0
13
0
0
0
0
0
0
0
0
0
0
0
0
0
35
214
255
149
14
14
0
0
97
249
255
51
10
0
0
0
0
0
0
0
0
0
0
0
0
0
0
19
209
255
203
27
18
0
8
0
0
218
241
155
0
7
1
0
0
0
0
0
0
0
0
0
0
0
0
33
237
255
64
12
0
12
0
0
1
215
253
146
1
9
0
0
0
0
0
0
0
0
0
0
0
0
0
18
255
223
0
1
2
0
0
10
0
207
247
155
3
0
0
0
0
0
0
0
0
0
0
0
0
0
0
29
247
211
4
0
0
0
13
2
0
218
255
146
0
0
5
0
0
0
0
0
0
0
0
0
0
0
0
6
78
65
0
0
0
12
0
0
0
216
253
91
0
0
5
0
0
0
0
0
0
0
0
0
0
0
0
7
0
0
5
6
3
23
0
3
31
212
227
26
0
5
0
0
0
0
0
0
0
0
0
0
0
0
0
0
7
3
4
0
0
0
1
0
110
250
213
3
0
8
0
0
0
0
0
0
0
0
0
0
0
0
0
0
14
0
0
14
9
4
7
37
202
255
151
6
0
4
0
0
0
0
0
0
0
0
0
0
0
0
0
0
9
0
3
0
0
1
2
116
255
217
48
1
0
6
0
0
0
0
0
0
2
0
8
0
0
19
2
2
0
11
0
4
0
0
104
235
255
130
0
16
0
4
0
0
0
0
4
0
0
2
0
14
17
0
0
0
0
0
0
57
92
105
203
255
243
216
215
216
98
92
105
22
7
0
0
0
2
0
0
0
0
6
9
69
96
185
229
240
255
249
255
247
253
255
254
255
253
255
155
33
14
0
0
4
0
14
0
0
3
59
234
235
255
255
232
250
255
240
255
173
62
12
20
20
4
38
4
15
5
0
1
0
6
0
18
0
61
241
248
244
245
255
255
243
255
181
42
8
0
0
5
8
0
11
0
0
0
0
2
0
19
3
0
7
135
255
252
255
246
235
255
223
99
2
0
0
3
6
0
0
0
1
8
0
0
1
0
2
1
0
23
0
16
190
246
243
237
198
112
21
0
9
0
1
9
7
0
0
6
0
0
1
2
1
0
0
2
0
1
0
0
0
9
2
8
0
0
0
0
0
3
2
0
0
10
4
1
0
5
0
0
0
0
0
0
0
0
0
0
0
0
0
0
0
0
0
0
0
0
0
0
0
0
0
0
0
0
0
0
0
0
0
0
0
0
0
0
0
0
0
0
0
0
0
0
0
0
0
0
0
0
0
0
0
0
0
0
0
0
0
0
0
0
0
0
0
0
0
0
0
0
0
0
0
0
0
0
0
0
0
0
0
0
0
0
0
0
0
0
0
0
0
0
0
0
0
0
0
0
0
0
0
0
0
0
0
0
0
0
0
0
0
0
0
0
