7
0
0
0
3
5
3
0
0
2
3
2
0
3
7
2
0
5
0
0
0
1
0
0
2
0
0
0
0
3
1
0
0
0
0
0
3
9
0
0
0
0
0
2
11
0
0
0
2
2
0
0
2
0
0
0
0
0
0
3
4
3
4
8
11
0
0
2
6
4
0
0
0
1
1
3
4
0
0
0
1
0
0
0
0
2
2
3
2
0
0
0
0
0
8
5
0
0
4
7
0
0
0
0
0
0
0
1
4
0
0
0
0
6
1
0
0
0
4
5
3
0
0
0
0
0
5
3
0
11
9
6
4
5
4
0
0
0
0
0
0
0
0
0
4
6
5
1
0
11
1
0
9
7
0
0
0
0
0
0
0
2
4
0
0
0
0
0
0
2
4
4
0
0
0
0
2
0
1
3
0
0
0
2
5
1
6
6
0
0
0
5
8
0
0
0
0
2
1
0
0
3
36
85
121
118
201
255
255
253
255
244
195
153
143
110
59
15
0
0
0
0
0
0
0
2
13
1
0
53
229
250
251
249
255
253
247
255
255
253
252
255
239
251
244
71
0
19
0
0
0
0
0
0
0
0
13
82
241
254
254
250
254
250
246
241
229
228
243
241
255
249
255
230
56
0
16
0
0
0
0
4
0
0
0
28
118
105
103
107
109
108
107
95
73
76
105
108
209
243
241
255
60
8
0
0
0
0
0
2
0
0
0
0
12
0
4
0
2
3
3
0
0
0
8
0
41
255
255
248
75
8
11
0
0
0
0
0
0
5
13
0
2
0
9
0
5
2
0
5
5
0
3
33
168
251
255
184
12
0
0
0
0
0
0
4
0
0
5
4
1
0
0
0
7
0
0
1
5
0
0
70
249
255
241
65
18
7
12
0
0
0
0
0
0
0
0
3
1
3
0
0
5
1
0
0
0
0
10
152
255
241
255
45
0
9
0
0
0
0
0
0
7
6
1
0
0
4
3
0
2
3
6
4
0
6
39
237
248
251
143
1
6
0
0
0
0
0
0
0
0
0
0
0
0
0
0
3
0
0
4
0
0
22
226
255
247
209
16
0
8
0
1
0
0
0
0
0
0
0
0
0
0
0
0
0
13
0
0
0
13
82
255
248
255
112
10
0
4
0
0
0
0
0
0
0
0
0
0
0
0
0
0
0
6
0
0
0
20
214
252
255
211
32
17
0
6
10
0
0
0
0
0
0
0
0
0
0
0
0
0
5
0
7
0
5
98
255
242
224
58
0
7
0
0
7
0
0
0
0
0
0
0
0
0
0
0
0
0
2
0
3
0
63
235
241
255
134
0
0
0
0
0
3
0
0
0
0
0
0
0
0
0
0
0
0
0
0
0
0
31
175
255
255
211
34
12
0
0
10
8
3
2
0
0
0
0
0
0
0
0
0
0
0
0
2
0
0
110
249
235
253
79
0
19
0
0
0
3
0
0
0
0
0
0
0
0
0
0
0
0
0
0
0
5
6
167
250
255
104
0
3
0
0
3
1
3
4
0
0
0
0
0
0
0
0
0
0
0
0
0
0
8
4
251
255
250
137
9
0
0
0
0
0
0
0
0
0
0
0
0
0
0
0
0
0
0
0
0
18
0
7
221
255
255
252
0
0
0
0
0
0
0
0
0
0
0
0
0
0
0
0
0
0
0
0
0
0
4
0
48
149
148
109
4
0
0
0
0
0
0
0
0
0
0
0
0
0
0
0
0
0
0
0
0
2
0
5
0
0
14
0
1
0
0
0
0
0
0
0
0
0
0
0
0
