8
0
0
0
0
0
0
0
0
0
0
2
0
0
2
5
0
3
0
0
8
0
13
1
1
0
0
0
0
0
0
0
0
0
0
0
0
4
1
2
4
0
0
0
7
14
6
0
0
0
0
0
0
0
0
0
0
0
0
0
0
0
0
0
0
2
0
0
2
9
0
0
1
0
4
0
4
3
18
9
3
0
0
0
0
0
0
0
0
0
0
0
0
0
8
2
0
1
1
0
9
8
9
7
0
6
0
3
0
0
0
0
0
0
0
0
0
0
0
0
0
0
7
7
0
0
8
0
0
4
0
0
8
12
3
0
7
0
0
0
0
0
0
0
0
0
0
0
0
16
0
0
48
130
215
255
255
254
188
142
26
0
9
1
0
0
0
0
0
0
0
0
0
0
0
0
0
0
0
75
216
255
255
255
240
255
255
214
226
38
191
14
0
0
0
0
0
0
0
0
0
0
0
0
0
2
3
138
255
191
48
0
10
0
23
185
255
219
247
67
0
0
0
0
0
0
0
0
0
0
0
0
0
0
0
255
248
78
12
0
3
0
8
17
255
255
199
0
0
0
0
0
0
0
0
0
0
0
0
0
0
14
0
249
254
98
0
24
0
9
108
236
242
253
69
6
9
0
0
0
0
0
0
0
0
0
0
0
0
0
2
150
255
190
0
0
63
197
253
253
151
36
1
3
0
0
0
0
0
0
0
0
0
0
0
0
0
1
12
0
171
255
177
117
254
255
218
93
0
0
11
0
0
0
0
0
0
0
0
0
0
0
0
0
0
5
1
7
21
195
248
255
247
156
29
6
0
12
1
14
0
0
0
0
0
0
0
0
0
0
0
0
0
0
15
2
1
94
255
255
164
7
0
5
0
0
3
0
11
0
0
0
0
0
0
0
0
0
0
0
0
12
0
2
32
224
236
255
228
37
0
25
0
0
5
18
0
0
0
0
0
0
0
0
0
0
0
0
0
0
8
21
228
249
180
141
255
198
35
0
0
8
9
0
5
0
0
0
0
0
0
0
0
0
0
0
0
2
0
143
253
198
3
0
170
253
180
0
5
0
0
0
7
0
0
0
0
0
0
0
0
0
0
0
0
0
0
218
255
94
0
2
0
216
254
35
0
9
17
0
0
0
0
0
0
0
0
0
0
0
0
0
0
5
82
255
208
16
3
4
2
98
255
121
10
0
0
0
9
0
0
0
0
0
0
0
0
0
0
0
0
0
80
255
183
0
0
0
0
77
247
170
11
1
3
10
0
0
0
0
0
0
0
0
0
0
0
0
0
0
86
248
171
4
17
0
4
85
255
255
6
0
0
3
6
0
0
0
0
0
0
0
0
0
0
0
0
0
112
255
163
6
0
0
3
90
255
255
0
11
17
0
1
0
0
0
0
0
0
0
0
0
0
0
0
0
41
240
226
43
0
13
0
115
251
255
0
0
0
0
15
0
0
0
0
0
0
0
0
0
0
0
0
0
13
177
255
213
119
113
172
254
255
199
10
0
5
9
0
0
0
0
0
0
0
0
0
0
0
0
0
0
5
62
167
175
249
255
247
253
166
58
0
0
8
7
0
0
0
0
0
0
0
0
0
0
0
0
0
12
0
0
17
0
8
6
0
7
7
7
4
0
0
0
0
0
0
0
0
0
0
0
0
0
0
0
0
0
0
0
1
0
4
10
4
0
0
0
0
0
0
2
8
0
0
0
0
0
0
0
0
0
0
0
0
3
5
13
2
12
0
0
0
17
8
0
0
6
9
3
0
0
0
0
0
