9
0
0
0
0
0
0
0
0
1
3
4
1
0
0
1
9
4
0
5
0
9
0
0
7
0
0
0
0
0
0
0
0
0
0
0
0
0
3
0
0
2
13
3
0
13
0
9
7
0
0
16
0
0
0
0
0
0
0
0
0
0
0
0
0
0
0
0
5
6
1
0
5
0
0
0
12
13
0
0
0
0
0
0
0
0
0
0
0
0
0
0
0
5
3
2
1
0
0
0
6
0
30
0
0
0
8
2
0
0
0
0
0
0
0
0
0
0
0
0
0
1
5
1
0
2
15
11
0
5
0
2
12
3
0
5
0
0
0
0
0
0
0
0
0
0
0
0
0
5
0
0
11
6
0
0
4
0
0
11
0
7
0
0
16
0
0
0
0
0
0
0
0
0
0
0
0
10
0
0
7
0
0
28
83
189
244
209
0
0
14
0
0
0
0
0
0
0
0
0
0
0
0
0
0
0
10
5
0
33
141
229
255
252
252
255
63
12
2
0
0
0
0
0
0
1
1
1
0
0
0
0
0
2
0
0
78
244
250
249
204
140
25
138
8
3
0
2
0
0
0
0
0
1
1
1
0
0
0
0
0
0
0
129
253
248
224
57
1
0
15
5
8
0
0
17
1
0
0
0
0
1
1
0
0
0
0
0
0
9
57
255
250
161
6
5
0
0
0
0
0
23
3
0
0
0
0
0
0
0
0
0
0
0
0
0
0
0
199
252
143
0
5
2
0
15
0
13
11
0
24
0
0
0
0
0
0
0
0
0
0
0
0
0
0
33
241
245
9
7
12
0
9
58
233
93
0
9
0
15
2
0
0
0
0
0
0
0
0
0
0
1
1
26
254
210
3
0
0
33
155
252
255
217
0
0
6
0
0
0
0
0
0
0
0
0
0
0
1
1
1
16
238
252
143
122
160
226
254
249
255
38
17
0
0
6
4
0
0
0
0
0
0
0
0
0
1
1
1
2
62
247
255
249
249
227
227
252
250
0
0
6
0
0
6
0
0
0
0
0
0
0
0
0
0
0
0
0
7
31
90
101
61
12
197
255
93
14
0
0
11
0
0
0
0
0
0
0
0
0
0
0
0
0
0
4
0
0
4
0
0
105
240
234
53
0
0
5
4
0
8
0
0
0
0
0
0
0
0
0
0
0
0
0
0
4
3
0
3
208
255
148
13
0
4
7
0
0
10
0
0
0
0
0
0
0
0
0
0
0
0
0
10
0
0
4
70
255
243
46
0
4
7
0
0
0
0
0
0
0
0
0
0
0
0
0
0
0
0
5
4
0
0
0
172
255
154
0
0
14
4
0
0
3
0
0
0
0
0
0
0
0
0
0
0
0
0
0
0
5
21
43
255
239
44
5
0
0
0
0
0
4
0
0
0
0
0
0
0
0
0
0
0
0
0
2
0
0
0
122
255
158
3
8
0
0
0
1
0
2
1
0
0
0
0
0
0
0
0
0
0
0
0
0
17
2
0
235
251
71
3
0
4
4
5
1
0
3
0
0
0
0
0
0
0
0
0
0
0
0
0
0
20
0
47
255
233
29
0
0
0
0
0
0
0
0
0
0
0
0
0
0
0
0
0
0
0
0
0
2
0
2
127
239
128
0
5
0
0
0
0
0
0
0
0
0
0
0
0
0
0
0
0
0
0
0
0
0
11
0
0
11
0
0
0
0
0
0
0
0
0
0
0
0
0
0
0
0
0
0
0
0
0
0
0
0
10
6
5
0
0
14
0
0
0
0
0
0
0
0
0
0
0
0
0
