7
0
0
0
0
0
0
0
0
0
0
0
0
0
0
0
0
0
0
14
0
1
0
0
0
0
0
0
0
0
0
0
0
0
0
0
0
0
0
0
0
0
0
0
0
6
0
0
0
24
0
0
11
0
0
0
0
0
0
0
0
0
0
0
0
0
0
0
0
0
0
0
0
0
12
7
0
4
0
0
0
0
0
0
0
0
0
0
0
0
0
0
0
0
0
0
0
0
0
0
0
0
7
2
0
2
15
16
0
0
0
0
0
0
0
0
0
0
0
0
0
0
0
0
0
0
0
0
0
4
0
7
9
0
0
0
7
0
0
0
0
0
0
0
0
0
0
0
0
0
0
0
0
0
0
0
0
0
0
15
3
0
23
0
0
0
0
0
0
0
0
0
0
0
0
0
0
0
0
0
0
0
0
0
0
5
0
0
0
128
197
31
0
0
0
0
0
0
0
0
0
0
0
0
0
0
0
0
0
0
0
0
0
0
2
7
42
213
241
0
0
0
0
0
0
0
0
0
3
7
0
0
10
2
10
13
11
5
0
3
0
6
0
4
210
255
215
25
0
0
0
0
0
10
0
0
9
0
5
16
0
0
21
222
99
0
22
0
20
0
0
111
249
255
221
0
0
0
0
0
0
0
0
0
5
4
0
0
6
0
92
255
239
139
18
0
0
15
39
215
255
251
91
10
6
0
0
0
0
0
15
3
0
6
0
0
12
29
198
239
193
236
234
223
221
255
255
250
187
75
0
3
0
0
0
0
0
2
3
3
0
0
13
14
0
106
246
131
0
48
135
135
151
107
231
190
59
0
21
6
6
0
0
0
0
4
0
0
6
7
0
0
49
224
231
13
0
1
0
14
0
122
245
129
0
0
0
0
0
0
0
0
0
0
3
0
10
19
0
27
193
251
117
1
5
2
7
0
20
211
166
0
0
12
24
0
4
0
0
0
0
0
1
4
0
0
9
128
255
167
0
3
1
0
7
0
137
233
20
16
0
0
0
0
1
0
0
0
0
0
12
0
0
6
39
255
198
10
3
6
0
0
9
24
241
116
15
0
9
0
0
6
0
0
0
0
0
3
0
0
0
16
32
129
44
0
6
0
0
15
14
191
206
38
0
0
8
0
0
9
3
0
0
0
0
2
0
12
0
0
8
25
0
0
2
0
19
0
115
255
93
0
0
3
7
0
0
6
0
0
0
0
0
0
0
15
0
0
0
0
9
0
9
0
5
38
249
180
0
3
6
2
0
2
5
0
0
0
0
0
0
0
1
0
0
0
5
0
3
0
13
2
6
218
239
47
0
2
1
0
0
4
2
0
1
0
0
0
0
0
4
0
0
5
1
0
0
6
0
0
119
255
96
1
13
0
0
0
3
5
0
0
8
0
0
0
0
0
0
6
0
0
0
0
8
10
0
50
229
166
2
0
2
0
1
5
7
2
0
0
3
0
0
0
0
5
0
16
0
3
7
0
0
0
11
154
231
91
8
0
6
2
0
0
0
0
5
8
0
0
0
0
0
0
0
0
0
0
0
0
0
6
45
236
109
0
0
21
0
0
0
0
0
0
0
0
0
0
0
0
0
0
0
0
0
0
0
0
0
10
208
242
18
0
3
0
0
0
0
0
0
0
0
0
0
0
0
0
0
0
0
0
0
0
0
0
0
0
0
0
0
12
0
3
14
0
0
0
0
0
0
0
0
0
0
0
0
0
0
0
0
0
0
0
0
4
1
0
8
1
1
17
0
0
0
0
0
0
0
0
0
0
0
0
0
