4
0
0
0
0
0
0
0
0
6
0
0
7
0
6
0
9
6
0
0
2
3
0
0
1
0
0
0
0
0
0
0
0
0
0
0
0
0
0
4
0
0
5
4
0
0
2
13
8
0
0
0
0
0
0
0
0
0
0
0
0
0
0
0
0
0
0
0
0
0
1
10
0
18
0
0
0
1
3
10
13
0
0
0
0
0
0
0
0
0
0
0
0
0
7
0
18
0
0
2
6
0
9
18
5
0
0
0
0
0
0
0
0
0
0
0
0
0
0
0
0
0
8
1
3
0
0
0
4
0
2
3
2
2
0
0
9
0
0
0
0
0
0
0
0
0
0
0
0
0
4
3
0
14
15
0
0
0
14
0
0
10
5
0
8
0
0
0
0
0
0
0
0
0
0
0
0
7
0
1
40
118
120
0
4
0
15
0
30
202
255
121
0
0
0
0
0
0
0
0
0
0
0
0
0
0
0
9
183
255
248
0
4
0
0
5
132
255
209
48
2
0
0
0
0
0
4
3
0
3
0
0
6
5
4
103
250
217
92
0
0
2
4
41
255
249
151
0
0
0
0
0
0
0
5
0
3
0
6
0
0
0
159
255
255
139
0
0
31
3
0
188
233
196
33
0
3
0
0
0
0
0
5
0
11
0
9
3
5
74
255
237
121
26
0
7
0
5
66
251
255
86
4
0
0
0
0
0
0
4
0
0
9
0
6
0
94
233
253
103
14
0
4
7
0
0
170
244
220
0
0
3
8
0
0
0
0
5
0
2
2
0
6
0
198
255
172
22
0
0
4
0
7
95
245
252
67
5
0
15
0
0
0
0
0
2
0
7
0
1
8
0
215
241
170
75
27
0
6
0
0
169
255
225
1
0
7
0
7
0
0
0
0
0
0
7
0
2
5
2
114
250
255
242
232
163
113
127
165
246
255
248
222
228
223
60
0
0
0
0
0
0
4
4
0
0
0
0
0
76
204
220
251
251
248
255
243
255
244
254
204
131
6
2
0
0
0
0
0
0
0
0
0
0
0
0
0
0
9
27
40
65
141
229
244
255
149
54
14
0
0
7
0
0
0
0
0
0
0
0
0
0
0
0
0
0
0
0
1
0
12
248
255
118
30
0
0
0
0
7
7
0
0
0
0
0
0
0
0
0
0
0
0
7
2
2
9
2
92
249
254
46
2
0
12
4
0
0
0
0
0
0
0
0
0
0
0
0
0
0
0
0
0
0
1
32
223
251
141
5
3
7
2
0
2
5
0
0
0
0
0
0
0
0
0
0
0
0
0
17
0
9
4
98
254
255
41
0
0
0
0
0
4
10
0
0
0
0
0
0
0
0
0
0
0
0
0
0
0
0
41
196
255
118
2
10
2
0
5
5
0
0
3
0
0
0
0
0
0
0
0
0
0
0
0
0
10
13
149
255
234
5
16
0
0
0
0
5
0
0
6
0
0
0
0
0
0
0
0
0
0
0
0
11
0
12
206
238
70
6
0
0
9
4
0
0
1
0
0
0
0
0
0
0
0
0
0
0
0
0
0
0
2
90
241
147
0
10
0
0
0
0
0
0
0
0
0
0
0
0
0
0
0
0
0
0
0
0
0
0
40
224
150
11
16
0
19
0
0
0
0
0
0
0
0
0
0
0
0
0
0
0
0
0
0
0
0
0
0
0
20
0
0
6
0
0
0
0
0
0
0
0
0
0
0
0
0
0
0
0
0
0
0
0
0
0
12
0
6
2
0
28
7
0
0
0
0
0
0
0
0
0
0
0
0
