7
0
0
0
0
0
0
0
0
0
0
0
0
0
0
0
0
0
0
0
0
0
0
0
0
0
0
0
0
0
0
0
0
0
0
0
0
0
0
0
0
0
0
0
0
0
0
0
0
0
0
0
0
0
0
0
0
0
0
0
0
0
0
0
0
0
0
0
0
0
0
0
0
0
0
0
0
0
0
0
0
0
0
0
0
0
0
0
0
0
0
0
0
0
0
0
0
0
0
0
0
0
0
0
0
0
0
0
0
0
0
0
0
0
0
0
0
0
0
0
0
0
0
0
0
0
0
0
0
0
0
0
0
0
0
0
0
0
0
0
0
0
0
0
0
0
0
0
0
0
0
0
0
0
0
0
0
0
0
0
0
0
0
0
0
0
0
0
0
0
0
0
0
0
0
0
0
0
0
0
0
0
0
0
0
0
0
0
0
0
0
0
0
0
0
0
0
0
0
0
0
0
0
0
0
0
0
0
0
0
0
0
0
0
0
0
0
0
0
0
0
0
0
0
0
10
0
7
0
0
83
205
240
255
255
242
255
255
245
255
255
248
255
217
87
0
5
1
0
0
0
0
0
0
0
0
4
18
105
206
240
71
165
197
181
178
192
160
67
192
177
244
244
32
0
0
10
0
0
0
0
14
4
0
0
0
0
22
25
3
10
4
9
5
0
5
2
0
0
202
244
94
0
0
1
0
0
0
0
0
0
0
7
14
8
0
1
0
0
0
0
0
0
0
0
9
57
225
228
12
2
18
0
0
0
0
0
1
2
0
0
4
0
0
4
6
9
5
0
0
10
9
0
16
206
255
129
0
3
0
14
0
0
0
0
0
3
0
0
3
0
0
7
0
0
1
11
13
2
0
0
105
255
255
90
7
0
11
0
0
0
0
0
0
2
7
7
5
3
0
0
0
0
6
0
0
2
0
14
182
255
104
19
0
8
0
13
0
0
0
0
6
3
2
0
0
0
6
0
10
0
5
9
3
0
6
51
255
227
54
0
7
0
14
0
0
0
0
0
0
0
0
0
0
0
0
0
4
0
5
0
7
0
7
132
252
166
0
0
7
0
7
0
0
0
0
0
0
0
0
0
0
0
0
0
0
11
2
0
0
3
19
241
250
49
0
0
0
3
4
2
0
0
0
0
0
0
0
0
0
0
0
0
5
0
0
22
2
7
143
230
207
0
17
10
0
8
0
0
0
0
0
0
0
0
0
0
0
0
0
0
0
21
0
0
0
55
224
255
58
0
0
0
4
1
0
6
0
0
0
0
0
0
0
0
0
0
0
0
0
0
1
0
2
250
240
173
0
9
0
0
3
2
0
8
0
0
0
0
0
0
0
0
0
0
0
0
12
0
13
0
11
255
230
99
16
2
4
12
0
11
0
3
0
0
0
0
0
0
0
0
0
0
0
0
0
13
0
0
183
249
119
0
5
0
0
0
0
7
0
4
0
0
0
0
0
0
0
0
0
0
0
0
7
0
13
61
236
253
47
0
0
6
8
0
7
0
8
0
0
0
0
0
0
0
0
0
0
0
0
0
0
0
2
134
245
178
4
0
0
0
0
0
0
0
0
0
0
0
0
0
0
0
0
0
0
0
0
0
0
13
0
178
255
51
0
10
0
0
0
0
0
0
0
0
0
0
0
0
0
0
0
0
0
0
0
0
0
20
0
141
254
0
0
1
0
0
0
0
0
0
0
0
0
0
0
0
0
0
0
0
0
0
0
0
0
0
0
62
232
8
9
0
0
0
0
0
0
0
0
0
0
0
0
0
