5
0
0
0
0
0
0
0
0
0
0
12
0
8
17
0
0
6
0
0
1
5
3
0
0
0
0
0
0
0
0
0
0
0
0
0
0
12
0
2
0
0
0
0
6
0
0
3
0
0
0
2
7
0
0
0
0
0
0
0
0
0
0
0
0
0
2
5
8
0
0
6
0
8
4
0
0
0
2
3
0
0
0
0
0
0
0
0
0
0
0
0
0
0
12
0
8
10
0
0
3
0
0
4
10
4
0
0
0
0
0
0
0
0
0
0
0
0
0
0
0
4
249
255
255
235
255
255
255
200
98
3
0
5
10
2
0
0
0
0
0
0
0
0
0
0
0
0
0
4
131
6
21
35
19
9
55
68
30
6
9
4
0
0
12
0
0
0
0
0
0
0
0
0
0
0
0
99
185
0
0
4
0
0
10
3
0
0
2
2
0
0
4
0
0
0
0
0
0
0
0
0
0
0
0
86
186
0
6
0
2
4
0
0
0
0
0
0
3
4
1
0
0
0
0
0
0
0
0
0
0
0
0
88
233
31
0
5
6
0
2
0
7
0
6
7
0
2
0
0
0
0
0
0
0
0
0
0
0
0
0
102
241
10
7
8
0
0
2
17
0
3
1
0
2
10
0
0
0
0
0
0
0
0
0
0
0
0
0
46
254
13
53
60
46
78
0
0
0
11
0
0
9
0
3
0
0
0
0
0
0
0
0
0
0
0
0
0
253
216
255
250
251
254
175
52
1
0
2
5
0
0
3
0
0
0
0
0
0
0
0
0
0
0
0
7
65
92
41
46
114
141
238
208
91
0
4
4
0
10
0
0
0
0
0
0
0
0
0
0
0
0
0
5
0
0
0
18
9
3
35
190
225
93
0
0
8
5
0
0
0
0
0
0
0
0
0
0
0
0
0
0
14
0
11
2
0
14
0
45
231
203
35
0
8
0
0
0
0
0
0
0
0
0
0
0
0
0
0
4
0
4
8
0
7
0
1
0
123
246
153
0
0
9
0
0
0
0
0
3
7
1
0
0
0
0
1
0
10
0
0
0
15
0
0
3
18
231
168
0
8
0
5
0
0
0
0
0
6
2
0
4
8
3
2
3
0
0
9
0
0
10
5
2
0
153
224
6
2
0
0
0
0
0
0
0
7
2
0
1
4
0
0
0
2
4
0
11
0
12
0
0
8
154
217
0
0
0
0
0
0
0
0
1
4
0
0
1
0
0
12
0
6
0
14
0
10
0
17
9
0
203
194
0
0
13
0
0
0
0
0
2
0
0
4
7
0
11
49
0
0
7
0
5
2
0
0
0
129
253
100
0
3
0
5
0
0
0
0
4
0
0
4
5
0
7
47
188
23
0
12
0
0
20
9
113
246
165
7
0
7
0
7
0
0
0
0
2
3
0
0
0
0
0
13
82
245
124
82
11
95
93
172
240
113
2
12
0
0
13
0
0
0
0
0
0
5
3
0
3
6
0
0
8
67
92
236
255
255
249
119
35
11
5
0
8
0
0
18
0
0
0
0
0
0
0
0
0
0
0
0
0
0
0
0
0
0
0
0
0
0
0
0
0
0
0
0
0
0
0
0
0
0
0
0
0
0
0
0
0
0
0
0
0
0
0
0
0
0
0
0
0
0
0
0
0
0
0
0
0
0
0
0
0
0
0
0
0
0
0
0
0
0
0
0
0
0
0
0
0
0
0
0
0
0
0
0
0
0
0
0
0
0
0
0
0
0
0
0
0
0
0
0
0
0
0
0
0
0
0
0
0
0
0
0
