4
0
0
0
0
0
0
0
0
10
0
0
2
7
0
0
11
0
0
0
2
1
0
0
0
0
0
2
3
0
0
0
0
0
0
0
0
0
0
2
0
0
1
3
0
2
9
6
0
0
3
6
1
11
11
0
1
0
0
0
0
0
0
0
0
3
0
10
12
0
0
9
0
0
0
0
5
6
0
0
0
0
0
0
8
0
0
0
0
0
0
0
0
5
0
0
0
0
0
0
0
9
5
0
0
0
5
8
7
14
14
0
0
0
0
0
0
0
0
0
0
0
9
0
0
12
11
0
15
0
7
9
0
0
8
6
0
0
0
7
8
0
0
0
0
0
0
0
0
1
9
0
3
8
0
41
149
7
0
0
13
5
0
5
49
16
0
13
15
0
0
0
0
0
0
0
0
2
0
0
1
0
22
133
251
66
4
0
9
0
0
77
213
194
18
0
0
0
0
0
0
0
0
0
0
1
0
5
0
12
141
250
250
22
4
0
3
0
20
139
255
203
0
0
6
0
3
2
0
0
0
0
0
0
0
0
0
95
255
255
216
0
0
8
0
8
80
255
255
190
16
0
1
9
2
0
0
4
5
3
2
9
0
7
33
200
244
253
135
0
6
3
0
0
171
250
243
103
0
0
3
2
0
0
5
3
1
0
0
3
0
0
174
253
255
120
3
0
2
9
0
90
242
247
136
16
0
1
2
0
0
3
3
0
0
6
0
0
15
125
255
253
153
17
0
12
4
0
17
196
241
204
11
0
2
1
0
2
6
4
0
0
5
11
2
4
63
222
255
237
67
4
0
0
0
0
154
255
255
134
0
0
12
0
0
1
8
1
0
4
0
0
0
66
205
255
255
128
2
10
9
16
22
87
229
255
171
22
0
4
7
0
0
0
3
0
1
11
0
9
80
204
255
252
241
207
177
242
232
216
176
230
245
236
67
0
13
3
0
1
1
0
6
0
0
5
0
79
237
250
255
250
255
251
250
251
255
255
237
255
255
247
37
11
0
3
0
9
0
2
3
0
3
0
94
255
251
248
255
255
240
255
255
251
248
252
249
251
244
107
0
9
0
0
0
0
0
7
0
15
8
0
210
249
255
255
242
213
194
91
101
75
85
254
252
255
68
0
6
0
11
0
0
0
0
7
6
0
3
0
198
249
237
245
127
3
10
0
6
0
80
255
254
181
2
2
11
0
0
0
0
0
0
0
13
0
11
7
47
120
68
1
0
0
3
18
0
89
249
252
181
26
0
4
0
9
0
0
0
0
0
6
0
14
1
0
0
2
0
6
10
16
0
0
20
202
253
225
58
0
0
0
0
5
0
0
0
0
0
8
0
9
0
0
18
3
14
0
7
0
0
6
113
252
250
216
5
7
10
9
1
9
0
0
0
0
0
0
6
0
8
2
5
0
0
5
9
0
0
33
193
246
235
149
11
0
0
7
0
11
1
0
0
0
0
0
3
0
0
5
0
0
9
10
0
19
0
0
195
248
183
0
6
8
3
5
8
0
7
0
0
0
0
0
0
0
0
0
0
0
0
0
0
0
0
12
43
51
38
0
0
0
0
0
0
0
0
0
0
0
0
0
0
0
0
0
0
0
0
1
5
0
0
0
12
11
0
0
0
0
0
0
0
0
0
0
0
0
0
0
0
0
0
0
0
0
0
1
2
1
0
0
0
0
0
0
0
0
0
0
0
0
0
0
0
0
0
0
0
0
0
0
0
0
0
0
0
1
5
5
1
1
3
0
0
0
0
0
0
0
0
0
0
0
0
