4
0
0
0
0
0
0
0
0
0
1
0
13
3
1
0
0
4
0
1
11
0
0
0
0
0
0
0
0
0
0
0
0
0
0
0
0
0
2
0
0
0
0
6
0
11
0
0
8
7
1
2
4
6
12
11
3
0
0
0
0
0
0
0
0
18
0
0
9
8
0
0
1
0
17
13
0
0
0
0
0
0
0
0
0
0
0
0
0
0
0
0
0
0
0
10
0
0
4
8
0
0
0
0
3
24
15
0
5
15
7
0
0
0
0
0
0
0
0
0
0
23
6
1
0
2
10
0
0
5
13
0
0
0
0
0
3
0
0
9
10
0
0
0
0
0
0
0
0
0
1
1
0
3
17
0
14
0
0
0
0
6
5
0
4
7
0
0
7
0
0
0
0
0
0
0
0
0
15
0
26
145
234
78
0
1
0
9
14
0
4
119
243
87
27
0
0
0
0
0
0
0
0
0
0
4
0
0
147
255
239
26
7
0
9
0
0
46
189
246
194
29
0
0
13
5
0
0
2
1
0
1
3
0
0
160
251
242
113
0
3
6
0
0
27
195
243
245
53
0
0
0
0
0
0
6
1
0
3
1
3
8
112
222
255
145
0
0
1
7
0
18
191
248
255
174
4
0
0
0
0
0
3
8
0
0
9
0
0
50
240
255
255
51
5
24
0
0
3
48
244
250
250
7
0
0
0
0
0
3
1
0
0
2
10
0
19
202
255
241
221
13
0
0
3
0
23
216
255
255
105
0
1
0
0
0
0
4
0
0
2
0
3
2
111
255
255
239
84
0
7
67
86
86
182
253
245
241
5
7
8
0
0
0
0
0
0
0
8
0
0
32
221
247
231
249
231
237
216
236
242
239
250
227
255
59
0
15
0
0
0
0
0
0
0
0
9
0
0
41
255
255
255
245
255
247
255
233
255
251
255
255
172
12
0
0
11
0
0
0
0
4
0
0
5
0
9
31
242
255
241
255
247
165
87
51
178
253
254
222
37
0
10
3
1
0
0
0
0
3
0
0
5
0
0
25
64
168
177
52
56
25
0
70
255
241
255
186
0
0
5
0
6
0
0
0
0
3
0
0
4
0
0
0
17
0
0
0
4
0
70
245
255
255
199
16
6
0
11
0
0
0
0
0
0
1
0
0
2
2
0
0
0
11
5
0
0
10
135
231
255
236
81
0
2
6
10
0
8
0
0
0
0
1
0
0
0
0
5
5
1
0
0
4
15
115
244
255
244
103
0
16
0
10
0
0
8
0
0
0
0
1
4
1
0
0
0
1
0
8
14
0
10
208
255
233
184
0
11
0
7
0
0
9
0
0
0
0
0
0
0
2
1
0
0
0
0
0
0
19
235
255
243
218
11
0
16
0
8
0
12
0
5
0
0
0
0
0
0
0
3
6
5
3
3
10
51
213
255
231
254
62
0
6
0
17
0
0
1
0
7
0
0
0
0
6
0
0
0
0
0
0
0
4
130
255
247
255
58
3
4
4
0
0
15
2
0
15
0
0
0
0
0
0
0
0
0
0
0
0
0
67
242
250
255
95
1
9
0
0
0
0
0
0
0
0
0
0
0
0
0
0
0
0
0
0
0
0
0
8
201
231
152
0
0
13
0
0
0
0
0
0
0
0
0
0
0
0
0
0
0
0
0
0
0
0
0
0
0
1
6
0
18
0
0
0
0
0
0
0
0
0
0
0
0
0
0
0
0
0
0
0
0
0
0
14
0
13
8
0
0
0
13
0
0
0
0
0
0
0
0
0
0
0
0
