4
0
2
0
0
18
0
0
4
0
1
0
7
4
0
0
3
1
0
0
8
0
4
12
0
0
0
0
0
0
8
0
1
0
0
37
0
1
0
0
0
0
0
1
0
4
7
3
3
0
0
10
1
0
0
0
0
24
0
18
5
0
4
0
12
6
2
4
3
0
6
9
0
2
1
0
7
0
3
0
3
0
0
0
0
0
4
0
0
0
19
7
0
0
0
6
4
0
0
1
0
0
0
0
5
13
9
0
0
0
0
0
0
19
0
1
12
0
0
10
0
24
0
1
3
0
4
1
0
2
15
11
0
0
7
0
12
0
0
0
0
0
0
0
0
30
0
53
241
107
15
0
4
0
9
0
1
201
231
190
21
0
1
0
0
0
0
0
0
2
5
14
13
0
0
252
255
137
12
0
0
0
0
0
12
250
255
229
6
0
0
6
5
0
0
0
0
0
0
6
0
14
65
247
252
124
0
0
13
2
0
8
56
249
252
206
0
10
0
0
1
0
0
0
0
4
0
5
7
1
129
255
241
6
0
0
6
0
4
0
128
255
250
128
0
0
8
0
0
0
0
0
0
4
0
1
0
0
121
255
255
0
0
9
10
9
2
0
122
254
255
107
12
0
0
5
3
0
0
0
0
0
0
0
0
18
137
251
248
3
0
22
0
0
0
2
133
255
237
31
7
0
0
7
0
0
0
0
0
0
10
17
0
0
114
253
255
126
0
0
2
25
1
3
254
255
181
0
0
9
0
1
0
0
0
0
0
2
0
8
0
2
131
255
249
124
7
14
0
0
4
0
255
253
148
0
1
6
0
0
9
0
0
0
0
5
0
0
0
16
128
255
255
199
50
2
0
0
12
0
255
251
131
10
0
0
7
0
0
0
0
0
0
0
9
5
0
0
24
158
255
255
250
185
74
0
0
21
240
255
123
0
11
0
14
0
8
0
0
0
0
0
8
0
8
16
0
20
123
241
255
252
249
255
197
177
255
255
127
0
61
3
7
0
66
0
0
0
0
0
0
0
0
0
0
0
0
67
131
255
255
249
249
255
255
255
250
255
244
255
254
255
250
0
0
0
0
0
0
0
0
0
0
0
0
1
0
0
64
133
139
187
250
243
255
242
255
200
111
147
70
0
0
0
0
0
0
0
0
0
0
0
0
0
13
6
11
8
0
64
255
255
106
16
10
0
0
0
0
0
0
0
0
0
0
0
0
0
0
0
0
6
0
4
0
0
0
8
252
255
133
0
0
4
11
13
0
0
0
0
0
0
0
0
0
0
0
0
0
0
0
7
1
15
5
5
252
241
151
0
0
8
0
0
5
0
0
0
0
0
0
0
0
0
0
0
0
7
11
0
0
15
0
0
74
255
240
57
5
19
0
8
13
0
0
0
0
0
0
0
0
0
0
0
0
0
9
3
0
10
6
6
0
190
255
252
59
0
4
0
0
0
0
0
0
0
0
0
0
0
0
0
0
10
0
18
0
0
0
0
0
0
182
255
244
141
0
7
0
0
0
0
0
0
0
0
0
0
0
0
0
0
0
0
0
0
0
0
0
0
6
118
255
245
85
0
4
0
0
0
0
0
0
0
0
0
0
0
0
0
0
0
0
0
0
0
0
0
0
0
2
0
0
0
6
0
0
0
0
0
0
0
0
0
0
0
0
0
0
0
0
0
0
0
0
0
5
7
0
0
11
10
0
0
0
0
0
0
0
0
0
0
0
0
0
0
0
0
0
0
0
0
0
5
0
0
0
0
0
0
0
0
0
0
0
