6
0
0
0
0
0
0
0
0
0
7
6
7
0
8
0
10
0
0
0
0
0
0
0
0
0
0
0
0
0
0
0
0
0
0
0
0
0
13
0
0
14
0
11
0
0
0
0
0
0
0
0
0
0
0
0
0
0
0
0
0
0
0
0
0
2
0
0
27
228
251
170
0
0
0
0
0
0
0
0
0
0
0
0
0
0
0
0
0
0
0
0
0
0
3
4
18
225
255
255
145
0
0
0
0
0
0
0
0
0
0
0
0
0
0
0
0
0
0
0
0
0
6
2
144
255
239
164
74
0
0
0
0
0
0
0
0
0
0
0
0
0
0
0
0
0
0
0
0
0
0
95
248
251
228
10
0
0
0
0
0
0
0
0
0
0
0
0
0
0
0
0
0
0
0
0
0
19
0
188
255
242
199
0
6
0
0
0
0
0
0
0
0
0
0
0
0
0
0
0
0
0
0
0
0
0
2
195
255
255
53
17
0
0
0
0
0
0
0
0
0
0
0
0
0
0
0
0
0
0
0
0
0
0
8
187
255
238
84
0
1
0
6
0
0
0
6
0
0
0
0
0
0
0
0
0
0
0
0
0
0
21
42
244
255
198
6
0
0
0
3
12
3
3
0
4
3
0
0
0
0
0
0
0
0
0
0
0
0
0
105
255
245
172
2
2
8
7
0
0
0
1
0
0
0
0
0
0
0
0
0
0
0
0
0
0
0
0
152
243
255
42
0
13
0
0
5
4
5
0
7
11
3
0
0
0
0
0
0
0
0
0
0
0
0
7
251
245
254
20
3
1
63
172
181
165
85
17
0
0
6
0
0
0
0
0
0
0
0
0
0
0
0
3
232
255
253
3
5
129
250
255
244
255
239
198
39
0
0
0
0
0
0
0
0
0
0
0
0
0
0
0
209
249
255
238
228
242
255
255
250
249
251
238
110
16
4
0
0
0
0
0
0
0
0
0
0
0
0
0
204
253
239
251
255
253
200
100
229
242
255
249
247
90
5
0
0
0
0
0
0
0
0
0
0
0
0
0
189
239
255
254
242
253
105
8
0
76
248
251
237
44
8
0
0
0
0
0
0
0
0
0
0
0
0
0
99
252
242
247
255
139
7
28
36
112
255
253
147
11
0
0
0
0
0
0
0
0
0
0
0
0
0
1
85
255
255
244
248
206
164
235
211
221
255
243
40
0
16
0
0
0
0
0
0
0
0
0
0
0
0
0
58
208
255
255
243
255
248
244
255
255
242
201
17
0
2
0
0
0
0
0
0
0
0
0
0
0
0
3
16
201
219
246
255
232
255
251
255
220
91
47
2
6
0
0
0
0
0
0
0
0
0
0
0
0
0
4
0
64
56
145
237
194
195
90
99
78
3
0
4
0
0
0
0
0
0
0
0
0
0
0
0
0
0
4
17
16
0
0
8
0
0
5
0
0
5
4
2
0
11
0
0
0
0
0
0
0
0
0
0
0
0
0
6
0
0
9
0
0
11
4
1
3
1
0
0
6
0
0
0
0
0
0
0
0
0
0
0
0
0
0
0
0
0
0
0
0
0
0
0
0
0
0
0
0
0
0
0
0
0
0
0
0
0
0
0
0
0
0
0
0
0
0
0
0
0
0
0
0
0
0
0
0
0
0
0
0
0
0
0
0
0
0
0
0
0
0
0
0
0
0
0
0
0
0
0
0
0
0
0
0
0
0
0
0
0
0
0
0
0
0
0
0
0
0
0
0
0
0
0
0
0
0
0
0
0
0
0
0
0
0
0
0
0
