5
0
0
0
0
0
0
0
0
8
4
0
0
0
0
0
1
0
11
8
0
2
1
0
0
0
0
0
0
0
0
0
0
0
0
0
0
0
0
5
10
9
3
0
0
7
0
0
0
2
7
10
4
0
0
0
0
0
0
0
0
0
0
0
0
1
1
0
0
0
0
1
6
4
0
1
7
0
0
4
2
0
0
0
0
0
0
0
0
0
0
0
0
2
3
4
4
3
2
0
0
0
1
7
7
0
0
0
0
0
0
0
0
0
0
0
0
0
0
0
0
2
0
0
0
0
0
0
0
0
7
0
0
7
11
0
0
0
0
0
0
0
0
0
0
0
0
0
0
4
2
2
3
6
7
6
4
0
13
6
0
0
0
0
7
0
0
0
0
0
0
0
0
0
0
0
0
0
0
1
0
0
0
0
0
10
0
0
15
0
0
3
0
0
0
0
0
0
0
0
0
0
0
0
0
141
111
62
16
0
29
87
133
130
34
52
125
131
136
131
72
0
0
0
0
3
0
0
12
0
0
21
196
243
255
255
255
247
249
255
243
251
255
255
255
241
255
255
254
255
8
0
12
0
1
1
3
0
7
0
173
255
255
239
255
250
247
250
253
247
254
239
255
255
244
218
252
255
179
0
0
0
4
2
0
0
2
0
73
112
98
201
254
247
254
249
255
253
255
247
233
235
123
25
37
93
87
0
0
0
0
1
0
7
0
17
0
5
104
255
255
253
255
239
186
90
98
55
8
42
8
0
10
9
0
11
0
0
0
0
1
12
0
3
36
170
255
227
225
214
74
22
0
2
11
5
0
4
4
6
0
5
1
8
2
1
2
1
2
1
0
0
162
245
247
236
134
0
23
1
3
11
0
3
0
0
0
4
0
0
1
0
4
4
2
4
0
0
1
66
239
255
214
20
0
10
0
0
0
0
0
0
14
4
4
2
2
18
0
5
0
1
0
5
0
6
3
208
254
242
29
9
0
0
0
7
0
0
9
0
2
0
4
0
2
0
7
0
6
8
0
9
0
3
0
234
255
210
1
0
0
7
2
0
0
0
3
0
4
6
1
0
0
0
0
0
0
0
0
1
1
0
16
255
240
200
0
0
11
5
0
0
5
2
2
3
0
0
0
2
0
0
0
0
0
6
0
0
11
0
0
204
255
252
198
131
42
3
9
5
0
0
0
10
0
2
0
8
0
0
0
0
0
8
0
0
3
7
0
51
203
253
254
255
253
202
191
123
10
5
0
0
8
10
0
2
0
0
0
0
0
0
5
2
0
8
7
0
43
44
166
210
248
255
255
233
227
95
30
0
0
0
0
0
3
0
0
0
0
0
9
0
7
0
0
4
0
1
22
25
46
56
146
227
255
237
157
49
0
0
0
0
3
0
0
0
0
1
0
0
16
0
0
21
9
0
0
0
4
1
0
32
137
255
255
171
17
5
0
8
0
0
0
0
0
2
0
1
0
1
12
0
0
4
0
6
1
0
6
0
5
187
255
251
36
15
0
17
0
0
0
0
0
0
0
0
0
0
0
0
0
0
0
0
0
0
0
0
0
12
207
245
160
4
0
0
19
0
0
0
0
0
0
0
0
0
0
0
0
0
0
0
0
0
0
0
0
0
95
241
252
35
0
14
0
0
0
0
0
0
0
0
0
0
0
0
0
0
0
0
0
0
0
0
0
8
33
116
136
10
0
16
2
0
0
0
0
0
0
0
0
0
0
0
0
0
0
0
0
0
0
0
0
0
14
8
0
0
0
0
0
0
0
0
0
