8
0
0
0
0
0
0
0
0
0
2
3
3
5
5
1
0
0
11
0
9
0
0
11
0
0
0
0
0
0
0
0
0
0
0
0
0
1
0
0
0
0
0
3
11
0
8
2
10
0
16
9
0
0
0
0
0
0
0
0
0
0
0
0
0
9
0
0
1
2
0
0
1
20
0
0
0
0
0
0
13
0
0
0
0
0
0
0
0
0
0
0
0
0
0
0
1
7
7
0
0
0
0
8
0
1
11
14
0
0
0
0
0
0
0
0
0
0
0
0
0
0
7
6
0
0
0
4
2
0
10
0
29
0
0
1
0
0
0
0
0
0
0
0
0
0
0
0
0
0
3
8
1
0
5
15
19
98
88
63
194
65
7
0
14
0
0
0
0
0
0
0
0
0
0
0
0
14
0
0
24
92
159
213
247
255
251
255
255
74
0
1
0
0
0
0
0
0
0
0
0
0
0
0
0
0
0
64
186
255
221
121
48
38
65
253
254
141
0
18
0
0
0
0
0
0
0
0
0
0
0
0
0
0
1
184
255
109
15
0
8
7
185
240
150
169
0
0
4
0
0
0
0
0
0
0
0
0
0
0
0
5
32
255
105
0
3
15
0
174
255
126
0
5
4
10
0
0
0
0
0
0
0
0
0
0
0
0
0
0
29
225
131
21
0
13
194
255
152
15
0
0
6
3
0
0
0
0
0
0
0
0
0
0
0
0
0
0
4
146
236
42
11
149
245
144
19
0
9
0
0
9
0
0
0
0
0
0
0
0
0
0
0
0
0
2
0
39
208
206
176
255
191
11
0
3
0
6
0
0
9
0
0
0
0
0
0
0
0
0
0
0
0
3
0
0
147
252
255
158
0
0
0
1
7
16
3
0
8
0
0
0
0
0
0
0
0
0
0
0
0
0
0
15
198
246
249
51
13
1
0
0
0
0
5
16
0
0
0
0
0
0
0
0
0
0
0
0
0
0
7
159
239
67
226
171
0
0
3
0
0
17
0
1
1
0
0
0
0
0
9
0
2
2
0
0
9
1
130
236
54
0
71
239
136
0
0
0
10
2
0
0
3
0
0
0
0
0
9
0
7
0
3
4
0
59
234
93
0
0
3
115
255
97
5
6
0
0
11
13
0
0
0
0
0
0
7
0
8
0
2
10
3
155
195
0
1
16
0
11
174
228
56
0
8
14
0
0
11
0
0
0
0
0
3
0
2
0
0
1
76
250
73
0
14
0
2
0
13
204
177
2
5
0
0
7
0
0
0
0
0
5
0
4
0
3
0
0
166
197
0
13
2
0
2
4
0
75
243
83
0
0
15
7
0
0
0
0
0
4
0
5
0
9
3
0
187
167
9
0
5
17
6
0
0
10
242
192
7
8
2
0
6
0
0
0
0
0
2
0
3
4
2
1
109
193
97
4
0
0
0
0
12
86
231
187
0
0
1
6
0
0
0
0
0
0
9
0
8
0
0
3
16
192
218
159
64
85
123
135
207
247
179
32
2
6
0
14
0
0
0
0
0
0
0
0
0
0
0
0
0
0
64
162
242
255
236
174
127
55
20
0
0
4
0
0
3
0
0
0
0
0
0
0
0
0
0
0
0
0
1
4
7
7
6
3
2
10
0
0
1
5
0
0
4
0
0
0
0
0
0
0
0
0
0
0
0
1
0
0
0
0
0
0
0
0
0
0
5
4
0
0
1
0
0
0
0
0
0
0
0
0
0
0
0
0
0
2
6
7
4
1
0
1
6
7
2
0
0
0
0
0
0
0
0
