5
0
0
0
0
0
0
0
0
0
0
4
6
0
0
0
6
0
7
2
0
0
1
2
9
0
0
0
0
0
0
0
0
0
0
0
0
7
0
0
0
0
3
6
8
0
0
0
0
7
7
0
0
0
0
0
0
0
0
0
0
0
0
0
0
0
0
0
0
2
5
1
0
12
2
4
11
1
0
0
18
0
0
0
0
0
0
0
0
0
0
0
0
0
1
7
3
0
1
1
0
0
1
6
0
0
17
13
0
0
0
0
0
0
0
0
0
0
0
0
0
2
3
1
0
0
1
6
7
7
0
3
2
0
0
2
0
0
0
0
0
0
0
0
0
0
0
0
0
7
0
0
0
4
0
0
0
6
0
0
9
2
1
5
0
0
0
0
0
0
0
0
0
0
0
0
0
2
0
0
8
6
0
5
20
0
32
76
103
168
255
241
129
0
0
0
0
0
0
0
0
0
0
0
0
1
0
1
3
0
0
50
108
214
226
255
255
245
255
255
219
0
0
0
0
0
0
0
0
0
0
0
0
2
2
5
29
129
181
231
255
255
243
254
251
246
255
220
92
0
0
0
0
0
0
0
0
0
0
0
0
0
2
100
255
250
246
255
242
251
241
224
152
59
33
32
0
0
0
0
0
0
0
0
0
0
0
0
0
17
0
180
239
255
254
254
252
65
20
0
0
0
4
6
0
0
0
0
0
0
0
0
0
0
0
0
0
0
15
255
255
244
124
49
34
0
0
2
10
6
0
0
14
0
0
0
0
0
0
0
0
0
0
0
0
4
168
255
245
55
1
15
0
1
0
0
0
8
2
0
0
0
0
0
0
0
0
0
0
0
0
0
0
20
220
233
200
15
8
0
2
0
7
5
0
0
0
4
12
0
0
0
0
0
0
0
0
0
0
0
0
154
234
255
255
226
128
10
0
0
1
1
0
0
2
2
0
0
0
0
0
0
0
0
0
0
0
0
0
216
254
252
245
255
240
194
25
2
0
1
1
0
4
7
0
0
0
0
0
0
0
0
0
1
3
2
0
108
240
186
184
217
250
255
114
0
0
2
4
2
0
0
2
0
0
0
0
0
1
1
0
0
0
0
0
0
18
1
9
18
167
246
249
36
10
0
0
5
2
0
0
0
0
0
0
0
1
2
0
0
0
0
1
11
0
0
0
0
113
255
255
52
14
0
0
6
0
0
3
0
0
0
0
0
0
0
3
3
1
1
3
0
0
6
2
8
104
255
252
17
4
0
4
3
0
0
9
0
0
0
0
2
0
0
3
7
3
0
0
0
7
0
9
0
146
215
226
0
0
6
3
0
0
2
2
0
0
0
0
4
0
0
2
4
0
0
0
2
3
0
0
58
236
255
164
0
5
3
0
0
6
3
0
0
0
0
0
3
0
0
1
0
0
4
18
105
8
1
26
151
236
249
36
7
4
0
0
0
4
1
0
0
0
0
0
0
0
0
3
0
0
16
42
230
8
100
192
255
255
149
0
0
0
0
5
4
0
0
4
0
0
0
0
0
0
3
0
0
0
11
23
232
214
255
244
255
223
50
3
0
0
0
0
0
0
0
0
0
0
0
0
0
3
4
1
0
0
2
8
226
244
255
247
182
74
0
2
0
0
0
0
0
0
0
0
0
0
0
0
0
1
3
2
0
0
0
0
0
14
0
1
8
0
0
3
0
0
0
0
0
0
0
0
0
0
0
0
0
0
0
0
1
0
0
0
0
14
0
0
9
1
14
0
0
0
0
0
0
0
0
0
0
0
0
0
