1
0
0
0
0
0
0
0
0
3
1
0
0
9
2
0
5
0
0
6
6
0
3
0
0
0
0
0
0
0
0
0
0
0
0
0
0
2
0
4
0
0
2
5
0
4
19
0
0
1
0
4
2
0
0
0
0
0
0
0
0
0
0
0
0
0
0
4
2
0
6
13
0
0
11
0
0
9
0
2
7
0
0
0
0
0
0
0
0
0
0
0
0
0
0
0
7
4
0
0
0
24
0
0
6
10
0
0
1
0
0
0
0
0
0
0
0
0
0
0
0
0
8
0
4
5
0
22
83
174
0
0
0
0
9
0
0
0
0
0
0
0
0
0
0
0
0
0
0
0
10
0
0
1
14
123
226
252
1
5
0
0
7
0
0
0
0
0
0
0
0
0
0
0
0
0
0
0
4
0
1
1
76
228
255
231
0
9
7
0
0
0
4
0
0
0
0
0
0
0
0
0
0
0
0
2
0
0
3
0
116
255
246
218
8
0
0
8
0
2
0
0
0
0
0
0
0
0
0
0
0
0
0
2
0
0
16
29
251
255
234
32
0
0
0
6
5
0
14
0
0
0
0
0
0
0
0
0
0
0
0
5
8
0
19
103
255
255
200
3
0
4
0
0
5
11
0
0
0
0
0
0
0
0
0
0
0
0
0
0
0
0
0
176
238
243
130
2
6
0
0
1
0
8
0
0
0
0
0
0
0
0
0
0
0
0
0
10
4
3
0
219
255
255
66
0
0
5
0
10
0
0
1
0
0
0
0
0
0
0
0
0
0
0
0
0
0
0
55
214
255
255
81
36
0
21
0
0
4
0
1
0
0
0
0
0
0
0
0
0
0
0
0
5
4
8
206
255
255
255
248
214
0
3
7
0
3
8
0
0
0
0
0
0
0
0
0
0
0
0
0
0
0
0
172
255
237
252
255
248
3
0
5
7
0
5
0
0
0
0
0
0
0
0
0
0
0
0
0
0
16
0
5
225
255
255
125
75
1
8
0
11
0
1
0
0
0
0
0
0
0
0
0
0
0
0
0
0
0
14
0
208
255
255
109
0
7
4
0
0
11
0
0
0
0
0
0
0
0
0
0
0
0
0
0
8
0
0
12
157
240
255
102
1
1
0
0
11
6
0
1
0
0
0
0
0
0
0
0
0
0
0
0
3
0
0
19
114
255
255
153
3
7
0
0
7
0
0
5
0
0
0
0
0
0
0
0
0
0
0
0
0
4
0
0
70
248
252
205
0
1
9
0
0
0
6
0
0
0
0
0
0
0
0
0
0
0
0
0
0
7
2
0
12
164
252
216
30
0
4
0
7
1
5
0
0
0
0
0
0
0
0
0
0
0
0
0
3
2
0
7
0
79
255
241
172
5
0
0
7
0
0
0
0
0
0
0
0
0
0
0
0
0
0
0
3
0
0
11
4
29
194
251
255
10
1
0
0
0
0
9
0
0
0
0
0
0
0
0
0
0
0
0
1
0
7
0
12
0
37
214
239
0
11
5
0
6
0
0
0
0
0
0
0
0
0
0
0
0
0
0
0
0
0
0
0
0
0
0
0
0
0
0
0
0
0
0
0
0
0
0
0
0
0
0
0
0
0
0
0
0
0
0
0
0
0
0
0
0
0
0
0
0
0
0
0
0
0
0
0
0
0
0
0
0
0
0
0
0
0
0
0
0
0
0
0
0
0
0
0
0
0
0
0
0
0
0
0
0
0
0
0
0
0
0
0
0
0
0
0
0
0
0
0
0
0
0
0
0
0
0
0
0
0
0
