2
0
3
0
0
5
0
0
0
6
0
0
0
0
6
0
0
0
0
0
0
0
0
0
0
0
0
0
0
6
0
0
7
1
0
6
4
0
19
6
1
2
0
7
7
0
0
0
0
0
0
0
0
0
0
0
0
5
0
2
5
0
0
1
0
2
5
0
5
0
0
14
0
0
0
0
0
0
0
0
0
0
0
0
0
0
5
6
0
0
0
0
20
190
237
255
249
138
3
0
15
0
0
0
0
0
0
0
0
0
0
0
0
0
9
2
0
7
0
16
136
247
255
252
254
231
123
8
0
0
0
0
0
0
0
0
0
0
0
0
0
1
2
0
0
12
0
40
227
255
237
255
255
244
225
127
11
0
0
0
0
0
0
0
0
0
0
0
0
6
0
6
1
4
0
27
155
240
249
255
252
251
255
228
111
0
0
0
0
0
0
0
0
0
0
0
0
5
0
16
0
0
10
0
10
178
255
143
98
211
247
243
255
0
0
0
0
0
0
0
0
0
0
0
0
0
1
0
0
3
8
5
0
2
0
3
0
131
255
255
255
199
23
0
0
0
20
0
1
2
0
1
5
3
3
4
0
0
0
0
4
0
2
5
0
30
255
247
247
255
49
1
0
4
0
14
0
0
0
0
0
2
0
0
6
7
1
1
9
5
0
11
7
26
251
245
252
255
153
13
3
5
0
0
2
6
0
14
0
3
0
0
0
0
0
0
0
8
0
0
9
73
255
243
255
242
161
0
0
0
12
0
5
0
0
6
0
0
0
2
0
0
0
5
7
0
11
5
4
188
249
251
229
255
78
0
7
2
0
0
7
72
44
0
0
0
0
0
2
8
8
0
0
3
1
0
33
221
228
255
255
99
0
0
9
1
2
28
104
226
169
6
0
11
0
0
2
0
0
10
40
24
8
20
214
240
255
234
241
0
13
8
0
0
0
11
154
255
236
4
0
0
0
7
10
0
2
112
239
255
141
194
255
249
244
252
173
4
0
8
0
23
5
106
251
244
249
0
3
0
4
1
5
0
0
197
250
250
255
240
255
250
250
236
66
0
10
0
0
47
119
250
249
253
255
0
1
10
2
0
0
0
0
119
229
244
251
255
255
238
254
195
0
3
0
10
44
207
241
255
243
249
228
20
0
0
0
4
0
6
5
86
255
255
248
240
247
255
251
245
254
96
113
253
255
255
244
255
252
255
101
6
0
0
0
7
3
0
0
22
173
235
244
255
255
238
255
255
237
255
245
255
235
240
255
244
238
178
2
0
4
0
1
0
7
0
3
0
11
128
244
239
202
220
238
255
253
252
236
253
255
255
236
152
58
13
9
10
0
0
3
0
6
0
20
11
0
11
32
29
39
21
40
157
232
207
255
244
226
255
138
20
8
0
12
4
0
2
6
1
0
0
1
3
3
7
13
0
0
0
0
9
56
37
89
107
96
84
0
0
7
13
0
0
5
5
0
1
0
9
11
0
6
0
0
13
5
3
6
0
7
0
0
0
12
0
12
5
0
0
4
6
0
0
0
0
0
0
0
0
0
0
0
0
0
0
0
0
0
0
0
0
0
0
0
0
0
0
0
0
0
0
0
0
0
0
0
0
0
0
0
0
0
0
0
0
0
0
0
0
0
0
0
0
0
0
0
0
0
0
0
0
0
0
0
0
0
0
0
0
0
0
0
0
0
0
0
0
0
0
0
0
0
0
0
0
0
0
0
0
0
0
0
0
0
0
0
0
0
0
0
0
0
0
0
0
0
0
0
0
0
0
0
0
0
