3
0
0
0
0
0
0
0
0
0
2
0
0
0
5
2
0
0
0
11
0
0
9
0
4
0
0
0
0
0
0
0
0
0
0
0
0
17
0
0
19
8
0
0
0
8
7
0
0
0
13
4
1
0
0
0
0
0
0
0
0
0
0
0
0
0
14
8
0
0
0
7
5
0
1
0
13
0
0
0
6
0
0
0
0
0
0
0
0
0
0
0
0
0
0
0
2
20
3
0
0
0
0
13
0
5
8
8
0
0
0
0
0
0
0
0
0
0
0
0
0
14
0
11
2
0
0
37
49
138
189
240
59
0
0
6
0
0
0
0
0
0
0
0
0
0
0
0
0
0
12
0
0
106
177
231
255
255
243
255
62
13
11
3
0
0
0
0
0
0
0
0
0
0
0
0
0
8
0
10
82
255
255
243
243
253
254
255
96
10
0
0
6
0
0
0
0
0
0
0
0
0
0
0
0
0
15
178
250
247
238
255
183
150
238
252
101
0
8
9
0
0
0
0
0
0
0
0
0
0
0
0
0
7
37
255
253
239
250
61
12
87
255
243
81
21
0
0
0
0
0
0
0
0
0
0
0
0
0
0
0
0
52
213
255
200
41
11
0
149
255
246
100
0
0
4
2
0
0
0
0
0
0
0
0
0
0
0
0
0
4
29
96
33
10
4
58
238
252
202
5
2
1
0
8
0
0
0
0
0
0
0
0
0
0
0
0
1
1
3
0
12
0
11
215
254
249
44
0
8
0
2
0
0
0
0
0
0
0
0
0
0
0
0
0
7
0
0
18
7
79
216
245
249
159
0
8
0
6
0
0
0
0
0
0
0
0
0
0
0
0
0
0
0
14
24
190
250
255
255
255
252
144
19
0
8
1
0
5
0
0
0
0
0
0
0
0
0
0
0
0
0
20
195
242
255
238
242
248
243
255
58
20
8
0
10
0
0
0
0
0
0
0
0
0
0
0
0
0
6
0
164
255
243
255
255
251
255
239
251
52
0
5
0
0
0
0
0
0
4
0
0
1
0
0
4
0
5
0
29
159
176
117
78
101
203
253
241
194
0
10
3
0
0
0
0
0
0
1
13
7
0
14
118
156
41
0
0
5
8
0
0
0
30
244
255
183
20
0
0
6
0
0
0
0
12
0
0
0
4
70
234
251
112
5
0
0
8
0
0
11
28
237
245
214
0
0
6
0
0
0
0
0
0
0
9
1
2
68
255
255
105
3
0
0
0
14
13
11
160
255
253
96
14
0
3
5
0
0
0
0
0
4
12
0
0
67
252
244
137
14
0
21
0
37
110
227
255
243
206
14
0
20
0
3
0
0
0
0
0
5
0
0
8
79
241
255
238
185
166
177
186
255
255
250
237
228
0
20
11
0
6
0
0
0
0
0
0
6
11
5
0
25
150
249
255
252
255
255
244
245
250
255
186
23
0
9
0
0
7
0
0
0
0
0
6
2
0
1
2
0
29
126
253
251
249
240
250
201
138
53
11
6
0
5
0
0
6
0
0
0
0
0
0
0
0
0
0
0
0
0
0
0
0
0
0
0
0
0
0
0
0
0
0
0
0
0
0
0
0
0
0
0
0
0
0
0
0
0
0
0
0
0
0
0
0
0
0
0
0
0
0
0
0
0
0
0
0
0
0
0
0
0
0
0
0
0
0
0
0
0
0
0
0
0
0
0
0
0
0
0
0
0
0
0
0
0
0
0
0
0
0
0
0
0
0
0
0
0
0
0
0
0
0
0
0
0
0
0
0
0
0
0
0
0
