5
0
0
0
0
0
0
0
0
0
0
0
0
0
0
0
0
0
3
0
7
0
6
0
0
0
0
0
0
0
0
0
0
0
0
0
0
0
0
0
0
0
0
0
0
6
7
0
2
0
2
0
5
3
2
4
6
0
0
0
0
0
0
0
0
0
0
0
0
0
0
0
0
0
1
0
8
1
7
1
2
0
0
1
0
0
0
0
0
0
0
0
0
0
0
0
0
0
0
0
0
0
0
0
3
0
0
0
0
0
1
0
0
0
0
0
0
0
0
0
0
0
0
0
0
0
0
0
0
0
0
0
0
2
4
10
12
1
5
6
1
0
0
0
0
0
0
0
0
0
0
0
0
0
0
0
0
0
0
3
0
2
0
0
0
0
0
0
3
0
0
0
0
0
0
0
0
0
0
0
0
0
0
0
0
5
0
7
0
7
0
5
2
12
0
0
0
0
0
0
0
0
0
0
0
0
0
0
0
0
0
0
0
1
0
3
6
53
87
143
167
58
21
0
0
0
0
0
0
0
0
0
0
0
3
0
3
10
0
0
20
136
203
236
235
255
248
255
225
203
13
0
8
0
0
0
0
0
0
0
0
1
0
11
0
0
18
146
218
255
252
173
142
95
53
53
29
20
0
0
0
0
0
0
0
0
0
0
0
0
22
0
2
0
124
255
161
127
33
0
12
1
0
7
0
0
4
16
0
0
0
0
0
0
0
0
0
0
1
0
0
117
243
155
4
0
1
28
0
11
11
0
7
6
12
0
0
0
0
0
0
0
0
0
0
10
7
107
140
246
255
240
30
34
0
0
0
0
0
0
1
0
0
0
2
0
0
0
0
0
0
0
0
0
41
255
255
255
255
255
244
204
114
1
23
0
0
20
0
3
5
11
11
0
0
0
0
0
0
0
0
13
17
132
197
57
6
48
76
122
243
154
0
0
2
0
0
2
0
0
0
0
0
0
0
0
0
0
0
1
0
0
2
1
8
4
0
0
95
237
31
4
0
10
2
1
0
4
0
3
6
0
7
0
4
2
0
0
1
7
0
1
8
0
6
4
233
249
103
6
0
10
0
0
0
0
0
0
0
28
0
0
4
0
0
12
0
3
1
0
0
34
133
201
233
122
17
0
0
7
0
0
0
0
0
14
0
0
4
22
144
44
19
0
22
36
41
121
228
255
245
180
124
11
0
3
0
4
0
0
0
0
0
0
19
3
0
10
235
216
217
205
231
252
239
239
220
142
84
12
9
0
3
10
0
3
1
0
0
0
0
15
0
6
0
0
13
81
166
179
169
160
118
60
4
0
14
0
0
1
4
0
0
2
0
0
0
0
0
0
4
3
0
3
0
15
0
0
4
10
0
0
10
0
0
12
6
0
0
1
0
0
0
0
0
0
0
2
10
0
8
0
3
2
0
4
0
1
0
5
4
0
0
0
0
0
0
8
5
0
3
0
0
0
0
0
0
7
0
6
0
6
0
0
2
6
0
0
4
0
4
0
10
6
0
0
5
0
0
0
0
0
0
0
0
0
0
0
0
0
0
0
0
0
0
0
0
0
0
0
0
0
0
0
0
0
0
0
0
0
0
0
0
0
0
0
0
0
0
0
0
0
0
0
0
0
0
0
0
0
0
0
0
0
0
0
0
0
0
0
0
0
0
0
0
0
0
0
0
0
0
0
0
0
0
0
0
0
0
0
0
0
0
0
0
0
0
0
0
0
0
0
0
0
0
0
0
0
0
0
0
0
0
0
0
0
0
0
0
0
0
0
0
0
0
