4
0
0
0
0
0
0
0
0
0
2
5
0
0
0
0
4
0
7
0
0
17
0
2
0
0
0
0
0
0
0
0
0
0
0
0
0
3
0
0
3
7
5
1
1
0
14
0
15
0
10
0
4
0
0
0
0
0
0
0
0
0
0
0
0
8
0
0
3
6
0
0
0
20
0
0
2
6
0
2
0
0
0
0
0
0
0
0
0
0
0
0
0
0
1
2
0
0
0
0
5
0
1
11
0
0
6
1
1
0
0
0
0
0
0
0
0
0
0
0
0
0
1
5
0
0
8
9
2
0
131
199
16
9
0
20
0
0
0
0
0
0
0
0
0
0
0
0
0
0
2
1
0
4
8
0
0
62
255
255
96
0
18
0
0
0
0
0
0
0
0
0
0
0
0
0
0
6
0
0
3
0
0
0
14
140
232
244
59
2
0
0
7
0
0
0
0
0
0
0
0
0
0
0
0
1
0
0
10
0
0
25
84
239
255
247
40
0
0
11
0
0
0
0
0
9
0
3
9
0
0
0
0
0
0
0
1
2
16
52
246
251
255
251
38
0
2
0
4
0
0
0
0
0
5
8
0
0
0
0
8
8
0
0
3
15
128
255
255
255
248
245
23
16
0
0
0
0
0
0
0
0
11
0
0
9
4
0
0
0
6
8
0
171
254
255
239
216
248
255
18
7
0
12
2
0
0
0
0
3
1
0
1
9
0
2
1
8
0
25
229
231
242
255
54
142
242
255
36
0
0
0
4
0
0
0
0
3
0
2
7
0
0
12
9
0
48
223
246
255
221
21
6
142
248
253
42
6
0
0
3
0
0
0
0
2
0
12
5
0
7
0
0
45
232
252
255
207
20
0
0
144
255
255
2
5
0
8
5
0
0
0
0
3
0
9
0
9
11
0
52
219
248
247
233
17
4
15
6
139
244
255
50
81
29
8
0
0
0
0
0
3
0
9
0
1
0
8
209
255
251
218
16
5
9
0
0
194
245
255
215
255
131
2
0
0
0
0
0
0
0
2
7
0
34
195
238
254
255
214
138
156
255
255
255
255
249
255
254
233
32
5
0
0
0
0
0
19
9
1
0
0
50
218
255
255
255
242
255
248
255
239
253
245
255
220
90
49
0
7
8
0
0
0
0
0
0
0
0
12
53
176
232
236
255
242
255
184
165
166
208
248
255
162
17
0
2
0
0
0
0
0
0
0
12
4
1
0
0
6
22
44
92
54
38
0
0
7
113
255
240
82
0
0
12
0
0
0
0
0
0
0
7
0
6
11
3
1
9
0
13
0
1
0
6
0
179
255
253
59
0
0
0
9
0
0
0
0
0
0
0
0
0
0
0
0
0
0
7
1
2
7
5
0
234
253
243
47
17
9
0
9
0
0
0
0
0
5
2
0
7
0
8
0
2
0
10
10
0
0
0
17
222
253
187
2
0
2
0
0
4
0
0
0
0
0
0
0
11
0
4
0
1
10
0
0
4
8
0
1
128
205
144
4
0
1
0
1
0
0
0
0
0
0
0
0
0
0
0
0
0
0
0
0
0
0
0
0
0
0
0
0
0
0
0
0
0
0
0
0
0
0
0
0
0
0
0
0
0
0
0
0
0
0
0
0
0
0
0
0
0
0
0
0
0
0
0
0
0
0
0
0
0
0
0
0
0
0
0
0
0
0
0
0
0
0
0
0
0
0
0
0
0
0
0
0
0
0
0
0
0
0
0
0
0
0
0
0
0
0
0
0
0
0
0
0
0
0
0
0
0
0
0
0
0
