6
0
0
0
0
0
0
0
0
2
5
0
0
17
0
0
0
0
0
8
0
10
0
13
0
0
0
0
0
0
0
0
0
0
0
0
0
3
0
4
15
0
0
9
2
7
2
11
0
6
7
0
0
0
0
0
0
0
0
0
0
0
0
0
0
4
9
7
0
4
10
6
0
0
15
0
0
2
6
0
8
0
0
0
0
0
0
0
0
0
0
0
0
0
1
0
0
7
0
0
14
1
2
51
204
255
129
10
0
0
0
0
0
0
0
0
0
0
0
0
0
5
0
3
3
0
16
11
0
9
83
236
251
244
122
0
0
0
0
0
0
0
0
0
0
0
0
0
0
12
0
8
1
0
6
0
8
151
249
255
224
160
0
10
0
0
0
0
0
0
0
0
0
0
0
0
0
0
0
1
13
0
0
12
160
253
255
255
84
2
1
0
21
0
0
0
0
0
0
0
0
0
0
0
0
0
0
9
0
6
146
215
255
250
167
44
9
4
0
5
0
0
0
0
0
0
0
0
0
0
0
0
0
3
2
0
0
145
243
255
162
95
9
0
0
0
2
0
7
0
0
0
0
0
0
0
0
0
0
0
0
0
4
0
123
255
249
224
17
0
1
10
4
7
0
12
0
0
0
0
0
0
0
0
0
0
0
0
0
8
0
51
216
249
255
34
0
0
0
0
0
0
0
9
7
0
0
0
0
0
0
0
0
0
0
0
0
0
6
236
255
251
66
30
0
6
2
0
13
0
14
0
0
0
0
0
0
0
0
0
0
0
0
0
0
9
163
244
255
188
0
0
1
0
16
1
0
0
0
0
19
0
0
0
0
0
0
0
0
0
0
0
0
84
240
255
136
0
15
7
0
24
107
126
138
141
0
4
0
0
0
0
0
0
0
0
0
0
0
0
0
109
250
240
98
9
0
39
162
222
254
255
255
240
81
1
0
0
0
0
0
0
0
0
0
0
0
0
0
134
254
246
13
50
168
239
255
249
250
255
250
244
210
4
0
0
0
0
0
0
0
1
1
0
0
0
1
89
255
230
157
239
255
248
160
81
43
219
243
238
83
2
0
0
0
0
0
0
0
1
0
0
0
0
1
99
231
255
255
244
207
29
2
17
104
239
255
223
3
0
0
0
0
0
0
0
1
0
0
0
0
0
1
110
255
238
243
166
19
13
23
147
253
250
222
158
4
20
0
0
0
0
0
0
1
0
0
0
0
2
6
198
235
255
252
160
39
36
213
255
255
168
69
10
0
0
0
0
0
0
0
0
0
0
0
0
2
6
9
215
255
211
250
235
255
249
255
254
125
16
0
0
17
6
0
0
0
0
0
0
0
0
0
0
2
5
8
168
248
227
253
253
252
213
166
68
21
0
13
0
0
7
6
0
0
0
0
0
0
1
0
0
0
0
2
18
167
255
192
123
51
23
0
0
11
0
6
0
3
11
0
0
0
0
0
0
0
1
0
0
0
0
0
0
17
0
11
2
0
2
5
0
5
1
0
4
3
0
10
0
0
0
0
0
0
0
0
0
0
0
0
0
0
0
0
0
0
0
0
0
0
0
0
0
0
0
0
0
0
0
0
0
0
0
0
0
0
0
0
0
0
0
0
0
0
0
0
0
0
0
0
0
0
0
0
0
0
0
0
0
0
0
0
0
0
0
0
0
0
0
0
0
0
0
0
0
0
0
0
0
0
0
0
0
0
0
0
0
0
0
0
0
0
0
0
0
0
0
0
0
0
0
0
0
0
0
0
0
0
0
0
0
0
0
0
