8
0
0
0
0
3
4
2
0
1
8
4
0
0
5
8
0
0
0
3
4
1
0
0
2
0
0
0
0
0
0
1
0
0
0
0
0
0
0
0
13
10
0
0
8
0
0
0
0
0
9
4
0
0
0
0
0
0
1
1
0
0
0
0
3
10
4
0
0
0
0
0
0
0
0
5
6
0
0
1
15
0
0
0
0
1
0
0
1
2
1
2
5
0
3
7
0
2
13
8
0
8
0
0
0
1
1
0
0
0
0
0
0
4
0
0
2
5
2
0
0
0
0
2
3
0
0
0
10
0
6
11
0
0
4
3
0
0
0
0
0
6
0
0
1
3
0
0
0
1
8
6
0
3
15
8
0
12
0
0
3
1
0
0
8
0
0
0
0
3
0
0
2
0
0
3
17
0
58
112
138
189
245
236
182
144
73
8
0
6
5
0
0
0
0
0
0
0
0
2
5
0
0
14
39
177
232
255
255
247
255
255
255
255
255
174
46
0
10
41
37
0
0
0
0
1
4
0
6
0
0
107
242
249
255
211
125
96
4
9
9
163
244
239
185
25
142
253
181
0
0
0
0
0
0
0
2
7
5
189
255
144
83
6
0
18
0
0
3
10
58
245
245
229
238
236
109
0
0
0
0
4
0
1
0
0
0
155
254
193
0
0
5
0
18
2
2
0
14
210
255
243
173
95
0
0
0
0
0
0
0
8
0
0
17
57
238
245
126
47
0
6
0
0
0
43
166
245
239
243
18
0
16
0
0
0
0
0
0
6
0
0
10
0
125
244
253
236
81
1
2
9
104
240
255
237
240
180
0
0
0
0
0
0
0
5
0
0
0
0
0
0
0
71
216
242
254
158
79
113
226
245
164
7
20
0
9
0
14
0
0
0
0
0
0
0
6
2
8
25
0
7
3
121
235
255
255
255
255
100
0
14
8
2
0
14
0
0
0
0
0
0
7
0
6
0
13
0
13
0
5
7
0
203
247
255
245
61
6
0
0
6
0
5
7
0
0
0
0
0
0
0
0
0
0
0
0
0
0
3
59
226
255
238
255
205
82
0
0
3
0
7
0
0
0
0
0
0
0
0
0
0
0
0
0
8
13
3
122
248
116
36
203
255
235
100
0
6
0
0
0
0
0
0
0
0
0
0
0
0
0
0
0
0
8
129
255
169
0
0
23
169
253
155
0
0
1
2
6
0
0
0
0
0
0
0
0
0
0
0
0
18
82
255
145
0
0
0
11
133
255
224
16
6
1
8
0
0
0
0
0
0
0
0
0
0
0
0
0
0
202
255
55
9
0
7
0
35
218
219
0
0
0
11
3
0
0
0
0
0
0
0
0
0
0
0
0
12
224
222
3
8
2
0
0
35
252
240
0
5
0
0
5
0
0
0
0
0
0
0
0
0
0
0
0
0
255
171
7
16
0
0
13
114
255
214
0
11
7
0
4
0
0
0
0
0
0
0
0
0
0
0
0
11
225
216
73
0
12
28
82
239
250
175
0
0
2
0
7
0
0
0
0
0
0
0
0
0
0
0
0
0
103
222
255
250
249
255
246
255
147
28
0
1
3
0
1
0
0
0
0
0
0
0
0
0
0
0
0
4
0
109
184
163
223
255
204
81
30
0
0
2
0
0
0
0
0
0
0
0
0
0
0
0
0
0
0
0
6
0
0
12
11
0
1
0
0
0
5
6
0
0
9
0
0
0
0
0
0
0
0
0
0
0
0
0
12
6
0
0
0
0
12
8
5
1
0
0
0
0
0
0
0
0
0
