9
0
0
0
0
0
0
0
0
1
10
0
1
2
0
8
0
3
4
0
0
8
0
0
9
0
0
0
0
0
0
0
0
0
0
0
0
0
0
0
9
4
0
0
1
0
8
6
0
3
6
0
0
0
0
0
0
0
0
0
0
0
0
0
0
5
4
6
0
0
1
3
9
0
0
0
2
0
0
1
0
0
0
0
0
0
0
0
0
0
0
0
0
0
0
2
0
2
8
0
0
7
0
4
3
0
0
9
3
0
0
0
0
0
0
0
0
0
0
0
0
13
0
0
4
3
0
0
18
0
6
16
2
0
4
13
0
0
0
0
0
0
0
0
0
0
0
0
0
0
11
5
1
0
0
0
0
7
0
0
4
5
0
0
5
0
0
0
0
0
0
0
0
0
0
0
0
0
8
0
23
83
141
220
221
121
59
5
1
8
0
0
15
0
0
0
0
0
0
0
0
0
0
0
0
3
0
9
174
255
244
255
246
255
220
97
0
0
11
5
0
0
0
0
0
0
0
0
0
0
0
0
0
0
28
134
250
255
248
255
254
248
255
121
1
5
0
0
10
0
0
0
0
0
0
0
0
0
0
0
0
6
9
250
254
234
125
105
115
255
244
159
148
93
38
0
0
0
0
0
0
0
0
0
0
0
0
0
0
6
136
245
251
253
15
0
15
208
255
255
235
255
71
0
14
0
0
0
0
0
0
0
0
0
0
0
0
0
219
255
243
107
0
7
40
233
243
235
255
252
81
0
0
0
0
0
0
0
0
0
0
0
0
0
0
73
244
244
255
122
5
39
155
255
244
255
255
221
29
7
9
0
0
0
0
0
0
0
0
0
0
0
0
3
188
248
249
254
190
217
253
236
255
239
240
35
0
0
0
0
0
0
0
0
0
0
0
0
0
0
0
6
30
242
255
255
252
247
255
255
255
130
46
4
10
3
12
0
0
0
0
0
0
0
0
0
0
0
0
0
0
80
209
250
254
255
255
250
143
15
1
0
0
5
0
0
0
0
0
0
0
0
0
0
0
0
0
0
6
3
20
70
178
255
237
255
27
0
0
2
0
5
5
0
0
0
0
0
0
0
0
0
0
0
0
0
6
2
0
0
151
251
255
237
28
8
5
10
0
0
0
0
0
0
0
0
0
0
0
0
0
0
0
6
0
0
6
28
239
255
240
171
0
0
0
3
0
3
0
0
0
0
0
0
0
0
0
0
0
0
0
0
0
3
7
17
255
253
255
146
12
0
0
1
0
1
0
0
0
0
0
0
0
0
0
0
0
0
0
0
1
11
0
20
248
247
255
92
6
1
0
0
0
0
0
0
0
0
0
0
0
0
0
0
0
0
0
6
0
0
0
100
255
245
205
19
0
0
0
0
3
0
0
0
0
0
0
0
0
0
0
0
0
0
0
0
0
0
0
154
243
247
187
10
2
9
7
2
4
0
0
0
0
0
0
0
0
0
0
0
0
0
0
0
1
4
10
226
255
255
169
0
0
2
0
0
2
0
3
0
0
0
0
0
0
0
0
0
0
0
0
6
3
1
101
255
247
255
123
0
0
0
0
0
0
0
0
0
0
0
0
0
0
0
0
0
0
0
0
0
0
4
117
255
255
230
76
0
0
0
0
0
0
0
0
0
0
0
0
0
0
0
0
0
0
0
0
0
9
6
0
0
0
15
0
0
0
0
0
0
0
0
0
0
0
0
0
0
0
0
0
0
0
0
0
5
0
0
0
0
11
12
0
0
0
0
0
0
0
0
0
0
0
0
0
