4
0
0
0
0
0
0
0
0
2
9
0
0
0
0
11
0
0
3
3
1
0
0
9
5
0
0
0
0
0
0
0
0
0
0
0
0
0
0
20
9
0
11
0
0
10
0
0
5
7
12
0
0
0
0
0
0
0
0
0
0
0
0
0
0
6
0
0
14
1
0
14
6
2
4
6
7
0
12
0
11
0
0
0
0
0
0
0
0
0
0
0
0
0
7
10
8
2
0
14
0
0
12
0
0
0
14
0
0
0
0
0
0
0
0
0
0
0
0
0
0
0
95
210
37
0
13
0
0
0
17
0
11
1
0
4
0
0
0
0
0
0
0
0
0
0
0
0
0
6
201
255
55
7
4
2
7
4
0
0
4
0
0
10
8
0
0
0
0
0
0
0
0
0
0
0
0
1
245
213
22
1
0
1
0
17
0
23
0
0
7
3
0
0
0
0
0
0
0
0
0
0
0
0
0
0
255
205
2
0
21
0
0
0
37
194
85
0
1
1
5
0
0
0
0
0
7
0
0
1
0
0
3
0
255
217
40
1
0
4
0
0
202
254
232
0
2
0
0
0
0
0
0
0
2
0
0
2
3
6
1
0
255
239
22
0
0
4
0
0
202
255
232
0
4
1
3
0
0
0
0
0
0
2
1
0
5
5
0
72
255
200
1
9
0
0
5
0
202
254
229
0
0
0
3
0
0
0
0
4
0
4
0
0
2
0
0
116
248
131
0
17
0
0
5
0
204
255
232
0
0
0
1
0
0
0
0
4
0
6
0
0
3
0
9
116
250
91
0
0
0
3
0
1
206
255
235
1
3
0
2
0
0
0
0
2
0
7
0
2
6
2
48
214
255
80
9
5
5
13
4
0
202
253
230
0
3
0
0
0
0
0
0
0
0
6
0
7
4
1
84
255
228
58
0
0
0
0
1
13
208
251
225
0
1
0
0
0
0
0
0
0
0
6
0
8
0
0
101
255
235
140
48
45
56
40
53
35
224
255
229
0
4
0
0
0
0
0
0
3
0
0
4
0
0
20
55
246
252
253
247
244
250
255
255
255
243
255
234
0
7
0
5
0
0
0
0
4
0
0
5
1
0
0
10
93
175
247
237
175
143
171
215
233
255
255
224
4
0
0
0
0
0
0
0
1
0
0
4
5
0
0
0
0
4
18
12
0
0
6
18
42
210
240
233
9
4
0
0
0
0
0
0
0
0
0
0
2
7
6
1
17
5
0
0
6
11
2
0
0
227
244
228
0
4
2
6
0
0
0
0
0
3
1
0
0
0
0
0
0
0
6
8
2
0
0
1
13
216
253
231
22
4
4
0
0
0
0
0
0
0
3
1
0
0
0
0
8
0
0
0
0
1
5
8
0
114
255
255
90
0
2
0
0
0
0
0
0
0
1
5
4
2
2
4
0
0
5
10
7
0
0
0
6
48
243
251
64
0
2
13
0
0
0
0
10
1
0
0
0
0
0
1
3
0
0
0
3
0
0
1
0
1
187
218
3
1
0
0
0
0
0
0
0
0
0
0
0
0
0
0
0
0
0
0
0
0
0
0
0
0
0
0
0
0
0
0
0
0
0
0
0
0
0
0
0
0
0
0
0
0
0
0
0
0
0
0
0
0
0
0
0
0
0
0
0
0
0
0
0
0
0
0
0
0
0
0
0
0
0
0
0
0
0
0
0
0
0
0
0
0
0
0
0
0
0
0
0
0
0
0
0
0
0
0
0
0
0
0
0
0
0
0
0
0
0
0
0
0
0
0
0
0
0
0
