2
0
16
0
0
10
0
6
7
5
0
0
0
0
20
0
0
2
0
0
2
0
6
0
0
0
0
0
0
0
0
5
9
5
0
0
0
6
0
13
10
0
0
0
11
19
0
14
0
0
0
17
0
0
0
0
0
18
0
0
2
0
10
10
0
0
0
8
0
13
4
6
0
0
4
0
11
0
12
0
0
0
0
0
0
0
0
11
1
0
3
0
0
2
28
0
13
0
114
133
184
255
255
246
230
48
0
0
7
0
0
0
0
1
1
0
0
0
4
1
9
0
0
15
125
234
255
247
245
255
250
255
254
205
60
0
6
0
0
0
0
10
0
3
9
13
0
6
13
89
196
244
252
255
252
210
160
35
32
141
255
243
135
16
0
0
0
0
0
0
0
5
0
0
15
199
234
255
240
229
174
174
33
17
7
0
11
51
248
255
232
0
0
0
0
0
0
9
0
7
0
7
52
211
117
181
159
62
0
0
0
6
0
0
3
74
250
255
224
0
3
0
0
0
0
0
0
1
3
5
8
9
10
7
4
0
0
15
0
0
7
5
5
69
252
250
215
10
0
0
0
0
0
0
0
1
2
3
4
4
5
0
0
5
0
10
0
4
0
0
27
142
255
255
206
0
0
0
0
0
0
1
1
0
0
0
0
0
0
0
4
9
0
1
2
8
0
0
101
255
233
231
40
0
2
0
0
0
0
1
1
0
0
0
0
0
0
3
0
0
0
0
0
0
0
10
190
248
254
131
0
6
4
0
0
0
0
0
0
0
0
0
1
1
1
0
0
6
7
7
11
0
9
54
235
255
255
78
1
15
0
0
0
0
0
0
0
0
1
2
2
3
3
3
6
7
0
0
4
0
42
163
255
250
196
0
2
0
4
0
0
0
0
0
0
0
1
1
1
2
2
2
0
0
6
7
0
0
120
255
235
194
14
5
0
11
2
0
0
0
0
1
1
0
0
0
0
0
0
7
0
21
88
98
49
45
226
251
255
140
0
0
4
0
2
0
0
0
0
0
1
4
1
11
0
0
70
191
213
218
255
235
242
229
255
255
181
3
7
0
0
2
5
0
0
0
0
4
11
0
1
0
0
53
231
253
253
255
255
255
235
255
255
253
199
70
0
0
13
4
0
0
0
0
0
0
0
4
0
45
183
250
255
244
93
68
63
195
255
249
255
247
226
242
80
0
3
13
0
0
0
0
0
17
0
11
1
117
232
255
161
47
11
44
175
255
255
227
219
255
255
252
240
145
50
160
113
0
0
0
0
0
0
0
4
193
255
244
187
171
164
231
255
245
236
55
0
76
203
249
249
255
255
255
158
0
0
0
0
0
20
0
0
106
254
255
239
252
236
244
255
185
51
0
5
7
44
131
251
236
243
223
65
0
0
0
0
2
0
4
13
4
124
216
255
255
255
244
114
34
10
0
0
0
2
4
1
85
123
0
0
0
0
0
0
10
0
4
0
0
0
1
1
0
3
0
2
1
0
6
1
3
0
7
0
0
0
0
10
0
0
0
0
0
0
0
0
0
0
0
0
0
0
0
0
0
0
0
0
0
0
0
0
0
0
0
0
0
0
0
0
0
0
0
0
0
0
0
0
0
0
0
0
0
0
0
0
0
0
0
0
0
0
0
0
0
0
0
0
0
0
0
0
0
0
0
0
0
0
0
0
0
0
0
0
0
0
0
0
0
0
0
0
0
0
0
0
0
0
0
0
0
0
0
0
0
0
0
0
0
0
0
0
0
0
0
0
0
0
0
0
0
0
0
0
