7
0
0
0
0
0
0
0
0
2
2
0
3
7
0
5
0
0
3
0
5
3
0
1
0
0
0
0
0
0
0
0
0
0
0
0
0
0
12
12
0
0
0
10
0
0
0
0
0
7
5
4
0
0
0
0
0
0
0
0
0
0
0
0
0
11
0
0
0
10
0
6
0
4
3
6
0
0
0
0
7
0
0
0
0
0
0
0
0
0
0
0
0
0
5
6
0
0
3
9
0
0
0
7
0
0
6
0
0
0
0
0
0
0
0
0
0
0
0
0
0
2
0
0
13
8
6
0
0
22
10
3
0
0
8
1
0
0
0
0
0
0
0
0
0
0
0
0
0
2
0
4
0
0
0
0
6
0
0
0
3
2
0
5
4
0
0
0
0
0
0
0
0
0
0
0
0
0
0
15
0
140
255
249
138
5
12
0
14
16
0
6
0
0
0
0
0
0
0
0
0
0
0
0
0
0
8
117
133
250
251
255
238
255
172
15
0
0
0
21
0
0
0
0
0
0
0
4
0
2
4
2
58
131
251
255
249
255
244
255
255
249
255
185
9
0
8
0
0
0
0
0
0
0
10
0
3
0
0
192
255
255
242
255
255
255
255
255
254
249
255
255
49
9
0
7
3
0
0
0
0
7
5
0
0
2
0
246
255
255
255
255
238
191
5
0
255
244
255
255
135
3
15
4
0
0
0
0
0
0
0
12
0
0
8
198
244
254
248
71
0
10
0
11
133
255
244
237
137
0
0
8
0
0
0
0
0
8
0
0
0
14
3
12
0
133
0
18
15
0
1
0
255
255
253
255
206
0
0
0
4
0
0
0
0
0
23
0
0
0
0
0
6
2
9
0
0
4
5
20
249
248
255
255
243
2
22
0
7
0
0
0
0
0
12
0
3
16
13
1
0
0
6
6
11
0
0
16
252
255
249
247
133
0
0
5
8
0
0
0
0
0
0
6
0
0
6
0
4
2
0
0
0
6
4
0
255
251
255
253
132
0
6
4
0
0
0
0
0
0
0
0
0
0
0
0
0
7
0
4
0
0
0
193
255
254
255
253
58
0
5
0
2
0
0
0
0
0
0
0
0
0
0
0
0
0
0
13
16
2
127
255
255
249
255
187
14
0
0
0
2
0
0
0
0
0
0
0
0
0
0
0
0
9
0
0
0
8
193
250
255
245
255
72
0
0
0
2
2
0
0
0
0
0
0
0
0
0
0
0
0
0
0
15
26
46
255
255
252
255
255
0
8
1
0
9
0
0
0
0
0
0
0
0
0
0
0
0
0
4
0
0
0
0
255
255
252
255
172
0
14
7
2
0
0
0
0
0
0
0
0
0
0
0
0
0
0
0
19
10
0
138
248
255
247
180
33
11
0
8
7
0
4
0
0
0
0
0
0
0
0
0
0
0
0
0
8
0
9
255
245
255
194
67
0
6
0
6
0
0
5
0
0
0
0
0
0
0
0
0
0
0
0
0
2
0
128
252
255
242
4
6
12
0
17
6
0
13
0
0
0
0
0
0
0
0
0
0
0
0
0
0
3
0
197
255
181
64
0
0
0
0
0
0
0
0
0
0
0
0
0
0
0
0
0
0
0
0
0
3
0
17
47
249
14
0
7
0
0
0
0
0
0
0
0
0
0
0
0
0
0
0
0
0
0
0
0
4
5
3
9
0
0
16
0
0
0
0
0
0
0
0
0
0
0
0
0
0
0
0
0
0
0
0
0
0
0
15
0
3
0
12
0
0
0
0
0
0
0
0
0
0
0
0
0
