8
0
0
0
0
0
0
0
0
0
0
7
10
0
0
5
0
3
1
0
2
0
7
0
6
0
0
0
0
0
0
0
0
0
0
0
0
3
0
0
0
0
11
9
0
0
7
0
0
21
0
10
0
0
0
0
0
0
0
0
0
0
0
0
0
3
0
0
2
5
0
0
11
0
5
7
7
0
0
16
3
0
0
0
0
0
0
0
0
0
0
0
0
0
6
1
0
3
0
0
12
6
0
9
0
17
16
0
0
0
0
0
0
0
0
0
0
0
0
0
0
0
14
2
0
1
18
1
0
0
11
0
44
176
252
15
26
0
0
0
0
0
0
0
0
0
0
0
0
0
2
0
0
0
0
0
16
16
62
189
255
239
237
27
0
0
0
0
0
0
0
0
0
0
0
0
0
5
0
4
14
0
2
70
145
255
239
226
170
255
83
0
9
0
0
0
0
0
0
0
0
0
0
0
0
0
4
9
0
0
85
202
255
189
108
46
196
172
16
1
0
0
0
0
0
0
0
0
0
0
0
0
0
8
0
0
14
26
221
163
32
7
60
201
170
13
2
1
0
0
0
0
0
0
0
0
0
0
0
0
0
0
6
0
0
138
204
29
35
146
252
220
24
0
0
0
2
0
0
0
0
0
0
0
0
0
0
0
0
10
2
0
13
216
119
65
245
255
251
77
0
0
6
0
13
0
0
0
0
0
0
0
0
0
0
0
0
0
0
8
99
255
209
237
236
117
67
24
3
6
0
10
0
0
0
0
0
0
0
0
0
0
0
0
0
9
11
0
143
239
255
203
33
0
9
19
0
5
2
0
0
0
0
0
0
0
0
0
0
0
0
0
0
0
0
0
136
255
244
137
9
3
0
0
3
0
11
0
17
0
0
0
0
0
0
0
0
0
0
0
0
3
2
10
93
245
255
255
200
33
12
12
0
8
0
16
0
0
0
0
0
0
0
0
0
0
0
0
0
0
10
16
213
193
187
249
255
255
165
4
0
4
0
9
0
0
0
0
0
0
0
0
0
0
0
0
0
0
0
146
246
49
3
108
199
241
255
63
2
13
0
0
6
0
0
0
0
0
0
0
0
0
0
0
0
14
11
203
255
33
0
27
0
196
244
125
5
0
1
5
0
0
0
0
0
0
0
0
0
0
0
0
0
0
113
255
203
8
0
0
0
155
255
73
7
0
3
7
0
0
0
0
0
0
0
0
0
0
0
0
0
0
111
249
202
0
5
0
15
205
217
0
0
0
3
0
0
0
0
0
0
0
0
0
0
0
0
0
0
3
109
255
241
74
0
0
112
243
67
17
0
2
0
2
0
0
0
0
0
0
0
0
0
0
0
0
0
0
103
255
247
221
140
153
255
126
0
5
1
0
0
0
3
0
0
0
0
0
0
0
0
0
0
0
0
0
0
172
255
255
255
250
150
0
15
0
7
1
0
0
9
0
0
0
0
0
0
0
0
0
0
0
0
10
0
108
249
186
165
102
7
2
0
9
0
0
9
0
0
0
0
0
0
0
0
0
0
0
0
0
0
0
0
0
0
0
0
0
0
0
0
0
0
0
0
0
0
0
0
0
0
0
0
0
0
0
0
0
0
0
0
0
0
0
0
0
0
0
0
0
0
0
0
0
0
0
0
0
0
0
0
0
0
0
0
0
0
0
0
0
0
0
0
0
0
0
0
0
0
0
0
0
0
0
0
0
0
0
0
0
0
0
0
0
0
0
0
0
0
0
0
0
0
0
0
0
0
0
0
0
0
0
0
0
0
