9
0
0
0
0
0
0
0
0
0
2
3
0
0
0
2
10
1
0
0
4
0
0
12
0
0
0
0
0
0
0
0
0
0
0
0
0
0
0
0
1
4
2
0
0
6
8
0
2
10
3
0
0
0
0
0
0
0
0
0
0
0
0
0
0
7
1
0
0
0
3
5
4
0
1
0
0
0
4
0
23
0
0
0
0
0
0
0
0
0
0
0
0
0
2
7
6
0
0
0
0
1
2
14
6
3
2
0
0
0
0
0
0
0
0
0
0
0
0
0
0
0
0
1
3
4
5
7
9
0
0
0
1
0
4
4
0
0
0
0
0
0
0
0
0
0
0
0
0
9
2
0
0
0
0
0
0
1
4
5
13
0
0
13
3
0
0
0
0
0
0
0
0
0
0
0
0
0
2
5
4
1
0
1
5
0
18
0
0
9
0
2
1
0
0
0
0
0
0
0
0
0
0
0
0
0
2
0
0
1
55
140
206
255
237
59
6
42
6
0
0
0
0
0
0
0
0
2
8
0
0
3
1
0
0
0
55
211
233
255
255
255
255
192
103
235
29
8
3
0
0
0
0
0
0
0
0
0
1
6
0
0
6
117
244
240
255
150
115
158
251
255
248
252
62
0
0
0
0
0
0
0
4
0
0
0
8
0
0
51
158
245
249
173
43
0
0
19
208
255
248
182
0
0
6
0
0
0
0
0
6
0
0
1
4
0
14
173
255
221
83
0
0
0
9
0
134
255
255
17
10
1
0
0
0
0
0
0
4
0
5
1
0
0
91
246
211
24
0
7
0
10
1
74
243
255
159
10
3
5
0
0
0
0
0
3
0
0
4
0
0
26
187
209
8
0
10
0
28
65
197
224
251
251
12
0
0
1
3
0
0
0
0
0
1
0
5
0
0
40
241
152
0
23
181
122
243
215
169
234
255
108
0
15
6
0
5
0
0
0
0
0
5
0
9
0
0
37
246
247
245
238
239
255
141
0
69
245
195
29
1
0
0
5
1
0
0
0
0
0
0
3
0
0
0
24
167
201
228
141
59
48
0
8
117
255
203
8
0
1
4
0
4
0
0
0
0
4
9
5
0
10
5
0
18
0
0
7
4
0
0
0
220
236
106
0
0
7
0
0
1
0
0
0
0
0
0
1
0
2
13
0
0
11
0
3
0
7
19
52
250
195
12
0
0
7
0
1
0
0
0
0
0
8
0
5
3
0
0
1
13
0
3
10
0
0
0
152
255
143
0
2
2
0
0
7
0
0
0
0
0
14
0
0
11
6
0
0
0
0
0
0
7
8
42
245
247
67
4
0
3
0
0
10
0
0
0
0
0
0
0
0
4
5
4
10
0
17
1
0
0
2
154
251
154
0
12
0
4
0
2
8
0
0
0
0
0
0
16
4
1
0
0
3
0
0
8
9
0
29
226
232
93
0
4
0
5
0
0
3
0
0
0
0
0
0
5
0
0
10
0
6
3
1
7
0
2
120
245
178
0
9
0
0
7
0
0
0
9
0
0
0
0
0
0
0
0
0
0
0
0
0
0
21
0
225
255
61
4
0
0
0
0
0
0
0
0
0
0
0
0
0
0
0
0
0
0
0
0
0
0
0
41
254
249
7
0
0
0
0
0
0
0
0
0
0
0
0
0
0
0
0
0
0
0
0
0
4
0
27
51
230
141
1
5
0
0
0
0
0
0
0
0
0
0
0
0
0
0
0
0
0
0
0
0
7
0
0
0
12
5
0
12
0
0
0
0
0
0
0
0
0
0
0
0
