0
0
0
0
0
0
0
0
0
0
0
3
6
0
0
0
0
8
0
8
0
0
0
0
1
0
0
0
0
0
0
0
0
0
0
0
0
2
0
0
12
0
0
1
2
0
0
4
9
4
5
0
0
0
0
0
0
0
0
0
0
0
0
0
0
0
19
0
0
7
6
0
1
7
0
1
0
0
6
2
0
0
0
0
0
0
0
0
0
0
0
0
0
0
18
5
0
0
0
15
0
0
0
10
0
0
1
1
3
0
0
0
0
0
0
0
0
0
0
0
0
13
0
16
136
248
255
239
91
26
0
0
6
6
3
0
0
0
0
0
0
0
0
0
0
0
0
0
0
6
0
0
116
255
246
255
243
169
50
0
0
4
10
0
0
0
0
0
0
0
0
0
0
0
0
0
0
0
15
0
127
255
245
217
219
255
168
79
13
0
5
3
2
0
0
0
0
0
0
0
0
0
0
0
0
4
0
21
202
251
248
169
31
207
254
249
119
2
0
2
2
0
0
0
0
0
1
0
9
0
7
5
0
0
29
187
255
255
249
207
5
24
207
255
247
129
36
9
0
0
15
3
0
0
9
2
3
0
0
0
0
0
139
255
245
255
188
42
6
9
37
137
231
252
215
1
6
0
0
0
3
0
6
0
3
2
17
0
0
62
214
255
255
229
134
17
0
1
3
0
94
255
237
128
4
8
0
0
3
6
6
0
0
1
6
0
14
129
243
255
247
65
0
3
0
0
5
5
13
187
255
251
126
0
0
9
0
0
1
0
2
0
0
7
113
255
255
244
162
10
12
0
1
0
0
21
15
48
203
251
247
20
0
2
5
0
0
0
10
9
0
12
157
242
252
248
140
0
0
0
3
4
4
0
0
0
48
249
251
136
14
0
4
3
4
0
0
3
0
0
155
244
255
255
127
9
0
17
0
0
0
16
0
19
37
255
254
230
51
0
0
0
9
5
0
1
16
66
255
255
238
214
9
0
18
0
5
0
11
0
0
13
28
247
254
226
55
4
3
0
0
11
0
0
0
37
194
251
255
204
1
1
0
0
0
5
0
9
11
0
140
255
240
51
17
0
0
4
0
4
0
1
0
65
245
255
247
60
0
6
33
0
14
0
14
0
0
43
222
238
234
15
0
0
2
5
0
0
1
2
0
72
252
252
255
131
0
0
0
0
5
6
0
7
22
188
255
237
165
0
0
1
5
2
0
0
4
3
0
38
174
255
231
220
29
0
13
17
0
0
0
16
218
255
250
237
41
0
4
6
1
0
1
1
0
3
0
4
72
236
255
255
118
0
10
0
0
4
112
201
242
248
249
69
7
0
2
0
0
0
8
0
0
3
0
0
14
106
255
247
223
185
204
195
194
188
242
255
253
157
35
8
7
0
0
0
0
0
9
0
0
4
3
0
0
35
218
252
255
255
233
255
255
253
255
188
111
0
11
0
0
0
0
0
4
0
6
0
0
5
0
0
0
2
37
70
177
239
255
254
253
249
85
32
3
6
2
0
8
5
0
0
1
0
0
0
0
0
0
0
0
0
0
0
0
0
0
0
0
0
0
0
0
0
0
0
0
0
0
0
0
0
0
0
0
0
0
0
0
0
0
0
0
0
0
0
0
0
0
0
0
0
0
0
0
0
0
0
0
0
0
0
0
0
0
0
0
0
0
0
0
0
0
0
0
0
0
0
0
0
0
0
0
0
0
0
0
0
0
0
0
0
0
0
0
0
0
0
0
0
0
0
0
0
0
0
0
0
0
0
0
0
0
0
0
