5
0
0
0
0
0
0
0
0
6
0
10
0
0
15
3
0
0
0
3
0
0
0
1
0
0
0
0
0
0
0
0
0
0
0
0
0
0
0
0
0
10
3
0
1
0
26
0
2
4
2
0
0
0
0
0
0
0
0
0
0
0
0
0
0
4
20
0
0
0
0
0
18
0
0
0
0
2
1
0
8
0
0
0
0
0
0
0
0
0
0
0
0
0
0
0
0
10
17
0
0
11
0
22
6
8
1
0
0
0
0
0
0
0
0
0
0
0
0
0
0
2
0
18
2
0
1
0
5
0
13
0
0
0
6
0
2
0
0
0
0
0
0
0
0
0
0
0
0
7
0
7
0
0
9
4
22
173
233
36
16
0
4
0
0
0
0
0
0
0
0
0
0
0
0
0
0
0
161
238
224
184
156
199
250
250
218
20
13
0
0
2
4
0
0
0
0
0
0
0
0
0
0
0
0
4
243
255
247
255
246
255
250
206
33
0
7
1
0
4
0
0
0
0
0
0
0
0
0
0
0
0
0
0
251
255
19
69
91
75
68
1
0
0
1
3
0
11
0
0
0
0
0
0
0
0
0
0
0
0
0
0
254
255
0
0
0
1
0
0
0
10
0
9
0
0
12
0
0
0
0
0
0
0
0
0
0
0
0
62
255
243
0
34
145
228
191
125
0
12
0
0
0
0
0
0
0
0
0
0
0
0
0
0
0
0
0
2
251
255
172
224
250
255
251
251
232
21
8
0
4
0
1
0
0
0
0
0
0
0
0
0
0
0
0
0
255
254
255
252
88
0
26
172
255
232
20
10
0
8
0
0
0
0
0
0
0
0
0
0
0
0
0
19
221
246
249
138
24
0
18
0
183
251
164
11
0
0
5
0
0
0
0
0
0
0
0
0
0
0
0
0
138
255
200
14
0
7
0
18
28
223
255
30
0
4
3
0
0
0
0
0
0
0
0
0
0
0
0
0
61
170
84
4
5
0
10
0
6
131
255
141
3
5
0
0
0
0
0
0
0
0
0
0
0
0
0
1
0
8
0
5
0
4
7
0
5
90
250
174
0
1
2
0
0
0
0
0
0
0
0
0
0
0
0
1
6
0
7
6
10
0
0
20
0
21
255
225
5
0
3
0
0
0
0
0
0
0
0
0
0
0
0
0
7
0
0
0
5
6
15
1
0
5
246
235
0
4
3
0
0
0
0
0
0
0
0
0
0
0
0
4
0
11
2
0
0
10
0
0
3
6
255
173
15
0
4
0
0
0
0
0
0
0
0
0
0
0
0
0
4
90
143
40
0
1
9
14
0
85
255
163
8
0
0
0
0
0
0
0
0
0
0
0
0
0
0
0
1
212
243
210
0
8
0
0
41
218
255
116
0
4
1
0
0
0
0
0
0
0
0
0
0
0
0
1
16
104
253
255
166
43
6
42
172
239
204
2
13
0
8
0
0
0
0
0
0
0
0
0
0
0
0
2
0
10
79
251
255
254
255
254
250
201
41
0
0
12
0
0
0
0
0
0
0
0
0
0
0
0
0
4
0
0
2
38
110
198
255
226
135
35
0
0
6
1
0
0
0
0
0
0
0
0
0
0
0
0
0
0
0
1
0
0
0
0
0
7
0
0
4
3
0
0
4
0
0
0
0
0
0
0
0
0
0
0
0
4
2
0
1
4
6
5
3
0
0
0
1
0
0
0
10
0
0
0
0
0
0
0
0
0
0
0
0
0
0
0
0
0
0
0
0
13
4
0
4
7
3
0
0
0
0
0
0
