1
0
0
0
0
0
0
0
0
0
0
0
0
0
0
0
0
8
0
0
7
0
0
11
0
0
0
0
0
0
0
0
0
0
0
0
0
0
0
0
0
0
0
0
0
0
0
6
4
11
6
0
9
0
0
0
0
0
0
0
0
0
0
0
0
0
0
0
0
0
0
0
0
0
7
0
0
0
7
0
0
0
0
0
0
0
0
0
0
0
0
0
0
0
0
0
0
0
0
0
0
0
20
0
4
11
0
14
17
0
0
0
0
0
0
0
0
0
0
0
0
0
0
0
0
0
0
0
0
0
6
20
154
255
137
0
0
0
0
0
0
0
0
0
0
0
0
0
0
0
0
0
0
0
0
0
0
6
0
154
255
246
138
7
1
0
0
0
0
0
0
0
0
0
0
0
0
0
0
0
0
0
0
0
0
0
138
248
255
237
117
0
17
0
0
0
0
0
0
0
0
0
0
0
0
0
0
0
0
0
0
0
0
0
157
246
248
124
0
3
0
0
0
0
0
0
0
0
0
0
0
0
0
0
6
0
6
3
0
0
25
217
245
242
142
0
0
10
0
0
0
0
0
0
0
0
0
0
0
0
0
9
0
6
3
0
0
17
158
255
248
255
116
20
0
0
14
0
0
0
0
0
0
0
0
0
0
0
0
2
7
0
5
3
7
3
190
255
253
186
22
0
17
4
0
0
0
0
0
0
0
0
0
0
0
0
0
0
10
14
0
4
3
141
255
254
187
30
0
0
0
6
0
0
0
0
0
0
0
0
0
0
0
0
0
17
0
0
10
0
134
255
249
243
117
0
11
2
0
6
1
0
0
0
0
0
0
0
0
0
0
0
0
0
10
0
17
35
206
247
253
238
67
14
0
0
7
9
0
0
0
0
0
0
0
0
0
0
0
0
0
8
0
4
17
198
247
255
253
173
4
0
0
5
0
0
7
0
0
0
0
0
0
0
0
0
0
0
0
0
0
0
192
255
255
244
206
16
0
0
16
0
7
3
0
0
0
0
0
0
3
6
1
0
2
2
0
0
11
0
209
243
251
255
90
0
0
0
0
0
0
0
0
0
0
0
0
0
4
3
0
0
0
0
0
2
3
149
255
255
241
184
0
0
0
0
0
0
0
0
0
0
0
0
0
2
3
0
0
0
1
1
0
3
126
244
255
244
240
88
8
0
0
0
0
0
0
0
0
0
0
0
0
1
0
0
0
2
5
4
2
4
218
255
243
255
114
0
0
0
0
0
0
0
0
0
0
0
0
0
0
0
0
0
2
4
2
0
0
6
201
244
255
197
26
7
12
0
0
0
0
0
0
0
0
0
0
0
0
0
0
1
3
0
0
0
0
97
255
255
204
43
0
3
0
0
0
0
0
0
0
0
0
0
0
0
0
0
0
2
3
0
0
1
11
140
255
254
56
10
0
5
0
0
0
0
0
0
0
0
0
0
0
0
0
0
0
2
3
0
0
12
29
228
242
169
16
2
0
0
12
0
0
0
0
0
0
0
0
0
0
0
0
0
0
0
0
0
0
0
0
0
0
0
0
0
0
0
0
0
0
0
0
0
0
0
0
0
0
0
0
0
0
0
0
0
0
0
0
0
0
0
0
0
0
0
0
0
0
0
0
0
0
0
0
0
0
0
0
0
0
0
0
0
0
0
0
0
0
0
0
0
0
0
0
0
0
0
0
0
0
0
0
0
0
0
0
0
0
0
0
0
0
0
0
0
0
0
0
0
0
0
0
0
0
0
0
0
0
0
0
0
0
0
0
