3
0
0
0
2
9
0
0
1
2
0
0
7
0
0
2
0
0
11
0
12
6
0
0
1
0
0
0
0
0
5
4
0
0
0
6
4
1
2
2
0
0
0
3
0
2
5
0
0
0
2
1
0
0
0
0
0
0
0
0
0
0
7
4
0
3
1
3
1
4
2
4
1
0
0
20
8
0
2
0
0
0
0
0
0
10
0
0
2
0
6
2
0
0
0
0
1
15
0
0
9
4
0
0
0
0
2
0
10
0
0
0
0
3
0
8
0
0
1
0
12
8
2
8
21
88
109
127
129
218
152
0
9
2
6
0
0
0
0
0
0
0
0
11
0
0
13
0
0
0
110
225
235
255
244
255
255
255
220
11
1
0
0
1
5
0
0
0
0
0
0
4
0
12
12
0
50
206
247
255
227
246
212
198
180
229
255
103
13
5
0
0
1
0
0
0
0
6
0
6
1
1
0
32
205
251
244
217
128
88
0
0
15
169
247
142
0
5
2
3
0
0
0
0
0
6
0
15
0
0
0
42
248
255
88
5
0
10
0
0
3
161
255
145
0
0
0
10
7
0
0
0
0
6
0
5
0
5
2
10
130
190
14
0
0
0
2
8
27
218
246
120
17
17
0
0
0
0
0
0
0
1
0
0
0
8
4
0
20
17
3
3
4
12
0
4
46
250
255
179
67
29
0
7
3
0
0
0
0
0
5
1
1
3
0
0
0
8
0
13
0
2
14
21
181
233
244
255
255
202
103
0
0
0
0
0
0
0
4
0
5
1
0
6
1
0
17
0
0
1
72
194
255
255
224
223
246
241
225
12
0
0
0
0
0
4
0
0
3
6
0
0
0
0
0
0
29
135
255
255
239
128
2
1
142
249
234
0
13
0
0
0
0
2
0
0
0
6
2
0
0
0
13
3
163
251
240
254
235
52
0
0
96
249
235
0
0
0
0
0
0
0
3
9
0
1
3
0
12
10
0
3
175
246
255
220
50
0
1
0
77
254
212
8
0
0
0
0
0
0
0
6
3
8
0
17
0
0
0
16
56
173
135
51
0
0
0
8
116
255
232
0
4
0
0
0
0
7
13
0
10
31
15
4
1
19
0
0
0
4
5
7
0
4
16
72
235
243
197
16
0
0
0
0
0
1
0
0
102
255
118
0
5
0
16
0
0
4
0
0
13
0
78
200
248
237
31
0
18
0
0
0
0
0
1
7
135
244
255
132
11
1
0
0
16
5
0
7
0
97
254
239
214
24
10
0
0
0
0
0
0
10
0
0
7
151
240
233
145
48
11
6
0
0
0
78
110
231
249
131
20
0
10
0
0
0
0
0
0
0
0
5
7
0
191
255
244
216
146
59
63
190
204
246
255
217
38
0
5
5
0
15
4
0
0
0
0
16
0
2
1
13
63
156
255
255
249
245
255
255
236
255
215
68
12
0
8
14
0
0
0
0
0
0
0
0
10
2
0
0
9
19
110
167
254
253
255
232
133
53
6
0
17
0
0
3
0
3
2
0
0
0
0
0
0
0
0
0
0
0
0
0
0
0
0
0
0
0
0
0
0
0
0
0
0
0
0
0
0
0
0
0
0
0
0
0
0
0
0
0
0
0
0
0
0
0
0
0
0
0
0
0
0
0
0
0
0
0
0
0
0
0
0
0
0
0
0
0
0
0
0
0
0
0
0
0
0
0
0
0
0
0
0
0
0
0
0
0
0
0
0
0
0
0
0
0
0
0
0
0
0
0
0
0
0
0
0
0
0
0
0
0
0
0
0
