4
0
0
0
0
0
0
0
0
4
0
0
0
0
0
0
7
0
0
0
0
0
0
0
0
0
0
1
0
0
0
0
0
0
0
0
0
0
1
4
2
3
6
1
0
0
0
0
0
0
0
0
0
0
1
2
2
0
0
0
0
0
0
0
0
1
0
0
0
0
0
0
0
0
0
0
0
0
0
0
0
0
0
0
0
0
0
0
0
0
0
0
0
9
0
0
2
2
0
0
5
0
0
0
0
0
0
0
0
4
0
0
0
0
0
0
0
0
0
0
0
0
0
3
8
4
0
0
1
0
0
0
0
0
0
0
0
3
1
2
6
0
0
0
0
0
0
0
0
0
4
3
0
0
0
3
0
0
0
0
0
0
0
0
0
0
0
0
4
0
0
0
0
0
0
0
0
5
0
0
6
12
6
1
2
0
0
0
0
0
0
0
0
18
1
0
0
0
0
0
0
0
0
0
0
10
0
1
63
75
24
0
0
0
0
0
0
0
0
0
0
79
42
7
0
0
0
0
0
14
0
5
0
4
0
9
177
255
102
0
5
0
6
9
0
12
0
0
117
248
188
1
11
0
5
3
0
0
0
0
12
0
2
161
255
255
106
6
1
13
0
0
5
2
0
97
251
255
217
11
0
0
4
1
0
3
0
24
0
2
132
239
249
208
27
0
0
1
0
18
0
0
122
231
249
241
123
0
0
0
1
0
0
7
0
0
14
115
224
255
236
94
0
17
4
16
0
0
14
132
252
254
237
114
8
0
14
2
0
0
9
0
10
0
161
253
255
249
126
0
0
0
0
0
0
14
162
255
255
233
117
4
0
4
0
5
0
1
3
0
0
159
245
253
253
191
61
36
0
4
0
0
42
205
255
249
226
87
0
1
0
4
0
4
0
2
0
6
0
255
240
254
255
253
244
226
173
218
141
127
255
235
248
206
49
10
3
17
0
0
20
0
0
6
0
0
1
123
247
244
255
255
255
255
255
239
255
255
243
255
210
59
0
3
0
0
17
0
5
2
0
0
7
0
0
21
58
124
78
122
124
122
197
255
248
255
231
132
25
0
1
0
0
4
0
0
6
2
0
0
6
0
0
0
12
0
14
12
0
44
219
243
247
210
61
0
3
2
0
3
15
0
0
0
0
0
0
0
3
3
0
0
0
0
0
0
56
223
255
246
150
9
5
0
0
3
0
0
0
2
16
6
0
0
0
0
0
1
6
5
1
0
35
169
255
255
207
57
0
0
8
5
0
9
2
0
4
11
33
15
0
0
3
1
0
0
0
1
0
2
185
255
246
124
33
18
0
20
0
0
6
0
0
12
3
0
20
5
0
0
0
3
1
0
1
0
0
121
243
248
64
18
0
0
6
0
4
16
3
0
2
6
0
0
8
0
0
0
0
0
4
6
4
2
3
0
109
47
14
0
4
0
0
8
10
0
0
14
1
0
6
3
4
2
0
11
0
0
0
0
0
0
0
0
7
2
0
2
0
9
0
0
0
5
9
0
0
6
0
3
0
0
5
0
0
0
0
0
0
0
0
0
0
0
0
0
0
0
0
0
0
0
0
0
0
0
0
0
0
0
0
0
0
0
0
0
0
0
0
0
0
0
0
0
0
0
0
0
0
0
0
0
0
0
0
0
0
0
0
0
0
0
0
0
0
0
0
0
0
0
0
0
0
0
0
0
0
0
0
0
0
0
0
0
0
0
0
0
0
0
0
0
0
0
0
0
0
0
0
0
0
0
0
0
0
0
0
0
0
0
0
0
0
0
0
