1
0
0
0
0
0
0
0
0
0
0
0
0
0
0
0
0
6
0
3
0
4
1
7
0
0
0
0
0
0
0
0
0
0
0
0
0
0
0
0
0
0
0
0
0
0
0
3
10
0
0
0
8
0
0
0
0
0
0
0
0
0
0
0
0
0
0
0
0
0
0
0
0
7
0
0
13
0
6
0
0
0
0
0
0
0
0
0
0
0
0
0
0
0
0
0
0
0
0
0
0
0
0
5
10
0
0
3
8
0
0
0
0
0
0
0
0
0
0
0
0
0
0
0
0
0
0
0
0
22
0
0
6
9
0
7
0
0
0
0
0
0
0
0
0
0
0
0
0
0
0
0
0
0
0
0
0
0
48
199
240
149
12
0
1
0
0
0
0
0
0
0
0
0
0
0
0
0
0
0
0
0
0
0
0
7
106
255
255
130
0
0
6
0
0
0
0
0
0
0
0
0
0
0
0
0
0
0
0
0
0
0
0
9
128
250
245
88
12
0
0
0
0
0
0
0
0
0
0
0
0
0
0
0
17
8
0
5
0
0
2
7
205
255
252
16
0
15
0
0
0
0
0
0
0
0
0
0
0
0
0
11
0
0
11
6
2
0
56
146
246
240
95
1
1
0
0
0
0
0
0
0
0
0
0
0
0
0
0
0
0
15
0
0
11
1
54
240
255
196
1
8
8
0
7
0
0
0
0
0
0
0
0
0
0
0
0
3
10
0
22
0
0
31
237
251
234
89
0
3
0
0
3
0
0
0
0
0
0
0
0
0
0
0
0
0
0
0
3
13
0
116
237
255
132
0
0
0
0
4
0
0
0
0
0
0
0
0
0
0
0
0
0
99
22
6
0
0
10
208
250
215
27
0
4
6
6
3
2
0
0
0
0
0
0
0
0
0
0
0
0
0
50
11
13
0
147
243
237
74
0
10
0
0
0
0
1
0
0
0
0
0
0
0
0
0
0
0
0
0
7
0
8
154
248
255
242
0
13
6
0
0
0
0
0
0
0
0
0
2
1
0
10
9
0
0
13
0
0
1
55
159
255
225
184
0
0
0
0
0
0
0
0
0
0
0
0
0
6
0
0
0
11
10
0
0
7
62
218
255
255
80
9
0
0
0
0
0
0
0
0
0
0
0
0
2
0
1
2
0
2
6
1
0
2
169
243
243
119
33
0
0
0
0
0
0
0
0
0
0
0
0
0
5
0
7
13
1
0
0
2
15
32
237
255
223
0
5
2
0
0
0
0
0
0
0
0
0
0
0
0
5
0
8
0
0
14
0
0
21
226
235
191
31
4
0
0
0
0
0
0
0
0
0
0
0
0
0
0
4
0
7
0
0
0
0
56
222
252
85
0
12
0
0
13
0
0
0
0
0
0
0
0
0
0
0
0
2
0
7
7
0
0
30
188
255
190
22
3
0
23
0
0
0
0
0
0
0
0
0
0
0
0
0
0
0
0
9
0
1
19
90
255
232
21
2
1
0
0
21
0
0
0
0
0
0
0
0
0
0
0
0
0
4
0
1
0
7
120
238
255
222
12
0
6
0
8
0
3
0
0
0
0
0
0
0
0
0
0
0
0
4
0
10
6
0
0
8
0
6
0
7
0
0
19
0
0
0
0
0
0
0
0
0
0
0
0
0
0
3
0
0
9
6
6
12
9
0
5
12
0
0
3
0
9
0
0
0
0
0
0
0
0
0
0
0
0
10
0
0
0
0
0
0
0
6
7
0
0
14
0
0
4
0
0
0
0
0
0
0
0
0
0
0
0
