6
0
0
0
0
0
0
0
0
0
6
5
0
0
4
1
0
0
13
0
0
9
0
12
0
0
0
0
0
0
0
0
0
0
0
0
0
6
1
0
0
0
4
2
0
11
0
0
0
2
0
0
0
0
0
0
0
0
0
0
0
0
0
0
0
6
0
0
7
4
0
0
0
0
13
0
122
255
107
0
2
0
0
0
0
0
0
0
0
0
0
0
0
0
0
3
8
0
0
4
0
0
0
21
176
245
229
24
4
0
0
0
0
0
0
0
0
0
0
0
0
2
0
0
0
0
1
7
4
7
20
132
255
241
110
0
0
0
0
0
0
0
0
0
0
0
0
0
0
0
4
0
0
5
0
0
0
78
238
255
241
160
0
31
0
0
0
0
0
0
0
0
0
0
0
0
0
0
6
0
2
12
0
13
81
210
249
240
200
10
0
0
0
0
0
0
0
0
0
0
0
0
0
0
0
0
10
0
0
0
0
80
230
255
253
209
28
5
0
12
0
0
0
0
0
0
6
3
0
0
4
0
0
0
3
1
2
0
119
255
252
254
195
0
0
13
0
0
8
0
0
0
0
7
0
0
0
0
4
5
4
11
0
0
0
171
255
236
253
169
0
3
0
0
0
14
0
0
0
0
0
2
0
0
6
2
0
0
0
0
2
13
0
176
255
236
125
30
0
1
18
0
8
0
0
0
0
0
0
0
0
8
11
0
0
2
0
21
0
0
119
243
239
173
13
0
0
0
0
3
0
15
3
0
0
0
0
0
2
2
0
0
5
11
3
0
11
27
232
255
207
16
0
0
49
84
76
73
67
0
0
0
0
0
0
0
5
0
0
6
7
0
0
4
141
234
240
243
60
0
0
99
243
239
255
233
245
74
13
0
0
0
0
0
7
0
0
15
0
0
23
132
247
250
255
103
7
0
53
231
247
251
255
255
255
159
0
0
0
0
0
0
12
0
0
7
0
17
118
255
248
255
113
0
0
57
222
255
242
255
255
241
200
8
15
0
0
0
0
4
0
0
3
7
0
58
254
247
254
103
18
3
85
255
255
238
255
252
246
160
2
6
0
0
0
0
0
1
0
10
0
0
26
138
255
251
179
5
27
198
253
245
246
255
213
82
75
21
0
0
0
0
0
0
0
1
0
6
0
0
112
243
255
244
61
114
255
255
240
255
255
122
59
0
0
4
0
7
0
0
0
0
0
0
0
0
0
16
149
255
243
251
236
255
253
254
255
171
69
7
0
5
0
11
0
4
5
0
0
0
0
2
12
0
0
0
108
238
255
255
245
242
247
187
77
11
6
3
4
0
7
0
8
0
1
0
0
0
0
0
7
8
6
4
4
16
17
111
241
253
134
15
0
8
0
0
0
0
0
0
10
0
0
0
0
0
0
9
1
0
0
0
3
0
2
2
0
0
0
0
2
15
0
11
1
9
0
6
0
8
2
0
0
0
0
0
0
11
1
0
5
0
2
3
0
8
6
1
3
0
0
0
6
0
12
2
4
0
0
0
0
0
0
0
0
0
0
0
0
0
0
0
0
0
0
0
0
0
0
0
0
0
0
0
0
0
0
0
0
0
0
0
0
0
0
0
0
0
0
0
0
0
0
0
0
0
0
0
0
0
0
0
0
0
0
0
0
0
0
0
0
0
0
0
0
0
0
0
0
0
0
0
0
0
0
0
0
0
0
0
0
0
0
0
0
0
0
0
0
0
0
0
0
0
0
0
0
0
0
0
0
0
0
0
0
0
0
0
0
0
0
0
0
0
0
