9
0
0
0
0
0
0
0
0
8
0
0
0
2
0
0
4
0
1
0
1
5
0
0
3
0
0
0
0
0
0
0
0
0
0
0
0
0
4
9
0
0
1
5
1
5
1
0
0
0
7
11
0
0
0
0
0
0
0
0
0
0
0
0
0
3
4
0
0
5
17
9
0
0
0
11
7
3
0
0
0
0
0
0
0
0
0
0
0
0
0
0
0
0
0
0
3
0
0
0
7
17
0
0
0
0
2
4
0
0
0
0
0
0
0
0
0
0
0
0
0
9
0
0
4
7
1
2
11
0
2
0
7
0
19
5
0
0
0
0
0
0
0
0
0
0
0
0
0
0
3
3
0
0
3
0
0
9
15
0
12
0
6
0
4
0
0
0
0
0
0
0
0
0
0
0
0
1
6
0
0
22
109
210
255
186
124
25
0
4
3
0
10
0
0
0
0
0
0
0
0
0
0
0
0
1
0
27
116
213
255
255
247
248
255
188
18
3
0
3
0
0
0
0
0
0
0
0
0
0
0
0
0
0
100
247
255
181
118
16
10
7
88
43
0
73
32
0
9
0
0
0
0
0
0
0
0
0
0
0
0
90
247
239
71
12
0
0
0
4
7
0
174
253
179
15
0
0
0
0
0
0
0
0
0
0
0
0
0
255
225
26
0
0
2
21
0
9
0
23
218
255
85
0
12
0
0
0
0
0
0
0
0
0
0
0
0
225
188
0
26
0
0
13
0
0
73
196
255
245
43
13
0
0
0
0
0
0
0
0
0
0
0
0
0
244
255
104
38
60
73
125
150
214
236
243
253
118
13
2
0
0
0
0
0
0
0
0
0
0
0
0
0
140
232
254
255
255
255
252
247
249
247
255
255
46
0
0
4
0
0
0
0
0
0
0
0
0
0
0
0
0
64
132
187
148
191
148
72
38
177
255
130
0
0
21
0
0
0
0
0
0
0
0
0
0
0
0
0
4
0
1
0
13
0
3
5
121
255
245
46
5
6
0
6
0
0
0
0
0
0
0
0
0
0
0
0
9
0
7
13
0
5
0
39
255
243
113
4
0
0
7
6
0
0
0
0
0
0
0
0
0
0
0
0
0
0
0
0
15
0
2
80
255
246
60
5
5
4
0
0
0
0
0
0
0
0
0
0
0
0
0
0
0
5
8
0
0
4
0
190
233
129
0
0
3
2
4
0
0
0
0
0
0
0
0
0
0
0
0
0
0
0
2
6
0
0
58
245
250
20
3
0
0
0
7
0
0
0
0
0
0
0
0
0
0
0
0
0
0
0
0
9
8
41
205
240
180
0
14
13
0
0
6
0
0
0
0
0
0
0
0
0
0
0
0
0
7
0
10
0
0
179
255
237
28
0
0
2
0
2
5
2
0
0
0
0
0
0
0
0
0
0
0
0
0
0
9
0
37
253
235
155
0
23
0
3
0
10
0
0
0
0
0
0
0
0
0
0
0
0
0
0
0
9
0
0
208
239
241
28
5
0
8
0
0
6
0
0
0
0
0
0
0
0
0
0
0
0
0
0
5
0
7
104
255
242
63
5
0
0
0
0
0
0
0
0
0
0
0
0
0
0
0
0
0
0
0
0
0
22
0
36
222
189
0
0
0
0
0
0
0
0
0
0
0
0
0
0
0
0
0
0
0
0
0
0
0
0
0
0
0
8
0
3
0
0
0
0
0
0
0
0
0
0
0
0
0
0
0
0
0
0
0
0
8
0
17
2
0
0
2
14
0
0
0
0
0
0
0
0
0
0
0
0
