5
0
0
0
0
0
0
0
0
0
3
1
6
0
7
0
3
1
0
0
0
19
9
0
11
0
0
0
0
0
0
0
0
0
0
0
0
2
2
3
4
1
0
4
0
0
3
6
0
0
0
0
0
0
0
0
0
0
0
0
0
0
0
0
0
0
0
0
6
8
0
9
0
1
4
8
7
0
4
21
1
0
0
0
0
0
0
0
0
0
0
0
0
14
1
0
3
0
1
0
0
5
0
0
0
0
0
1
0
0
0
0
0
0
0
0
0
0
0
0
0
0
0
27
3
3
0
0
13
0
16
4
0
8
8
3
9
0
0
0
0
0
0
0
0
0
0
0
0
1
84
160
92
87
15
0
0
21
89
84
1
0
2
0
3
0
0
0
0
0
0
0
0
0
0
0
0
47
218
255
253
255
201
196
188
190
237
230
80
0
15
0
0
0
0
0
0
0
0
0
0
0
0
0
0
61
255
232
255
243
250
255
253
255
255
254
97
0
11
0
0
0
0
0
0
0
0
0
0
0
0
0
0
161
252
255
243
245
255
242
247
255
219
140
12
4
0
1
0
0
0
0
0
0
0
0
0
0
0
0
0
177
227
255
246
87
85
106
97
84
43
4
14
0
15
11
2
0
0
0
0
0
0
0
0
0
0
0
0
221
255
239
45
13
18
103
98
99
55
0
2
9
1
0
4
0
0
0
0
0
0
0
0
0
0
0
0
214
255
255
212
199
203
235
246
251
239
131
0
3
0
8
0
0
0
0
0
0
0
0
0
0
0
0
0
228
245
246
251
247
248
251
255
236
255
251
189
87
3
0
0
0
0
0
0
0
0
0
0
0
0
0
0
218
249
255
243
255
251
255
246
254
236
244
251
228
48
2
4
0
0
0
0
0
0
0
0
0
0
0
0
237
235
246
243
96
88
95
94
97
180
252
254
255
54
0
6
0
0
0
0
0
0
0
0
0
0
0
0
219
250
175
31
0
0
1
0
0
0
65
241
255
74
0
0
0
0
0
0
0
0
0
0
0
0
0
0
186
126
0
0
0
4
0
2
0
0
25
182
254
176
0
0
0
0
0
0
0
0
0
0
0
0
0
0
4
5
0
6
0
1
0
4
17
7
0
149
255
209
17
0
0
0
0
0
0
0
0
0
0
0
0
0
6
0
0
0
3
9
0
0
0
0
0
163
254
169
4
0
0
0
0
0
0
0
0
0
0
0
0
0
0
13
0
0
9
0
0
13
0
1
57
213
240
78
0
14
0
0
0
0
0
0
0
0
0
0
0
0
0
74
0
0
0
0
0
4
5
0
109
248
255
66
2
0
0
0
0
0
0
0
0
0
0
0
0
0
22
144
45
30
37
44
35
22
45
101
250
255
182
5
3
7
0
0
0
0
0
0
0
0
0
0
0
0
132
255
250
254
246
241
255
249
249
251
253
153
81
9
1
0
0
0
0
0
0
0
0
0
0
0
0
0
224
252
247
253
253
241
255
252
249
255
196
64
8
0
0
9
0
0
0
0
0
0
0
0
0
0
0
0
230
241
253
255
251
247
249
253
133
85
27
0
0
8
3
0
0
0
0
0
0
0
0
0
0
0
0
0
0
0
5
5
1
0
1
5
4
0
0
0
0
4
4
2
0
0
0
0
0
0
0
0
0
0
0
0
0
0
0
0
0
0
0
0
0
2
8
8
1
0
0
0
0
0
0
0
0
0
0
0
0
0
0
0
4
2
0
0
0
0
0
0
6
3
0
0
0
0
0
1
0
0
0
0
