7
0
3
0
4
11
0
3
1
0
1
0
3
0
9
0
0
0
0
5
5
0
0
2
2
0
0
0
0
3
19
5
0
0
0
5
0
3
2
0
0
0
2
1
2
0
0
0
1
1
6
9
2
0
0
0
0
0
0
0
3
2
2
12
0
0
2
6
5
4
0
0
0
11
1
1
4
0
3
3
0
0
0
0
0
10
0
0
13
8
0
0
0
0
0
0
3
0
7
3
6
0
0
0
1
0
0
1
0
0
0
0
0
4
0
4
4
0
0
0
8
12
13
0
5
0
7
0
2
6
1
6
6
0
0
3
0
0
0
0
0
0
0
0
0
1
14
0
0
0
0
0
9
0
7
0
0
0
0
0
0
0
3
4
0
0
0
0
0
10
11
2
0
9
6
0
20
1
1
13
0
2
0
4
6
2
0
7
7
0
0
4
3
0
0
0
0
0
0
0
0
4
0
22
160
255
229
210
116
109
60
106
114
111
117
118
85
28
0
0
2
0
0
0
0
8
0
0
11
0
2
25
190
255
251
239
255
245
250
243
255
246
255
255
245
227
48
1
0
0
0
0
0
0
8
6
0
0
12
143
255
255
243
255
243
255
234
252
250
253
250
251
255
255
161
1
0
0
0
0
0
0
5
0
0
6
0
203
255
242
246
222
156
211
147
159
213
239
255
240
251
255
183
8
0
0
0
0
0
7
3
0
5
6
0
206
222
255
128
13
0
0
0
0
0
133
252
255
244
199
33
0
8
0
0
0
0
0
6
0
0
1
75
255
255
249
135
2
8
4
10
0
15
114
251
255
253
178
0
3
2
0
0
0
0
0
0
3
6
0
75
208
243
255
92
0
1
0
0
8
0
193
255
247
252
128
18
0
0
0
0
0
0
11
0
0
5
0
0
38
69
39
9
0
16
17
2
0
7
203
255
255
245
30
0
0
7
0
0
0
0
0
0
6
0
8
0
5
0
5
5
0
1
0
2
0
9
201
251
249
241
22
1
12
0
0
0
0
0
0
0
0
0
0
0
0
0
3
0
0
3
2
0
16
79
255
231
255
137
0
3
10
0
0
0
0
0
0
0
0
0
0
0
0
0
0
3
0
3
4
1
0
98
252
255
246
164
0
0
0
7
0
0
0
0
0
0
0
0
0
0
0
0
0
11
0
1
0
3
12
191
252
255
241
119
4
0
0
5
0
0
0
0
0
0
0
0
0
0
0
0
0
7
0
2
0
3
79
254
255
243
255
32
4
16
0
0
0
0
0
0
0
0
0
0
0
0
0
0
5
0
0
9
3
0
139
236
252
252
241
0
0
0
1
0
0
0
0
0
0
0
0
0
0
0
0
0
0
0
3
11
0
0
195
244
246
252
111
0
0
0
13
0
0
0
0
0
0
0
0
0
0
0
0
0
0
5
8
5
0
37
239
255
248
233
0
4
2
0
12
0
0
0
0
0
0
0
0
0
0
0
0
0
5
1
0
0
11
115
253
248
254
224
0
9
0
1
0
1
0
0
0
0
0
0
0
0
0
0
0
0
9
0
2
0
3
135
255
238
249
175
18
0
12
0
7
0
0
0
0
0
0
0
0
0
0
0
0
0
0
0
7
3
4
124
255
255
252
112
0
0
9
6
0
0
0
0
0
0
0
0
0
0
0
0
0
0
8
6
0
0
0
94
223
255
140
22
0
1
0
8
0
5
0
0
0
0
0
0
0
0
0
0
0
0
0
3
7
9
2
3
13
0
12
0
18
4
0
8
0
3
0
0
0
0
