6
0
0
0
0
0
0
0
0
4
0
5
11
0
0
0
1
0
0
0
0
0
0
0
0
0
0
0
0
0
0
0
0
0
0
0
0
0
4
0
0
8
0
3
1
0
0
0
0
0
0
0
0
0
0
0
0
0
0
0
0
0
0
0
0
18
6
8
150
217
255
143
0
0
0
0
0
0
0
0
0
0
0
0
0
0
0
0
0
0
0
0
0
0
4
202
245
168
160
207
58
0
0
0
0
0
0
0
0
0
0
0
0
0
0
0
0
0
0
0
0
24
194
251
107
1
2
0
0
0
0
0
0
0
0
0
0
0
0
0
0
0
0
0
0
0
0
0
0
26
213
247
17
0
0
10
0
0
0
0
0
0
0
0
0
0
0
0
0
0
0
0
0
0
0
0
0
80
255
157
13
0
14
0
10
0
0
0
0
0
0
0
0
0
0
0
0
0
0
0
0
0
0
0
0
179
255
64
0
12
0
0
2
0
0
0
0
0
0
0
0
0
0
0
0
0
3
0
7
3
0
3
9
255
228
15
10
0
0
9
0
4
0
1
2
0
4
6
0
0
0
0
0
0
6
3
0
0
5
2
8
254
190
11
6
0
0
7
6
0
1
6
2
0
0
0
4
0
0
0
0
0
2
6
0
0
6
1
52
247
129
0
0
0
4
0
0
3
4
0
3
13
8
0
0
0
0
0
0
3
0
8
0
4
0
0
111
255
113
0
5
8
8
0
0
0
7
2
0
0
0
0
17
0
0
0
0
2
0
8
0
5
0
0
102
236
106
0
0
0
0
0
14
0
3
3
1
6
6
0
0
0
0
0
0
0
0
6
0
3
5
0
33
255
174
10
10
12
0
1
0
0
0
0
0
0
10
19
0
0
0
0
0
0
4
0
0
2
7
0
0
252
230
9
0
0
0
23
31
127
169
219
196
125
93
65
5
0
0
0
0
1
1
0
3
4
0
5
7
195
247
14
0
0
40
181
255
255
245
255
255
242
255
251
157
0
0
0
0
0
0
0
0
0
0
0
0
111
255
78
0
5
32
255
213
49
30
32
39
64
134
249
249
6
4
1
0
0
0
0
0
0
0
0
0
11
219
230
24
0
0
83
38
4
0
5
7
3
0
227
255
5
4
1
0
0
0
0
0
0
0
0
0
1
76
250
187
50
8
3
0
3
1
7
0
8
71
245
151
4
3
1
0
0
0
0
0
0
0
0
0
0
3
122
241
217
109
8
0
0
0
5
25
95
225
194
16
3
2
1
0
0
0
0
0
0
0
0
0
10
0
0
77
243
255
243
148
143
141
157
246
245
212
76
0
1
1
0
0
0
0
0
0
0
0
0
0
0
8
10
0
13
89
176
166
255
241
164
160
109
0
0
0
0
0
0
0
0
0
0
0
0
0
0
0
0
9
0
8
5
11
0
10
0
17
0
0
8
0
26
11
0
0
0
0
0
0
0
0
0
0
0
0
17
0
1
4
0
0
23
0
8
0
12
0
0
0
0
0
0
0
0
0
0
0
0
0
0
0
0
0
0
0
0
0
0
0
0
0
0
0
0
0
0
0
0
0
0
0
0
0
0
0
0
0
0
0
0
0
0
0
0
0
0
0
0
0
0
0
0
0
0
0
0
0
0
0
0
0
0
0
0
0
0
0
0
0
0
0
0
0
0
0
0
0
0
0
0
0
0
0
0
0
0
0
0
0
0
0
0
0
0
0
0
0
0
0
0
0
0
0
0
0
0
0
0
0
0
0
0
0
0
0
0
0
