0
0
0
0
0
0
0
0
0
4
0
0
0
3
3
0
0
7
0
9
0
8
0
1
0
0
0
0
0
0
0
0
0
0
0
0
0
0
9
10
0
0
0
7
4
0
0
10
0
0
8
4
8
0
0
0
0
0
0
0
0
0
0
0
0
2
0
0
4
12
7
0
0
14
7
0
7
11
3
0
0
0
0
0
0
0
0
0
0
0
0
0
0
2
0
0
0
0
0
0
14
0
7
0
1
0
0
0
12
0
0
0
0
0
0
0
0
0
0
0
0
0
4
6
0
0
6
0
0
41
190
86
200
255
244
255
65
0
0
0
0
0
0
0
0
0
0
0
0
6
0
0
8
6
0
0
14
193
255
248
241
246
255
196
33
0
0
0
0
0
0
0
0
0
0
0
0
12
1
0
1
0
8
90
182
255
242
255
255
255
255
149
3
0
0
0
0
0
0
0
0
0
0
0
0
0
7
0
0
60
175
248
255
255
245
253
250
255
240
175
3
0
0
0
0
0
9
0
0
9
1
0
0
0
8
0
10
78
255
255
249
255
176
22
167
251
252
192
34
0
0
0
0
2
0
0
1
0
0
0
0
7
0
15
105
203
249
234
253
179
37
0
162
251
255
255
71
0
0
0
0
5
0
0
2
0
1
2
0
0
14
0
174
250
253
255
85
13
1
11
163
255
243
233
96
0
0
0
0
0
5
0
0
0
12
0
5
9
106
154
247
245
236
191
22
0
0
0
158
253
254
252
81
0
0
0
0
0
9
0
0
0
0
0
67
85
204
255
231
236
68
0
14
10
0
3
178
246
248
255
74
0
0
0
0
0
4
0
3
0
0
21
165
245
255
248
255
45
13
5
0
0
0
70
216
255
239
249
89
0
0
0
0
2
0
0
3
0
74
129
241
255
255
220
50
0
0
0
12
16
0
138
239
241
255
222
57
0
0
0
0
1
0
7
0
2
167
237
255
243
255
52
17
0
5
0
0
0
118
255
255
243
255
58
0
0
0
0
0
0
14
0
2
90
255
85
255
255
86
0
11
0
0
14
0
1
161
255
252
255
194
0
3
0
0
0
0
8
1
0
0
82
248
184
255
253
73
0
0
19
18
0
0
49
246
231
248
255
76
1
1
0
0
0
0
0
0
12
18
135
255
255
250
255
79
17
0
0
0
12
167
255
232
255
248
203
67
14
0
0
0
0
0
3
0
0
5
122
239
255
255
249
74
1
2
15
17
35
244
255
247
251
126
68
0
0
6
0
0
0
0
2
0
0
0
49
213
236
252
255
255
252
129
247
247
246
250
243
255
235
70
3
3
0
0
0
0
0
0
0
0
8
15
7
206
252
255
250
255
243
255
245
255
255
255
255
234
50
0
0
0
12
6
0
0
0
0
14
0
8
5
0
119
179
213
255
232
255
244
255
239
253
187
119
0
8
22
0
5
0
0
0
0
0
0
1
0
0
0
9
0
3
62
128
255
250
240
253
255
84
33
3
0
0
0
3
0
11
0
0
0
0
0
0
0
0
0
0
0
0
0
0
0
0
0
0
0
0
0
0
0
0
0
0
0
0
0
0
0
0
0
0
0
0
0
0
0
0
0
0
0
0
0
0
0
0
0
0
0
0
0
0
0
0
0
0
0
0
0
0
0
0
0
0
0
0
0
0
0
0
0
0
0
0
0
0
0
0
0
0
0
0
0
0
0
0
0
0
0
0
0
0
0
0
0
0
0
0
0
0
0
0
0
0
0
0
0
0
0
0
0
0
0
0
0
