3
0
0
0
0
0
0
0
0
0
4
0
8
0
3
0
4
8
0
14
0
1
6
3
0
0
0
0
0
0
0
0
0
0
0
0
0
4
7
0
4
0
9
0
0
1
0
0
7
9
0
0
0
0
0
0
0
0
0
0
0
0
0
0
0
0
0
0
12
4
0
0
13
0
23
1
0
0
2
14
0
0
0
0
0
0
0
0
0
0
0
0
0
2
15
6
0
0
11
9
0
3
0
0
0
13
0
0
13
0
0
0
0
0
0
0
0
0
0
0
0
0
0
5
9
5
0
0
5
4
0
19
0
14
0
0
0
0
0
0
0
0
0
0
0
0
0
0
0
7
12
77
172
253
255
251
245
255
248
211
51
0
0
15
0
0
0
0
0
0
0
0
0
0
0
0
0
41
153
255
255
253
252
255
255
245
255
255
199
50
2
0
1
0
0
0
0
0
0
0
0
0
0
0
0
243
239
255
236
200
125
108
110
122
210
250
255
69
10
0
0
0
0
0
0
0
8
0
0
10
0
7
91
247
236
132
11
5
0
10
0
11
8
151
255
82
0
12
0
0
0
0
0
0
6
0
0
9
0
1
59
229
45
0
20
0
0
3
0
0
28
222
252
76
0
6
0
0
0
0
0
2
2
0
0
5
0
0
18
0
0
13
9
0
4
10
0
39
128
246
255
84
6
9
0
0
0
0
0
3
0
0
1
0
0
0
0
4
10
4
22
107
52
102
186
221
255
252
163
29
0
0
5
0
0
0
0
0
0
1
2
0
0
3
0
0
0
6
122
255
240
255
247
255
249
186
32
0
0
0
1
0
0
0
0
0
0
1
2
0
0
5
0
9
0
0
174
253
255
255
239
233
212
8
0
0
8
8
0
0
0
0
0
0
0
0
1
1
0
0
3
0
8
3
124
201
249
229
255
255
251
0
5
0
0
2
0
0
0
0
0
1
2
0
0
6
0
0
2
3
0
0
0
16
45
32
110
227
244
192
4
8
15
0
0
0
0
0
0
0
0
3
2
0
0
0
0
1
5
0
0
5
0
0
8
71
255
253
27
0
0
0
10
0
0
0
0
0
0
1
0
0
1
2
3
3
0
3
6
0
3
6
0
0
205
239
64
6
0
0
0
0
0
0
0
2
0
0
0
0
3
4
4
10
0
2
4
0
0
15
0
11
29
255
114
10
0
3
0
0
0
0
0
2
0
0
0
1
2
1
0
0
0
3
10
1
0
1
0
0
115
241
136
0
14
1
0
0
0
0
0
0
0
0
1
2
0
0
0
1
9
0
0
10
0
0
30
68
231
255
115
0
4
0
4
0
0
0
0
0
0
3
2
0
0
0
0
164
151
85
49
70
77
114
203
255
248
233
44
6
0
2
1
0
0
0
0
0
2
4
2
0
0
4
11
232
255
255
255
255
255
238
255
239
251
78
0
1
8
4
0
0
0
0
0
0
3
5
1
0
0
10
22
242
255
253
241
245
255
255
247
163
43
0
10
0
0
0
10
0
0
0
0
0
0
0
0
0
0
0
0
105
140
168
250
255
255
156
89
0
0
0
0
0
0
0
0
0
0
0
0
0
0
0
0
0
0
0
0
0
2
0
2
0
15
0
0
0
0
0
0
0
0
0
0
0
0
0
0
0
0
0
0
0
0
0
0
0
3
7
3
0
0
0
2
0
0
0
0
0
0
0
0
0
0
0
0
0
0
0
0
0
0
0
0
0
0
10
2
12
1
4
0
0
0
0
0
0
0
0
0
0
0
0
0
