4
4
3
8
0
0
6
0
7
0
12
2
0
5
1
0
15
1
0
13
0
2
0
0
9
0
0
0
0
2
0
0
0
9
1
0
0
0
0
0
5
10
0
0
2
3
0
0
9
3
0
1
0
0
0
0
0
0
0
0
6
1
0
3
10
9
0
0
5
0
0
9
0
0
19
0
8
0
0
3
0
0
0
0
0
0
15
0
0
0
2
5
0
0
2
5
0
0
5
15
0
0
26
0
0
0
2
0
7
0
0
0
0
0
9
0
0
2
8
0
2
10
9
0
0
11
12
0
3
13
0
4
0
7
3
0
0
0
0
0
0
0
2
0
10
2
0
5
128
3
0
12
9
0
0
14
179
154
0
2
10
0
0
9
0
0
0
0
0
0
5
1
10
0
0
17
230
167
12
0
0
6
0
4
172
255
85
4
4
0
0
8
0
0
0
0
0
0
4
0
0
0
6
0
206
192
3
0
3
0
0
6
174
252
159
7
0
6
5
0
0
0
0
0
0
0
3
9
1
1
3
1
127
248
46
4
0
3
0
4
161
255
219
0
15
0
1
0
2
0
0
0
0
3
0
0
0
0
2
3
133
255
125
0
14
11
0
3
57
239
225
1
0
0
0
7
0
0
0
0
0
8
0
0
0
2
3
3
136
255
172
0
0
0
0
9
3
207
249
32
2
0
4
0
0
0
0
0
0
4
0
1
4
5
0
0
132
248
165
10
4
0
14
0
0
195
255
96
0
1
1
0
4
0
0
0
0
0
0
1
0
0
0
0
133
252
144
6
0
0
13
0
11
112
241
208
9
13
0
0
0
0
0
0
0
1
0
3
0
0
0
5
139
255
169
0
0
11
0
0
5
108
243
209
54
4
17
9
0
0
0
0
0
2
4
6
0
0
9
3
119
231
171
0
1
0
2
0
9
84
251
255
245
88
0
0
2
0
0
0
0
0
0
4
0
2
9
0
85
255
216
49
32
29
131
164
249
255
255
241
255
197
0
11
0
0
0
0
0
4
0
0
1
0
0
7
23
249
250
255
249
255
255
255
245
255
255
251
253
133
10
0
0
0
0
0
0
3
0
0
2
0
0
5
19
255
255
253
246
239
248
253
255
246
255
247
179
8
0
0
5
0
0
0
0
1
0
0
2
0
0
2
12
159
200
230
255
236
222
180
165
119
179
255
169
0
10
7
0
0
0
0
0
0
0
0
2
1
0
0
5
0
11
14
20
3
3
0
2
7
56
255
175
0
0
7
2
0
0
0
0
0
0
0
2
1
0
0
1
0
0
7
0
6
0
0
0
0
23
255
221
21
0
0
3
0
0
0
0
0
0
0
1
1
0
0
0
8
0
0
0
5
0
6
4
0
33
237
255
27
16
0
0
0
0
0
0
0
0
0
0
1
2
1
0
1
0
0
3
10
3
0
0
0
18
171
240
2
1
0
8
0
0
0
0
1
1
0
0
1
3
3
0
5
3
0
6
0
4
0
7
0
6
153
239
31
0
3
2
0
0
0
0
0
0
0
0
0
0
0
0
0
0
0
0
0
0
0
0
0
16
109
158
7
0
13
0
0
0
0
0
0
0
0
0
0
0
0
0
0
0
0
0
0
0
0
0
0
3
1
20
0
0
0
4
0
0
0
0
0
0
0
0
0
0
0
0
0
0
0
0
0
0
0
0
0
13
0
0
8
5
0
15
0
0
0
0
0
0
0
0
0
0
0
0
0
0
0
0
0
0
0
0
0
0
12
3
4
0
0
0
0
0
0
0
