1
0
0
0
0
0
0
0
0
9
0
2
6
0
0
4
0
0
0
0
0
0
0
0
0
0
0
0
0
0
0
0
0
0
0
0
0
0
0
0
0
0
0
5
15
0
0
0
0
0
0
0
0
0
0
0
0
0
0
0
0
0
0
0
0
5
16
5
0
0
7
0
0
0
0
0
0
0
0
0
0
0
0
0
0
0
0
0
0
0
0
0
0
0
0
0
19
0
0
11
1
0
0
0
0
0
0
0
0
0
0
0
0
0
0
0
0
0
0
0
0
3
17
4
0
11
186
201
3
0
0
0
0
0
0
0
0
0
0
0
0
0
0
0
0
0
0
0
0
0
0
0
11
4
181
248
84
0
0
0
0
0
0
0
0
0
0
0
0
0
0
0
0
0
0
0
0
7
6
0
7
0
182
255
100
0
0
0
0
0
0
0
0
0
0
0
0
0
0
0
0
0
0
0
0
0
9
0
8
0
164
242
116
0
0
0
0
0
0
0
0
0
0
0
0
0
0
0
0
0
0
0
0
2
5
0
0
7
55
255
109
0
0
0
0
0
0
0
0
0
0
0
0
0
0
0
0
0
0
0
0
0
0
3
2
0
116
252
108
0
0
0
0
0
0
0
0
0
0
0
0
0
0
0
0
0
0
0
0
0
0
4
2
0
121
249
106
0
0
0
0
0
0
0
0
0
0
0
0
0
0
0
0
0
0
0
0
0
4
0
0
0
71
252
104
0
0
0
0
0
0
0
0
0
0
0
0
0
0
0
0
0
0
0
0
0
5
0
0
1
86
254
104
0
0
0
0
0
0
0
0
0
0
0
0
0
0
0
0
0
0
0
0
0
0
5
5
0
163
254
105
0
0
0
0
0
0
0
0
0
0
0
0
0
0
0
0
0
0
0
0
1
0
2
3
0
176
255
103
0
0
0
0
0
0
0
0
0
0
0
0
0
0
0
0
0
0
0
0
4
1
0
0
5
122
255
101
0
0
0
0
0
0
0
0
0
0
0
0
0
0
0
0
0
0
0
0
0
4
0
9
3
54
248
168
0
0
0
3
1
2
0
4
0
0
0
0
0
0
0
0
0
0
0
0
0
3
0
0
4
41
231
207
13
4
8
2
0
2
1
3
0
0
0
0
0
0
0
0
0
0
0
0
0
1
4
0
3
17
209
239
15
0
1
0
0
3
6
2
0
0
0
0
0
0
0
0
0
0
0
0
0
1
5
0
0
0
206
246
75
6
12
6
2
3
0
0
0
0
0
0
0
0
0
0
0
0
0
0
0
4
0
5
0
0
219
255
132
3
0
1
5
0
1
0
0
0
0
0
0
0
0
0
0
0
0
0
2
5
0
6
0
3
198
255
184
5
0
0
0
0
4
9
0
0
0
0
0
0
0
0
0
0
0
0
0
4
0
0
2
1
112
244
232
32
15
5
5
0
1
0
0
0
0
0
0
0
0
0
0
0
0
0
0
1
2
0
7
0
23
212
191
0
0
0
1
1
8
0
0
0
0
0
0
0
0
0
0
0
0
0
0
0
0
0
0
0
0
0
0
0
0
0
0
0
0
0
0
0
0
0
0
0
0
0
0
0
0
0
0
0
0
0
0
0
0
0
0
0
0
0
0
0
0
0
0
0
0
0
0
0
0
0
0
0
0
0
0
0
0
0
0
0
0
0
0
0
0
0
0
0
0
0
0
0
0
0
0
0
0
0
0
0
0
0
0
0
0
0
0
0
0
0
0
0
0
0
0
0
0
0
0
0
0
0
