3
0
0
1
1
0
1
3
7
0
3
6
0
0
11
0
14
0
10
1
0
0
3
2
4
0
0
0
0
7
7
0
0
0
0
1
0
0
0
9
0
5
0
0
0
2
0
0
17
0
1
9
0
0
0
0
0
0
12
3
6
2
0
14
3
9
7
0
14
0
19
14
0
0
5
0
15
0
0
7
0
0
0
0
0
6
9
0
0
0
0
6
0
0
0
9
8
0
0
0
8
0
3
10
0
0
0
0
7
0
0
0
0
0
3
5
14
1
0
12
21
104
98
114
250
255
255
92
88
33
0
14
0
7
1
0
1
0
0
0
0
9
12
3
0
4
73
158
215
255
242
248
240
255
255
234
251
176
7
8
5
0
0
8
0
0
0
0
0
0
0
0
3
106
240
255
246
242
255
255
255
239
243
255
236
255
111
4
2
0
0
6
2
0
0
0
0
3
0
12
0
78
236
252
231
93
30
32
23
43
25
247
255
241
194
3
0
10
6
0
3
0
0
0
0
0
8
2
0
15
66
86
74
5
0
9
0
4
111
242
250
249
90
0
0
0
2
16
0
0
0
0
0
4
5
0
0
0
6
6
0
0
17
8
0
115
247
255
255
219
0
20
18
0
9
0
0
0
0
0
0
2
0
0
5
7
1
0
3
0
9
0
118
255
255
243
224
19
23
0
0
5
0
0
11
0
0
0
0
7
0
0
4
3
0
0
7
7
35
160
255
231
246
255
220
0
4
9
13
0
1
0
0
0
0
0
0
2
2
1
0
0
0
0
0
36
230
234
254
255
245
255
253
225
176
50
39
0
0
17
0
0
0
0
0
0
3
7
2
3
9
9
3
165
253
255
239
248
255
238
251
253
255
255
220
48
0
0
0
0
0
0
0
1
5
5
0
0
0
0
0
107
240
234
163
161
151
160
164
147
245
226
255
231
42
0
7
0
0
0
0
3
0
0
0
1
1
2
4
0
62
73
0
2
7
0
0
8
100
255
251
243
143
19
0
0
0
0
0
0
0
1
0
0
6
0
7
0
9
0
3
0
10
0
2
4
37
103
255
255
253
108
0
0
0
0
0
2
7
3
7
0
43
43
0
0
0
5
5
0
0
9
0
0
9
16
127
222
255
185
6
0
0
0
0
0
5
0
4
18
187
203
24
0
5
1
0
17
0
0
7
0
6
0
94
255
251
187
0
0
0
0
0
15
0
0
3
0
119
255
214
34
0
3
0
0
0
15
0
10
0
0
96
248
245
255
103
0
0
0
0
0
6
8
0
0
66
227
245
227
181
76
24
19
15
0
0
26
34
126
221
255
247
199
13
0
0
0
0
11
0
1
7
2
0
125
255
237
255
255
241
140
122
131
144
252
245
245
255
246
193
90
16
0
0
0
0
5
0
0
0
13
3
33
56
203
244
255
249
250
252
248
255
247
255
253
246
195
100
0
0
0
0
0
0
0
0
7
0
0
0
0
4
0
93
214
250
255
246
255
247
252
250
251
193
30
0
11
0
0
0
0
0
0
0
0
0
0
0
0
0
0
0
0
0
0
0
0
0
0
0
0
0
0
0
0
0
0
0
0
0
0
0
0
0
0
0
0
0
0
0
0
0
0
0
0
0
0
0
0
0
0
0
0
0
0
0
0
0
0
0
0
0
0
0
0
0
0
0
0
0
0
0
0
0
0
0
0
0
0
0
0
0
0
0
0
0
0
0
0
0
0
0
0
0
0
0
0
0
0
0
0
0
0
0
0
0
0
0
0
0
0
0
0
0
