4
3
0
0
2
5
1
0
0
11
0
2
13
0
0
11
0
0
3
0
6
0
0
16
0
0
0
0
0
0
0
0
0
0
0
0
0
0
0
0
0
4
8
0
0
9
0
10
0
0
1
0
5
0
0
0
0
0
0
2
0
0
0
0
1
0
5
0
0
7
0
0
19
0
0
0
0
6
13
0
6
0
0
0
0
0
1
3
0
0
2
3
0
0
11
3
0
0
0
0
36
186
196
36
12
0
0
0
0
0
0
0
0
0
1
1
0
0
2
0
0
0
0
12
5
0
4
8
1
236
255
102
0
0
0
8
5
0
0
0
0
3
0
0
0
0
0
0
1
27
0
0
0
5
0
0
0
232
255
217
5
25
0
0
0
0
0
0
0
2
0
0
3
0
0
6
29
152
91
15
0
5
0
0
12
228
252
234
0
3
0
0
10
0
0
0
0
0
0
0
7
0
0
20
59
255
247
120
0
0
17
0
0
226
255
206
11
0
2
0
0
0
0
0
0
3
0
0
0
9
0
5
76
213
255
132
0
2
4
0
44
240
248
240
1
0
3
0
3
0
0
0
0
3
9
10
0
0
1
0
5
0
212
208
2
0
0
0
99
252
255
189
6
0
6
0
3
0
0
0
0
0
0
6
0
0
12
1
0
0
231
246
2
0
9
4
96
255
255
135
5
0
3
4
0
0
0
0
0
5
0
8
1
0
0
1
8
4
224
255
97
13
0
6
85
250
255
137
3
0
0
5
0
0
0
0
0
7
0
5
1
0
1
0
2
0
218
239
117
11
0
3
42
242
254
189
4
1
1
6
2
0
0
0
0
0
0
0
0
3
13
0
0
0
253
255
160
71
37
0
0
234
251
228
1
3
0
2
1
0
0
0
0
4
4
7
0
3
0
0
18
78
235
254
248
248
217
99
0
236
252
228
0
3
0
0
0
0
0
0
0
0
0
0
4
6
0
13
111
245
245
255
255
251
255
249
227
248
255
214
4
8
0
6
0
0
0
0
0
0
6
0
7
0
0
0
199
255
255
247
247
231
255
255
246
249
250
243
73
138
79
6
4
0
0
0
0
8
1
0
0
3
3
91
251
253
255
179
11
77
187
235
255
255
254
253
253
255
171
0
0
0
0
0
0
0
4
6
0
1
5
159
240
248
255
104
0
0
12
57
84
206
255
255
239
188
59
14
0
0
0
0
0
0
5
5
0
0
4
177
255
255
141
0
25
4
0
12
0
87
253
251
208
6
12
0
6
0
0
0
0
10
0
0
10
8
0
74
192
206
26
9
0
0
5
7
0
13
205
244
195
6
0
12
0
0
0
0
0
0
3
2
3
2
0
0
29
22
0
13
0
0
0
0
10
0
140
253
157
0
0
4
6
0
0
0
0
0
14
5
0
0
20
2
4
0
19
0
20
9
0
0
0
5
6
248
43
2
12
0
13
0
0
0
0
0
0
0
10
2
0
0
5
5
0
3
0
2
0
7
5
10
0
0
8
0
7
10
0
0
0
0
0
0
0
0
0
0
0
0
0
0
0
0
0
0
0
0
0
0
0
0
0
0
0
0
0
0
0
0
0
0
0
0
0
0
0
0
0
0
0
0
0
0
0
0
0
0
0
0
0
0
0
0
0
0
0
0
0
0
0
0
0
0
0
0
0
0
0
0
0
0
0
0
0
0
0
0
0
0
0
0
0
0
0
0
0
0
0
0
0
0
0
0
0
0
0
0
0
0
0
0
0
0
0
0
0
0
0
0
0
0
0
0
0
