0
0
0
0
0
0
0
0
0
0
9
0
0
2
8
1
1
0
3
9
5
0
0
0
6
0
0
0
0
0
0
0
0
0
0
0
0
0
0
4
5
0
0
3
0
5
0
0
2
8
13
0
0
0
0
0
0
0
0
0
0
0
0
0
0
0
16
0
0
7
5
0
3
0
13
2
0
0
2
0
0
0
0
0
0
0
0
0
0
0
0
0
0
10
0
0
12
1
0
5
0
3
12
0
0
0
2
0
0
0
0
0
0
0
0
0
0
0
0
0
0
0
16
4
0
0
0
57
177
237
162
76
0
15
5
0
0
0
0
0
0
0
0
0
0
0
0
0
0
0
1
2
0
35
141
235
255
255
255
229
17
0
0
3
0
0
0
0
0
0
0
0
0
0
0
0
0
0
0
0
70
215
255
205
127
27
152
255
14
0
0
9
0
0
0
0
0
0
0
0
0
0
0
0
0
9
0
65
213
250
140
40
27
27
114
246
4
9
0
0
4
0
0
0
0
0
12
2
0
0
0
4
0
0
28
197
244
195
12
24
247
241
147
255
2
5
0
0
0
0
0
0
0
0
2
1
2
0
0
0
0
0
74
255
217
38
0
25
118
255
253
239
64
0
0
17
0
0
0
0
0
1
0
0
4
0
0
0
0
12
175
255
100
0
2
0
11
110
242
255
154
2
7
0
0
0
0
0
0
8
0
0
0
0
3
3
2
56
248
191
0
10
13
0
0
4
74
221
255
46
0
14
5
0
0
0
0
6
0
4
0
0
8
0
0
130
255
125
0
14
0
4
5
0
4
44
248
224
33
0
0
0
0
0
0
0
0
11
0
0
6
0
13
210
255
65
11
3
0
3
1
0
0
18
191
240
106
0
6
0
0
0
0
0
0
9
0
5
0
0
71
253
219
18
0
9
2
0
0
19
6
0
10
234
241
9
5
0
0
0
0
3
0
3
0
6
0
7
133
255
140
3
0
3
0
9
0
0
0
2
3
240
240
64
0
0
0
0
0
0
3
0
2
2
0
0
140
255
129
0
0
4
6
0
4
5
0
11
3
168
242
118
0
0
0
0
0
1
0
0
0
2
6
13
133
255
150
0
12
0
0
0
0
0
3
0
0
56
255
114
0
0
0
0
0
5
0
1
0
0
1
3
80
240
179
0
0
1
8
0
2
2
6
14
0
59
246
55
0
0
0
0
0
2
0
5
3
0
0
0
19
203
255
89
0
0
14
0
3
0
0
1
0
158
255
54
4
0
0
0
0
0
0
5
3
3
2
0
1
78
233
236
76
0
1
0
0
6
0
9
138
251
225
3
6
0
0
0
0
1
0
3
0
3
0
4
1
8
110
255
219
88
14
2
0
8
28
170
237
235
55
0
4
0
0
0
0
2
4
2
0
6
0
0
0
4
18
157
255
239
200
198
195
179
255
255
221
38
19
0
3
0
0
0
0
0
3
3
0
17
0
2
4
0
0
0
85
172
236
255
253
248
167
104
0
1
0
6
2
0
0
0
0
0
0
0
0
0
0
0
0
0
0
0
0
0
0
0
0
0
0
0
0
0
0
0
0
0
0
0
0
0
0
0
0
0
0
0
0
0
0
0
0
0
0
0
0
0
0
0
0
0
0
0
0
0
0
0
0
0
0
0
0
0
0
0
0
0
0
0
0
0
0
0
0
0
0
0
0
0
0
0
0
0
0
0
0
0
0
0
0
0
0
0
0
0
0
0
0
0
0
0
0
0
0
0
0
0
0
0
0
0
0
0
0
