4
0
0
0
0
0
0
0
0
0
0
0
0
0
0
0
0
0
0
0
10
9
0
0
4
0
0
0
0
0
0
0
0
0
0
0
0
0
0
0
0
0
0
0
0
3
1
0
0
0
1
5
0
0
0
0
0
0
0
0
0
0
0
0
0
0
0
0
0
0
0
0
0
0
0
7
5
0
7
0
0
0
0
0
0
0
0
0
0
0
0
0
0
0
0
0
0
0
0
0
0
4
0
0
0
0
4
0
3
0
0
0
0
0
0
0
0
0
0
0
0
0
0
0
0
0
0
0
0
0
5
1
1
0
12
0
0
0
0
0
0
0
0
0
0
0
0
0
0
0
0
0
0
0
0
0
0
165
219
176
100
0
0
8
11
0
0
0
0
0
0
0
0
0
0
0
0
0
0
0
0
0
0
0
0
128
255
255
237
86
5
0
0
0
0
0
0
0
0
0
0
0
0
0
0
0
0
0
0
0
0
0
0
150
250
247
255
112
0
0
3
0
0
0
0
6
0
0
14
0
0
27
121
53
7
0
0
1
0
20
0
143
248
255
255
105
4
3
0
0
0
0
0
0
0
12
0
5
12
194
255
223
129
0
3
11
3
0
4
187
255
246
255
117
5
0
1
0
0
0
0
0
9
0
0
10
28
237
244
255
238
67
0
0
7
0
0
191
255
247
255
117
5
0
1
0
0
0
0
5
12
0
16
3
53
251
251
240
255
128
1
0
1
14
0
147
250
255
255
105
4
4
0
0
0
0
0
0
0
0
0
0
67
250
255
255
222
69
0
2
0
10
0
134
244
255
255
103
0
3
3
0
0
0
0
7
11
15
4
6
170
247
249
255
186
0
1
0
0
0
0
170
247
246
255
113
0
0
6
0
0
0
0
1
1
0
0
24
243
243
253
252
197
0
6
2
14
6
1
187
255
246
255
113
1
0
2
0
0
0
0
0
0
7
16
100
254
251
255
255
196
2
0
14
0
0
2
170
255
255
250
104
6
3
0
0
0
0
0
3
0
8
0
145
247
255
245
255
203
127
109
115
114
118
107
241
255
241
249
164
3
0
3
0
0
0
0
4
0
0
13
136
255
255
255
255
255
247
255
254
242
253
255
245
244
255
255
252
244
150
1
0
0
0
0
0
15
0
0
67
219
234
244
248
249
242
255
255
252
255
251
255
255
255
247
234
238
149
3
0
0
0
0
0
1
0
16
0
22
56
159
182
137
69
45
44
46
60
56
71
211
253
255
139
14
5
9
0
0
0
0
3
6
0
0
0
9
0
0
0
0
0
7
14
6
7
0
0
182
246
246
120
10
0
0
0
0
0
0
0
0
11
15
16
0
0
11
0
0
0
0
0
0
1
0
0
158
255
238
45
0
0
2
0
0
0
0
2
6
4
0
0
3
12
0
0
4
0
3
7
2
7
0
8
147
255
255
79
11
0
1
0
0
0
0
9
0
0
10
6
0
3
9
0
7
0
1
0
0
2
0
2
181
237
252
110
0
0
5
0
0
0
0
0
0
0
0
0
0
0
0
0
0
0
0
0
0
0
0
0
49
180
198
63
0
9
0
0
0
0
0
0
0
0
0
0
0
0
0
0
0
0
0
0
0
0
0
18
0
2
13
0
0
7
0
0
0
0
0
0
0
0
0
0
0
0
0
0
0
0
0
0
0
0
0
0
0
0
0
1
0
0
10
0
0
0
0
0
0
0
0
0
0
0
0
0
0
0
0
0
0
0
0
5
16
6
0
9
2
0
8
0
0
0
0
