9
0
0
0
0
0
0
0
0
0
0
0
0
4
0
0
5
0
12
1
0
4
11
0
0
0
0
0
0
0
0
0
0
0
0
0
0
0
7
6
0
2
3
4
0
10
0
0
17
0
0
8
8
0
0
0
0
0
0
0
0
0
0
0
0
7
0
0
0
13
0
0
4
0
2
0
0
5
3
0
0
0
0
0
0
0
0
0
0
0
0
0
0
0
0
13
0
0
0
8
0
0
14
0
0
8
11
0
0
0
0
0
0
0
0
0
0
0
0
0
0
7
0
5
4
3
0
5
1
16
0
0
9
0
0
10
11
0
0
0
0
0
0
0
0
0
0
0
0
0
0
0
14
4
5
7
0
0
0
0
3
5
11
2
0
0
0
0
0
0
0
0
0
0
0
0
0
10
14
2
19
54
191
255
255
255
255
155
28
0
0
0
11
0
0
0
0
0
0
0
0
0
0
0
0
0
0
46
217
253
255
240
247
229
255
255
176
51
0
0
1
0
0
0
0
0
0
0
0
0
0
0
0
0
24
208
235
255
104
38
37
0
12
157
239
229
9
0
5
0
0
0
0
0
0
0
0
0
0
0
0
13
120
255
251
29
5
15
0
0
0
7
76
207
23
10
0
0
0
0
0
0
0
0
0
0
0
0
0
79
255
240
82
2
0
0
10
9
0
172
219
140
0
8
0
0
0
0
0
0
0
0
0
0
0
0
0
121
255
229
0
10
0
2
1
12
0
252
236
168
0
7
1
0
0
0
0
0
0
0
0
0
0
0
0
39
202
255
165
3
26
0
7
26
132
255
247
126
0
0
0
0
0
0
0
0
0
0
0
0
0
0
0
4
83
255
251
206
94
53
77
237
255
255
163
0
4
9
0
0
0
0
0
0
0
0
0
0
0
0
0
0
0
97
242
255
255
245
255
249
241
229
17
10
0
0
3
0
0
0
0
0
0
0
0
0
0
0
0
6
0
7
0
92
100
157
156
255
255
106
0
2
5
0
0
0
0
0
0
0
0
0
0
0
0
0
0
12
0
12
0
0
4
0
156
243
246
0
3
0
7
0
0
0
0
0
0
0
0
0
0
0
0
0
0
0
9
3
11
0
0
118
238
244
84
0
0
10
2
0
0
0
0
0
0
0
0
0
0
0
0
0
0
0
11
0
0
7
46
232
255
136
0
11
0
0
0
5
0
0
0
0
0
0
0
0
0
0
0
0
0
6
5
0
0
0
155
255
218
6
2
14
0
0
0
4
2
0
0
0
0
0
0
0
0
0
0
0
0
1
7
0
7
26
238
244
137
0
9
0
5
14
1
0
3
0
0
0
0
0
0
0
0
0
0
0
0
3
0
6
0
146
244
234
44
11
0
7
0
2
0
0
1
0
0
0
0
0
0
0
0
0
0
0
0
7
0
13
51
246
240
165
0
6
0
27
0
0
0
4
0
0
0
0
0
0
0
0
0
0
0
0
0
0
10
17
171
247
255
60
3
0
8
0
0
10
0
0
4
0
0
0
0
0
0
0
0
0
0
0
0
4
10
18
255
249
136
17
0
0
0
0
0
0
0
0
0
0
0
0
0
0
0
0
0
0
0
0
0
0
0
39
255
233
59
0
11
0
0
0
0
0
0
0
0
0
0
0
0
0
0
0
0
0
0
0
0
0
11
1
0
0
0
9
2
0
0
0
0
0
0
0
0
0
0
0
0
0
0
0
0
0
0
0
0
13
0
0
4
19
0
0
2
0
0
0
0
0
0
0
0
0
0
0
0
