1
0
0
0
0
0
0
0
0
2
0
0
4
0
0
0
10
0
0
0
0
0
0
0
0
0
0
0
0
0
0
0
0
0
0
0
0
0
15
5
0
0
16
12
0
0
0
0
0
0
0
0
0
0
0
0
0
0
0
0
0
0
0
0
0
0
0
0
15
0
0
9
9
0
0
0
0
0
0
0
0
0
0
0
0
0
0
0
0
0
0
0
0
7
6
0
0
6
46
126
93
0
0
0
0
0
0
0
0
0
0
0
0
0
0
0
0
0
0
0
0
1
5
0
0
0
93
243
242
0
0
0
0
0
0
0
0
0
0
0
0
0
0
0
0
0
0
0
0
0
0
0
14
0
115
251
239
0
0
0
0
0
0
0
0
0
0
0
0
0
0
0
0
0
0
0
0
8
11
0
0
1
223
255
102
0
0
0
0
0
0
0
0
0
0
0
0
0
0
0
0
0
0
0
0
0
1
3
4
0
237
255
94
0
0
0
0
0
0
0
0
0
0
0
0
0
0
0
0
0
0
0
0
4
0
10
8
0
240
248
108
0
0
0
0
0
0
0
0
0
0
0
0
0
0
0
0
0
0
0
0
7
0
5
8
0
251
254
97
0
0
0
0
0
0
0
0
0
0
0
0
0
0
0
0
0
0
0
0
5
0
0
0
0
241
252
159
0
0
0
0
0
0
0
0
0
0
0
0
0
0
0
0
0
0
0
0
0
15
0
0
10
229
255
255
0
0
0
0
0
0
0
0
0
0
0
0
0
0
0
0
0
0
0
0
0
5
1
0
9
238
255
233
0
0
0
0
0
0
0
0
0
0
0
0
0
0
0
0
0
0
0
0
9
0
6
10
0
243
253
117
0
0
0
0
0
0
0
0
0
0
0
0
0
0
0
0
0
0
0
0
9
0
4
4
0
235
245
127
0
0
0
0
0
0
0
0
0
0
0
0
0
0
0
0
0
0
0
0
0
9
0
0
11
232
255
255
0
0
0
0
0
0
0
0
0
0
0
0
0
0
0
0
0
0
0
0
0
4
0
7
2
243
239
255
7
5
0
3
0
5
0
5
0
0
0
0
0
0
0
0
0
0
0
0
0
3
0
0
0
242
255
255
0
9
9
13
4
0
1
1
0
0
0
0
0
0
0
0
0
0
0
0
2
4
0
1
10
221
255
238
127
0
0
0
4
0
0
9
0
0
0
0
0
0
0
0
0
0
0
0
0
5
10
0
0
97
248
255
159
0
21
10
0
9
0
0
0
0
0
0
0
0
0
0
0
0
0
0
2
4
0
0
0
0
206
244
236
40
0
0
6
0
0
9
0
0
0
0
0
0
0
0
0
0
0
0
12
1
0
4
23
0
193
254
253
232
73
0
9
0
13
0
0
0
0
0
0
0
0
0
0
0
0
0
0
0
6
0
0
0
137
240
248
211
30
0
9
0
5
7
0
0
0
0
0
0
0
0
0
0
0
0
8
0
6
2
0
7
0
9
3
2
1
13
0
4
0
4
0
0
0
0
0
0
0
0
0
0
0
0
0
0
0
0
0
0
0
0
0
0
0
0
0
0
0
0
0
0
0
0
0
0
0
0
0
0
0
0
0
0
0
0
0
0
0
0
0
0
0
0
0
0
0
0
0
0
0
0
0
0
0
0
0
0
0
0
0
0
0
0
0
0
0
0
0
0
0
0
0
0
0
0
0
0
0
0
0
0
0
0
0
0
0
0
0
0
0
0
0
0
0
0
0
0
0
0
0
0
0
0
0
0
0
0
