0
0
0
0
0
0
0
0
0
0
4
9
6
4
0
0
10
0
5
2
0
0
0
0
5
0
0
0
0
0
0
0
0
0
0
0
0
5
0
0
0
0
4
0
0
0
0
13
12
0
8
20
0
0
0
0
0
0
0
0
0
0
0
0
0
0
8
13
6
1
3
5
4
11
0
0
0
9
0
0
23
0
0
0
0
0
0
0
0
0
0
0
0
0
2
3
0
0
1
2
0
0
5
9
3
0
6
0
0
0
0
0
0
0
0
0
0
0
0
0
0
12
0
0
14
5
0
0
16
0
0
0
0
9
3
0
13
0
0
0
0
0
0
0
0
0
0
0
0
0
16
9
0
36
184
255
238
254
59
32
111
99
104
110
34
0
0
0
0
0
0
0
0
0
0
0
0
8
0
16
121
204
253
255
243
255
215
228
252
239
252
255
224
0
0
0
0
0
0
0
0
0
0
0
0
0
43
157
244
251
247
255
251
248
253
252
252
255
255
251
251
0
0
0
0
3
5
1
5
0
0
5
4
104
227
250
249
255
255
255
250
251
237
255
243
240
255
255
247
0
0
0
0
0
0
0
0
3
2
6
139
253
235
255
241
242
218
247
255
255
255
208
188
220
239
244
255
0
0
0
0
1
6
5
0
10
13
91
255
245
255
255
232
117
27
149
252
238
146
56
0
50
255
255
249
0
0
0
0
0
0
4
0
0
26
207
255
255
239
169
92
0
0
49
222
243
0
3
2
127
241
244
255
0
0
0
0
2
0
0
1
5
113
255
240
248
169
7
7
2
6
0
16
7
12
0
0
152
255
255
242
0
0
0
0
8
0
0
12
64
233
245
255
212
60
18
0
0
5
0
0
1
5
0
22
134
238
255
247
0
0
0
0
0
0
0
0
117
255
228
255
48
0
0
7
11
0
15
0
0
0
11
19
255
246
236
246
0
0
0
0
0
0
9
0
159
255
255
247
21
3
10
0
0
9
0
5
3
4
0
174
255
250
253
112
0
0
0
0
4
0
3
0
255
236
254
155
2
0
9
4
0
1
0
0
5
1
55
242
249
255
231
81
0
0
0
0
2
0
4
0
250
255
252
127
0
0
0
0
0
8
12
2
0
15
168
253
255
239
130
0
0
0
0
0
3
0
12
0
244
250
255
134
0
1
0
7
6
0
0
0
2
181
255
244
239
252
53
0
0
0
0
0
0
0
0
1
255
237
253
125
10
0
0
6
0
0
9
73
170
255
255
236
255
133
0
4
0
0
0
0
4
20
1
3
228
250
255
218
35
0
19
0
0
36
96
225
255
241
251
247
150
0
0
0
0
0
0
0
0
6
0
0
108
255
233
255
218
141
128
117
175
253
243
255
252
251
247
144
0
0
11
8
0
0
0
0
10
2
0
12
81
245
248
245
248
252
255
251
252
255
251
243
251
157
133
3
2
2
0
0
0
0
0
0
0
0
0
1
0
76
244
255
250
255
236
255
255
233
238
210
106
0
0
6
1
0
0
7
0
0
0
0
0
2
2
0
0
17
60
95
233
241
254
255
234
163
70
2
0
0
0
0
0
0
0
0
0
0
0
0
0
2
9
7
0
0
6
15
14
5
0
0
5
5
0
0
0
0
0
0
0
0
0
0
0
0
0
0
1
2
3
1
0
0
0
0
0
0
0
0
0
2
4
4
0
0
0
0
0
0
0
0
0
0
0
0
3
0
0
0
0
2
6
8
5
6
7
6
2
0
0
0
0
0
0
0
0
0
0
0
0
0
0
0
