1
0
0
0
0
0
0
0
0
3
5
1
0
3
4
0
9
4
5
0
9
3
0
8
0
0
0
0
0
0
0
0
0
0
0
0
0
0
0
9
9
4
0
0
0
0
0
0
0
2
0
8
1
0
0
0
0
0
0
0
0
0
0
0
0
1
0
0
0
0
6
6
0
0
8
0
0
4
0
3
0
0
0
0
0
0
0
0
0
0
0
0
0
0
25
3
0
8
0
0
11
0
9
2
0
4
0
0
0
0
0
0
0
0
0
0
0
0
0
0
0
15
0
86
255
255
254
242
101
0
0
0
0
0
0
0
6
0
0
0
0
0
0
0
0
0
0
0
0
5
107
215
254
235
255
255
110
23
0
2
4
0
0
0
3
0
0
0
0
0
0
0
0
0
0
0
0
0
49
143
250
255
240
251
193
72
5
5
11
0
1
0
0
0
0
0
0
0
0
0
0
0
0
0
0
0
63
151
247
255
255
255
183
93
0
0
7
0
4
5
0
0
0
0
0
0
0
0
0
0
0
0
0
2
103
255
250
239
255
250
149
55
0
0
9
9
3
0
0
0
0
0
0
0
0
0
0
0
0
0
0
0
124
248
249
255
242
234
255
146
26
0
0
0
6
0
13
0
0
0
0
0
0
0
0
0
0
0
0
0
129
249
253
229
255
255
242
255
192
16
9
0
11
4
0
0
0
0
0
0
0
0
0
0
0
0
0
14
1
96
250
250
249
242
255
242
194
0
0
8
0
0
15
0
0
0
0
0
0
0
0
0
0
0
0
0
0
7
86
244
255
253
252
255
244
189
2
0
20
3
0
0
0
0
0
0
0
0
0
0
0
0
0
6
7
4
28
255
246
248
246
255
228
248
152
13
2
0
6
0
0
0
0
0
0
0
0
0
0
0
0
0
0
33
117
254
247
255
250
250
255
246
158
9
4
5
0
0
0
0
0
0
0
0
0
0
0
0
0
0
5
49
211
242
255
250
255
254
248
233
1
0
0
4
0
0
0
0
0
0
0
0
0
0
0
0
0
3
0
9
24
242
255
244
255
246
255
248
0
5
3
0
15
0
0
0
0
0
0
0
0
0
0
0
0
0
17
0
45
255
250
255
236
251
255
221
0
0
11
0
0
0
0
0
0
0
0
0
0
0
0
0
0
0
4
0
35
247
246
242
255
251
250
231
18
0
0
27
0
0
0
0
0
0
0
0
0
0
0
0
0
0
0
0
13
80
248
254
255
249
255
235
180
177
44
0
9
0
0
0
0
0
0
0
0
0
0
0
0
0
11
0
11
128
233
255
250
250
255
244
255
137
44
0
0
0
0
0
0
0
0
0
0
0
0
0
0
0
0
10
23
171
253
250
255
253
244
255
237
97
22
33
0
0
0
0
0
0
0
0
0
0
0
0
0
3
0
0
21
0
197
255
237
254
250
250
255
219
59
0
0
0
0
0
0
0
0
0
0
0
0
0
0
0
26
0
0
6
5
181
255
247
255
250
250
22
5
0
0
0
0
0
0
0
0
0
0
0
0
0
0
0
0
0
0
0
0
0
0
0
0
0
0
0
0
0
0
0
0
0
0
0
0
0
0
0
0
0
0
0
0
0
0
0
0
0
0
0
0
0
0
0
0
0
0
0
0
0
0
0
0
0
0
0
0
0
0
0
0
0
0
0
0
0
0
0
0
0
0
0
0
0
0
0
0
0
0
0
0
0
0
0
0
0
0
0
0
0
0
0
0
0
0
0
0
0
0
0
0
0
0
0
0
0
0
