0
0
0
0
0
0
0
0
0
0
0
19
9
0
0
18
0
8
1
9
0
8
0
0
7
0
0
0
0
0
0
0
0
0
0
0
0
17
0
0
0
0
0
0
0
0
0
9
0
12
7
0
9
0
0
0
0
0
0
0
0
0
0
0
0
0
0
8
14
10
0
0
13
15
6
0
0
0
2
0
0
0
0
0
0
0
0
0
0
0
0
0
0
11
1
0
0
0
6
2
0
0
5
0
20
0
2
10
1
0
0
0
0
0
0
0
0
0
0
0
0
0
0
8
5
0
23
38
3
1
66
117
219
253
253
164
4
0
0
0
0
0
0
0
0
0
0
0
0
5
0
9
0
20
106
207
218
135
221
248
255
255
255
216
39
0
0
0
0
0
0
0
0
0
0
0
0
7
0
0
16
173
248
255
235
228
247
227
248
255
252
226
35
0
0
0
0
0
0
0
0
0
0
0
0
1
0
11
53
253
252
172
86
5
0
13
147
247
255
246
66
0
0
0
0
9
0
0
8
0
0
11
0
1
0
66
164
255
178
78
0
0
6
1
4
105
249
255
188
11
0
0
4
0
0
3
1
0
0
2
0
0
28
165
255
242
56
0
11
0
7
4
0
83
255
251
225
39
18
0
0
0
0
6
1
1
12
13
3
8
138
255
254
147
9
0
0
4
0
7
0
110
255
248
59
16
4
0
0
3
2
1
0
2
0
0
0
157
255
228
90
13
0
16
0
0
8
0
115
245
238
172
0
0
0
0
5
7
0
0
0
4
0
0
66
251
255
109
3
0
0
0
6
5
0
0
245
255
255
156
7
5
1
0
0
0
0
3
3
8
0
46
194
242
247
76
4
12
8
0
3
0
17
91
223
247
245
70
0
7
4
1
0
0
0
7
0
0
0
44
226
255
255
74
0
0
4
7
0
13
14
232
255
250
122
16
0
0
0
0
2
0
0
6
0
7
2
55
236
255
183
17
17
0
1
7
0
0
53
255
255
255
111
15
0
1
2
2
0
7
4
0
0
11
5
153
253
245
89
0
11
6
0
11
0
38
235
235
250
238
37
0
0
0
0
0
0
0
0
12
7
0
116
247
255
255
30
0
1
0
24
0
112
238
255
255
224
20
0
0
9
0
0
0
0
0
0
5
0
0
217
255
226
32
0
0
2
2
79
222
255
236
246
225
30
20
5
6
0
0
0
0
0
3
0
0
0
12
255
250
245
0
11
21
34
174
219
255
249
253
235
20
13
0
0
13
0
0
0
0
0
0
1
3
0
0
249
240
252
130
138
223
236
255
255
245
196
87
0
7
0
1
8
0
3
0
0
0
0
3
0
15
0
0
224
255
239
251
255
241
255
229
249
251
102
1
1
13
0
0
6
5
6
0
0
0
0
1
0
8
0
8
154
251
255
250
252
255
248
255
185
55
1
10
0
0
19
0
0
0
2
0
0
0
0
2
0
10
0
1
3
123
246
255
115
193
108
54
0
4
0
0
25
0
0
16
1
4
0
0
0
0
0
0
0
0
0
0
0
0
0
0
0
0
0
0
0
0
0
0
0
0
0
0
0
0
0
0
0
0
0
0
0
0
0
0
0
0
0
0
0
0
0
0
0
0
0
0
0
0
0
0
0
0
0
0
0
0
0
0
0
0
0
0
0
0
0
0
0
0
0
0
0
0
0
0
0
0
0
0
0
0
0
0
0
0
0
0
0
0
0
0
0
0
0
0
0
0
0
0
0
0
0
0
0
0
0
0
0
0
0
0
0
0
0
