6
0
0
0
0
0
0
0
0
0
0
6
0
3
3
10
0
0
0
0
0
2
6
0
0
0
0
0
0
0
0
0
0
0
0
0
0
0
0
0
3
2
0
11
0
0
11
9
8
0
4
4
0
0
0
0
0
0
0
0
0
0
0
0
0
3
5
0
8
0
0
0
0
15
0
19
0
7
0
0
4
0
0
0
0
0
0
0
0
0
0
0
0
0
9
0
1
0
2
0
49
141
255
246
223
87
4
0
14
0
0
0
0
0
0
0
0
0
0
0
0
0
1
3
0
2
3
11
168
239
251
149
21
0
2
0
0
0
0
0
0
0
0
0
0
0
0
0
0
0
0
6
0
0
0
54
255
255
212
0
0
0
8
11
6
0
0
0
0
0
0
0
0
0
0
0
0
5
0
3
0
0
23
149
255
246
67
1
0
17
0
0
2
0
0
0
0
0
0
0
0
0
0
0
0
0
3
0
0
10
89
252
248
183
4
4
0
0
0
11
0
0
0
0
0
0
0
0
0
0
0
0
0
2
0
14
0
3
187
255
220
24
6
0
3
0
0
1
0
0
0
0
0
0
0
0
0
0
0
0
0
0
15
0
4
145
234
255
186
9
0
0
6
7
0
0
12
0
0
0
0
0
0
0
0
0
0
0
0
7
0
15
124
242
255
110
3
0
4
4
1
4
1
0
0
0
0
0
0
0
0
0
0
0
0
0
0
2
0
78
255
237
218
4
0
2
8
0
0
0
0
0
7
0
0
0
0
0
0
0
0
0
0
0
0
0
0
44
249
255
151
0
6
2
0
0
10
14
3
0
1
0
0
0
0
0
0
0
0
0
0
0
0
12
0
185
255
248
71
26
46
25
41
43
12
0
2
14
0
0
0
0
0
0
0
0
0
0
0
0
0
0
0
244
246
255
211
225
243
255
255
231
125
10
0
10
0
0
0
0
0
0
0
0
0
0
0
0
0
0
115
252
251
253
246
243
255
253
238
255
246
105
1
0
8
0
0
0
0
0
0
0
0
0
0
0
0
0
148
245
255
183
131
76
87
82
213
255
253
183
0
5
0
0
0
0
0
0
0
0
0
0
0
0
0
57
242
252
132
10
1
1
6
0
57
224
251
109
1
0
3
0
0
0
0
0
0
0
0
0
0
0
0
58
243
255
137
7
3
2
0
9
71
255
255
49
9
0
12
0
0
0
0
0
0
0
0
0
0
0
0
0
137
249
255
0
0
7
51
149
228
255
167
3
0
0
0
0
0
0
0
0
0
0
0
0
0
0
0
0
86
255
249
255
160
162
249
255
255
137
31
0
1
14
0
0
0
0
0
0
0
0
0
0
0
0
0
0
17
155
236
239
255
246
249
233
116
33
0
4
4
9
4
0
0
0
0
0
0
0
0
0
0
0
0
8
0
11
81
147
212
210
156
77
6
0
3
8
0
0
0
0
0
0
0
0
0
0
0
0
0
0
0
0
19
0
5
8
0
11
0
0
17
0
0
8
0
4
0
0
0
0
0
0
0
0
0
0
0
0
0
0
0
0
0
0
0
0
0
0
0
0
0
0
0
0
0
0
0
0
0
0
0
0
0
0
0
0
0
0
0
0
0
0
0
0
0
0
0
0
0
0
0
0
0
0
0
0
0
0
0
0
0
0
0
0
0
0
0
0
0
0
0
0
0
0
0
0
0
0
0
0
0
0
0
0
0
0
0
0
0
0
0
0
0
0
0
0
0
0
0
0
0
0
0
0
0
0
0
0
0
0
0
0
0
