7
0
0
0
0
0
0
0
0
0
0
0
0
0
0
0
0
0
0
0
0
0
0
0
0
0
0
0
0
0
0
0
0
0
0
0
0
0
0
0
0
0
0
0
0
0
0
0
0
0
0
0
0
0
0
0
0
0
0
0
0
0
0
0
0
0
0
0
0
0
0
0
0
0
0
0
0
0
0
0
0
0
0
0
0
0
0
0
0
0
0
0
0
0
0
0
0
0
0
0
0
0
0
0
0
0
0
0
0
0
0
0
0
0
0
0
0
0
0
0
0
0
0
0
0
0
0
0
0
0
0
0
0
0
0
0
0
0
0
0
0
0
0
0
0
0
0
0
0
0
0
0
0
0
0
0
0
0
0
0
0
0
0
0
0
0
0
0
0
0
0
0
0
0
0
0
0
0
0
0
0
0
0
0
0
0
0
0
0
0
0
0
0
0
0
0
0
0
0
0
0
0
0
0
0
0
0
0
0
0
0
0
0
0
0
0
0
0
0
0
0
0
0
0
0
1
11
0
0
8
3
0
33
144
102
22
172
242
251
255
247
204
153
112
14
18
0
12
0
0
0
0
0
0
0
12
0
121
159
233
255
253
255
251
244
219
198
208
199
205
197
255
255
163
15
0
3
0
0
0
0
12
0
0
10
197
250
255
209
248
243
226
82
16
0
3
4
11
0
83
184
239
85
5
0
0
0
0
0
0
12
19
0
19
28
33
25
57
37
56
0
0
0
0
5
0
0
0
120
255
152
0
0
0
0
0
0
0
5
0
0
0
9
2
10
0
0
3
4
10
3
0
0
5
15
9
184
255
173
0
11
0
0
0
0
3
0
2
9
8
0
0
0
7
10
0
3
0
0
0
4
8
0
97
249
254
90
0
0
0
0
0
0
4
0
0
0
1
0
5
5
0
0
0
1
0
10
0
0
0
28
216
255
167
0
4
9
0
0
0
0
0
0
5
12
0
2
3
0
4
0
10
0
0
5
0
6
7
142
255
241
69
3
0
0
0
0
0
0
0
0
0
0
0
0
0
0
5
0
6
0
3
0
9
0
169
255
241
92
21
0
0
5
0
0
0
0
0
0
0
0
0
0
0
0
6
3
3
0
0
0
0
125
246
254
161
4
0
15
22
0
0
0
0
0
0
0
0
0
0
0
0
0
0
1
0
2
9
14
116
244
252
127
22
0
12
0
0
5
0
0
0
0
0
0
0
0
0
0
0
0
0
4
0
2
0
141
255
244
109
25
0
2
11
0
0
4
0
0
0
0
0
0
0
0
0
0
0
0
3
0
6
0
31
255
225
113
14
4
5
3
0
2
13
0
0
0
0
0
0
0
0
0
0
0
0
0
0
0
0
56
215
230
75
0
13
0
0
14
0
0
0
2
0
0
0
0
0
0
0
0
0
0
0
0
3
4
35
197
255
81
11
0
0
0
0
3
0
13
4
0
0
0
0
0
0
0
0
0
0
0
0
0
0
8
79
255
69
0
0
10
0
2
0
6
0
3
0
7
0
0
0
0
0
0
0
0
0
0
0
0
2
122
247
191
0
6
11
0
0
0
0
0
0
0
0
0
0
0
0
0
0
0
0
0
0
0
0
0
15
211
255
84
0
0
10
3
0
0
0
0
0
0
0
0
0
0
0
0
0
0
0
0
0
0
0
0
118
255
217
27
20
0
0
0
0
0
0
0
0
0
0
0
0
0
0
0
0
0
0
0
0
0
0
0
79
168
51
0
0
4
8
3
0
0
0
0
0
0
0
0
0
0
0
0
