2
0
0
0
0
0
0
0
0
2
0
5
0
0
0
11
0
0
0
0
6
0
0
0
1
0
0
0
0
0
0
0
0
0
0
0
0
6
0
0
0
0
7
8
1
10
8
1
0
0
8
3
0
0
0
0
0
0
0
0
0
0
0
0
0
0
0
17
11
0
0
0
1
0
1
1
0
2
6
0
0
0
0
0
0
0
0
0
0
0
0
0
0
2
0
0
0
0
13
3
9
0
0
0
0
4
0
0
6
0
0
0
0
0
0
0
0
0
0
0
0
0
11
0
16
0
0
0
0
15
11
0
0
0
1
0
0
0
0
0
0
0
0
0
0
0
0
0
0
0
0
0
9
0
0
12
1
0
0
7
2
0
0
9
0
0
0
0
0
0
0
0
0
0
0
0
0
0
0
107
174
199
210
157
98
53
5
0
12
0
0
8
0
0
0
0
0
0
0
0
0
0
0
0
0
3
24
229
255
248
255
243
249
233
65
0
6
5
0
2
0
0
0
0
0
0
0
0
0
0
0
0
0
5
0
164
247
255
156
127
207
248
182
7
0
9
1
0
0
0
5
9
0
0
0
0
0
0
0
0
0
0
0
17
83
67
66
0
86
252
213
8
0
9
0
0
0
0
0
0
5
0
0
0
0
0
0
0
0
8
0
13
0
6
0
4
125
255
218
0
0
1
0
5
16
11
10
8
2
0
0
0
0
0
0
0
0
0
15
0
0
17
0
17
228
255
173
0
5
4
0
0
0
0
2
1
2
0
0
0
0
0
0
0
0
7
0
17
0
0
18
126
255
252
99
0
0
3
4
14
7
9
9
0
1
0
0
0
0
0
0
0
0
13
0
4
12
24
165
254
251
149
14
0
0
0
0
0
0
0
8
14
0
0
0
0
0
0
0
0
0
0
0
7
12
217
255
213
135
16
0
4
13
4
0
0
8
8
0
10
2
0
0
0
0
0
0
0
0
0
18
95
237
251
243
107
1
0
16
0
0
0
57
143
223
225
15
0
8
0
9
0
10
1
0
0
9
76
213
255
255
221
56
0
0
25
28
93
163
235
248
255
247
225
15
0
8
12
0
11
12
0
0
31
133
231
255
227
161
83
47
124
172
247
245
251
234
250
229
157
49
8
0
10
2
0
0
0
0
0
84
199
254
255
255
233
225
245
255
252
250
235
214
187
124
67
23
15
0
0
8
14
0
0
2
23
0
5
231
244
251
236
250
248
251
252
240
152
129
97
22
0
0
3
0
0
0
9
9
0
1
0
13
0
2
2
164
241
255
239
163
126
74
0
0
0
4
0
0
3
12
0
0
6
9
0
2
1
2
2
0
16
3
0
20
21
72
13
0
0
3
0
12
0
0
2
6
2
0
0
4
3
0
11
10
8
2
9
8
2
2
3
0
3
3
0
10
6
0
9
0
0
14
1
0
0
10
0
9
2
0
0
0
0
5
0
6
0
1
0
9
0
1
0
0
11
0
5
1
12
0
0
5
1
8
0
4
0
0
0
5
9
0
0
0
0
0
0
0
0
0
0
0
0
0
0
0
0
0
0
0
0
0
0
0
0
0
0
0
0
0
0
0
0
0
0
0
0
0
0
0
0
0
0
0
0
0
0
0
0
0
0
0
0
0
0
0
0
0
0
0
0
0
0
0
0
0
0
0
0
0
0
0
0
0
0
0
0
0
0
0
0
0
0
0
0
0
0
0
0
0
0
0
0
0
0
0
0
0
0
0
0
0
0
0
0
0
0
0
0
0
0
0
0
0
