1
0
0
0
0
0
0
0
0
0
2
0
0
4
3
6
0
0
10
0
0
7
0
0
5
0
0
0
0
0
0
0
0
0
0
0
0
4
0
0
7
0
0
3
13
0
1
0
0
4
0
0
0
0
0
0
0
0
0
0
0
0
0
0
0
7
0
0
6
0
0
0
5
4
1
0
0
0
4
0
3
0
0
0
0
0
0
0
0
0
0
0
0
2
1
1
0
0
13
0
0
10
2
0
0
0
7
0
1
0
0
0
0
0
0
0
0
0
0
0
0
0
2
1
2
0
11
0
24
0
2
0
13
0
0
0
1
0
0
0
0
0
0
0
0
0
0
0
0
1
0
0
14
0
0
2
126
255
190
11
0
0
15
12
0
0
0
0
0
0
0
0
0
0
0
0
0
0
1
0
13
0
0
17
209
249
235
47
16
0
0
4
7
0
0
0
0
0
0
0
0
0
0
0
0
0
8
0
3
0
5
31
237
250
236
16
0
6
0
8
0
0
0
0
0
0
0
0
0
0
0
0
0
4
0
0
0
2
2
124
239
255
157
0
8
0
0
1
1
0
0
0
0
0
0
0
0
0
0
0
0
2
0
7
9
0
12
214
255
234
75
0
3
0
1
3
0
0
0
0
0
0
0
0
0
0
0
0
0
2
0
0
9
4
25
255
249
193
0
0
0
0
2
4
0
0
0
0
0
0
0
0
0
0
0
0
0
0
9
0
0
6
36
242
255
146
0
5
0
0
0
3
0
0
0
0
0
0
0
0
0
0
0
0
0
0
11
0
0
0
84
246
254
76
4
1
1
0
1
0
0
0
0
0
0
0
0
0
0
0
0
0
0
5
0
6
8
9
183
255
149
8
10
0
5
0
4
0
0
0
0
0
0
0
0
0
0
0
0
0
0
6
0
0
8
72
252
255
52
0
0
0
4
0
5
0
0
0
0
0
0
0
0
0
0
0
0
0
0
0
10
0
0
113
254
246
58
7
0
7
3
0
3
3
3
0
0
0
0
0
0
0
0
0
0
0
0
0
19
0
0
171
255
190
10
0
0
0
0
0
0
0
0
0
0
0
0
0
0
0
0
0
0
0
0
3
0
2
0
218
255
142
2
0
0
0
0
0
0
0
0
0
0
0
0
0
0
0
0
0
0
0
0
4
0
9
24
246
245
61
0
0
0
0
0
0
0
0
0
0
0
0
0
0
0
0
0
0
0
0
0
0
0
9
115
244
233
0
5
0
0
0
0
0
0
0
0
0
0
0
0
0
0
0
0
0
0
0
0
3
5
4
194
249
224
0
7
0
0
0
0
0
0
0
0
0
0
0
0
0
0
0
0
0
0
0
0
5
0
0
208
255
215
9
0
0
0
0
0
0
0
0
0
0
0
0
0
0
0
0
0
0
0
0
0
1
0
0
195
255
214
7
0
0
0
0
0
0
0
0
0
0
0
0
0
0
0
0
0
0
0
0
0
0
8
6
195
255
224
0
3
0
0
0
0
0
0
0
0
0
0
0
0
0
0
0
0
0
0
0
0
0
20
0
66
234
173
6
0
0
0
0
0
0
0
0
0
0
0
0
0
0
0
0
0
0
0
0
0
0
4
0
0
15
0
0
19
0
0
0
0
0
0
0
0
0
0
0
0
0
0
0
0
0
0
0
0
2
0
2
2
0
0
2
0
0
0
0
0
0
0
0
0
0
0
0
0
0
0
0
0
0
0
0
0
0
9
4
0
12
14
2
1
0
0
0
0
0
0
0
0
0
0
0
0
