3
3
0
0
6
1
0
4
0
5
0
4
8
0
6
0
5
0
0
1
0
2
8
0
0
0
0
0
0
0
13
1
0
1
4
0
0
2
0
4
0
0
10
0
0
0
4
12
0
0
0
1
6
0
0
0
0
0
1
0
1
0
0
0
9
9
0
1
0
1
6
0
0
5
0
0
0
0
10
9
0
0
0
0
0
7
0
0
12
0
2
0
0
0
0
3
0
8
0
0
2
1
2
2
9
0
0
3
5
0
0
0
0
0
8
0
0
0
11
0
35
111
209
255
246
240
227
161
82
24
10
0
0
13
0
0
0
0
0
0
0
0
21
0
0
10
0
7
213
255
255
237
255
255
251
235
255
255
196
35
0
1
4
5
1
0
0
0
0
0
7
0
9
9
0
14
255
248
251
147
127
137
216
239
255
245
239
95
4
11
0
0
1
0
0
0
0
11
0
0
14
0
7
0
89
250
163
0
7
0
5
2
65
246
255
116
0
0
0
1
3
0
0
0
0
0
5
1
0
0
0
0
11
60
17
1
0
4
2
0
61
254
255
109
11
0
4
0
11
0
0
0
0
0
2
0
11
5
0
15
0
6
0
2
8
2
0
60
223
255
243
62
10
0
12
2
0
0
0
0
0
4
8
4
0
0
6
0
6
0
10
10
0
52
166
219
255
252
162
27
0
0
0
11
7
0
0
0
0
0
0
0
22
7
0
22
2
3
7
73
169
246
255
234
255
208
86
18
0
6
5
5
0
0
0
0
0
2
0
7
0
0
0
7
117
203
230
255
253
253
255
254
255
255
249
246
205
72
0
0
0
0
0
0
0
3
0
0
11
0
20
167
255
255
246
242
250
254
251
249
253
253
233
255
255
205
13
12
0
0
0
0
0
0
2
10
0
0
9
46
144
166
157
158
171
166
156
160
160
139
102
203
249
255
67
0
4
0
0
0
0
0
1
0
2
2
0
2
7
0
4
4
0
0
0
12
0
0
2
140
245
252
231
0
5
0
0
0
0
5
0
0
0
9
4
1
2
0
12
0
0
13
0
0
16
0
0
59
245
255
245
50
3
0
0
0
0
0
11
11
0
0
0
0
0
11
0
0
6
2
5
5
0
12
0
119
255
255
207
11
0
0
0
0
0
0
0
0
0
5
10
3
6
0
0
8
3
0
0
12
11
0
0
148
238
242
112
4
14
0
0
0
0
18
7
0
12
7
0
0
4
0
3
0
0
16
8
0
0
6
85
255
255
254
2
10
0
0
0
0
0
0
0
0
0
0
7
45
87
0
10
14
0
1
1
17
97
164
252
246
252
108
18
0
2
0
0
0
0
0
5
2
9
12
143
237
255
175
128
134
134
147
195
230
255
254
255
243
125
21
0
0
16
0
0
0
0
0
0
0
0
2
171
255
243
255
242
255
255
245
255
251
249
255
169
77
0
0
25
2
0
0
0
0
0
5
0
2
13
0
120
194
157
255
252
231
182
208
222
149
133
27
16
1
0
5
0
4
0
0
0
0
0
0
0
0
0
0
0
0
0
0
0
0
0
0
0
0
0
0
0
0
0
0
0
0
0
0
0
0
0
0
0
0
0
0
0
0
0
0
0
0
0
0
0
0
0
0
0
0
0
0
0
0
0
0
0
0
0
0
0
0
0
0
0
0
0
0
0
0
0
0
0
0
0
0
0
0
0
0
0
0
0
0
0
0
0
0
0
0
0
0
0
0
0
0
0
0
0
0
0
0
0
0
0
0
0
0
0
0
0
0
0
0
0
