0
0
0
0
0
0
0
0
0
0
11
6
0
0
10
7
0
10
0
0
2
4
0
0
5
0
0
0
0
0
0
0
0
0
0
0
0
0
0
0
13
0
0
6
0
2
0
15
8
0
4
7
0
0
0
0
0
0
0
0
0
0
0
0
0
0
20
0
0
19
3
0
1
3
6
1
0
5
10
0
11
0
0
0
0
0
0
0
0
0
0
0
0
11
0
4
10
0
0
3
0
0
0
0
10
0
6
12
0
0
0
0
0
0
0
0
0
0
0
0
0
0
0
12
0
0
10
25
128
191
244
139
59
5
0
0
14
0
0
0
0
0
0
0
0
0
0
0
0
12
0
12
0
11
128
205
250
250
255
242
247
129
22
0
0
0
0
0
0
0
0
0
0
0
0
0
0
0
10
0
6
121
239
255
249
195
181
176
255
251
128
0
9
0
0
0
0
0
0
0
0
0
0
0
0
1
0
0
133
244
255
246
166
42
0
16
152
245
237
49
0
0
0
0
0
3
0
14
0
3
4
4
0
10
0
46
225
248
253
206
0
7
0
1
0
161
255
148
8
0
0
0
0
5
0
6
0
0
0
1
0
0
33
237
247
255
249
99
9
5
0
11
0
96
255
247
64
0
0
0
0
3
0
0
1
4
0
10
0
1
149
238
255
210
52
5
0
0
22
0
3
0
255
250
49
0
0
0
0
1
2
0
4
4
0
8
0
94
255
253
244
97
4
0
3
0
16
0
0
27
243
252
56
0
0
0
0
0
10
1
0
0
0
0
0
177
251
253
198
11
7
0
1
7
0
0
0
109
246
250
64
0
0
0
0
0
6
2
0
0
4
0
63
246
247
249
168
14
0
12
0
4
0
0
1
119
255
219
15
0
0
0
0
0
0
2
0
5
5
8
157
252
254
255
73
0
0
9
0
0
0
24
2
197
250
158
0
0
0
0
0
8
0
5
0
0
0
0
209
247
255
238
52
19
0
2
7
0
10
0
71
255
225
11
3
0
0
0
0
2
0
3
7
0
0
34
227
250
255
255
56
0
3
13
0
0
14
17
203
255
163
0
3
0
0
0
0
9
0
2
0
0
5
54
254
243
255
245
56
13
1
0
19
16
2
220
252
220
51
0
3
0
0
0
0
0
4
2
0
0
3
51
252
255
219
231
57
0
3
0
0
38
206
242
255
99
0
20
0
0
0
0
0
0
4
0
0
4
1
51
254
245
120
245
35
0
4
17
91
226
253
253
83
7
0
20
0
0
0
0
0
4
7
0
0
3
0
56
249
252
179
0
10
4
86
156
253
241
248
33
0
0
5
0
15
0
0
0
0
2
5
0
4
0
0
21
156
255
231
181
151
197
255
251
255
204
116
14
17
8
0
5
0
0
0
0
0
0
3
0
5
0
0
0
36
195
244
255
252
255
255
185
81
12
0
0
0
10
0
1
8
0
0
0
0
0
9
0
0
0
13
0
0
7
165
217
230
205
119
17
0
2
8
4
6
0
0
0
0
0
0
0
0
0
0
0
0
0
0
0
0
0
0
0
0
0
0
0
0
0
0
0
0
0
0
0
0
0
0
0
0
0
0
0
0
0
0
0
0
0
0
0
0
0
0
0
0
0
0
0
0
0
0
0
0
0
0
0
0
0
0
0
0
0
0
0
0
0
0
0
0
0
0
0
0
0
0
0
0
0
0
0
0
0
0
0
0
0
0
0
0
0
0
0
0
0
0
0
0
0
0
0
0
0
0
0
0
0
0
0
0
0
0
0
0
