1
0
0
0
0
0
0
0
0
0
0
0
0
0
1
0
14
0
7
0
11
0
4
0
0
0
0
0
0
0
0
0
0
0
0
0
0
0
0
2
0
11
13
0
0
0
4
0
1
0
2
0
5
0
0
0
0
0
0
0
0
0
0
0
0
3
3
0
0
2
3
4
0
0
8
0
1
0
0
0
5
0
0
0
0
0
0
0
0
0
0
0
0
0
0
6
10
0
0
5
2
0
1
5
3
2
1
0
0
0
0
0
0
0
0
0
0
0
0
0
0
10
0
0
0
0
16
165
228
20
0
0
0
0
2
0
3
0
0
0
0
0
0
0
0
0
0
0
0
0
0
1
10
0
5
184
243
87
2
2
0
0
0
1
3
0
0
0
0
0
0
0
0
0
0
0
0
0
0
0
0
0
20
221
255
145
10
5
4
0
0
6
0
0
0
0
0
0
0
0
0
0
0
0
0
0
2
0
1
5
48
247
250
154
0
0
4
0
2
11
0
0
0
0
0
0
0
0
0
0
0
0
0
3
3
0
3
0
48
252
255
114
23
0
0
8
0
0
2
0
0
0
0
0
0
0
0
0
0
0
0
1
0
0
0
0
50
252
254
67
0
0
0
8
0
0
2
0
0
0
0
0
0
0
0
0
0
0
0
1
0
0
0
0
53
254
253
47
0
0
0
6
0
1
0
0
0
0
0
0
0
0
0
0
0
0
0
0
3
0
2
0
52
254
253
53
4
7
0
0
0
4
0
0
0
0
0
0
0
0
0
0
0
0
0
0
5
5
3
0
48
252
252
49
0
2
0
0
0
7
1
0
0
0
0
0
0
0
0
0
0
0
0
0
3
3
0
0
49
251
248
49
0
3
0
6
2
4
0
0
0
0
0
0
0
0
0
0
0
0
0
0
2
0
0
0
60
255
248
55
2
8
4
8
0
0
0
0
0
0
0
0
0
0
0
0
0
0
0
2
2
0
0
8
72
255
250
51
0
1
0
2
0
1
7
0
0
0
0
0
0
0
0
0
0
0
0
7
0
9
0
0
160
255
243
41
10
0
0
1
2
3
0
0
0
0
0
0
0
0
0
0
0
0
0
5
0
7
0
1
137
254
234
34
7
0
1
0
1
3
0
0
0
0
0
0
0
0
0
0
0
0
0
0
0
4
1
15
153
255
250
23
3
0
2
0
0
2
0
0
0
0
0
0
0
0
0
0
0
0
0
7
3
3
0
0
165
226
198
11
0
0
4
0
0
2
0
0
0
0
0
0
0
0
0
0
0
0
0
0
0
4
1
5
249
255
215
4
0
1
4
0
0
2
0
0
0
0
0
0
0
0
0
0
0
0
0
6
0
3
0
0
252
251
158
0
0
1
3
0
0
3
0
0
0
0
0
0
0
0
0
0
0
0
0
0
0
0
5
7
230
255
133
0
0
0
2
0
0
5
0
0
0
0
0
0
0
0
0
0
0
0
0
2
0
0
0
0
162
241
70
1
0
0
1
0
1
5
0
0
0
0
0
0
0
0
0
0
0
0
0
0
0
0
0
0
0
0
0
0
0
0
0
0
0
0
0
0
0
0
0
0
0
0
0
0
0
0
0
0
0
0
0
0
0
0
0
0
0
0
0
0
0
0
0
0
0
0
0
0
0
0
0
0
0
0
0
0
0
0
0
0
0
0
0
0
0
0
0
0
0
0
0
0
0
0
0
0
0
0
0
0
0
0
0
0
0
0
0
0
0
0
0
0
0
0
0
0
0
0
0
0
0
0
0
