5
0
0
0
0
0
0
0
0
5
0
0
0
4
1
0
2
0
5
6
3
3
0
0
3
0
0
5
0
0
0
0
0
0
0
0
0
0
0
6
8
2
0
0
0
0
0
0
0
4
3
0
0
10
4
2
0
0
0
0
0
0
0
0
0
8
2
0
0
0
5
9
8
1
6
2
1
8
4
0
0
0
0
5
6
0
0
0
0
0
0
0
0
0
0
0
0
0
3
0
0
2
8
1
0
0
0
0
13
0
0
0
12
0
0
0
0
0
0
0
0
0
2
8
4
0
0
4
7
0
0
1
5
12
6
0
0
7
10
0
0
0
0
0
0
0
0
0
0
7
0
0
0
0
0
0
0
9
6
0
6
34
48
48
50
0
0
4
0
0
0
0
0
0
0
0
0
1
0
0
4
3
0
0
11
0
45
109
181
242
255
255
249
67
0
8
6
0
0
0
0
0
0
0
0
1
4
7
0
0
17
115
213
210
236
254
255
255
249
246
255
222
12
0
5
0
4
2
1
6
2
0
0
0
18
0
0
122
235
236
252
255
248
253
255
237
180
142
182
136
15
0
6
0
7
0
0
0
6
5
7
14
0
153
255
239
255
254
255
254
214
193
116
16
0
3
0
19
0
5
14
0
6
2
0
2
3
0
0
0
124
238
255
245
218
201
189
70
16
1
0
0
0
0
11
0
0
7
2
0
1
1
3
6
0
0
5
71
255
248
241
252
110
10
9
0
0
4
0
9
9
0
0
14
2
0
0
6
0
0
0
2
0
16
57
217
250
255
252
255
247
210
195
90
11
9
0
0
0
14
0
0
0
0
4
4
0
0
3
4
0
12
54
254
254
240
255
255
251
253
253
247
118
34
0
9
0
0
4
0
1
0
0
0
0
1
4
5
0
0
10
100
222
169
135
188
210
246
255
255
255
172
1
0
0
0
5
8
6
0
0
0
7
0
0
0
2
0
0
0
0
4
6
0
0
42
155
244
255
210
42
0
0
7
0
0
0
2
10
5
0
8
0
1
0
0
7
0
0
1
2
1
2
6
11
225
242
255
132
0
7
10
0
0
0
0
0
0
0
0
0
18
1
19
0
8
0
0
5
0
0
0
24
194
254
255
144
2
0
0
11
0
0
0
0
8
0
0
19
0
0
0
1
0
0
0
5
1
1
23
52
242
255
237
19
13
0
13
0
0
0
0
0
0
1
0
0
10
249
255
255
255
247
199
144
133
178
237
255
255
252
170
0
0
3
5
0
0
0
0
0
3
9
2
0
0
223
237
247
238
254
255
247
245
255
255
245
255
162
69
7
1
0
0
0
0
0
0
0
0
0
2
22
0
6
40
70
168
176
206
245
255
255
250
249
152
44
0
0
11
0
16
0
0
0
0
0
4
3
0
0
2
0
11
0
4
0
4
33
47
41
41
53
0
2
0
19
0
6
1
0
0
0
0
0
2
0
6
0
5
4
0
7
3
1
0
2
3
2
0
0
7
0
1
0
14
0
4
3
0
0
0
0
0
0
0
0
0
0
0
0
0
0
0
0
0
0
0
0
0
0
0
0
0
0
0
0
0
0
0
0
0
0
0
0
0
0
0
0
0
0
0
0
0
0
0
0
0
0
0
0
0
0
0
0
0
0
0
0
0
0
0
0
0
0
0
0
0
0
0
0
0
0
0
0
0
0
0
0
0
0
0
0
0
0
0
0
0
0
0
0
0
0
0
0
0
0
0
0
0
0
0
0
0
0
0
0
0
0
0
0
0
0
0
0
