1
0
0
0
0
0
0
0
0
0
6
3
10
0
1
16
0
0
0
0
0
0
0
0
0
0
0
0
0
0
0
0
0
0
0
0
0
7
0
0
0
0
0
0
2
0
0
0
0
0
0
0
0
0
0
0
0
0
0
0
0
0
0
0
0
2
0
0
4
21
0
4
1
0
0
0
0
0
0
0
0
0
0
0
0
0
0
0
0
0
0
0
0
0
0
24
230
245
79
0
1
0
0
0
0
0
0
0
0
0
0
0
0
0
0
0
0
0
0
0
0
0
9
36
251
251
153
5
0
0
0
0
0
0
0
0
0
0
0
0
0
0
0
0
0
0
0
0
0
17
0
36
255
255
211
0
11
0
0
0
0
0
0
0
0
0
0
0
0
0
0
0
0
0
0
0
0
0
5
39
226
235
255
69
0
0
0
0
0
0
0
0
0
0
0
0
0
0
0
0
0
0
0
0
0
0
21
4
229
255
254
132
10
0
0
0
0
0
0
0
0
0
0
0
0
0
0
0
0
0
0
0
0
9
0
0
218
248
255
194
0
9
0
0
8
0
0
5
0
0
0
0
0
0
0
0
0
0
0
0
0
0
7
4
165
255
234
255
102
0
0
3
0
0
5
0
1
0
0
0
0
0
0
0
0
0
0
0
0
2
0
0
116
255
115
240
237
3
0
4
0
7
9
0
3
0
0
0
0
0
0
0
0
0
0
0
0
2
0
7
120
255
35
130
255
57
0
1
0
6
4
0
2
0
0
0
0
0
0
0
0
0
0
0
0
0
4
2
51
147
13
44
233
142
0
0
6
0
0
5
0
0
0
0
0
0
0
0
0
0
0
0
0
0
10
0
0
8
0
11
255
216
7
0
7
0
0
9
0
0
0
0
0
0
0
0
0
0
0
0
0
0
1
18
7
0
0
0
255
252
28
1
0
3
0
5
0
0
0
0
0
0
0
0
0
0
0
0
0
7
0
5
0
0
14
0
182
255
47
6
0
10
2
0
3
0
0
0
0
0
0
0
0
0
0
0
0
0
1
0
3
0
0
0
103
255
105
4
1
1
0
6
0
0
0
0
0
0
0
0
0
0
0
0
0
0
18
0
0
0
0
0
108
244
146
0
0
13
0
9
0
0
0
0
0
0
0
0
0
0
0
0
0
13
0
18
0
8
0
8
215
255
78
8
0
5
97
19
0
0
0
0
0
0
0
0
0
0
0
0
0
0
15
0
2
1
12
129
235
254
73
117
84
120
249
34
1
0
0
0
0
0
0
0
0
0
0
0
0
6
0
16
176
193
215
246
255
255
255
255
238
255
255
43
16
0
0
0
0
0
0
0
0
0
0
0
0
0
24
222
255
252
255
250
245
149
223
235
251
246
182
38
0
0
0
0
0
0
0
0
0
0
0
0
0
2
24
143
192
224
95
62
0
9
0
4
2
0
14
6
0
0
0
0
0
0
0
0
0
0
0
0
0
0
12
0
13
4
0
0
12
0
0
1
2
0
0
0
0
0
0
0
0
0
0
0
0
0
0
0
0
0
0
0
0
0
0
0
0
0
0
0
0
0
0
0
0
0
0
0
0
0
0
0
0
0
0
0
0
0
0
0
0
0
0
0
0
0
0
0
0
0
0
0
0
0
0
0
0
0
0
0
0
0
0
0
0
0
0
0
0
0
0
0
0
0
0
0
0
0
0
0
0
0
0
0
0
0
0
0
0
0
0
0
0
0
0
0
0
0
0
0
0
0
0
0
0
0
0
0
0
0
0
0
0
