7
0
5
1
2
0
0
10
0
0
0
0
0
0
0
0
0
0
0
0
0
0
0
0
0
0
0
0
0
0
0
0
0
0
0
4
1
0
0
0
0
0
0
0
0
0
0
0
0
0
0
0
0
0
0
0
0
2
0
0
0
7
3
0
0
0
0
0
0
0
0
0
0
0
0
0
0
0
0
0
0
0
0
0
0
10
5
2
0
0
5
0
13
0
0
0
0
0
0
0
0
0
0
0
0
0
0
0
0
0
0
0
0
0
0
3
0
0
7
0
0
0
0
0
0
0
0
0
0
0
0
0
0
0
0
0
0
0
0
0
0
7
9
3
9
1
0
14
0
0
0
0
0
0
0
0
0
0
0
0
0
0
0
0
0
0
0
0
0
9
0
0
13
1
0
18
0
0
0
0
0
0
0
0
0
0
0
0
0
0
0
0
0
0
0
0
0
0
7
51
175
171
98
86
3
0
0
0
0
0
0
0
0
0
0
0
0
0
0
0
0
0
0
0
0
5
2
182
254
255
246
249
211
215
77
63
26
6
0
11
0
3
6
2
3
0
4
0
0
0
0
0
0
0
0
115
242
253
255
232
255
252
255
255
203
162
51
15
6
0
0
3
0
13
0
0
5
0
0
0
0
0
0
0
83
102
133
119
206
214
252
255
242
255
255
227
86
30
19
6
12
1
0
22
0
0
0
0
0
19
4
2
0
8
0
0
14
2
105
213
243
245
229
255
255
251
109
10
17
0
0
11
8
0
0
0
0
0
0
15
0
13
0
5
0
18
0
13
0
18
153
255
240
255
255
251
62
13
9
0
0
0
0
0
0
13
0
5
3
0
0
4
0
0
0
7
0
14
0
0
82
242
252
252
254
35
0
5
2
0
0
0
0
0
0
0
10
0
2
1
3
7
13
5
0
0
7
0
7
35
166
255
245
231
0
1
6
0
0
0
0
0
13
0
0
2
1
0
0
0
0
0
7
1
0
7
0
3
5
185
245
246
103
3
0
0
0
0
0
0
0
0
0
0
0
0
0
5
0
3
8
0
0
0
10
6
2
53
255
247
151
0
11
0
0
0
0
0
0
0
0
0
0
0
0
0
0
0
2
8
9
2
0
1
0
74
255
240
255
2
0
0
0
0
0
0
0
0
0
0
0
0
0
7
8
5
0
0
0
1
0
0
0
127
255
255
160
7
0
0
0
0
0
0
0
0
0
0
0
0
0
0
4
3
0
0
3
7
11
0
98
255
242
246
57
0
12
0
0
0
0
0
0
0
0
0
0
0
0
0
0
0
0
11
3
0
0
29
244
250
244
236
17
0
0
0
0
0
0
0
0
0
0
0
0
0
0
8
10
2
1
1
0
1
54
238
234
252
180
28
0
20
8
0
0
0
0
0
0
0
0
0
0
0
0
0
0
0
1
0
0
74
206
236
255
188
64
16
0
0
0
0
0
0
0
0
0
0
0
0
0
0
0
1
0
0
8
7
5
106
255
255
163
19
0
0
6
0
1
0
0
0
0
0
0
0
0
0
0
0
0
1
0
0
10
0
0
25
84
76
32
0
0
4
0
0
6
0
0
0
0
0
0
0
0
0
0
0
0
6
0
0
3
0
0
0
14
18
0
0
0
5
1
0
3
0
0
0
0
0
0
0
0
0
0
0
0
0
2
1
0
4
8
0
0
0
0
0
4
6
1
0
0
0
0
0
0
0
0
0
0
0
0
0
0
0
1
5
0
0
8
9
2
3
7
7
3
0
0
0
0
0
0
0
0
