5
0
0
0
0
0
0
0
0
1
0
3
0
1
0
0
8
0
1
5
0
2
4
0
0
0
0
0
0
0
0
0
0
0
0
0
0
0
2
2
0
0
13
6
0
5
0
4
6
0
2
9
2
0
0
0
0
0
0
0
0
0
0
0
0
4
4
0
0
0
3
11
0
5
13
0
0
2
0
0
4
0
0
0
0
0
0
0
0
0
0
0
0
3
0
0
8
0
0
8
5
0
0
6
19
0
0
12
0
0
0
0
0
0
0
0
0
0
0
0
0
0
0
0
7
5
0
4
0
0
14
0
2
59
59
29
2
0
0
0
0
0
0
0
0
0
0
0
0
0
2
6
0
1
7
0
0
3
46
111
204
250
255
229
132
0
0
0
0
0
0
0
0
0
0
0
0
7
0
10
0
0
0
0
82
140
234
255
255
255
242
236
204
0
0
0
0
0
0
0
0
0
0
0
0
9
0
9
2
4
0
22
212
245
255
249
248
246
222
172
61
0
0
0
0
0
0
0
0
0
0
0
0
10
0
8
10
0
7
33
235
255
188
162
135
49
0
6
0
0
0
0
0
0
0
0
0
0
0
0
0
4
0
10
27
9
0
24
119
158
60
3
0
0
4
10
0
0
0
0
0
0
0
0
0
0
0
0
0
0
22
37
212
72
9
0
15
9
0
0
4
0
0
2
3
0
0
0
0
0
0
0
0
0
0
0
0
5
0
87
255
179
10
10
0
0
0
3
4
3
0
0
3
0
0
0
0
0
0
0
0
0
0
0
0
2
4
130
249
136
0
11
6
5
8
0
0
0
1
0
2
0
0
0
0
0
0
0
0
0
0
0
0
0
8
145
250
179
7
5
0
0
6
13
8
4
0
0
7
0
0
0
0
0
0
0
0
0
0
0
0
0
0
16
234
248
204
99
23
9
0
0
0
0
2
1
0
0
0
0
0
0
0
0
0
0
0
0
0
3
7
0
101
254
254
251
129
1
0
3
10
4
0
1
0
0
0
0
0
0
6
2
0
0
3
6
0
0
11
0
28
91
171
255
252
169
1
0
7
1
0
6
0
0
0
0
0
0
3
0
1
5
0
0
23
6
0
0
15
0
0
101
228
255
123
4
0
0
0
5
2
0
0
0
0
1
7
1
12
5
7
0
0
0
6
6
0
0
12
16
39
239
170
0
9
0
0
0
0
0
0
0
0
2
0
4
0
0
0
13
0
0
0
2
34
57
56
116
232
255
188
0
3
0
1
2
3
0
0
0
0
13
0
4
0
41
20
12
25
65
172
207
227
249
250
255
255
218
122
0
0
0
7
4
0
0
0
0
0
0
0
0
19
201
252
223
252
246
255
242
248
255
254
218
136
47
0
0
10
5
1
0
0
0
0
0
0
4
15
0
0
125
245
229
252
213
201
142
91
46
15
19
7
0
0
3
8
0
0
0
12
0
0
0
0
0
0
9
10
0
47
30
50
24
0
0
0
1
8
1
0
0
19
0
0
2
11
0
0
0
0
0
0
0
0
0
0
0
0
0
0
0
0
0
0
0
0
0
0
0
0
0
0
0
0
0
0
0
0
0
0
0
0
0
0
0
0
0
0
0
0
0
0
0
0
0
0
0
0
0
0
0
0
0
0
0
0
0
0
0
0
0
0
0
0
0
0
0
0
0
0
0
0
0
0
0
0
0
0
0
0
0
0
0
0
0
0
0
0
0
0
0
0
0
0
0
0
0
0
0
0
0
0
0
0
0
0
0
0
0
0
0
0
0
0
