8
0
0
0
0
0
0
0
0
0
0
11
0
0
9
0
0
0
5
0
0
0
0
10
0
0
0
0
0
0
0
0
0
0
0
0
0
11
0
0
0
11
11
0
3
4
3
0
4
5
0
1
2
0
0
0
0
0
0
0
0
0
0
0
0
1
0
8
0
3
0
0
0
0
0
1
0
0
0
0
5
0
0
0
0
0
0
0
0
0
0
0
0
2
0
3
0
0
3
7
8
0
3
13
0
0
14
2
0
0
0
0
0
0
0
0
0
0
0
0
0
0
0
0
13
10
8
0
0
4
0
0
0
0
0
0
11
0
0
0
0
0
0
0
0
0
0
0
0
0
2
1
4
0
0
55
123
197
255
225
99
8
4
14
0
0
0
0
0
0
0
0
0
0
0
0
0
5
6
5
0
38
86
212
255
255
250
234
255
164
9
0
23
0
0
0
0
0
0
0
0
0
0
0
0
0
0
9
24
204
253
255
118
31
32
77
249
255
86
14
0
0
0
0
0
0
0
0
0
0
0
0
0
0
0
4
60
255
242
43
0
0
15
0
122
255
133
1
2
0
0
0
0
0
0
0
0
0
0
0
0
13
0
6
174
248
226
2
0
5
0
4
229
233
124
10
0
0
0
0
0
0
0
0
0
0
0
0
0
0
12
0
149
255
182
6
5
5
30
163
245
235
23
0
0
0
0
0
0
0
0
0
0
0
0
0
0
8
9
0
157
250
239
2
0
29
192
247
197
18
0
2
0
0
0
0
0
0
0
0
0
0
0
0
0
0
4
5
62
237
250
2
154
217
251
147
1
4
0
0
4
0
0
0
0
0
0
0
0
0
0
0
0
8
0
0
0
196
237
217
255
243
100
3
0
7
3
4
0
0
0
0
0
0
0
0
0
0
0
0
0
0
19
0
52
203
255
254
123
0
8
0
0
0
0
0
17
0
0
0
0
0
0
0
0
0
0
0
0
8
0
148
217
253
255
244
58
2
0
0
0
13
0
0
1
0
0
0
0
0
0
0
0
0
0
0
0
0
104
251
168
30
122
255
118
4
3
1
0
0
5
0
0
0
0
0
0
0
0
0
0
0
0
0
0
67
239
179
0
18
25
243
255
42
0
1
0
0
3
5
8
0
0
0
0
0
0
0
0
0
0
0
0
200
255
47
0
0
0
166
255
115
7
12
0
0
0
0
0
0
0
0
0
0
0
0
0
0
0
0
0
252
240
27
0
13
0
67
232
137
0
0
0
11
4
4
11
0
0
0
0
0
0
0
0
0
0
0
0
230
183
4
0
0
0
26
208
183
4
5
0
6
0
0
0
0
0
0
0
0
0
0
0
0
0
0
0
145
255
79
4
9
10
89
255
151
0
0
0
2
5
12
8
0
0
0
0
0
0
0
0
0
0
0
0
40
255
241
65
31
55
244
244
113
11
0
4
0
0
2
0
0
0
0
0
0
0
0
0
0
0
0
0
32
241
254
254
255
250
255
234
49
0
0
12
0
1
10
0
0
0
0
0
0
0
0
0
0
0
0
0
3
43
117
206
255
241
145
55
0
0
0
0
0
0
0
0
0
0
0
0
0
0
0
0
0
0
0
0
0
1
6
5
2
1
0
0
0
0
0
0
0
0
0
0
0
0
0
0
0
0
0
0
0
0
0
0
0
4
4
0
0
0
5
11
0
0
0
0
0
0
0
0
0
0
0
0
0
0
0
0
0
0
0
0
2
0
0
0
8
11
3
0
0
0
0
0
0
0
0
0
0
0
0
0
