9
0
0
0
0
0
0
0
0
0
0
5
1
0
0
0
0
0
2
0
5
7
0
0
7
0
0
0
0
0
0
0
0
0
0
0
0
11
0
0
3
8
4
0
0
0
0
0
0
2
4
3
0
0
0
0
0
0
0
0
0
0
0
0
0
0
0
0
0
0
0
0
1
0
5
12
0
6
0
6
3
0
0
0
0
0
0
0
0
0
0
0
0
0
3
6
0
0
6
11
4
0
0
1
0
5
0
0
0
0
0
0
0
0
0
0
0
0
0
0
0
5
7
4
0
0
1
0
0
4
6
0
0
1
10
0
0
0
0
0
0
0
0
0
0
0
0
0
0
0
0
0
8
3
0
0
16
0
8
1
0
0
1
2
6
0
0
0
0
0
0
0
0
0
0
0
0
12
9
0
0
0
4
2
0
7
0
3
0
28
0
0
0
0
0
0
0
0
0
0
0
0
0
0
0
0
0
0
21
129
242
249
188
85
0
6
31
127
32
13
0
0
0
0
0
0
2
4
2
0
16
0
6
0
0
61
212
255
238
162
255
249
176
0
163
247
246
2
1
0
0
0
0
1
0
0
5
0
0
0
4
4
59
227
255
181
21
8
83
201
255
108
235
255
192
0
5
0
0
0
0
1
0
0
2
2
0
0
0
37
215
255
192
5
16
0
0
64
250
227
255
255
92
2
10
0
0
0
0
0
6
0
0
2
6
0
21
197
255
195
17
2
0
10
11
0
197
255
243
161
10
6
0
0
0
0
0
0
4
0
1
0
4
0
117
251
219
71
0
0
20
0
1
122
228
255
255
54
6
0
0
0
0
0
0
3
0
0
10
0
0
54
229
255
95
0
1
6
14
115
230
247
250
250
225
13
4
3
5
0
0
0
0
5
0
1
8
0
13
168
255
152
25
26
68
171
236
255
246
147
213
239
128
1
0
2
0
0
0
0
0
3
0
7
0
5
46
255
244
240
210
253
253
242
175
76
45
0
216
255
107
0
2
4
0
0
0
0
0
1
7
0
12
0
52
226
255
255
248
237
106
31
5
0
8
42
227
255
66
0
9
0
0
0
0
0
0
0
3
0
9
0
0
96
105
64
47
26
0
0
1
8
0
140
255
198
18
0
0
4
7
0
0
0
0
0
0
1
8
0
0
5
0
24
3
0
0
0
0
0
13
215
255
94
0
1
0
0
3
0
0
0
0
0
0
1
0
3
3
0
0
0
0
15
7
0
5
3
121
253
204
15
3
0
12
0
0
0
0
0
0
1
0
0
0
0
6
0
7
9
0
6
0
1
0
21
184
255
124
0
2
0
6
0
0
0
0
0
0
0
1
3
0
2
2
0
0
0
12
0
0
17
0
127
255
216
33
6
0
2
0
10
1
0
0
0
0
0
3
3
6
4
0
1
0
0
8
0
0
0
0
197
253
140
0
0
5
8
0
5
0
0
0
0
0
3
3
0
0
0
0
8
0
5
0
15
0
2
57
255
255
113
8
0
19
0
1
0
4
0
0
0
0
0
0
0
0
0
0
0
0
0
12
0
0
0
142
235
255
105
14
0
13
0
0
7
0
0
0
0
0
0
0
0
0
0
0
0
0
2
2
0
2
4
191
255
224
40
0
0
6
0
0
9
0
0
0
0
0
0
0
0
0
0
0
0
0
0
0
19
10
0
172
249
98
0
0
1
3
0
5
7
0
0
0
0
0
0
0
0
0
0
0
0
0
12
5
0
1
1
11
0
0
0
8
6
0
0
2
1
0
0
0
0
0
