6
0
0
0
0
0
0
0
0
10
0
0
3
0
0
0
2
0
0
0
0
0
0
0
0
0
0
0
0
0
0
0
0
0
0
0
0
0
0
3
0
7
4
0
0
0
0
0
0
0
0
0
0
0
0
0
0
0
0
0
0
0
0
0
0
0
28
0
1
13
0
13
4
0
0
0
0
0
0
0
0
0
0
0
0
0
0
0
0
0
0
0
0
2
0
10
0
0
16
0
0
0
0
0
0
0
0
0
0
0
0
0
0
0
0
0
0
0
0
0
0
9
0
74
248
240
96
20
0
0
0
0
0
0
0
0
0
0
0
0
0
0
0
0
0
0
0
0
0
3
70
220
255
252
250
127
5
0
0
0
0
0
0
0
0
0
0
0
0
0
0
0
0
0
0
0
0
0
193
252
246
253
255
197
0
0
0
0
0
0
0
0
0
0
0
0
0
0
0
0
0
0
0
0
0
22
233
255
250
255
238
168
2
0
0
0
0
0
0
0
0
0
0
0
0
0
0
0
0
0
0
0
0
93
255
246
243
145
236
173
2
0
9
0
0
0
0
10
0
0
0
0
0
0
0
0
0
0
0
0
0
102
240
255
254
52
81
86
0
6
0
0
8
7
1
0
0
0
0
0
0
0
0
0
0
0
0
0
0
94
245
252
172
4
0
0
14
0
0
3
0
0
0
0
5
0
0
0
0
0
0
0
0
0
0
0
0
204
255
255
175
9
0
6
0
6
28
36
34
15
6
12
0
0
0
0
0
0
0
0
0
0
0
0
0
250
252
251
202
40
0
9
24
138
231
255
240
118
0
0
7
0
0
0
0
0
0
0
0
0
0
0
0
251
255
255
245
81
0
72
214
240
255
250
255
239
96
10
0
0
0
0
0
0
0
0
0
0
0
0
0
240
238
255
255
46
22
182
255
255
255
240
251
255
165
14
2
0
0
0
0
0
0
0
0
0
0
0
0
181
255
255
240
85
127
249
255
245
252
255
236
255
185
0
0
0
0
0
0
0
0
0
0
0
0
0
0
69
221
255
255
99
132
255
243
144
138
252
255
246
90
14
0
0
0
0
0
0
0
0
0
0
0
0
0
13
199
247
252
255
200
255
255
209
241
242
255
202
33
0
0
0
0
0
0
0
0
0
0
0
0
0
0
0
208
250
246
255
255
234
250
255
255
255
237
54
0
0
18
0
0
0
0
0
0
0
0
0
0
0
0
0
144
255
243
235
255
255
255
240
253
255
220
28
10
0
0
0
0
0
0
0
0
0
0
0
0
0
0
5
31
158
255
248
245
248
253
255
255
119
61
3
0
16
3
0
0
0
0
0
0
0
0
0
0
0
0
0
0
3
237
255
255
252
255
197
105
19
0
0
0
0
0
0
0
0
0
0
0
0
0
0
0
0
0
2
4
0
102
202
182
227
245
160
0
13
9
0
9
0
4
0
0
0
0
0
0
0
0
0
0
0
0
0
0
0
0
0
9
24
118
178
23
0
0
0
0
5
0
0
0
0
0
0
0
0
0
0
0
0
0
0
0
0
0
0
0
0
0
0
0
0
0
0
0
0
0
0
0
0
0
0
0
0
0
0
0
0
0
0
0
0
0
0
0
0
0
0
0
0
0
0
0
0
0
0
0
0
0
0
0
0
0
0
0
0
0
0
0
0
0
0
0
0
0
0
0
0
0
0
0
0
0
0
0
0
0
0
0
0
0
0
0
0
0
0
0
0
0
0
0
0
0
0
0
0
0
0
0
0
0
0
0
0
0
