6
0
0
0
0
0
0
0
0
0
0
8
0
0
1
0
15
0
3
0
8
1
0
16
0
0
0
0
0
0
0
0
0
0
0
0
0
8
0
0
1
0
7
9
0
0
0
8
0
0
3
3
0
0
0
0
0
0
0
0
0
0
0
0
0
0
6
0
8
10
0
3
2
0
12
11
0
10
0
0
17
0
0
0
0
0
0
0
0
0
0
0
0
0
0
0
8
0
0
10
1
9
6
159
255
203
24
0
0
0
0
0
0
0
0
0
0
0
0
0
0
6
0
12
0
0
17
18
0
6
74
254
255
252
150
8
3
0
0
0
0
0
0
0
0
0
0
0
0
0
3
2
0
9
1
0
52
169
255
250
244
216
41
0
0
0
0
0
0
0
0
0
0
0
0
0
0
0
8
0
0
19
0
42
191
255
238
255
136
0
0
0
17
0
0
0
0
0
0
0
0
0
0
0
0
12
0
3
17
0
43
209
255
246
248
81
0
7
1
4
0
0
0
0
0
0
0
0
0
0
0
0
0
0
1
12
0
0
230
249
255
227
76
6
0
0
4
1
5
0
0
0
0
0
0
0
0
0
0
0
0
14
0
0
14
125
244
254
219
52
0
2
7
2
0
0
0
0
0
0
0
0
0
0
0
0
0
0
0
0
6
21
68
254
245
255
117
4
6
5
0
17
4
0
11
0
0
0
0
0
0
0
0
0
0
0
0
0
0
22
226
255
247
79
3
0
0
10
0
5
0
0
3
0
0
0
0
0
0
0
0
0
0
0
0
4
0
135
254
235
250
26
0
22
0
7
10
0
0
23
0
0
0
0
0
0
0
0
0
0
0
0
0
0
4
205
245
255
50
1
0
0
7
0
0
3
0
0
9
0
0
0
0
0
0
0
0
0
0
0
0
8
193
240
249
243
132
225
229
241
202
52
0
0
15
0
0
0
0
0
0
0
0
0
0
0
0
0
0
0
245
255
255
255
252
253
252
252
255
239
187
3
0
18
0
0
0
0
0
5
0
0
1
3
1
0
0
75
247
244
255
240
255
255
201
193
255
246
251
44
0
0
3
0
0
0
0
4
1
0
0
0
0
0
6
155
255
255
247
255
155
24
25
38
238
254
170
2
6
6
0
0
0
0
0
0
0
2
1
0
0
11
27
237
242
249
244
151
0
32
67
244
255
253
179
5
0
6
0
0
0
0
0
0
0
1
2
0
1
14
29
230
255
255
255
207
92
205
255
235
254
207
71
0
14
7
0
0
0
0
0
3
0
0
0
0
0
0
4
190
250
252
230
255
255
247
250
242
128
44
0
4
5
0
13
0
0
0
0
5
0
0
0
2
0
0
0
48
230
255
255
255
250
187
138
32
0
15
8
0
0
2
0
0
0
0
0
2
0
0
1
5
4
3
4
0
255
250
249
252
115
19
0
0
13
0
0
17
14
0
3
0
0
0
0
3
0
0
0
0
0
0
0
0
13
0
0
10
0
0
0
5
0
0
0
0
0
4
4
0
0
0
0
0
0
0
0
0
0
0
0
0
0
0
0
0
0
0
0
0
0
0
0
0
0
0
0
0
0
0
0
0
0
0
0
0
0
0
0
0
0
0
0
0
0
0
0
0
0
0
0
0
0
0
0
0
0
0
0
0
0
0
0
0
0
0
0
0
0
0
0
0
0
0
0
0
0
0
0
0
0
0
0
0
0
0
0
0
0
0
0
0
0
0
0
0
0
0
0
0
0
0
0
0
0
0
0
0
0
0
0
0
0
0
0
