6
0
0
0
0
0
0
0
0
0
17
0
2
8
0
0
0
0
1
0
2
3
0
0
0
0
0
0
0
0
0
0
0
0
0
0
0
0
0
0
1
0
17
7
1
2
10
10
0
1
3
2
0
0
0
0
0
0
0
0
0
0
0
0
0
13
0
4
0
17
0
0
3
0
0
13
0
5
0
0
14
0
0
0
0
0
0
0
0
0
0
0
0
0
1
0
2
0
28
173
255
212
27
0
0
12
0
0
3
0
0
0
0
0
0
0
0
0
0
0
0
0
11
0
6
0
143
237
255
240
20
4
15
8
0
1
0
0
0
0
0
0
0
0
0
0
0
0
0
0
0
0
1
155
255
250
247
245
46
0
0
0
2
23
0
0
0
0
0
0
0
0
0
0
0
0
0
6
3
0
37
227
245
255
255
47
0
0
4
0
0
13
0
0
0
0
0
0
0
0
0
0
0
0
0
0
2
0
209
255
253
233
51
0
4
0
3
10
0
0
1
0
0
0
0
0
6
1
0
0
5
3
1
0
0
95
227
255
209
81
5
0
3
0
0
0
3
2
2
0
0
0
0
0
0
1
1
0
0
0
0
0
4
250
255
254
95
0
0
0
20
0
6
1
0
0
0
0
0
0
0
3
0
0
5
0
0
0
1
0
133
244
255
165
17
8
4
10
0
9
13
0
0
31
0
0
0
0
0
6
0
0
0
0
0
7
1
37
208
255
249
89
0
0
13
50
139
136
146
141
16
4
6
0
0
0
0
0
2
2
0
0
3
4
0
60
252
252
216
0
16
15
134
254
249
255
249
255
245
35
0
0
0
0
0
0
6
4
0
3
0
0
0
161
255
251
36
16
81
204
255
250
246
246
245
255
245
246
26
0
0
0
0
0
9
0
0
9
0
0
46
255
251
247
22
118
242
251
255
243
236
204
150
255
252
255
44
0
0
0
0
0
10
0
0
11
0
8
98
255
252
196
129
255
241
254
195
43
0
0
0
94
252
249
158
0
0
0
0
1
0
7
0
2
0
0
107
255
255
246
240
245
220
76
3
3
0
5
3
58
255
240
158
0
0
0
0
0
0
5
0
7
5
2
84
247
250
255
250
255
66
0
0
0
5
0
5
15
253
255
222
0
0
0
0
4
0
4
0
2
4
0
32
255
235
255
251
101
0
15
0
12
0
10
0
200
255
242
104
0
0
0
0
5
0
5
0
0
1
0
0
105
245
243
255
138
59
0
3
0
0
35
174
236
241
151
30
0
0
0
0
0
0
6
3
0
6
5
0
2
229
249
238
254
239
179
66
166
206
230
251
255
94
14
0
0
0
0
0
0
0
4
1
0
0
4
0
2
70
254
255
210
217
217
202
206
168
124
102
43
0
6
4
0
0
0
0
1
5
0
0
0
0
0
0
15
0
255
241
0
1
33
0
0
13
0
3
1
0
0
1
0
0
0
0
0
5
0
0
4
1
2
2
0
3
0
2
15
0
11
0
3
0
10
0
3
0
14
0
0
0
0
0
0
0
0
0
0
0
0
0
0
0
0
0
0
0
0
0
0
0
0
0
0
0
0
0
0
0
0
0
0
0
0
0
0
0
0
0
0
0
0
0
0
0
0
0
0
0
0
0
0
0
0
0
0
0
0
0
0
0
0
0
0
0
0
0
0
0
0
0
0
0
0
0
0
0
0
0
0
0
0
0
0
0
0
0
0
0
0
0
0
0
0
0
0
0
0
0
0
0
0
0
0
0
0
0
0
0
0
0
0
0
0
0
