1
0
0
0
0
0
0
0
0
0
0
0
0
0
0
0
0
5
0
2
0
0
8
0
3
0
0
0
0
0
0
0
0
0
0
0
0
0
0
0
0
0
0
0
0
2
0
3
0
7
0
11
0
0
0
0
0
0
0
0
0
0
0
0
0
0
0
0
0
0
0
0
0
0
0
13
7
0
0
12
0
0
0
0
0
0
0
0
0
0
0
0
0
0
0
0
0
0
0
0
0
3
0
0
0
7
15
0
9
0
0
0
0
0
0
0
0
0
0
0
0
0
0
0
0
0
0
0
0
2
83
213
250
119
2
16
0
0
0
0
0
0
0
0
0
0
0
0
0
0
0
0
0
0
0
0
0
0
217
253
255
221
0
0
2
0
0
0
0
0
0
0
0
0
0
0
0
0
0
0
0
0
0
0
0
0
224
247
241
157
0
0
12
0
0
0
0
0
0
0
0
0
0
0
0
0
0
0
0
0
0
0
0
142
251
255
230
27
14
0
0
0
0
0
0
0
0
0
0
0
0
0
0
0
9
0
7
5
0
0
134
248
245
252
66
0
4
13
0
0
0
0
0
0
0
0
0
0
0
0
0
0
6
0
7
0
2
3
198
255
247
248
6
8
0
0
2
0
0
0
0
0
0
0
0
0
0
0
0
6
0
7
0
2
1
94
227
235
252
121
0
1
0
0
7
0
0
0
0
0
0
0
0
0
0
0
0
0
0
16
0
1
70
252
252
255
224
37
27
0
7
0
0
0
0
0
0
0
0
0
0
0
0
0
0
0
2
0
4
0
159
255
246
248
46
0
0
0
11
0
7
0
0
0
0
0
0
0
0
0
0
0
0
12
0
0
0
69
215
232
246
252
21
16
4
7
0
7
0
0
0
0
0
0
0
0
0
0
0
0
0
6
0
10
48
215
253
255
255
122
12
0
11
0
0
10
0
0
0
0
0
0
0
0
0
0
0
0
0
0
4
0
129
255
243
255
204
27
0
11
0
0
18
0
5
0
0
0
0
0
0
2
5
0
0
5
0
4
0
27
180
251
250
255
58
0
0
0
0
0
0
0
0
0
0
0
0
6
0
0
6
8
0
0
0
17
19
177
255
255
251
171
11
0
0
0
0
0
0
0
0
0
0
0
0
0
3
0
0
0
0
0
9
0
96
255
232
255
246
50
0
0
0
0
0
0
0
0
0
0
0
0
0
0
10
3
0
0
5
0
7
52
255
251
247
255
88
10
5
0
0
0
0
0
0
0
0
0
0
0
0
0
3
0
0
9
13
0
38
226
255
249
255
194
16
0
8
0
0
0
0
0
0
0
0
0
0
0
0
5
0
0
9
4
0
6
155
255
239
232
195
96
0
7
0
0
0
0
0
0
0
0
0
0
0
0
0
0
7
0
9
0
0
14
204
243
255
253
87
6
3
0
11
0
0
0
0
0
0
0
0
0
0
0
0
0
12
0
2
1
7
0
130
245
255
116
0
0
0
19
0
0
0
0
0
0
0
0
0
0
0
0
0
0
0
0
0
0
0
0
0
0
0
0
0
0
0
0
0
0
0
0
0
0
0
0
0
0
0
0
0
0
0
0
0
0
0
0
0
0
0
0
0
0
0
0
0
0
0
0
0
0
0
0
0
0
0
0
0
0
0
0
0
0
0
0
0
0
0
0
0
0
0
0
0
0
0
0
0
0
0
0
0
0
0
0
0
0
0
0
0
0
0
0
0
0
0
0
0
0
0
0
0
0
0
0
0
0
0
0
0
0
0
0
0
