7
0
9
0
0
0
0
0
0
0
0
0
0
0
0
1
0
5
0
0
0
7
0
0
6
0
0
0
0
4
1
0
0
6
5
3
0
0
4
13
11
0
0
0
4
3
2
2
3
3
1
0
0
0
0
0
0
7
0
0
0
0
0
1
0
10
2
0
0
0
0
0
1
0
0
0
0
0
1
7
0
0
0
0
0
0
0
6
0
0
0
2
1
0
0
9
10
4
0
2
6
10
6
11
8
0
0
2
0
0
0
0
0
0
0
10
0
0
8
0
0
8
1
0
0
0
0
0
0
0
0
0
0
0
0
0
1
0
0
0
0
4
0
7
0
2
5
0
11
0
0
0
2
5
6
4
3
11
14
1
0
0
0
0
4
0
0
0
0
9
0
5
0
2
0
4
105
202
242
255
253
193
141
126
134
158
157
85
9
1
3
0
0
0
0
0
0
0
0
6
1
3
0
53
234
253
251
250
250
253
255
254
254
253
248
132
4
0
5
0
2
0
0
0
0
1
0
0
2
0
2
27
56
203
255
255
245
246
255
213
253
249
255
127
1
13
0
3
0
0
0
0
0
3
0
0
3
0
0
0
11
18
114
134
152
168
102
65
243
247
250
52
0
0
3
0
3
0
0
0
0
3
0
0
4
5
0
0
0
0
13
12
14
0
0
109
255
255
250
12
2
0
2
0
3
0
0
0
0
5
0
0
0
3
2
1
3
8
0
0
14
0
12
225
231
255
239
16
7
11
0
3
0
0
0
0
0
6
1
0
0
0
0
0
0
14
6
0
0
0
0
253
255
244
203
8
1
3
0
6
0
0
0
0
0
0
0
2
2
0
0
0
0
0
11
0
0
16
3
248
254
255
163
0
2
0
8
3
0
0
0
0
0
0
0
1
2
2
3
3
4
0
4
3
3
0
77
255
243
255
100
7
0
1
10
0
0
0
0
0
0
4
2
0
0
0
0
0
0
5
0
0
7
0
126
249
252
221
25
15
0
15
0
0
2
0
0
0
0
0
0
0
0
0
0
0
0
0
0
1
10
45
233
255
243
185
38
6
32
73
0
10
2
0
0
0
0
0
0
0
0
0
0
0
0
2
7
0
0
100
249
243
255
246
228
255
255
182
16
0
0
0
0
0
0
0
0
0
0
0
0
0
0
0
0
1
11
200
255
255
245
255
255
252
201
103
0
0
0
0
0
0
0
0
0
0
0
0
0
0
0
0
10
0
134
238
243
242
243
150
105
48
22
2
0
9
0
0
0
0
0
0
0
0
0
0
0
0
0
0
0
0
4
223
255
254
109
17
12
0
2
0
0
7
1
0
0
0
0
0
0
0
0
0
0
0
0
9
0
8
35
229
255
232
214
0
2
0
6
0
0
0
4
0
0
0
0
0
0
0
0
0
0
0
0
0
0
14
77
255
255
255
204
0
3
0
0
11
1
3
0
0
0
0
0
0
0
0
0
0
0
0
0
0
16
0
200
245
246
246
125
0
9
2
0
4
0
7
0
0
0
0
0
0
0
0
0
0
0
0
0
0
0
2
196
242
255
245
90
0
0
0
0
0
0
0
0
0
0
0
0
0
0
0
0
0
0
0
0
4
6
0
174
255
185
40
14
0
0
0
0
0
0
0
0
0
0
0
0
0
0
0
0
0
0
0
0
0
18
0
0
2
10
0
10
0
0
0
0
0
0
0
0
0
0
0
0
0
0
0
0
0
0
0
0
0
0
19
21
0
10
7
0
0
0
0
0
0
0
0
0
0
0
0
0
