9
0
0
0
0
0
0
0
0
5
0
0
0
0
0
0
0
0
4
0
0
7
0
0
8
0
0
0
0
0
0
0
0
0
0
0
0
0
0
5
7
5
1
0
1
0
0
10
16
0
0
13
0
0
0
0
0
0
0
0
0
0
0
0
0
0
0
3
1
0
0
0
0
7
10
0
0
0
1
2
0
0
0
0
0
0
0
0
0
0
0
0
0
2
1
0
0
0
0
2
1
0
10
0
0
13
8
0
0
0
0
0
0
0
0
0
0
0
0
0
0
5
0
0
0
3
3
0
0
0
0
6
13
0
0
13
1
0
0
0
0
0
0
0
0
0
0
0
0
1
0
0
6
0
0
0
9
3
0
0
0
0
8
8
0
0
0
0
0
0
0
0
0
0
0
0
0
0
0
1
3
0
0
56
121
255
247
140
23
0
0
0
10
0
0
0
0
0
0
0
0
0
0
0
0
5
0
1
2
0
38
158
255
244
255
240
122
11
0
11
0
0
0
0
0
0
11
1
0
0
1
0
11
0
0
0
88
159
255
239
255
229
246
253
196
17
0
11
0
0
0
0
0
8
0
6
13
0
13
0
0
16
5
185
225
246
237
247
177
58
251
255
247
48
0
0
0
0
0
0
0
9
0
3
9
0
9
2
62
174
185
239
255
255
229
23
16
179
255
242
255
48
9
7
0
0
0
0
0
0
0
1
0
0
0
0
177
255
255
254
245
255
33
16
47
255
235
255
251
42
0
0
6
0
0
0
0
0
6
6
0
3
2
0
166
246
250
255
247
122
5
42
243
241
243
255
245
59
7
0
0
0
0
0
0
1
0
4
0
0
11
0
51
238
240
253
155
13
63
217
255
255
255
245
243
48
6
4
0
0
0
0
0
0
0
0
2
0
5
0
29
209
252
250
69
98
218
255
245
169
240
245
194
10
0
8
2
0
0
0
0
0
14
0
1
10
0
2
110
251
255
211
165
249
255
252
112
95
247
255
67
0
9
0
2
0
0
0
0
0
10
0
2
4
3
0
170
255
246
255
255
242
242
61
16
217
245
232
31
0
0
0
0
0
0
0
0
0
9
0
5
0
0
11
172
243
255
253
231
178
7
0
19
244
255
161
5
0
3
4
3
0
0
0
0
0
4
1
6
0
0
11
125
255
255
183
57
0
16
5
104
255
255
84
0
0
5
2
1
0
0
0
0
5
0
0
4
0
6
0
40
93
44
22
14
7
0
15
208
249
182
32
0
3
0
0
0
0
0
0
0
8
0
0
3
0
8
0
0
0
4
9
0
0
9
95
255
247
90
5
0
3
0
0
4
0
0
0
0
1
0
0
4
0
2
4
0
6
0
0
6
0
13
119
243
255
45
5
0
3
0
1
1
0
0
0
0
0
0
3
2
0
0
8
6
0
11
0
0
19
0
242
255
196
22
8
0
4
1
0
0
0
0
0
0
0
2
0
0
1
0
2
0
2
3
0
4
0
111
246
242
90
0
0
0
4
1
0
5
0
0
0
0
0
0
0
0
0
0
0
0
9
0
0
0
0
235
254
236
0
0
0
0
0
0
0
0
0
0
0
0
0
0
0
0
0
0
0
0
0
1
0
0
19
247
243
167
0
0
0
0
0
0
0
0
0
0
0
0
0
0
0
0
0
0
0
0
10
0
2
14
0
6
0
13
0
0
0
0
0
0
0
0
0
0
0
0
0
0
0
0
0
0
0
0
0
0
0
7
0
0
0
3
0
0
0
0
0
0
0
0
0
0
0
0
