4
0
0
0
0
0
0
0
0
2
0
0
3
0
0
4
1
0
5
9
0
8
0
0
9
0
0
0
0
0
0
0
0
0
0
0
0
0
16
0
0
19
6
0
0
4
0
0
0
0
0
8
0
0
0
0
0
0
0
0
0
0
0
0
0
0
0
0
0
0
0
10
13
0
5
0
13
9
2
14
3
0
0
0
0
0
0
0
0
0
0
0
0
6
0
2
12
0
3
11
0
0
10
0
0
2
0
0
4
0
0
0
0
0
0
0
0
0
0
0
0
0
10
8
0
0
0
0
20
13
0
0
0
0
12
1
6
0
0
0
0
0
0
0
0
0
0
0
0
0
6
22
21
4
1
0
0
0
74
247
246
102
0
0
0
0
0
0
0
0
0
0
0
0
0
0
0
0
102
247
238
74
0
7
6
0
109
245
254
157
3
20
0
0
0
0
0
0
0
0
0
0
0
0
0
1
136
255
248
116
10
0
6
13
196
255
252
212
0
0
2
0
0
0
0
3
0
0
7
3
0
0
0
10
135
249
243
163
0
0
7
101
252
242
254
119
97
0
0
0
0
0
0
2
0
0
2
0
0
2
3
0
133
255
255
155
6
14
0
179
244
252
247
0
3
11
10
0
0
0
0
0
2
2
0
0
0
5
4
5
157
250
249
157
1
0
0
193
255
247
229
0
23
0
0
0
0
0
0
0
4
1
0
0
3
0
0
6
225
255
252
176
31
0
45
247
255
245
26
19
0
3
8
0
0
0
0
0
3
0
0
5
0
0
0
116
255
238
254
255
216
121
86
248
252
255
6
0
0
0
0
0
0
0
0
0
2
0
0
4
0
7
58
225
255
236
254
252
254
244
235
255
249
248
0
0
0
14
4
0
0
0
0
0
0
0
2
0
0
60
178
254
247
255
250
255
242
255
250
248
239
102
9
0
16
0
2
0
0
0
0
0
0
0
6
0
0
111
255
252
248
201
0
0
58
195
246
255
203
10
2
0
0
0
1
0
0
0
0
0
9
0
0
11
0
170
253
255
218
26
1
0
17
124
251
255
152
0
11
0
1
2
0
0
0
0
0
0
9
0
0
0
0
145
228
234
95
2
14
4
0
182
249
236
152
5
0
0
8
0
4
0
0
0
0
0
1
1
10
4
0
22
41
61
0
0
0
5
44
251
246
255
89
0
0
2
0
0
2
0
0
0
0
3
0
0
4
0
5
0
0
0
0
2
6
5
114
248
255
213
17
0
11
3
0
1
2
0
0
0
0
0
2
1
3
0
11
2
22
8
0
11
9
0
183
255
251
119
13
9
0
6
8
0
2
0
0
0
0
0
1
1
8
0
6
0
0
0
0
4
0
80
249
255
251
167
35
13
0
0
7
0
0
0
0
0
0
11
4
0
0
0
8
5
1
16
4
0
7
212
250
237
255
192
25
0
13
0
0
6
0
0
0
0
0
0
4
0
6
1
0
2
3
0
0
0
10
200
238
255
225
67
4
0
1
3
0
0
12
0
0
0
0
0
0
0
0
0
0
0
0
0
14
0
2
119
238
178
24
0
0
0
0
0
0
0
0
0
0
0
0
0
0
0
0
0
0
0
0
0
0
0
0
0
4
2
0
0
0
0
0
0
0
0
0
0
0
0
0
0
0
0
0
0
0
0
0
9
0
0
3
3
0
0
5
0
0
0
0
0
0
0
0
0
0
0
0
0
0
0
0
0
0
0
0
0
0
2
0
1
10
7
0
0
0
0
0
0
0
0
0
0
0
0
0
