1
0
0
0
0
0
0
0
0
0
21
0
0
5
0
0
8
0
0
0
0
0
0
0
0
0
0
0
0
0
0
0
0
0
0
0
0
7
0
0
5
20
0
14
0
0
0
0
0
0
0
0
0
0
0
0
0
0
0
0
0
0
0
0
0
2
2
9
0
0
0
16
0
0
0
0
0
0
0
0
0
0
0
0
0
0
0
0
0
0
0
0
0
0
5
7
0
0
11
0
15
0
0
0
0
0
0
0
0
0
0
0
0
0
0
0
0
0
0
0
0
2
0
0
6
0
0
78
176
0
0
0
0
0
0
0
0
0
0
0
0
0
0
0
0
0
0
0
0
3
0
2
8
0
27
239
241
0
0
0
0
0
0
0
0
0
0
0
0
0
0
0
0
0
0
0
0
3
0
0
0
6
155
255
110
0
0
0
0
0
0
0
0
0
0
0
0
0
0
0
0
0
0
0
0
0
4
3
2
0
249
251
146
0
0
0
0
0
0
0
0
0
0
0
0
0
0
0
0
0
0
0
0
1
0
3
0
2
229
255
243
0
0
0
0
0
0
0
0
0
0
0
0
0
0
0
0
0
0
0
0
1
0
3
0
2
229
255
243
0
0
0
0
0
0
0
0
0
0
0
0
0
0
0
0
0
0
0
0
1
0
3
0
2
229
255
243
0
0
0
0
0
0
0
0
0
0
0
0
0
0
0
0
0
0
0
0
1
0
3
0
2
229
255
243
0
0
0
0
0
0
0
0
0
0
0
0
0
0
0
0
0
0
0
0
1
0
3
0
2
229
255
243
0
0
0
0
0
0
0
0
0
0
0
0
0
0
0
0
0
0
0
0
1
0
3
0
2
229
255
243
0
0
0
0
0
0
0
0
0
0
0
0
0
0
0
0
0
0
0
0
1
0
3
0
2
229
255
243
0
0
0
0
0
0
0
0
0
0
0
0
0
0
0
0
0
0
0
0
1
0
3
0
2
229
255
243
0
0
0
0
0
0
0
0
0
0
0
0
0
0
0
0
0
0
0
0
7
0
3
7
0
237
247
247
10
0
0
0
0
0
0
1
0
0
0
0
0
0
0
0
0
0
0
0
2
0
3
0
0
239
248
237
0
0
9
0
0
11
8
0
0
0
0
0
0
0
0
0
0
0
0
0
0
1
6
0
4
193
253
248
41
1
1
0
0
8
4
0
0
0
0
0
0
0
0
0
0
0
0
0
2
0
6
7
0
84
249
253
98
0
0
3
6
0
0
5
0
0
0
0
0
0
0
0
0
0
0
0
4
0
2
4
0
0
252
244
116
0
0
0
0
0
3
2
0
0
0
0
0
0
0
0
0
0
0
0
1
0
3
0
0
0
255
255
202
15
0
0
6
0
0
0
0
0
0
0
0
0
0
0
0
0
0
0
0
5
3
0
7
15
200
255
227
10
0
0
11
0
0
0
0
0
0
0
0
0
0
0
0
0
0
0
0
7
0
0
0
0
97
247
120
0
17
4
0
0
9
0
0
0
0
0
0
0
0
0
0
0
0
0
0
0
0
0
0
0
0
0
0
0
0
0
0
0
0
0
0
0
0
0
0
0
0
0
0
0
0
0
0
0
0
0
0
0
0
0
0
0
0
0
0
0
0
0
0
0
0
0
0
0
0
0
0
0
0
0
0
0
0
0
0
0
0
0
0
0
0
0
0
0
0
0
0
0
0
0
0
0
0
0
0
0
0
0
0
0
0
0
0
0
0
0
0
0
0
0
0
0
0
0
0
0
0
0
