5
0
0
0
0
0
0
0
0
11
0
13
0
0
7
9
0
3
0
0
1
6
4
0
8
0
0
0
0
0
0
0
0
0
0
0
0
0
21
0
0
33
5
0
0
3
0
18
0
2
0
20
0
0
0
0
0
0
0
0
0
0
0
0
0
0
8
0
3
0
0
4
6
0
10
0
0
4
0
0
7
0
0
0
0
0
0
0
0
0
0
0
0
0
0
9
0
0
24
0
6
11
0
11
8
0
8
10
2
0
0
0
0
0
0
0
0
0
0
0
0
47
126
250
254
171
222
253
249
247
255
247
11
0
0
0
0
0
0
0
0
0
0
0
0
0
0
0
0
86
252
255
228
204
220
211
209
219
66
49
0
9
0
3
14
0
0
0
0
0
0
0
0
0
0
0
0
100
251
252
157
14
0
7
0
0
12
7
4
0
7
0
5
0
0
0
0
0
0
0
0
0
0
0
0
15
173
255
173
0
1
0
6
4
8
0
2
2
0
14
0
0
0
0
0
0
0
0
0
0
0
0
0
71
247
250
161
3
0
0
0
0
10
0
0
2
7
1
2
0
0
0
0
0
0
0
0
0
0
0
0
85
247
255
180
0
7
11
0
0
9
26
0
10
0
3
0
0
0
0
0
0
0
0
0
0
0
0
0
109
255
248
167
0
0
0
4
1
0
0
6
0
18
0
6
0
0
0
0
0
0
0
0
0
0
0
0
88
248
255
168
8
19
0
1
19
0
12
10
2
0
0
1
0
0
0
0
0
0
0
0
0
0
0
0
53
208
255
173
0
59
135
125
53
6
0
0
3
3
12
0
0
0
0
0
0
0
0
0
0
0
0
0
0
156
241
235
232
255
235
253
167
225
234
222
87
9
0
5
0
0
0
0
0
0
0
0
0
0
0
0
0
19
156
179
86
59
91
79
4
70
173
255
240
55
12
0
0
0
0
0
0
0
0
0
0
0
0
0
1
0
20
0
1
4
3
0
0
0
30
241
255
83
0
3
0
0
0
0
0
0
0
0
0
0
0
0
4
0
0
0
12
10
0
4
1
0
53
248
255
97
0
2
0
0
0
0
0
0
0
0
0
0
0
0
0
0
0
0
0
1
5
2
8
6
174
255
244
83
0
0
0
0
0
0
0
0
0
0
0
0
0
0
4
0
5
20
6
0
9
0
0
138
255
247
193
9
12
10
0
0
0
0
0
0
0
0
0
0
0
0
0
5
14
0
0
7
9
1
66
239
242
255
168
0
3
0
0
0
0
0
0
0
0
0
0
0
0
0
9
0
3
5
14
0
3
126
240
255
252
154
9
0
15
0
0
0
0
0
0
0
0
0
0
0
0
0
42
118
104
2
14
94
155
250
252
246
178
11
1
18
0
7
0
0
0
0
0
0
0
0
0
0
0
0
90
240
255
216
221
253
255
249
240
54
6
1
0
0
27
0
0
0
0
0
0
0
0
0
0
0
0
0
98
248
255
253
252
247
249
141
44
5
5
3
7
0
2
0
0
0
0
0
0
0
0
0
0
0
0
0
0
0
0
0
0
0
0
0
0
0
0
0
0
0
0
0
0
0
0
0
0
0
0
0
0
0
0
0
0
0
0
0
0
0
0
0
0
0
0
0
0
0
0
0
0
0
0
0
0
0
0
0
0
0
0
0
0
0
0
0
0
0
0
0
0
0
0
0
0
0
0
0
0
0
0
0
0
0
0
0
0
0
0
0
0
0
0
0
0
0
0
0
0
0
0
0
0
0
0
0
0
0
0
0
