8
1
1
1
0
0
0
0
0
4
0
0
11
5
0
5
1
0
0
4
1
0
4
5
0
0
0
0
0
1
1
1
0
0
0
0
0
8
0
0
0
0
0
2
0
3
5
5
0
0
0
0
6
0
0
0
0
1
1
0
0
0
0
0
0
0
0
14
4
0
0
3
7
0
0
0
1
5
0
0
3
0
0
0
0
0
0
0
0
0
0
0
0
12
0
0
0
0
11
1
0
0
3
0
0
9
7
0
0
0
0
0
0
0
0
0
0
0
0
0
0
5
0
0
1
0
0
0
0
5
11
5
0
0
1
2
1
0
0
0
0
0
0
0
0
0
0
1
1
0
7
5
11
1
0
10
0
0
0
6
5
0
0
5
1
0
0
0
0
0
0
0
0
0
1
1
1
1
91
158
242
255
255
233
148
22
0
0
16
0
0
6
0
0
0
0
0
0
0
0
0
0
1
1
1
128
245
255
254
197
184
255
245
116
16
0
9
0
0
11
0
0
0
0
0
0
3
3
0
1
0
3
69
253
242
85
52
8
0
37
206
246
52
0
0
5
0
12
0
0
0
0
0
0
0
0
0
3
0
4
62
255
185
0
0
2
2
6
38
224
79
17
4
21
202
28
6
0
0
0
0
0
0
1
0
5
0
0
43
243
218
37
0
2
0
3
0
142
56
4
54
184
232
29
2
0
0
0
0
2
0
3
0
4
0
0
21
158
255
194
37
0
20
0
0
0
0
75
243
226
50
2
0
0
0
0
0
3
0
5
1
2
2
0
7
13
36
255
253
34
0
0
19
25
120
250
232
255
17
0
6
0
0
0
0
0
0
4
0
0
5
0
3
0
23
40
232
225
43
0
41
152
255
253
157
36
2
0
5
0
0
0
0
0
0
5
0
0
5
0
2
0
0
0
24
120
218
147
234
253
249
101
9
4
0
0
0
0
0
0
0
3
0
8
0
0
3
0
0
6
0
7
3
0
209
255
250
212
58
0
0
5
0
4
1
0
0
0
0
0
0
0
0
0
0
0
0
0
0
4
0
62
251
251
236
23
13
1
0
14
0
0
8
0
0
0
0
0
0
0
0
0
0
0
0
0
7
8
4
254
238
164
89
17
0
5
0
0
6
0
0
0
0
0
0
0
0
0
0
0
0
0
0
1
0
10
74
245
213
10
134
183
12
9
4
0
11
0
0
0
0
0
0
0
0
0
0
0
0
0
0
8
0
0
241
255
34
0
0
164
0
0
15
0
0
0
10
0
0
0
0
0
0
0
0
0
0
0
0
0
0
40
224
226
17
0
37
244
80
0
0
0
7
17
0
0
0
0
0
0
0
0
0
0
0
0
0
2
5
97
255
83
1
0
0
187
66
8
6
12
0
0
0
0
0
0
0
0
0
0
0
0
0
0
0
3
0
48
237
118
0
6
44
242
50
0
0
11
0
0
7
0
0
0
0
0
0
0
0
0
0
0
0
0
1
12
255
248
34
45
207
247
49
15
0
0
3
0
3
0
0
0
0
0
0
0
0
0
0
0
0
2
0
22
166
255
251
255
246
96
19
0
5
1
0
6
0
0
0
0
0
0
0
0
0
0
0
0
0
0
4
0
37
168
255
239
118
22
0
0
5
0
0
9
2
0
0
0
0
0
0
0
0
0
0
0
0
0
14
0
5
0
0
2
0
0
0
7
7
0
0
9
0
0
0
0
0
0
0
0
0
0
0
0
0
0
4
0
1
1
0
5
1
4
3
7
2
0
4
8
0
0
0
0
0
