8
6
0
0
0
1
0
0
5
0
0
5
2
0
0
0
1
11
0
0
11
0
0
10
0
0
0
0
0
1
1
4
6
4
0
0
0
0
4
4
0
0
15
13
4
0
0
5
2
3
10
1
0
0
0
0
0
0
0
4
1
0
0
0
0
0
0
3
5
0
0
0
0
0
0
5
0
0
2
0
2
0
0
0
0
0
0
0
0
0
0
2
0
6
0
0
0
10
8
9
1
5
0
4
0
6
15
0
12
0
0
0
0
3
2
0
0
1
6
4
0
0
16
14
10
0
0
4
0
9
0
13
0
0
0
1
0
0
0
0
0
0
0
0
3
5
1
0
0
1
2
0
3
3
13
100
164
250
252
242
157
31
0
9
0
0
0
0
0
0
0
0
4
2
0
0
15
3
16
40
138
201
208
245
254
243
255
255
235
120
5
2
9
0
0
0
0
8
0
0
5
0
0
17
51
122
212
245
255
253
248
254
202
125
127
149
255
245
71
0
0
0
0
0
0
0
4
0
0
14
12
175
241
247
255
238
213
188
186
95
12
2
1
105
247
255
56
14
0
0
0
0
0
0
5
0
2
0
114
255
241
255
253
106
7
0
0
7
3
5
76
249
243
181
27
0
3
0
0
0
0
0
2
13
12
1
247
247
255
126
0
10
12
4
2
0
0
7
164
239
214
11
11
0
7
0
0
0
0
0
0
0
0
1
255
248
255
28
1
0
0
0
0
11
3
157
255
240
82
2
0
0
0
0
0
0
0
6
20
0
9
5
154
255
225
140
62
0
2
7
0
0
49
209
245
255
101
0
9
0
14
0
0
0
0
0
0
0
6
0
10
189
253
238
233
173
41
0
17
0
103
255
228
196
79
4
0
8
0
0
0
0
0
11
0
10
0
7
0
97
255
255
242
252
250
175
149
180
179
245
255
31
0
0
23
0
9
0
0
0
0
0
0
2
1
0
2
5
0
135
160
255
244
251
255
236
255
252
255
253
146
60
0
5
0
0
0
0
0
0
0
0
0
0
0
0
0
0
11
53
221
240
255
253
234
230
230
247
251
248
57
18
8
0
12
0
2
0
0
0
0
0
0
0
0
3
1
119
209
255
204
133
93
0
60
165
246
239
243
196
6
14
0
3
0
0
0
0
0
0
0
0
0
4
0
255
255
223
35
0
0
0
22
0
34
198
242
250
222
124
0
6
0
0
0
0
0
0
0
0
0
3
88
249
244
30
19
2
5
10
0
6
0
6
86
248
247
255
1
2
2
0
0
0
0
0
0
0
0
25
188
255
216
0
0
4
0
0
7
10
63
84
199
255
255
255
1
2
2
0
0
0
0
0
0
0
0
59
255
242
237
41
31
32
106
183
203
175
222
255
255
225
254
124
0
6
0
0
0
0
0
0
0
0
0
33
186
255
247
235
251
254
251
246
255
250
242
255
226
132
87
14
0
3
0
0
0
0
0
0
0
0
0
0
28
176
188
193
251
243
229
189
181
189
189
26
24
7
0
0
12
0
2
0
0
0
0
0
0
0
0
0
11
4
0
18
72
88
66
0
0
0
0
0
0
0
0
0
0
0
0
0
0
0
0
0
0
0
0
1
7
2
0
0
8
7
0
0
0
0
0
0
0
0
0
0
0
0
0
0
0
0
0
0
0
0
0
0
0
2
7
5
0
0
1
0
0
0
0
0
0
0
0
0
0
0
0
0
0
0
0
0
0
0
0
3
0
0
5
1
0
0
6
0
0
0
0
0
0
0
0
0
0
0
0
