5
0
0
0
0
0
0
0
0
0
3
0
0
0
4
1
2
0
4
4
3
3
0
0
6
0
0
0
0
0
0
0
0
0
0
0
0
11
3
0
0
6
0
0
0
0
5
0
0
0
11
3
0
0
0
0
0
0
0
0
0
0
0
0
0
0
0
3
2
0
0
2
9
2
0
2
6
1
0
0
7
0
0
0
0
0
0
0
0
0
0
0
0
0
4
6
0
0
0
4
0
0
0
0
0
0
11
10
0
0
0
0
0
0
0
0
0
0
0
0
0
5
0
0
3
2
11
9
0
11
0
2
13
0
0
0
2
0
0
0
0
0
0
0
0
0
0
0
0
0
0
3
13
0
0
2
8
4
0
0
9
0
0
9
0
0
0
0
0
0
0
0
0
0
0
0
0
1
0
7
0
0
20
72
85
0
11
26
30
94
207
218
125
0
0
0
0
0
0
0
0
0
0
0
0
6
2
0
0
50
183
255
249
251
235
250
255
246
248
255
240
0
0
0
0
0
0
0
0
0
0
0
0
0
0
4
42
215
255
255
237
251
233
208
181
179
114
137
121
0
0
0
0
0
0
0
0
0
0
0
0
4
0
42
241
251
234
154
41
32
20
0
0
11
0
3
0
0
0
0
0
0
0
0
0
0
0
0
0
8
22
150
248
253
53
5
0
0
3
0
0
9
3
10
6
0
0
0
0
0
0
0
0
0
0
0
0
0
160
252
247
255
136
32
0
0
3
8
5
3
3
0
1
0
0
0
0
0
0
0
0
0
0
0
0
95
255
236
255
247
249
254
143
12
0
0
0
0
4
0
0
0
0
0
0
0
0
0
0
0
0
0
0
218
218
255
216
228
234
255
250
100
2
2
0
0
14
1
1
0
0
0
0
0
0
0
0
0
0
0
0
205
210
41
0
0
19
216
244
167
5
4
0
0
2
0
0
0
0
0
0
0
0
0
0
0
0
0
0
0
1
0
3
0
5
150
254
178
0
7
1
0
0
4
6
0
0
0
0
0
0
0
0
0
0
0
0
1
0
0
0
4
0
126
250
178
0
0
2
3
0
7
1
0
0
0
0
0
0
0
0
0
0
0
0
2
0
7
0
9
3
179
255
177
14
2
0
7
0
6
0
0
0
0
0
0
0
0
0
0
0
0
0
0
17
10
0
0
64
237
248
110
6
2
0
6
1
5
0
0
0
0
0
0
0
0
0
0
0
0
0
5
0
0
0
17
119
255
255
21
0
6
0
3
0
1
5
0
0
0
0
0
0
0
0
0
0
0
0
0
0
2
2
65
222
246
148
0
0
13
0
4
0
0
2
0
0
0
0
0
0
0
0
0
0
0
0
11
0
29
3
182
255
209
27
5
8
3
0
6
5
0
0
0
0
0
0
0
0
0
0
0
0
0
0
0
30
62
237
255
246
50
0
4
2
0
0
4
3
2
2
0
0
0
0
0
0
0
0
0
0
0
0
106
207
255
247
206
54
3
5
0
1
0
9
3
0
0
3
0
0
0
0
0
7
0
0
2
0
8
77
254
246
254
187
49
0
5
4
0
0
0
0
0
0
0
0
0
0
0
0
0
6
0
0
5
0
2
51
255
147
47
0
0
3
13
0
0
0
0
0
0
0
0
0
0
0
0
0
0
5
0
0
8
0
0
18
0
0
6
12
3
3
8
1
0
0
0
0
0
0
0
0
0
0
0
0
0
5
0
0
5
4
0
0
11
6
0
0
0
0
0
0
0
0
0
0
0
0
0
0
0
0
0
0
