4
0
0
0
0
0
0
0
0
0
0
0
0
0
0
0
0
0
11
0
1
6
0
2
0
0
0
0
0
0
0
0
0
0
0
0
0
0
0
0
0
0
0
0
0
0
0
10
0
0
0
14
0
0
0
0
0
0
0
0
0
0
0
0
0
0
0
0
0
0
0
0
0
5
0
0
0
3
0
2
0
0
0
0
0
0
0
0
0
0
0
0
0
0
0
0
0
0
0
0
0
0
0
7
0
7
21
0
1
0
0
0
0
0
0
0
0
0
0
0
0
0
0
0
0
0
0
0
0
0
1
59
239
222
0
12
0
0
0
0
0
0
0
0
0
0
0
0
0
0
0
0
0
0
0
0
0
5
0
219
251
146
0
11
0
0
0
0
0
0
0
0
0
0
0
0
0
0
0
0
0
0
0
0
0
11
86
255
253
60
0
2
0
0
0
0
0
0
0
0
0
0
0
0
0
0
0
0
0
0
0
0
0
0
229
243
235
0
0
1
0
0
0
0
0
2
0
3
3
0
14
0
2
0
0
1
0
0
16
0
0
6
255
255
129
6
2
0
2
0
0
0
0
4
0
0
6
0
0
0
2
6
1
0
1
0
0
10
0
31
235
255
75
0
4
1
2
0
0
0
0
2
0
0
2
1
0
2
0
8
157
73
0
4
0
2
0
101
248
255
40
0
2
0
0
0
0
0
0
0
8
0
0
4
7
0
27
219
255
70
8
8
0
5
0
133
236
225
11
0
0
6
6
0
0
0
0
0
9
0
0
0
5
0
125
255
240
22
3
3
0
0
36
239
255
175
22
10
0
1
0
0
0
0
0
0
1
0
5
0
0
48
237
240
185
18
0
0
6
0
113
238
247
52
0
0
0
12
0
0
0
0
0
0
0
2
0
1
10
158
255
255
44
0
15
0
0
13
127
255
254
31
0
1
1
5
0
0
0
0
0
0
5
8
0
9
42
252
251
209
44
114
118
134
141
120
231
254
253
48
6
4
0
0
0
0
0
0
0
6
0
0
0
2
32
255
255
255
241
255
252
242
255
253
246
255
244
255
209
128
57
0
0
0
0
0
0
1
0
0
2
6
29
196
183
219
230
247
255
203
196
247
255
244
255
254
255
255
190
12
6
0
0
0
0
0
0
9
8
0
0
23
0
4
8
12
27
0
3
201
250
251
80
37
118
201
188
41
0
0
0
0
0
0
0
2
1
0
8
13
5
15
0
4
0
0
4
240
255
241
0
0
15
1
0
0
0
0
0
0
0
7
1
1
0
0
2
0
0
1
0
0
2
11
69
255
253
153
0
0
0
4
4
9
0
0
0
0
0
0
0
8
4
9
16
0
4
12
5
0
6
0
97
251
250
80
16
0
11
5
11
0
1
0
0
0
0
10
1
3
0
0
0
0
8
0
4
0
15
0
103
252
244
43
0
0
11
0
0
0
9
0
0
0
0
0
0
6
0
9
0
2
1
0
4
0
0
2
62
241
216
0
5
0
2
1
2
13
0
0
0
0
0
0
0
0
0
0
0
0
0
0
0
0
0
0
0
0
0
0
0
0
0
0
0
0
0
0
0
0
0
0
0
0
0
0
0
0
0
0
0
0
0
0
0
0
0
0
0
0
0
0
0
0
0
0
0
0
0
0
0
0
0
0
0
0
0
0
0
0
0
0
0
0
0
0
0
0
0
0
0
0
0
0
0
0
0
0
0
0
0
0
0
0
0
0
0
0
0
0
0
0
0
0
0
0
0
0
0
0
0
0
0
0
0
