1
0
0
0
0
0
0
0
0
3
1
2
0
4
0
10
0
0
0
1
0
0
0
0
3
0
0
0
0
0
0
0
0
0
0
0
0
0
1
8
0
0
1
0
19
0
1
2
1
0
0
0
1
0
0
0
0
0
0
0
0
0
0
0
0
0
0
2
6
5
19
0
10
0
2
3
2
0
0
0
0
0
0
0
0
0
0
0
0
0
0
0
0
12
0
0
0
0
0
3
0
0
0
1
1
0
0
0
0
0
0
0
0
0
0
0
0
0
0
0
0
0
0
5
6
0
20
159
137
0
0
0
0
0
0
0
0
0
0
0
0
0
0
0
0
0
0
0
0
4
3
0
0
0
0
177
148
0
0
0
0
0
0
0
0
0
0
0
0
0
0
0
0
0
0
0
0
1
5
0
0
8
7
169
183
8
4
0
0
0
1
1
0
0
0
0
0
0
0
0
0
0
0
0
0
0
11
0
1
4
5
153
245
15
9
2
0
0
1
0
0
0
0
0
0
0
0
0
0
0
0
0
0
2
0
0
7
0
0
175
255
21
0
3
1
0
6
0
0
0
0
0
0
0
0
0
0
0
0
0
0
2
3
0
0
0
5
175
243
41
2
0
1
0
2
0
2
0
0
0
0
0
0
0
0
0
0
0
0
1
1
0
0
4
0
175
251
55
5
0
0
1
0
0
6
0
0
0
0
0
0
0
0
0
0
0
0
0
0
0
5
8
0
178
255
43
3
0
0
0
0
0
3
0
0
0
0
0
0
0
0
0
0
0
0
0
0
0
1
7
0
189
225
16
0
4
0
0
4
0
0
0
0
0
0
0
0
0
0
0
0
0
0
0
7
8
0
4
22
213
171
1
0
7
0
0
6
1
0
0
0
0
0
0
0
0
0
0
0
0
0
2
0
8
0
2
31
244
180
9
0
3
0
0
6
0
0
0
0
0
0
0
0
0
0
0
0
0
0
8
0
2
6
1
21
255
231
26
0
0
1
0
4
0
3
0
0
0
0
0
0
0
0
0
0
0
0
3
4
0
2
16
24
255
248
20
10
0
0
3
6
2
0
0
0
0
0
0
0
0
0
0
0
0
0
0
3
1
0
0
51
245
208
11
4
0
0
1
4
2
0
0
0
0
0
0
0
0
0
0
0
0
0
0
0
0
3
1
142
255
169
1
0
0
0
0
2
1
1
0
0
0
0
0
0
0
0
0
0
0
0
11
0
1
0
0
145
232
64
0
0
0
0
0
0
0
1
0
0
0
0
0
0
0
0
0
0
0
0
0
0
10
7
1
150
255
69
0
1
3
3
0
0
0
0
0
0
0
0
0
0
0
0
0
0
0
0
4
3
1
0
0
160
248
48
1
3
4
3
1
0
0
0
0
0
0
0
0
0
0
0
0
0
0
0
4
0
0
0
19
230
255
59
2
2
1
1
1
1
0
0
0
0
0
0
0
0
0
0
0
0
0
0
0
0
5
0
0
222
197
6
2
0
0
0
0
2
1
0
0
0
0
0
0
0
0
0
0
0
0
0
0
0
0
0
0
0
0
0
0
0
0
0
0
0
0
0
0
0
0
0
0
0
0
0
0
0
0
0
0
0
0
0
0
0
0
0
0
0
0
0
0
0
0
0
0
0
0
0
0
0
0
0
0
0
0
0
0
0
0
0
0
0
0
0
0
0
0
0
0
0
0
0
0
0
0
0
0
0
0
0
0
0
0
0
0
0
0
0
0
0
0
0
0
0
0
0
0
0
0
0
0
0
0
0
