0
0
0
0
0
0
0
0
0
0
6
0
9
0
2
0
0
0
0
4
11
0
0
0
5
0
0
0
0
0
0
0
0
0
0
0
0
0
2
3
1
7
0
18
6
0
26
0
0
2
8
3
0
0
0
0
0
0
0
0
0
0
0
0
0
5
0
11
1
0
8
0
0
0
0
1
14
18
0
19
2
0
0
0
0
0
0
0
0
0
0
0
0
10
0
0
0
0
9
6
11
17
4
2
2
0
1
0
0
0
0
0
0
0
0
0
0
0
0
0
0
0
8
0
0
22
0
6
0
70
167
255
255
251
136
0
12
0
0
0
0
0
0
0
0
0
0
0
0
0
4
0
0
0
31
0
68
246
255
248
249
255
255
67
2
0
0
0
0
0
0
0
0
0
0
0
0
20
0
0
0
57
187
125
252
255
255
245
76
192
255
248
0
0
0
0
0
0
0
0
0
0
0
0
0
0
1
12
60
255
255
255
255
255
249
63
12
52
252
255
127
0
0
0
0
0
6
0
13
0
0
1
10
7
0
5
193
244
185
248
255
255
79
0
0
3
140
255
124
0
0
0
0
14
0
8
0
0
5
5
0
0
0
203
255
255
9
251
182
0
0
5
14
0
115
249
132
0
0
0
0
0
0
6
0
15
0
12
9
5
53
255
244
118
0
255
131
21
6
0
0
13
113
255
186
0
0
0
0
0
6
0
5
9
0
0
0
58
255
255
197
2
0
244
129
0
4
11
0
4
127
250
119
0
0
0
0
8
0
0
1
0
3
7
15
196
232
255
120
0
21
194
61
12
0
0
9
0
143
232
153
0
0
0
0
0
0
8
0
9
14
0
183
255
255
198
16
3
0
3
9
0
12
5
0
2
241
255
121
0
0
0
0
0
5
7
0
16
0
0
255
255
247
2
0
7
0
18
0
4
0
3
10
129
255
255
127
0
0
0
0
3
0
0
3
0
5
142
245
255
127
0
0
8
1
0
12
7
0
6
0
255
244
207
0
0
0
0
0
4
0
0
0
0
0
255
242
180
6
12
0
15
0
0
5
0
4
0
255
245
255
9
0
0
0
0
0
0
0
6
17
2
19
233
255
135
6
0
13
0
19
0
6
4
72
198
246
255
72
0
10
0
0
0
0
0
19
0
0
0
121
255
248
137
0
7
0
11
0
0
6
114
241
255
255
69
0
6
0
0
0
0
0
0
6
0
1
9
126
255
255
117
0
7
2
0
10
81
171
255
255
239
67
0
0
15
0
0
0
0
0
0
0
0
14
13
102
255
252
131
13
0
59
139
236
253
255
255
178
60
3
0
0
15
0
0
0
0
0
1
7
1
0
0
79
252
255
253
245
255
247
248
255
250
246
134
0
17
0
0
6
0
0
0
0
0
0
8
0
1
9
0
0
127
255
253
255
252
255
255
238
79
0
0
13
0
0
11
0
0
9
0
0
0
0
3
0
0
0
5
0
10
124
255
246
255
126
126
4
0
5
0
2
0
7
0
0
14
0
0
0
0
0
0
0
0
0
0
0
0
0
0
0
0
0
0
0
0
0
0
0
0
0
0
0
0
0
0
0
0
0
0
0
0
0
0
0
0
0
0
0
0
0
0
0
0
0
0
0
0
0
0
0
0
0
0
0
0
0
0
0
0
0
0
0
0
0
0
0
0
0
0
0
0
0
0
0
0
0
0
0
0
0
0
0
0
0
0
0
0
0
0
0
0
0
0
0
0
0
0
0
0
0
0
0
0
0
0
0
0
0
0
0
0
0
