3
5
2
0
3
0
5
0
7
1
0
0
7
0
0
0
0
2
0
8
0
11
2
0
5
0
0
0
0
0
0
0
2
4
7
0
0
0
0
5
1
0
0
5
0
2
0
0
0
0
0
0
10
0
0
0
0
0
6
6
0
0
0
12
7
11
0
0
0
2
9
2
0
0
14
16
5
0
1
6
0
0
0
0
0
0
7
5
0
0
0
6
0
0
0
2
8
3
0
0
14
0
0
0
0
3
2
11
0
0
0
0
0
6
0
0
0
12
11
0
0
0
28
80
158
230
232
177
135
144
71
10
0
10
0
1
3
0
0
0
0
0
0
2
0
0
3
0
117
191
242
255
247
250
253
250
255
255
229
164
10
4
0
5
0
0
0
0
0
0
0
9
5
0
0
8
241
231
255
255
250
255
250
241
255
231
255
255
6
0
1
15
0
0
0
0
0
7
0
0
11
0
15
0
255
255
252
245
255
251
152
64
57
227
251
247
0
8
0
0
0
0
0
0
0
2
0
0
5
0
0
23
63
83
96
60
5
0
0
4
45
234
255
249
0
0
5
0
0
0
0
0
0
2
0
0
4
0
0
0
16
0
2
2
0
23
0
31
247
251
250
244
1
11
0
2
9
0
0
0
0
0
0
0
2
0
0
0
0
2
2
7
0
0
116
255
241
252
219
72
11
0
6
0
1
0
0
0
0
1
1
0
0
0
3
4
1
10
0
3
25
137
250
240
255
255
183
0
4
10
4
15
0
0
0
0
0
1
5
3
0
0
0
0
0
0
0
87
244
255
252
255
245
241
178
16
0
7
0
5
0
0
0
0
0
0
1
5
2
0
0
0
0
0
16
166
244
246
255
237
252
253
241
166
12
0
9
6
7
0
0
0
0
0
0
0
5
6
3
3
4
0
9
81
197
205
81
6
24
177
245
253
21
2
0
5
0
0
0
0
0
7
0
0
0
1
0
0
0
2
0
2
0
4
6
0
4
54
255
250
134
10
0
0
5
0
0
0
0
2
0
0
0
1
3
0
5
0
1
10
1
0
0
8
0
0
252
255
199
0
7
0
0
0
0
0
0
1
0
7
0
0
9
4
0
10
0
0
0
1
4
1
0
6
250
232
230
0
0
3
4
0
0
0
0
2
0
8
1
0
5
0
0
0
0
11
17
3
0
0
2
32
255
251
205
11
13
3
0
0
0
0
0
2
0
0
0
2
0
0
43
188
200
200
161
108
91
104
110
150
255
244
74
0
0
0
20
0
0
0
0
0
3
0
0
11
0
37
188
251
253
255
255
250
250
254
249
255
241
255
192
157
48
0
0
0
0
0
0
0
8
0
0
8
0
83
255
255
243
242
253
255
255
255
253
244
251
255
244
242
255
211
3
0
0
0
0
0
4
5
0
0
2
59
179
245
255
255
248
240
255
255
235
169
88
0
4
6
44
74
0
0
0
0
0
6
0
6
0
0
0
0
5
77
173
249
253
253
255
197
90
0
14
0
0
6
2
0
9
0
0
0
0
0
0
0
0
0
0
0
0
0
0
0
0
0
0
0
0
0
0
0
0
0
0
0
0
0
0
0
0
0
0
0
0
0
0
0
0
0
0
0
0
0
0
0
0
0
0
0
0
0
0
0
0
0
0
0
0
0
0
0
0
0
0
0
0
0
0
0
0
0
0
0
0
0
0
0
0
0
0
0
0
0
0
0
0
0
0
0
0
0
0
0
0
0
0
0
0
0
0
0
0
0
0
0
0
0
0
0
0
0
0
0
0
