8
0
0
0
0
0
0
0
0
0
0
0
1
0
1
1
0
0
5
0
10
0
0
12
0
0
0
0
0
0
0
0
0
0
0
0
0
11
8
4
1
0
0
0
4
11
0
4
0
13
0
0
6
0
0
0
0
0
0
0
0
0
0
0
0
0
4
1
0
0
6
3
0
0
14
0
0
0
2
0
1
0
0
0
0
0
0
0
0
0
0
0
0
1
0
0
10
9
0
0
24
10
0
7
0
13
0
0
2
0
0
0
0
0
0
0
0
0
0
0
0
9
2
0
0
4
7
0
0
0
0
12
9
0
27
0
14
0
0
0
0
0
0
0
0
0
0
0
0
0
0
7
11
41
127
216
253
249
255
233
207
83
0
0
0
0
0
0
0
0
0
0
0
0
0
0
0
23
0
39
167
234
251
255
255
255
250
250
250
244
0
16
16
0
0
0
0
0
0
0
0
0
0
0
0
0
60
197
255
253
252
255
225
222
240
245
252
249
217
0
0
0
0
0
0
0
0
0
0
0
0
0
0
0
247
236
254
228
135
71
14
0
0
50
187
254
255
198
36
0
0
0
0
0
0
0
0
0
0
0
0
0
255
255
246
65
0
0
8
18
0
2
117
250
255
173
0
0
0
0
0
0
0
0
0
0
0
0
0
11
238
255
255
73
1
3
4
0
64
218
255
255
166
31
13
0
0
0
0
0
0
0
0
0
0
0
0
8
255
237
247
226
59
0
0
129
204
253
249
127
7
0
0
0
0
0
0
0
0
0
0
0
0
0
0
0
66
255
240
255
223
105
178
255
243
245
159
0
1
13
0
0
0
0
0
0
0
0
0
0
0
0
0
5
5
159
255
248
255
254
255
254
245
45
0
3
7
0
7
0
0
0
0
0
0
0
0
0
0
0
0
0
5
29
202
255
255
235
255
223
54
7
6
0
6
1
0
0
0
0
0
0
0
0
0
0
0
0
0
11
0
22
234
255
231
255
250
159
5
0
0
15
0
0
6
0
0
0
0
0
2
7
0
0
0
0
5
0
0
181
255
251
255
254
247
193
10
0
0
0
8
3
0
0
0
0
0
6
0
1
0
0
0
0
0
0
217
255
230
255
200
251
255
247
59
0
12
0
0
14
0
0
0
0
0
9
0
0
4
0
0
0
15
145
247
241
232
51
26
230
251
255
124
0
7
3
0
14
0
0
0
0
0
1
0
0
5
3
0
5
107
255
250
225
51
0
15
164
245
246
168
4
0
4
0
0
4
0
0
0
0
0
9
0
0
5
0
28
231
255
252
50
0
6
11
216
254
255
145
14
0
0
5
0
1
0
0
0
0
0
16
0
0
1
0
40
255
247
255
22
18
80
232
255
255
230
59
0
11
0
3
8
0
0
0
0
0
0
7
0
0
0
7
20
208
250
255
221
234
255
252
252
248
111
0
0
5
0
0
9
0
0
0
0
0
0
0
2
12
0
11
0
105
255
239
255
255
248
252
173
56
0
5
8
0
15
0
0
2
0
0
0
0
0
0
0
0
0
0
0
0
107
238
253
255
189
49
10
0
0
0
0
0
0
0
0
0
0
0
0
0
0
0
0
0
0
0
0
0
0
33
0
0
11
0
0
1
0
0
0
0
0
0
0
0
0
0
0
0
0
0
0
0
0
0
0
0
0
3
0
0
12
6
6
1
0
0
0
0
0
0
0
0
0
0
0
0
0
0
0
0
0
0
0
0
0
0
10
9
1
0
0
0
0
0
0
0
0
0
0
0
0
0
0
0
