8
0
0
0
0
0
0
0
0
5
0
0
7
5
2
2
0
10
0
4
6
0
0
3
4
0
7
7
0
0
0
0
0
0
0
0
0
0
0
0
0
0
0
0
10
0
1
0
6
0
0
3
0
1
2
0
0
0
0
0
0
0
0
0
0
0
0
0
5
16
9
0
0
0
8
0
0
11
13
0
2
5
3
0
0
0
0
0
0
0
0
0
0
7
8
0
0
0
0
0
2
0
0
1
0
0
0
1
6
0
0
3
9
0
0
0
0
0
0
0
0
0
0
0
0
3
5
4
6
12
0
0
9
0
0
23
0
11
0
0
3
0
0
0
0
0
0
0
0
0
5
13
0
0
51
163
240
250
244
163
5
5
9
0
149
61
11
0
0
0
0
0
0
0
0
0
0
5
0
0
75
155
236
255
218
170
120
220
114
0
21
103
247
73
16
0
7
0
0
0
0
0
0
0
0
0
14
118
228
255
237
141
6
9
0
17
66
12
57
222
248
32
0
0
11
1
0
0
4
6
2
0
0
0
121
253
243
164
18
0
0
0
6
4
2
10
214
255
104
0
0
0
0
6
2
0
0
0
0
0
0
102
249
241
127
8
2
1
4
5
0
0
3
205
255
229
0
0
0
0
0
3
0
0
0
0
0
5
14
213
255
166
3
0
0
11
0
0
0
28
172
248
247
58
0
0
0
0
0
0
0
0
3
2
4
15
26
255
241
77
0
0
19
0
1
12
0
171
255
244
103
0
8
0
0
0
0
0
0
2
2
0
0
0
9
166
255
188
96
18
0
0
15
0
109
239
249
115
0
6
0
0
0
0
0
0
0
1
2
0
0
0
0
10
160
255
249
247
184
143
97
118
255
253
177
4
13
0
19
0
0
0
0
1
0
0
2
2
0
1
5
0
11
20
113
175
240
254
252
255
237
237
0
17
0
0
0
0
0
0
0
6
1
0
0
1
0
0
2
10
0
6
6
2
6
155
251
255
255
217
25
0
1
7
8
0
0
0
0
0
0
1
1
3
5
3
0
0
0
0
2
7
36
248
254
229
255
252
49
0
13
0
3
0
0
0
0
0
2
2
0
0
0
0
0
3
21
4
1
25
221
255
223
41
242
255
19
4
0
0
1
0
0
0
0
1
2
3
0
0
0
0
2
0
8
0
46
237
236
242
73
135
242
254
32
0
14
14
0
0
0
0
0
3
0
0
2
2
0
1
4
10
0
27
212
246
255
111
69
250
255
60
0
1
0
5
0
0
0
0
0
5
0
0
2
5
1
0
0
0
49
169
255
245
177
44
241
254
164
0
9
15
0
1
11
0
0
0
0
6
0
0
1
2
0
0
0
10
92
255
243
180
75
253
241
137
0
26
0
0
8
0
0
0
0
0
0
3
0
0
2
0
0
1
15
117
237
255
207
105
226
255
135
0
8
0
0
24
1
9
4
0
0
0
0
0
0
1
4
0
0
12
37
247
253
249
219
255
255
139
6
0
10
0
8
0
0
6
0
0
0
0
0
3
0
0
4
0
0
20
55
255
255
249
255
235
101
0
3
0
0
0
0
0
0
0
0
0
0
0
0
4
0
0
5
1
0
0
10
0
3
0
0
16
3
0
13
0
0
0
0
0
0
0
0
0
0
0
0
1
0
0
4
5
0
0
0
0
13
6
0
0
3
0
0
0
0
0
0
0
0
0
0
0
0
0
0
0
0
0
0
2
7
6
1
0
0
0
1
1
1
7
12
0
0
0
0
0
0
0
0
0
0
0
0
