0
0
0
0
0
0
0
0
0
7
5
0
3
1
0
3
9
5
4
0
0
4
1
0
1
0
0
1
9
0
0
0
0
0
0
0
0
0
0
2
0
7
0
0
0
0
0
1
5
8
1
0
7
7
0
0
1
0
0
0
0
0
0
0
0
4
10
0
9
0
15
0
0
0
12
6
0
0
5
7
0
0
0
0
13
0
0
0
0
0
0
0
0
7
0
0
0
0
5
0
3
5
0
0
18
13
0
0
1
4
0
0
13
0
0
0
0
0
0
0
0
0
0
22
0
11
0
1
4
2
0
0
0
0
10
16
0
12
8
0
0
0
0
0
0
0
0
0
0
0
0
9
0
0
17
0
2
1
0
4
25
74
140
139
77
0
0
10
0
0
0
0
0
0
0
0
0
0
2
0
1
22
123
43
0
0
0
82
204
255
255
246
223
72
0
15
5
0
0
0
0
0
0
0
0
7
0
18
16
168
250
157
0
0
101
227
255
239
247
255
246
241
13
0
0
0
10
5
0
0
5
9
0
0
0
19
171
231
255
89
3
84
249
243
243
255
235
155
204
248
3
0
2
0
0
0
2
4
0
0
3
2
1
163
255
255
248
10
131
243
230
255
248
175
2
25
77
252
0
0
3
0
0
0
1
5
0
0
4
4
70
255
235
239
100
75
255
251
255
234
92
1
0
37
231
255
0
0
2
0
7
8
0
1
7
0
0
54
245
251
255
204
15
229
248
255
252
89
0
0
8
134
255
244
6
0
1
0
4
7
0
1
3
0
20
178
255
245
244
76
178
238
255
231
103
8
4
6
74
237
245
178
5
2
4
6
0
0
0
5
0
2
95
243
247
252
113
0
219
255
255
158
18
12
0
60
214
255
253
83
0
0
6
6
0
1
0
2
0
46
196
255
247
236
12
0
205
255
223
54
0
0
50
254
255
255
163
12
6
0
2
0
0
14
0
0
15
93
255
247
255
43
2
0
211
248
243
34
12
130
251
247
251
203
26
0
20
0
0
11
0
8
8
0
17
252
251
255
228
1
0
6
183
236
255
252
255
246
245
253
175
46
0
0
0
0
0
0
0
7
0
0
114
250
248
206
62
0
15
0
74
255
245
240
244
252
232
109
0
0
2
0
0
0
0
0
4
2
0
7
223
253
255
175
0
12
0
6
29
229
255
255
255
221
82
0
3
0
2
0
0
0
0
7
0
0
2
7
247
250
255
159
0
4
27
180
255
255
246
235
169
35
0
7
4
18
0
0
0
0
0
7
0
0
1
0
196
253
243
69
30
151
242
255
255
235
230
117
0
0
7
0
0
0
0
0
0
0
0
0
0
5
1
0
139
255
254
241
255
255
249
244
242
217
58
0
11
0
7
0
0
20
0
0
0
0
0
0
1
9
3
2
71
218
255
255
244
255
255
210
73
26
0
0
6
0
0
8
11
0
10
0
0
0
0
7
0
0
0
0
0
131
229
251
171
167
84
20
3
0
9
3
0
0
5
6
0
3
3
0
0
0
0
0
0
0
0
0
2
5
6
13
10
5
0
0
0
0
1
0
0
0
0
0
0
0
0
0
0
0
0
1
0
0
0
0
1
3
5
6
4
1
0
0
0
0
2
0
0
0
0
0
0
0
0
0
0
0
0
2
1
0
0
0
0
1
2
0
0
0
0
0
0
0
1
0
0
0
0
0
0
0
0
0
0
0
0
3
2
0
0
0
0
0
0
0
0
0
0
0
0
0
0
0
0
0
0
0
0
0
0
0
0
0
0
