5
0
0
0
0
0
0
0
0
1
5
0
6
0
11
0
0
2
10
0
4
0
13
0
5
0
0
0
0
0
0
0
0
0
0
0
0
0
0
0
6
0
6
0
1
0
0
8
1
0
0
3
0
0
0
0
0
0
0
0
0
0
0
0
0
21
7
0
0
0
0
0
3
9
0
1
0
0
0
17
0
0
0
0
0
0
0
0
0
0
0
0
0
0
0
6
17
6
0
0
11
0
7
0
13
7
7
0
9
0
0
0
0
0
0
0
0
0
0
0
0
14
0
0
0
1
0
0
0
0
48
180
248
0
0
14
0
0
0
0
0
0
0
0
0
0
0
0
0
0
0
9
0
5
7
32
46
133
224
255
255
10
3
0
9
0
0
0
0
0
0
0
0
0
0
0
0
0
7
14
0
4
64
181
255
254
195
92
56
0
15
1
0
0
0
0
0
0
0
0
0
0
0
0
0
9
0
0
39
162
243
255
238
84
26
0
6
14
0
0
8
0
0
0
0
0
0
0
0
0
0
0
0
0
0
71
186
242
253
211
70
0
0
0
4
3
0
1
2
0
0
0
0
0
0
0
0
0
0
0
0
0
2
205
251
255
141
5
3
0
4
0
0
2
1
2
1
0
0
0
0
0
0
0
0
0
0
0
0
0
1
215
255
255
112
31
0
0
8
1
0
0
6
0
0
0
0
0
0
0
0
0
0
0
0
0
0
4
0
107
228
245
255
121
10
0
2
7
0
0
6
0
0
0
0
0
0
0
0
0
0
0
0
0
0
0
8
0
73
255
251
245
87
4
0
5
2
0
2
0
3
0
0
0
0
0
0
0
0
0
0
0
0
1
2
0
0
62
238
250
243
65
0
0
4
0
0
0
4
0
0
0
0
0
0
0
0
0
0
0
0
0
11
12
3
0
99
216
254
176
24
0
5
0
3
2
0
0
0
0
0
0
0
0
0
0
0
0
0
6
0
0
0
13
0
118
255
255
59
0
7
0
7
5
0
0
0
0
0
0
0
0
0
0
0
0
0
0
3
10
0
4
1
34
213
252
171
16
0
1
0
17
0
0
0
0
0
0
0
0
0
0
0
0
0
9
0
0
6
0
0
13
136
247
253
43
4
16
0
0
3
0
0
0
0
0
0
0
0
0
0
0
0
0
7
0
0
1
7
0
87
255
250
143
0
9
0
0
0
0
0
0
0
0
0
0
0
0
0
0
0
0
11
0
1
0
0
0
29
253
242
163
0
0
3
5
0
0
0
0
0
0
0
0
0
0
0
0
0
1
0
85
144
16
0
56
101
244
255
50
0
4
4
0
3
0
0
0
0
0
0
0
0
0
0
0
0
5
0
108
241
175
97
188
255
249
170
0
0
9
0
0
0
0
0
0
0
0
0
0
0
0
0
0
0
8
0
10
127
253
243
255
243
164
25
11
0
0
0
8
0
0
0
0
0
0
0
0
0
0
0
0
0
0
16
2
16
151
221
252
134
13
0
0
12
0
0
9
0
0
0
0
0
0
0
0
0
0
0
0
0
0
0
0
0
0
0
0
0
0
0
0
0
0
0
0
0
0
0
0
0
0
0
0
0
0
0
0
0
0
0
0
0
0
0
0
0
0
0
0
0
0
0
0
0
0
0
0
0
0
0
0
0
0
0
0
0
0
0
0
0
0
0
0
0
0
0
0
0
0
0
0
0
0
0
0
0
0
0
0
0
0
0
0
0
0
0
0
0
0
0
0
0
0
0
0
0
0
0
0
0
0
0
0
0
