3
0
0
0
0
0
0
0
0
5
0
0
0
0
1
5
0
2
0
8
2
0
4
3
0
0
0
0
0
0
0
0
0
0
0
0
0
0
0
0
6
10
0
0
7
4
0
1
2
0
2
4
3
0
0
0
0
0
0
0
0
0
0
0
0
0
10
0
0
0
8
0
0
2
3
0
3
3
0
4
2
0
0
0
0
0
0
0
0
0
0
0
0
0
0
3
12
0
0
0
14
0
6
0
2
3
0
3
0
0
0
0
0
0
0
0
0
0
0
0
0
7
0
6
2
0
0
6
0
0
1
0
0
0
1
5
0
0
0
0
0
0
0
0
0
0
0
0
0
0
1
42
131
228
255
238
179
34
0
0
0
0
8
4
0
0
0
0
0
0
0
0
0
0
0
0
0
0
124
225
255
217
117
125
253
111
0
0
4
0
9
0
3
0
0
0
0
0
0
0
0
0
0
0
0
63
251
231
67
7
5
86
255
176
6
0
9
0
6
0
5
0
0
0
0
0
0
0
0
0
0
0
0
123
249
142
0
0
0
221
250
122
4
0
4
0
3
0
6
0
0
0
0
0
0
0
0
0
0
0
0
8
95
55
10
20
108
252
194
11
4
7
0
5
0
0
0
0
0
0
0
0
0
0
0
0
0
0
0
0
18
0
0
118
249
255
93
44
39
1
0
15
0
0
0
0
0
0
0
0
0
0
0
0
0
0
0
0
0
2
71
255
249
254
246
255
196
106
9
0
0
0
5
0
0
0
0
0
0
0
0
0
0
0
0
0
14
0
50
255
255
250
225
186
165
208
101
0
0
6
0
0
0
0
0
0
0
0
0
0
0
0
0
8
1
0
28
67
29
14
4
0
2
203
193
21
1
2
0
0
0
0
0
0
0
0
0
0
0
0
0
33
0
11
0
0
5
15
0
11
5
201
248
35
0
0
10
0
0
0
0
0
0
0
0
0
0
0
0
194
2
6
0
19
0
0
10
0
8
189
255
44
0
10
0
0
0
0
0
0
1
0
0
4
0
0
5
191
0
0
0
0
12
0
0
8
10
233
238
43
0
6
0
0
0
0
0
0
1
0
1
2
0
0
22
255
2
4
0
1
0
0
7
4
46
237
208
0
0
0
10
0
0
0
0
0
0
0
2
1
0
6
40
239
0
17
0
10
2
17
0
0
104
255
177
12
13
0
2
0
0
0
0
0
0
0
3
2
0
6
42
255
0
0
0
6
0
1
3
14
176
248
70
6
0
0
1
0
0
0
0
2
0
0
2
5
0
2
28
252
50
0
0
0
4
1
0
96
248
192
2
5
0
5
0
0
0
0
0
2
1
0
0
5
0
0
11
205
109
4
0
0
10
0
8
188
251
114
3
4
13
2
0
0
0
0
0
0
5
0
0
2
0
0
2
190
174
26
5
0
0
18
142
246
147
17
0
0
0
0
6
0
0
0
0
0
8
4
0
0
0
0
0
60
233
109
0
0
45
148
255
241
29
0
16
4
3
0
0
0
0
0
0
0
0
0
0
0
0
0
0
0
111
225
170
118
209
253
202
55
20
0
0
4
0
0
3
0
0
0
0
0
0
0
0
0
0
0
0
0
0
16
9
0
4
12
2
10
0
0
1
5
0
0
4
0
0
0
0
0
0
0
0
0
0
0
0
17
0
0
0
0
0
0
0
0
0
0
5
4
0
0
1
0
0
0
0
0
0
0
0
0
0
0
0
0
1
9
5
7
8
1
2
1
6
7
2
0
0
0
0
0
0
0
0
