8
0
0
0
0
0
0
0
0
2
0
0
2
0
3
6
0
0
0
3
4
0
0
1
0
0
0
0
0
0
0
0
0
0
0
0
0
7
4
0
0
0
0
0
0
0
10
0
0
0
2
2
9
0
0
0
0
0
0
0
0
0
0
0
0
0
1
2
2
8
6
3
9
7
0
0
11
7
0
0
0
0
0
0
0
0
0
0
0
0
0
0
0
0
4
0
0
3
0
0
0
17
4
0
0
4
2
0
3
0
0
0
0
0
0
0
0
0
0
0
0
4
5
1
0
0
0
1
5
0
12
5
0
3
9
0
0
0
0
0
0
0
0
0
0
0
0
0
0
0
0
7
9
0
0
4
1
14
0
1
21
0
0
9
1
0
0
0
0
0
0
0
0
0
0
0
0
2
0
8
7
0
4
56
70
133
28
0
0
0
0
3
0
0
0
0
0
0
0
0
0
0
0
0
0
8
0
0
4
0
83
214
255
250
235
96
51
168
157
41
24
0
0
0
0
0
0
0
0
0
0
0
0
1
3
2
0
23
204
246
255
255
248
243
255
239
254
255
155
3
0
0
0
0
0
0
0
0
0
0
0
0
0
6
0
161
255
255
119
231
246
232
199
155
82
222
255
103
0
3
0
0
0
0
0
0
0
0
0
15
0
0
0
235
255
229
17
31
59
27
0
0
0
208
252
182
0
4
4
0
0
0
0
0
0
0
0
0
3
0
61
251
245
150
0
0
4
0
8
0
26
214
255
157
0
2
5
0
0
0
0
0
0
0
0
0
7
0
97
248
250
83
6
13
0
1
3
0
104
255
246
68
0
1
0
0
0
0
0
0
0
0
0
9
3
0
79
249
241
32
0
0
5
4
0
138
246
252
164
4
12
2
0
0
0
0
0
0
0
0
0
0
0
1
91
255
205
0
8
15
5
115
224
240
255
241
86
0
6
3
0
0
0
0
0
0
0
0
0
4
0
0
99
241
157
17
125
132
255
245
252
206
125
25
1
5
0
1
3
0
9
0
0
2
0
15
0
0
0
17
210
253
255
250
255
254
236
230
121
0
0
8
0
0
0
0
0
9
0
2
10
0
3
0
0
4
32
148
255
255
247
233
215
146
40
3
1
0
2
6
10
0
0
0
0
1
0
12
0
0
5
131
164
171
226
252
255
242
151
50
0
14
0
0
7
6
0
0
0
0
0
0
0
0
1
9
0
11
109
253
255
213
240
236
252
232
23
11
9
0
8
15
0
0
10
5
0
0
0
0
0
6
0
0
0
5
255
234
225
112
238
255
255
55
0
12
0
4
7
0
0
0
0
1
5
0
0
0
0
0
7
0
0
0
255
255
255
245
255
237
230
18
19
0
17
0
10
4
11
11
0
0
0
0
0
0
0
0
14
4
0
3
99
208
240
255
185
130
4
14
4
0
3
0
3
0
0
1
8
16
0
0
0
0
0
6
0
0
7
7
0
3
29
16
5
0
6
0
3
0
2
0
3
0
13
0
0
2
1
0
0
0
0
0
0
0
0
0
0
0
0
0
0
0
0
0
0
0
0
0
0
0
0
0
0
0
0
0
0
0
0
0
0
0
0
0
0
0
0
0
0
0
0
0
0
0
0
0
0
0
0
0
0
0
0
0
0
0
0
0
0
0
0
0
0
0
0
0
0
0
0
0
0
0
0
0
0
0
0
0
0
0
0
0
0
0
0
0
0
0
0
0
0
0
0
0
0
0
0
0
0
0
0
0
0
0
0
0
0
0
0
0
0
0
0
