1
0
0
0
0
0
0
0
0
0
0
13
0
0
0
5
2
0
0
0
0
0
0
0
0
0
0
0
0
0
0
0
0
0
0
0
0
9
0
0
0
11
0
1
0
0
0
0
0
0
0
0
0
0
0
0
0
0
0
0
0
0
0
0
0
0
13
2
1
14
0
0
13
0
0
0
0
0
0
0
0
0
0
0
0
0
0
0
0
0
0
0
0
5
1
0
0
5
6
3
0
0
0
0
0
0
0
0
0
0
0
0
0
0
0
0
0
0
0
0
0
5
0
7
13
0
0
0
11
0
0
0
0
0
0
0
0
0
0
0
0
0
0
0
0
0
0
0
0
0
25
0
93
255
197
0
0
0
0
0
0
0
0
0
0
0
0
0
0
0
0
0
0
0
0
0
0
16
0
0
158
255
244
138
0
0
0
0
0
0
0
0
0
0
0
0
0
0
0
0
0
0
0
0
0
0
10
2
165
247
250
190
0
0
0
0
0
0
0
0
0
0
0
0
0
0
0
0
0
0
0
0
0
6
0
15
35
252
255
243
56
0
0
1
0
0
0
0
3
0
0
0
0
0
0
0
0
0
0
0
0
1
8
0
15
169
251
248
146
0
1
2
1
0
0
0
1
0
0
0
0
0
0
0
0
0
0
0
0
0
5
0
0
148
248
252
157
0
2
3
2
0
0
0
0
0
0
0
0
0
0
0
0
0
0
0
0
0
0
5
5
114
255
255
134
0
0
1
1
0
0
0
0
0
0
0
0
0
0
0
0
0
0
0
0
0
8
0
14
16
255
255
149
0
0
0
0
0
0
0
0
0
0
0
0
0
0
0
0
0
0
0
0
1
0
0
4
0
251
250
138
0
0
0
0
0
0
0
0
0
0
0
0
0
0
0
0
0
0
0
0
1
0
4
0
32
251
247
160
8
4
0
0
0
1
1
0
0
0
0
0
0
0
0
0
0
0
0
0
0
12
0
5
9
254
250
255
15
9
2
0
0
1
0
0
0
0
0
0
0
0
0
0
0
0
0
0
15
0
5
0
25
243
248
255
26
0
1
0
0
3
0
1
0
0
0
0
0
0
0
0
0
0
0
0
0
1
0
1
11
255
252
250
26
0
1
0
0
3
0
1
0
0
0
0
0
0
0
0
0
0
0
0
0
2
0
1
0
225
247
248
26
0
1
0
0
3
0
1
0
0
0
0
0
0
0
0
0
0
0
0
5
0
7
0
0
151
237
255
26
0
1
0
0
3
0
1
0
0
0
0
0
0
0
0
0
0
0
0
7
0
3
0
2
126
244
255
26
0
1
0
0
3
0
1
0
0
0
0
0
0
0
0
0
0
0
0
0
5
0
7
0
143
255
248
26
0
1
0
0
3
0
1
0
0
0
0
0
0
0
0
0
0
0
0
0
6
0
10
0
118
255
246
26
0
1
0
0
3
0
1
0
0
0
0
0
0
0
0
0
0
0
0
3
0
3
3
0
61
247
252
26
0
1
0
0
3
0
1
0
0
0
0
0
0
0
0
0
0
0
0
0
0
0
0
5
7
165
85
0
0
0
0
0
0
0
0
0
0
0
0
0
0
0
0
0
0
0
0
0
5
4
2
0
0
26
0
0
0
0
0
0
0
0
0
0
0
0
0
0
0
0
0
0
0
0
0
0
0
0
7
3
7
0
7
0
0
0
0
0
0
0
0
0
0
0
0
0
0
0
0
0
0
0
0
1
1
0
1
0
16
0
21
0
0
0
0
0
0
0
0
0
0
0
0
