4
0
0
0
0
0
0
0
0
2
0
0
20
0
0
10
0
0
0
12
0
2
3
9
0
0
0
0
0
0
0
0
0
0
0
0
0
0
4
4
0
0
1
2
0
13
2
0
0
0
0
1
11
0
0
0
0
0
0
0
0
0
0
0
0
0
9
0
0
2
0
9
10
0
10
0
15
0
3
0
0
0
0
0
0
0
0
0
0
0
0
0
0
0
13
1
137
13
0
0
0
11
0
2
153
140
2
0
9
0
0
0
0
0
0
0
0
0
0
0
0
19
19
189
251
114
0
25
0
2
0
20
239
226
0
0
0
0
0
0
0
0
0
0
0
0
0
0
0
0
57
253
255
25
7
0
0
0
13
83
255
219
10
26
0
0
0
0
0
0
0
0
0
0
0
0
0
8
152
255
148
0
2
0
11
1
0
100
254
162
0
0
0
0
0
0
0
0
0
0
0
0
0
0
0
40
252
245
77
14
0
8
0
0
7
152
250
114
14
0
5
0
0
0
0
3
4
0
7
0
0
14
0
131
255
251
30
0
5
2
0
5
56
243
255
107
0
12
0
0
0
0
0
0
3
0
0
0
0
0
1
232
255
172
13
0
0
0
9
0
64
248
255
108
0
0
6
0
0
0
0
0
6
0
0
1
5
0
106
255
234
69
0
5
0
0
8
0
57
253
251
118
0
0
7
0
0
0
0
9
1
0
0
3
0
6
223
246
199
13
0
1
3
0
0
1
50
255
241
117
2
1
0
0
0
0
0
0
0
1
8
5
0
22
243
255
172
0
0
0
0
0
0
5
71
255
255
72
5
9
0
0
0
0
0
0
0
1
0
2
5
93
238
248
95
0
2
2
2
0
2
0
122
249
255
9
0
0
0
0
0
0
0
6
3
0
0
0
14
175
253
218
26
0
4
5
3
0
0
10
184
250
242
0
0
0
0
0
0
0
0
3
0
0
10
0
0
203
253
231
25
35
4
0
0
1
0
42
229
255
209
29
7
7
0
0
0
0
0
5
0
6
10
0
5
199
248
247
255
244
196
161
162
171
170
218
251
248
247
249
167
0
9
0
0
0
0
1
5
0
0
1
3
109
255
255
252
244
247
255
255
255
252
233
255
253
255
248
131
0
0
0
0
0
0
0
8
0
1
5
4
0
167
247
249
254
255
254
248
248
252
255
230
246
195
79
0
3
4
0
0
0
0
4
0
4
10
0
13
0
28
122
176
226
235
228
227
227
222
249
255
249
39
0
13
0
1
0
0
0
0
12
0
0
0
0
10
4
0
0
9
4
0
0
0
5
5
126
248
252
18
0
6
0
21
0
0
0
0
0
8
0
0
12
0
6
3
1
0
0
13
15
4
0
0
154
250
187
15
9
1
8
0
0
0
0
0
0
9
0
0
15
0
0
2
1
0
0
5
0
0
0
6
125
255
163
0
0
0
15
0
0
0
0
0
3
2
5
0
0
2
8
0
0
2
3
0
0
4
3
0
7
0
8
7
3
0
10
2
0
0
0
0
0
0
0
0
0
0
0
0
0
0
0
0
0
0
0
0
0
0
0
0
0
0
0
0
0
0
0
0
0
0
0
0
0
0
0
0
0
0
0
0
0
0
0
0
0
0
0
0
0
0
0
0
0
0
0
0
0
0
0
0
0
0
0
0
0
0
0
0
0
0
0
0
0
0
0
0
0
0
0
0
0
0
0
0
0
0
0
0
0
0
0
0
0
0
0
0
0
0
0
0
0
0
0
0
0
0
0
0
0
0
0
0
