6
0
0
0
0
0
0
0
0
0
2
0
0
3
0
0
1
0
0
0
0
0
0
0
0
0
0
0
0
0
0
0
0
0
0
0
0
0
12
8
0
2
0
6
0
0
0
0
0
0
0
0
0
0
0
0
0
0
0
0
0
0
0
0
0
0
0
0
14
0
0
8
0
0
0
0
0
0
0
0
0
0
0
0
0
0
0
0
0
0
0
0
0
1
8
0
8
7
0
0
0
0
0
0
0
0
0
0
0
0
0
0
0
0
0
0
0
0
0
0
0
1
19
0
0
144
166
123
11
0
0
0
0
0
0
0
0
0
0
0
0
0
0
0
0
0
0
0
0
0
0
54
113
240
246
229
21
0
0
0
0
0
0
0
0
0
0
0
0
0
0
0
0
0
0
0
0
12
78
202
255
127
79
117
5
0
0
0
0
0
0
0
0
0
0
0
0
0
0
0
0
0
0
0
0
80
247
247
255
13
0
0
0
0
0
0
0
0
0
0
0
0
0
0
0
2
0
0
9
3
0
0
88
251
251
218
38
4
19
0
6
6
0
7
0
3
12
0
0
0
24
0
0
0
5
7
0
0
5
82
240
253
245
109
0
0
0
22
4
0
7
0
17
18
0
0
16
0
0
0
6
0
7
5
0
0
11
136
255
243
144
0
4
3
6
0
0
6
26
0
6
0
0
35
0
12
7
2
3
2
5
0
0
5
8
173
239
255
52
0
0
6
0
8
53
162
249
184
153
120
30
0
33
0
5
0
0
0
6
0
8
0
0
229
255
245
49
3
0
0
79
187
246
247
255
213
190
255
231
197
232
63
0
7
0
0
5
0
11
0
0
222
255
197
7
0
0
93
247
255
234
143
50
35
10
75
188
255
255
156
0
11
1
3
0
0
3
2
0
143
241
214
19
12
43
234
240
137
32
5
0
14
0
0
11
84
231
148
15
0
11
0
0
10
0
5
0
84
255
255
175
0
229
249
170
8
0
0
0
0
2
0
7
2
54
223
185
0
0
7
0
6
0
3
0
27
242
255
255
244
255
178
8
0
0
1
2
0
3
8
1
0
5
222
250
0
6
0
0
12
0
2
2
0
79
206
237
253
254
159
0
0
9
3
0
0
9
0
0
15
100
250
77
0
6
5
0
5
0
0
7
0
0
73
183
255
255
255
220
151
31
6
3
11
2
46
79
164
226
122
0
6
0
9
0
0
4
0
0
12
2
0
84
207
243
255
253
252
239
179
182
189
175
255
255
218
117
0
8
8
0
0
2
0
8
5
0
0
7
7
0
37
103
166
176
211
255
255
255
252
180
156
87
54
14
0
6
0
12
0
11
0
0
5
0
0
0
1
0
8
0
5
5
19
27
36
27
25
4
22
0
0
0
13
0
4
0
0
4
1
0
0
8
3
2
4
0
4
0
2
0
4
8
0
8
6
0
0
0
1
0
0
1
20
0
11
0
5
6
0
0
0
1
0
2
0
0
7
0
10
0
0
3
1
4
5
0
0
9
5
7
0
1
0
0
0
0
0
0
0
0
0
0
0
0
0
0
0
0
0
0
0
0
0
0
0
0
0
0
0
0
0
0
0
0
0
0
0
0
0
0
0
0
0
0
0
0
0
0
0
0
0
0
0
0
0
0
0
0
0
0
0
0
0
0
0
0
0
0
0
0
0
0
0
0
0
0
0
0
0
0
0
0
0
0
0
0
0
0
0
0
0
0
0
0
0
0
0
0
0
0
0
0
0
0
0
0
0
0
0
0
0
0
0
0
