6
0
0
0
0
0
0
0
0
6
0
0
0
1
0
0
5
2
0
5
5
0
3
0
0
0
0
0
0
0
0
0
0
0
0
0
0
1
1
4
6
4
0
0
0
0
6
0
14
0
7
7
10
0
0
0
0
0
0
0
0
0
0
0
0
0
0
4
1
0
0
0
0
0
0
16
0
15
0
0
0
0
0
0
0
0
0
0
0
0
0
0
0
0
0
0
0
0
0
2
0
11
0
50
155
251
255
119
6
0
0
0
0
0
0
0
0
0
0
0
0
3
2
0
0
1
6
4
0
0
49
160
255
240
186
90
0
0
0
0
0
0
0
0
0
0
0
0
0
0
0
0
3
5
1
0
0
32
242
247
250
245
55
0
10
0
0
0
0
0
0
0
0
0
0
0
0
0
0
0
4
2
0
0
15
200
255
242
254
53
0
0
2
0
0
0
0
0
0
0
0
0
0
0
0
8
0
0
5
0
0
17
51
227
236
252
213
47
12
0
3
0
0
0
0
0
0
0
0
0
0
0
0
0
0
7
0
9
0
31
225
250
255
201
23
0
0
3
0
0
0
0
0
0
0
0
0
0
0
0
0
0
0
10
0
0
12
129
255
255
248
99
0
0
0
13
2
0
0
0
0
0
0
0
0
0
0
0
0
7
0
0
6
0
142
244
255
252
78
8
16
5
8
0
0
0
0
0
0
0
0
0
0
0
0
0
0
3
3
0
0
98
241
255
254
139
0
10
0
0
5
3
0
0
0
0
0
0
0
0
0
0
0
0
0
0
1
0
40
222
239
234
204
0
8
0
0
15
0
5
6
0
0
0
0
0
0
0
0
0
0
0
0
0
1
16
181
251
255
235
47
5
9
0
14
2
5
0
0
0
0
0
0
0
0
0
0
0
0
0
0
13
40
114
255
235
241
172
10
26
141
255
242
57
10
3
21
0
0
0
0
0
0
0
0
0
0
0
0
4
98
254
255
252
111
40
150
247
255
243
248
137
0
5
0
0
0
0
0
2
2
0
7
9
0
7
0
40
244
248
247
252
161
230
255
255
246
254
255
81
0
0
3
0
0
0
0
0
9
0
0
7
4
0
20
238
240
253
248
255
254
249
255
248
248
246
168
0
0
17
0
0
0
0
0
0
0
11
0
8
0
0
146
251
255
255
250
238
235
255
245
255
255
190
51
0
4
0
3
0
0
0
0
7
0
9
0
3
0
10
180
255
231
252
248
255
255
228
255
253
171
84
0
15
14
0
10
0
0
0
0
3
1
7
0
0
3
5
49
250
252
255
247
245
255
253
255
152
19
8
0
2
5
2
0
0
0
0
0
0
0
1
8
0
0
0
0
157
233
249
255
239
254
246
81
22
0
7
0
0
0
11
0
0
0
0
0
1
0
0
13
2
0
2
14
22
75
206
247
170
141
67
7
0
7
15
0
3
0
0
4
0
0
0
0
1
4
6
0
0
12
0
0
0
7
0
3
0
5
0
0
13
0
0
7
3
0
4
0
0
0
0
0
0
0
0
0
0
0
0
0
0
0
0
0
0
0
0
0
0
0
0
0
0
0
0
0
0
0
0
0
0
0
0
0
0
0
0
0
0
0
0
0
0
0
0
0
0
0
0
0
0
0
0
0
0
0
0
0
0
0
0
0
0
0
0
0
0
0
0
0
0
0
0
0
0
0
0
0
0
0
0
0
0
0
0
0
0
0
0
0
0
0
0
0
0
0
0
0
0
0
0
0
0
0
0
0
0
0
0
0
0
0
0
0
