9
0
0
0
0
0
0
0
0
0
3
0
0
19
0
0
1
0
3
0
0
20
0
9
1
0
0
0
0
0
0
0
0
0
0
0
0
20
0
0
8
0
0
3
1
2
0
11
3
0
1
7
0
0
0
0
0
0
0
0
0
0
0
0
0
0
0
21
2
0
15
3
0
8
0
0
14
0
5
0
1
0
0
0
0
0
0
0
0
0
0
0
0
0
7
0
0
16
5
0
5
0
8
0
11
13
0
0
1
0
0
0
0
0
0
0
0
0
0
0
0
2
0
1
155
255
235
175
147
22
0
14
0
0
0
6
0
0
0
0
0
0
0
0
0
0
0
0
0
0
7
47
244
255
254
255
255
151
0
8
0
0
6
1
1
0
0
0
0
0
0
0
0
0
0
0
0
1
0
86
255
249
210
246
249
253
77
0
1
8
3
0
2
0
0
0
0
0
0
0
0
0
0
0
0
0
2
163
254
193
0
88
248
247
227
31
0
12
0
3
0
0
0
0
0
0
0
0
0
0
0
0
0
0
45
244
246
40
0
72
255
245
255
150
2
4
3
7
0
0
0
0
0
0
0
0
0
0
0
0
0
0
89
255
255
31
2
65
247
254
255
173
0
0
0
6
3
0
0
0
0
0
0
0
0
0
0
0
0
5
141
255
244
38
13
51
255
242
255
207
12
8
0
2
3
0
0
0
0
0
0
0
0
0
0
0
0
0
108
250
252
29
0
83
255
253
250
243
84
9
0
0
0
0
0
0
0
0
0
0
0
0
0
0
0
0
48
222
254
108
139
232
238
255
249
255
168
0
0
3
0
0
0
0
0
0
0
0
0
0
0
0
0
6
0
112
236
255
236
255
255
182
211
255
231
0
6
2
0
0
0
0
0
0
0
0
0
0
0
0
0
0
5
0
32
203
246
178
67
58
170
247
252
0
7
0
0
0
0
0
0
0
0
0
0
0
0
0
0
0
0
9
0
0
0
19
0
0
167
245
241
0
0
0
3
0
0
0
0
4
10
0
0
9
0
10
0
0
0
3
2
1
1
0
0
2
158
249
250
0
5
4
0
0
0
0
0
0
0
0
8
7
9
10
2
7
5
0
0
0
2
7
10
8
160
255
145
5
0
0
0
0
0
0
0
7
6
0
0
0
8
0
0
0
0
0
0
0
0
0
0
0
149
255
238
5
17
4
5
0
0
0
0
0
0
0
8
1
13
7
12
0
0
2
4
1
0
1
11
5
215
251
228
0
0
1
0
0
0
0
0
0
6
0
1
0
0
68
112
26
3
0
0
8
7
3
2
133
251
245
251
16
0
11
5
0
0
0
0
0
4
0
0
10
21
179
255
165
168
163
137
101
108
183
255
248
245
255
222
0
3
2
0
0
0
0
0
0
4
0
5
0
0
63
123
255
239
240
255
255
253
241
243
250
255
234
37
1
0
8
0
0
0
0
0
4
0
0
10
0
5
0
6
22
28
68
135
186
213
240
255
142
78
19
0
11
0
0
2
0
0
0
0
0
0
0
0
0
0
0
0
0
0
0
0
0
0
0
0
0
0
0
0
0
0
0
0
0
0
0
0
0
0
0
0
0
0
0
0
0
0
0
0
0
0
0
0
0
0
0
0
0
0
0
0
0
0
0
0
0
0
0
0
0
0
0
0
0
0
0
0
0
0
0
0
0
0
0
0
0
0
0
0
0
0
0
0
0
0
0
0
0
0
0
0
0
0
0
0
0
0
0
0
0
0
0
0
0
0
0
0
0
0
0
0
