1
0
0
0
0
0
0
0
0
0
0
0
0
0
0
0
0
9
0
10
0
0
2
3
0
0
0
0
0
0
0
0
0
0
0
0
0
0
0
0
0
0
0
0
0
0
8
0
4
10
0
1
0
0
0
0
0
0
0
0
0
0
0
0
0
0
0
0
0
0
0
0
0
0
8
0
0
0
0
0
8
0
0
0
0
0
0
0
0
0
0
0
0
0
0
0
0
0
0
0
0
0
2
3
7
6
9
0
0
0
0
0
0
0
0
0
0
0
0
0
0
0
0
0
0
0
0
0
0
6
0
2
6
0
0
3
0
0
0
0
0
0
0
0
0
0
0
0
0
0
0
0
0
0
0
0
0
0
0
40
246
235
1
6
6
0
0
0
0
0
0
0
0
0
0
0
0
0
0
0
0
0
0
0
0
0
51
238
255
252
117
0
3
0
0
0
0
0
0
0
0
0
0
0
0
0
0
0
0
0
0
0
0
27
196
253
255
249
41
19
0
0
0
0
0
0
0
0
0
0
0
0
0
3
0
6
0
0
11
0
0
164
247
255
255
226
0
12
0
0
0
0
0
0
0
0
0
0
0
0
0
0
0
3
10
0
4
0
107
245
255
248
166
35
0
0
7
0
0
0
0
0
0
0
0
0
0
0
0
5
0
5
0
5
1
106
240
255
250
255
98
0
9
0
0
0
0
0
0
0
0
0
0
0
0
0
0
9
0
4
0
3
58
240
255
251
227
151
20
4
5
9
0
0
0
0
0
0
0
0
0
0
0
0
0
0
10
0
14
7
167
255
235
255
169
16
0
0
2
0
9
0
0
0
0
0
0
0
0
0
0
0
0
0
0
0
0
63
235
255
255
228
58
0
8
9
9
0
0
0
0
0
0
0
0
0
0
0
0
0
0
10
0
4
35
169
249
255
236
122
0
6
0
14
0
11
0
0
0
0
0
0
0
0
0
0
0
0
0
0
0
10
164
255
255
242
104
15
4
4
0
4
0
4
0
0
0
0
0
5
0
0
2
1
1
6
0
0
9
91
246
255
249
184
3
0
0
0
0
0
0
0
0
0
0
0
0
7
0
0
1
0
0
1
8
9
12
216
254
255
226
110
0
0
0
0
0
0
0
0
0
0
0
0
0
0
0
0
0
3
0
0
2
0
114
255
244
252
109
11
0
0
0
0
0
0
0
0
0
0
0
0
0
0
5
3
0
8
8
0
0
65
241
255
255
181
19
0
9
0
0
0
0
0
0
0
0
0
0
0
0
0
4
2
0
5
0
0
56
178
245
255
203
29
0
0
0
0
0
0
0
0
0
0
0
0
0
0
0
5
0
0
0
7
0
30
197
254
255
229
108
0
5
22
0
0
0
0
0
0
0
0
0
0
0
0
0
0
0
0
0
9
0
59
255
246
249
100
5
0
0
3
0
0
0
0
0
0
0
0
0
0
0
0
0
0
7
10
0
2
0
48
232
255
197
18
0
8
1
0
10
0
0
0
0
0
0
0
0
0
0
0
0
5
0
7
0
6
0
17
229
193
38
0
5
0
0
0
2
0
0
0
0
0
0
0
0
0
0
0
0
0
0
19
0
0
9
0
11
17
0
0
3
0
0
4
2
0
0
0
0
0
0
0
0
0
0
0
0
12
0
3
0
0
13
8
0
0
0
17
5
0
8
2
0
0
0
0
0
0
0
0
0
0
0
0
0
7
0
0
14
0
0
8
8
10
3
0
0
0
7
0
0
0
0
0
0
0
0
0
0
0
0
0
0
