2
0
7
12
0
0
2
0
0
0
0
1
0
0
0
2
0
0
3
3
0
0
4
4
0
0
0
0
0
11
0
0
2
3
8
16
15
8
2
0
1
10
11
1
0
3
0
0
0
0
4
2
0
0
0
0
0
0
0
0
27
0
0
0
0
0
0
0
0
0
0
0
6
4
4
8
12
7
0
0
0
0
0
0
0
0
9
0
6
0
7
6
9
7
1
0
6
11
7
0
0
0
0
0
0
0
0
3
6
0
0
0
0
4
7
0
0
0
19
0
0
0
0
0
0
0
0
2
8
9
8
0
0
0
6
7
0
0
0
0
0
0
0
7
6
10
0
0
31
56
67
70
63
55
43
17
0
0
3
12
9
2
0
0
0
0
0
0
0
1
0
3
7
0
0
138
195
255
248
239
246
255
250
161
66
6
0
0
3
3
0
0
10
0
0
0
0
1
0
0
5
0
22
250
255
252
255
245
222
231
255
255
231
164
71
0
0
13
5
0
0
0
0
0
0
0
0
0
0
9
33
247
138
6
12
5
0
3
72
175
252
255
233
122
0
0
14
0
0
0
1
0
12
0
1
6
2
0
0
76
0
1
0
0
7
0
0
31
95
237
255
235
28
8
0
8
0
5
12
0
0
0
0
0
5
6
10
2
0
5
0
0
3
2
0
0
2
103
255
255
168
0
1
0
10
0
6
0
1
11
0
0
0
0
13
0
9
6
9
5
0
0
8
5
0
0
150
238
255
137
6
7
0
0
1
0
9
6
0
5
0
0
0
1
0
0
0
0
5
0
0
0
8
22
5
168
255
255
7
0
8
12
1
0
0
0
0
10
4
3
0
19
0
10
9
5
1
2
5
3
0
0
0
185
240
237
116
0
0
0
0
8
0
4
0
5
0
0
0
0
0
0
0
0
0
0
6
6
0
11
0
170
255
252
123
6
63
29
0
9
10
1
0
3
0
11
12
0
15
0
13
64
118
122
104
133
190
209
228
232
255
239
244
217
248
159
19
0
2
9
0
7
0
0
7
28
108
146
254
255
244
254
255
237
255
244
255
254
244
255
255
231
191
1
1
1
0
0
0
6
6
11
9
208
255
231
255
201
203
216
221
255
242
255
250
251
222
140
65
25
2
1
1
1
0
12
1
0
0
5
196
255
238
203
143
28
2
22
80
221
246
242
254
162
31
0
14
13
0
1
1
0
0
0
0
7
1
0
255
240
213
0
5
69
130
200
234
255
252
255
93
0
0
0
0
1
0
0
0
0
0
12
4
0
0
27
177
227
255
255
255
252
234
255
249
223
196
0
15
2
0
11
0
0
18
0
0
0
0
0
0
5
0
0
0
81
165
184
252
212
198
187
94
42
0
2
0
4
12
0
2
9
0
0
0
0
0
16
9
5
0
0
9
0
8
5
63
8
5
2
0
7
7
0
6
0
0
5
0
0
8
0
0
0
0
0
0
0
2
0
0
3
0
0
9
0
0
0
11
0
0
9
0
0
4
1
0
0
2
0
0
0
0
0
0
0
0
0
0
0
0
0
0
0
0
0
0
0
0
0
0
0
0
0
0
0
0
0
0
0
0
0
0
0
0
0
0
0
0
0
0
0
0
0
0
0
0
0
0
0
0
0
0
0
0
0
0
0
0
0
0
0
0
0
0
0
0
0
0
0
0
0
0
0
0
0
0
0
0
0
0
0
0
0
0
0
0
0
0
0
0
0
0
0
0
0
0
0
0
0
0
0
0
0
0
0
0
0
0
0
0
0
0
0
0
