4
0
0
0
0
0
0
0
0
3
2
0
6
4
9
0
0
0
0
0
0
0
0
0
0
0
0
0
0
0
0
0
0
0
0
0
0
0
6
1
0
0
0
0
1
0
0
0
0
0
0
0
0
0
0
0
0
0
0
0
0
0
0
0
0
0
1
14
9
1
3
6
0
0
0
0
0
0
0
0
0
0
0
0
0
0
0
0
0
0
0
0
0
7
0
0
3
0
2
3
1
0
0
0
0
0
0
0
0
0
0
0
0
0
0
0
0
0
0
0
0
0
4
0
12
0
11
0
0
0
0
0
0
0
0
0
0
0
0
0
0
0
0
0
0
0
0
0
0
0
13
5
3
0
5
0
0
0
0
0
0
0
0
0
0
0
0
0
0
0
0
0
0
0
0
0
0
3
0
0
0
24
0
0
12
0
0
0
0
0
0
0
0
0
0
0
0
0
0
0
0
0
0
0
0
10
0
18
62
157
44
0
4
0
0
0
0
0
0
0
0
0
0
0
0
6
0
0
10
0
6
6
0
0
10
0
118
255
149
0
9
0
25
0
0
10
0
17
0
0
7
0
0
0
10
9
7
0
0
0
4
10
0
75
200
255
60
0
1
84
19
11
0
0
6
0
16
0
0
0
6
7
0
0
0
3
1
0
3
0
73
237
255
214
10
2
21
251
150
0
0
0
0
9
0
3
0
0
9
2
0
13
0
0
1
11
0
4
100
240
253
115
0
5
7
255
231
62
20
0
3
10
0
4
8
0
0
0
5
15
0
0
14
0
0
42
255
255
117
18
0
0
21
243
255
90
0
0
1
0
0
0
5
3
0
3
5
0
0
7
0
0
107
235
252
125
0
0
10
7
8
253
253
81
0
3
24
0
10
12
0
8
0
0
0
0
14
0
31
87
250
249
255
136
34
99
130
133
138
255
239
237
155
157
196
129
191
129
0
2
5
9
0
1
9
0
196
255
252
255
255
240
253
255
253
255
250
252
255
251
247
254
253
255
248
255
8
0
7
0
0
1
0
0
255
254
249
255
253
247
248
252
255
255
252
255
239
255
253
230
255
216
216
146
20
0
7
0
7
10
10
11
196
243
255
213
215
217
212
195
163
125
100
230
255
239
113
71
67
17
5
20
0
4
15
0
0
0
0
0
22
71
76
10
5
0
0
0
0
0
0
151
255
193
6
0
1
0
0
0
0
6
2
5
13
2
9
13
0
0
0
9
4
0
0
0
0
0
0
125
240
164
11
1
2
5
9
12
3
0
0
0
0
0
0
9
7
0
4
0
0
0
3
7
6
3
0
0
63
24
0
0
0
0
0
0
0
0
5
3
0
4
0
0
9
0
6
10
7
1
0
0
0
0
0
0
5
0
14
5
4
5
6
0
2
0
0
0
0
8
0
0
1
0
0
0
0
0
5
7
5
3
1
17
4
0
2
0
0
0
0
9
5
0
0
5
0
0
0
5
0
13
0
4
3
1
0
0
0
0
0
0
0
12
0
6
2
9
0
0
0
0
8
0
0
0
0
0
0
0
0
0
0
0
0
0
0
0
0
0
0
0
0
0
0
0
0
0
0
0
0
0
0
0
0
0
0
0
0
0
0
0
0
0
0
0
0
0
0
0
0
0
0
0
0
0
0
0
0
0
0
0
0
0
0
0
0
0
0
0
0
0
0
0
0
0
0
0
0
0
0
0
0
0
0
0
0
0
0
0
0
0
0
0
0
0
0
0
0
0
0
0
0
0
0
0
0
0
0
0
0
0
0
0
0
