3
0
0
0
0
0
0
0
0
0
3
0
0
3
7
0
0
0
7
0
7
0
0
30
0
0
0
0
0
0
0
0
0
0
0
0
0
0
3
2
2
4
0
0
4
0
0
0
13
13
0
0
0
0
0
0
0
0
0
0
0
0
0
0
0
4
0
0
0
5
0
0
7
11
0
0
0
11
16
0
1
0
0
0
0
0
0
0
0
0
0
0
0
0
0
0
0
1
0
0
8
0
0
8
0
0
0
10
0
0
0
0
0
0
0
0
0
0
0
0
0
16
16
2
0
4
7
0
0
15
112
192
213
154
8
0
9
0
0
0
0
0
0
0
0
0
0
0
0
0
0
1
0
3
27
70
115
227
255
241
246
255
77
0
0
0
0
0
0
0
0
0
0
0
0
0
0
22
0
0
70
181
241
251
255
252
248
246
255
252
70
0
8
0
0
0
0
0
0
0
0
0
0
0
0
0
3
64
176
255
255
243
255
189
65
139
255
251
76
1
0
0
0
0
0
0
0
0
0
0
0
0
0
2
0
172
241
255
255
186
121
8
0
170
255
219
41
6
0
0
0
0
0
0
0
0
0
0
0
0
0
10
16
178
255
233
157
4
0
0
172
240
255
201
0
15
0
0
0
0
0
0
0
0
0
0
0
0
0
0
0
32
60
6
6
9
5
60
235
251
222
27
0
0
2
0
0
0
0
0
0
0
0
0
0
0
0
2
5
8
0
0
6
0
96
242
241
255
122
0
6
5
3
0
0
0
0
0
0
0
0
0
0
0
0
0
0
0
5
12
40
179
242
254
249
154
0
4
0
0
0
0
0
0
0
0
0
0
0
0
0
0
0
9
0
17
26
148
233
243
255
233
255
140
0
8
7
0
15
0
0
0
0
0
0
0
0
0
0
0
0
0
0
114
247
255
247
255
254
255
249
239
29
0
0
0
0
0
0
0
0
0
0
0
0
0
0
0
0
0
0
134
254
243
222
142
108
238
251
250
121
0
10
0
2
0
0
0
0
2
2
4
5
0
0
2
0
0
19
0
63
76
11
4
0
98
255
235
121
3
0
4
2
0
0
0
0
1
0
13
0
0
14
21
73
0
0
29
5
4
0
0
2
160
255
255
28
0
18
0
0
0
0
0
0
0
0
3
0
14
0
75
225
80
0
0
0
1
16
7
39
244
248
148
0
10
0
1
0
0
0
0
0
16
0
0
22
0
0
192
255
254
0
3
14
0
1
0
176
254
234
134
10
3
12
0
10
0
0
0
0
0
17
4
0
7
18
182
253
255
0
0
0
3
39
216
254
254
174
11
5
0
0
11
0
0
0
0
0
0
0
18
0
0
12
124
255
246
192
107
79
89
255
242
250
235
37
0
0
10
17
0
18
0
0
0
0
0
3
7
0
14
0
27
214
255
233
255
255
255
248
255
165
31
0
17
0
4
0
6
0
0
0
0
0
2
4
0
2
0
0
11
56
183
255
239
248
255
245
64
15
0
2
0
0
11
0
6
0
0
0
0
0
0
0
0
0
0
0
0
0
0
0
0
0
0
0
0
0
0
0
0
0
0
0
0
0
0
0
0
0
0
0
0
0
0
0
0
0
0
0
0
0
0
0
0
0
0
0
0
0
0
0
0
0
0
0
0
0
0
0
0
0
0
0
0
0
0
0
0
0
0
0
0
0
0
0
0
0
0
0
0
0
0
0
0
0
0
0
0
0
0
0
0
0
0
0
0
0
0
0
0
0
0
0
0
0
0
0
0
0
0
0
0
0
