9
0
0
0
0
0
0
0
0
1
0
6
2
8
0
0
0
1
3
0
0
0
8
2
0
0
0
0
0
0
0
0
0
0
0
0
0
8
2
0
0
0
8
5
6
0
2
0
5
0
1
0
5
0
0
0
0
0
0
0
0
0
0
0
0
0
0
4
4
3
5
2
0
0
0
0
9
0
0
0
7
0
0
0
0
0
0
0
0
0
0
0
0
8
0
7
0
1
0
0
0
2
4
0
6
0
10
0
0
0
0
0
0
0
0
0
0
0
0
0
0
3
0
0
0
12
6
6
4
0
7
0
2
0
11
3
0
0
0
0
0
0
0
0
0
0
0
0
0
0
6
0
13
0
0
0
0
0
0
4
0
0
0
1
3
0
0
0
0
0
0
0
0
0
0
0
0
0
1
8
0
0
2
15
4
15
0
1
0
18
0
0
1
0
0
0
0
0
0
0
0
0
0
0
0
7
21
112
111
255
249
255
164
60
1
0
6
52
7
5
0
0
0
0
0
0
3
0
15
0
3
0
2
68
215
251
244
253
255
255
252
171
24
111
212
244
152
0
7
0
0
0
0
4
5
0
0
0
7
0
9
255
231
251
142
66
70
91
253
250
225
233
249
248
179
0
0
0
0
0
0
0
0
6
8
4
0
37
127
242
225
6
0
5
16
45
241
255
241
250
255
255
101
0
5
0
0
0
0
7
0
0
3
4
6
170
255
214
15
7
8
59
207
255
255
244
255
255
232
79
0
15
0
0
0
0
0
7
10
0
0
4
54
251
240
80
77
94
215
212
255
255
168
34
213
245
255
0
0
13
0
0
0
0
0
0
6
7
8
0
46
255
251
254
249
255
255
215
82
66
0
76
250
244
235
5
0
0
9
0
0
0
0
0
0
1
4
0
15
185
251
255
196
112
89
12
0
0
19
117
255
240
97
0
0
3
0
0
0
0
0
8
0
0
0
11
0
0
4
0
11
0
10
0
6
0
0
104
241
241
77
0
1
10
1
0
0
0
0
0
0
0
0
0
0
0
0
0
4
1
2
0
12
0
0
230
250
171
1
3
0
1
4
0
0
0
0
0
0
0
0
0
0
0
0
2
3
0
3
0
0
0
41
255
238
96
0
0
13
0
0
0
0
0
0
0
0
0
0
0
0
0
0
2
0
0
6
4
0
9
116
255
242
60
0
0
10
0
3
0
0
0
0
0
0
0
0
0
0
0
0
0
0
0
5
9
0
13
156
250
255
67
17
0
0
0
8
0
0
0
0
0
0
0
0
0
0
0
0
1
6
0
0
3
0
0
144
252
255
65
5
1
0
3
0
0
0
0
0
0
0
0
0
0
0
0
0
0
4
4
0
1
0
0
137
255
254
69
0
0
0
11
0
0
0
0
0
0
0
0
0
0
0
0
0
0
0
4
0
0
7
9
144
254
251
76
1
0
0
5
7
0
0
0
0
0
0
0
0
0
0
0
0
4
0
3
0
0
0
3
141
255
243
65
7
0
8
0
0
0
0
0
0
0
0
0
0
0
0
0
0
0
2
8
0
4
0
15
137
255
239
112
0
0
0
9
0
0
0
0
0
0
0
0
0
0
0
0
0
4
5
2
0
5
0
0
49
216
255
224
26
0
11
0
0
0
0
0
0
0
0
0
0
0
0
0
0
4
1
0
0
5
10
0
0
45
237
127
0
28
5
0
13
0
0
0
0
0
0
0
0
0
0
0
0
0
0
1
0
0
6
6
0
3
0
17
0
0
11
14
0
0
0
0
0
