1
0
0
0
0
0
0
0
0
0
0
0
0
0
0
0
0
5
0
7
0
0
0
2
4
0
0
0
0
0
0
0
0
0
0
0
0
0
0
0
0
0
0
0
0
7
0
4
13
4
12
0
0
0
0
0
0
0
0
0
0
0
0
0
0
0
0
0
0
0
0
0
0
0
2
6
0
0
13
7
0
0
0
0
0
0
0
0
0
0
0
0
0
0
0
0
0
0
0
0
0
0
1
8
0
22
0
0
11
0
0
0
0
0
0
0
0
0
0
0
0
0
0
0
0
0
0
0
0
0
15
0
27
190
255
114
0
0
0
0
0
0
0
0
0
0
0
0
0
0
0
0
0
0
0
0
0
3
0
1
163
255
223
36
0
0
0
0
0
0
0
0
0
0
0
0
0
0
0
0
0
0
0
0
0
0
3
96
228
227
127
12
4
0
0
0
0
0
0
0
0
0
0
0
0
0
0
0
0
0
0
0
0
4
22
206
255
195
31
8
0
0
0
0
0
0
0
0
0
0
0
0
0
0
0
3
0
0
0
4
1
0
230
239
255
132
1
4
1
0
0
0
0
0
0
0
0
0
0
0
0
1
0
0
17
0
0
9
0
107
218
255
189
49
0
5
0
0
0
0
0
0
0
0
0
0
0
0
0
0
0
0
11
0
0
11
85
249
255
249
111
7
0
13
0
0
0
0
0
0
0
0
0
0
0
0
0
1
0
11
0
6
0
46
226
245
254
122
7
0
0
0
0
0
0
0
0
0
0
0
0
0
0
0
0
4
0
11
0
18
33
147
255
255
229
48
0
22
3
0
12
0
0
0
0
0
0
0
0
0
0
0
0
0
1
4
0
0
54
249
249
251
120
9
0
0
3
0
0
0
0
0
0
0
0
0
0
0
0
0
0
0
5
0
0
0
127
255
249
201
14
0
0
0
7
8
9
0
0
0
0
0
0
0
0
0
0
0
0
4
0
0
4
73
242
242
255
182
2
0
6
10
0
8
0
0
0
0
0
8
0
10
0
0
2
0
0
1
0
0
0
71
253
255
244
39
14
0
0
5
2
0
0
0
0
0
0
0
0
10
3
11
2
7
0
0
3
19
127
252
238
255
116
17
3
0
0
2
0
0
3
0
0
0
0
5
0
1
0
0
0
0
0
6
0
3
251
249
241
164
25
0
0
0
3
1
0
0
6
0
0
0
0
0
1
0
1
0
0
15
6
0
16
187
255
253
255
61
0
0
0
2
5
2
0
0
4
0
0
0
0
0
5
1
6
8
2
0
0
23
162
236
226
241
58
8
5
5
2
1
2
1
0
0
1
0
0
0
0
0
9
1
0
0
0
0
39
129
255
254
255
162
0
0
0
3
0
0
0
0
1
1
0
0
0
0
0
0
0
0
0
4
13
24
178
250
235
255
86
0
23
2
1
0
0
0
0
0
1
0
0
0
0
0
0
0
0
3
0
0
0
8
224
251
255
98
0
4
0
5
0
0
2
4
3
0
0
0
0
0
0
0
0
0
0
0
0
0
0
0
0
0
0
0
0
0
0
0
0
0
0
0
0
0
0
0
0
0
0
0
0
0
0
0
0
0
0
0
0
0
0
0
0
0
0
0
0
0
0
0
0
0
0
0
0
0
0
0
0
0
0
0
0
0
0
0
0
0
0
0
0
0
0
0
0
0
0
0
0
0
0
0
0
0
0
0
0
0
0
0
0
0
0
0
0
0
0
0
0
0
0
0
0
0
0
0
0
0
0
0
0
0
0
0
0
