0
0
0
0
0
0
0
0
0
7
0
0
4
6
0
0
0
0
0
3
0
4
11
0
0
0
0
0
0
0
0
0
0
0
0
0
0
0
0
6
0
0
0
0
0
2
3
8
0
0
0
0
0
0
0
0
0
0
0
0
0
0
0
0
0
14
0
0
1
9
4
0
0
0
0
0
0
10
11
11
0
0
0
0
0
0
0
0
0
0
0
0
0
0
0
0
0
0
0
0
5
2
10
0
0
0
0
3
5
0
0
0
0
0
0
0
0
0
0
0
0
0
3
2
0
0
12
8
0
0
0
0
4
9
4
0
0
0
0
0
0
0
0
0
0
0
0
0
0
11
0
0
2
2
0
0
7
10
0
7
0
0
3
0
1
0
0
0
0
0
0
0
0
0
0
0
0
0
0
6
7
0
7
66
129
133
122
135
67
6
0
0
22
0
0
0
0
0
0
0
0
0
0
0
0
0
16
0
0
47
179
254
252
255
235
255
232
195
148
20
0
0
0
0
0
10
6
0
0
0
3
0
0
0
0
0
0
94
247
254
255
255
240
255
245
250
231
31
0
0
0
0
0
0
0
4
16
0
0
3
8
0
5
51
134
241
239
255
239
251
245
254
255
255
234
218
41
0
0
0
0
10
5
0
0
5
7
1
0
17
174
223
255
252
255
239
236
233
121
223
250
237
255
241
66
0
0
0
0
0
16
5
0
0
0
13
89
177
251
239
251
251
250
255
40
1
0
21
221
255
243
255
57
0
0
0
0
0
0
0
5
3
22
120
240
255
243
255
255
250
204
102
0
13
1
8
121
232
255
245
178
0
0
0
0
23
0
0
0
0
108
238
255
231
251
255
247
64
6
22
0
0
0
0
104
254
253
247
255
0
0
0
0
0
1
9
0
35
166
255
245
255
255
211
48
13
0
0
0
11
9
8
172
255
236
255
248
0
0
0
0
0
7
0
22
170
255
255
255
251
227
75
0
0
6
0
8
0
6
44
251
252
255
243
133
0
0
0
0
6
0
1
2
249
250
243
251
250
94
0
12
0
0
0
0
16
155
232
255
254
255
255
55
0
0
0
0
0
6
0
1
241
255
255
255
255
233
72
0
7
13
6
101
173
255
255
248
245
255
186
49
0
0
0
0
3
0
6
3
93
151
255
242
255
255
214
192
161
153
172
236
245
247
233
253
255
204
38
5
0
0
0
0
8
0
3
9
0
27
205
255
238
255
255
255
255
255
252
253
251
255
255
246
242
166
10
0
0
0
0
0
0
13
0
0
9
1
94
174
255
255
247
249
236
255
255
250
252
250
247
201
140
26
0
6
0
0
0
0
0
13
0
0
11
0
10
22
68
219
255
248
255
255
234
254
255
255
207
62
0
0
20
0
0
0
0
0
1
0
6
7
0
0
15
0
0
21
12
0
41
196
188
41
1
1
9
0
0
2
4
0
0
0
0
0
0
0
6
0
4
0
0
5
6
0
0
15
0
2
5
0
4
0
0
12
0
6
0
14
0
0
0
0
0
0
0
0
0
0
0
0
0
0
0
0
0
0
0
0
0
0
0
0
0
0
0
0
0
0
0
0
0
0
0
0
0
0
0
0
0
0
0
0
0
0
0
0
0
0
0
0
0
0
0
0
0
0
0
0
0
0
0
0
0
0
0
0
0
0
0
0
0
0
0
0
0
0
0
0
0
0
0
0
0
0
0
0
0
0
0
0
0
0
0
0
0
0
0
0
0
0
0
0
0
0
0
0
0
0
0
0
0
0
0
0
