0
0
0
0
0
0
0
0
0
4
0
14
0
0
4
0
1
1
0
3
0
0
12
0
2
0
0
0
0
0
0
0
0
0
0
0
0
4
0
0
0
2
5
4
5
0
6
0
7
0
0
0
2
0
0
0
0
0
0
0
0
0
0
0
0
0
0
4
10
0
0
0
2
3
12
0
0
0
20
7
14
0
0
0
0
0
0
0
0
0
0
0
0
10
4
0
0
0
13
0
0
0
0
0
20
2
0
0
0
0
0
0
0
0
0
0
0
0
0
0
0
0
0
0
3
0
68
138
255
255
252
87
19
0
0
34
0
0
0
0
0
0
0
0
0
0
0
0
0
0
18
6
0
52
218
248
241
250
255
242
89
0
0
0
10
0
0
0
0
0
0
0
0
0
0
0
0
0
0
11
174
249
255
251
255
245
255
233
255
188
0
7
4
0
0
0
0
0
0
0
0
0
0
0
0
1
4
0
176
249
243
255
247
255
242
255
251
215
60
6
0
0
0
0
0
0
0
0
6
9
0
1
0
2
4
136
255
255
255
245
255
193
145
248
251
255
83
0
0
0
0
0
0
0
6
3
0
0
0
0
0
0
119
255
250
254
229
255
241
250
92
149
244
250
184
2
13
0
0
0
0
0
8
5
0
0
5
2
0
33
203
250
255
240
194
186
164
19
0
83
255
255
255
55
0
0
0
0
0
0
1
0
0
6
6
0
3
80
238
254
238
204
40
0
16
0
24
95
235
246
255
161
12
0
0
0
0
7
0
0
0
3
0
0
56
255
255
253
206
1
0
9
0
0
0
8
168
255
240
188
1
0
0
0
0
3
0
8
6
0
0
32
169
253
243
255
72
18
0
17
0
18
0
12
168
252
245
162
0
0
0
0
0
0
0
8
4
0
0
73
250
251
255
232
45
0
0
0
16
0
3
81
241
253
255
168
2
0
0
0
0
8
0
2
0
0
6
78
255
251
253
170
0
10
5
0
0
5
0
82
255
250
243
178
0
0
0
0
0
5
0
2
6
0
0
255
247
255
180
6
0
12
0
0
5
0
49
252
255
255
203
0
4
0
0
0
0
0
4
8
0
4
119
244
255
252
107
0
0
0
8
4
0
13
162
255
247
229
94
2
0
0
0
0
0
0
0
1
0
3
187
238
253
251
75
4
6
0
9
7
54
142
247
245
255
123
0
0
7
0
0
0
0
12
2
8
5
10
140
255
255
255
199
109
0
1
106
162
227
243
255
231
146
0
0
14
1
0
0
0
0
0
0
0
0
0
29
185
255
250
253
254
252
255
253
242
255
255
249
231
58
9
0
0
0
0
0
0
0
1
15
3
9
0
5
82
244
252
255
250
245
253
255
255
226
255
133
52
0
10
8
3
0
0
0
0
0
0
13
0
1
0
0
1
124
198
240
255
252
255
240
228
186
4
8
4
22
0
2
10
0
0
0
0
0
0
7
0
5
10
0
0
1
28
194
208
77
83
92
48
0
0
5
0
0
15
1
0
5
0
0
0
0
0
0
0
0
0
0
0
0
0
0
0
0
0
0
0
0
0
0
0
0
0
0
0
0
0
0
0
0
0
0
0
0
0
0
0
0
0
0
0
0
0
0
0
0
0
0
0
0
0
0
0
0
0
0
0
0
0
0
0
0
0
0
0
0
0
0
0
0
0
0
0
0
0
0
0
0
0
0
0
0
0
0
0
0
0
0
0
0
0
0
0
0
0
0
0
0
0
0
0
0
0
0
0
0
0
0
0
0
0
0
0
0
