7
0
0
0
0
0
0
0
0
4
1
0
0
0
0
0
0
3
0
0
0
7
1
0
0
0
0
0
0
0
0
0
0
0
0
0
0
0
0
1
2
2
1
1
1
0
4
6
6
5
0
0
7
0
0
0
0
0
0
0
0
0
0
0
0
0
1
3
1
0
0
0
0
5
4
0
0
0
0
0
0
0
0
0
0
0
0
0
0
0
0
0
0
3
2
0
0
0
0
1
2
0
0
0
0
0
7
9
0
0
0
0
0
0
0
0
0
0
0
0
0
0
0
0
1
5
6
3
0
0
0
8
9
0
0
0
0
0
0
0
0
0
0
0
0
0
0
0
0
0
0
0
2
3
0
0
0
12
0
0
0
0
3
13
2
0
0
0
0
0
0
0
0
0
0
0
0
1
2
2
0
0
0
5
12
6
0
5
18
0
0
0
0
0
0
0
0
0
0
0
0
0
0
0
0
0
2
1
0
0
14
46
72
129
156
212
201
92
7
0
8
0
0
0
0
0
0
0
0
0
0
0
0
10
0
6
133
145
220
243
252
255
251
255
236
197
3
0
2
0
0
0
0
0
0
0
0
0
0
0
0
0
10
0
224
255
235
255
252
237
255
252
255
115
0
4
0
0
0
0
0
0
0
0
0
0
0
0
0
14
5
0
42
163
237
229
184
211
255
255
222
28
0
11
0
0
0
0
0
0
0
0
0
0
0
0
0
0
4
0
0
17
22
0
0
214
246
245
121
0
2
3
0
0
0
0
0
0
0
0
0
0
0
0
0
0
0
0
18
0
0
0
140
245
255
175
27
0
0
0
0
0
0
0
0
0
0
0
0
0
0
0
0
5
0
13
0
0
9
96
224
255
250
72
0
3
0
7
0
0
0
0
0
0
0
0
0
0
0
0
0
0
7
0
0
12
9
209
255
232
133
8
0
0
0
7
0
0
0
0
0
0
0
0
0
0
0
0
0
1
1
0
7
10
190
243
255
189
0
0
4
0
5
0
0
0
0
0
0
0
0
0
0
0
0
0
0
0
19
0
0
143
241
255
249
29
12
0
0
3
2
0
0
0
0
0
0
0
0
0
0
0
0
0
0
9
0
18
65
245
244
255
119
11
1
0
0
3
2
0
0
0
0
0
0
0
0
0
0
0
0
0
0
0
0
15
219
244
255
137
5
0
0
0
0
3
1
0
0
0
0
0
0
0
0
0
0
0
0
0
0
0
10
129
255
255
174
17
0
0
0
2
4
2
0
0
0
0
0
0
0
0
0
0
0
0
0
0
0
0
46
254
243
227
34
0
13
2
4
5
2
0
0
0
1
0
0
0
0
0
0
0
0
0
0
0
0
0
161
255
252
78
0
0
0
0
1
1
0
0
0
3
2
0
0
0
0
0
0
0
0
0
0
0
0
20
249
255
191
11
0
8
0
0
0
0
0
0
3
4
0
0
0
0
0
0
0
0
0
0
0
0
0
24
251
255
80
9
0
0
9
0
2
2
0
1
6
3
0
0
0
0
0
0
0
0
0
0
0
0
0
24
252
250
93
0
3
0
2
0
0
0
0
0
0
0
0
0
0
0
0
0
0
0
0
0
0
0
0
0
213
255
125
0
2
6
0
0
0
0
0
0
0
0
0
0
0
0
0
0
0
0
0
0
0
0
0
0
24
255
32
13
0
0
8
0
0
0
0
0
0
0
0
0
0
0
0
0
0
0
0
0
0
0
0
0
9
0
25
1
11
11
0
0
0
0
0
0
0
0
0
0
0
0
0
