9
0
0
0
0
0
0
0
0
1
0
0
0
0
0
2
7
0
9
8
0
0
0
5
5
0
0
0
0
0
0
0
0
0
0
0
0
0
3
7
6
5
5
0
0
0
0
0
3
9
7
0
0
0
0
0
0
0
0
0
0
0
0
0
0
3
7
2
0
0
0
2
0
8
2
0
1
0
0
0
6
0
0
0
0
0
0
0
0
0
0
0
0
0
0
1
4
6
5
2
0
0
0
0
1
0
0
2
5
0
0
0
0
0
0
0
0
0
0
0
0
7
0
0
4
2
0
0
0
10
12
7
0
0
4
2
0
0
0
0
0
0
0
0
0
0
0
0
0
2
0
0
4
6
4
8
16
0
0
4
0
0
0
0
3
0
0
0
0
0
0
0
0
0
0
0
0
0
6
6
0
0
0
0
0
15
0
0
3
9
0
0
0
0
0
0
0
0
0
0
0
0
0
0
0
0
5
0
0
49
151
233
255
254
127
11
0
5
5
0
0
0
0
0
0
0
0
0
0
0
0
0
0
1
0
0
115
252
255
247
254
253
253
43
158
190
22
0
0
0
0
0
0
0
0
0
0
0
0
0
0
2
9
180
246
255
134
231
255
248
255
214
255
255
32
2
24
0
0
0
0
0
0
0
0
0
0
0
0
0
127
255
254
50
7
93
162
152
157
249
255
255
1
13
0
0
0
0
0
0
0
0
0
0
0
0
0
48
246
255
117
0
0
0
0
26
227
255
247
75
7
1
19
0
0
0
0
0
0
0
0
0
0
0
0
86
242
212
14
9
0
14
85
252
255
241
184
0
0
0
0
0
0
0
0
0
0
0
0
0
0
0
0
23
255
255
113
78
198
239
255
248
255
255
0
7
1
12
2
0
0
0
0
0
0
0
0
0
0
0
0
6
106
242
255
255
255
238
225
255
255
186
4
0
0
0
0
0
0
0
0
0
0
0
0
0
0
0
0
0
10
138
174
172
98
80
78
248
255
37
0
14
1
0
8
0
0
0
0
0
0
0
0
0
0
0
0
0
0
1
0
0
0
8
254
250
200
0
3
0
6
2
0
0
0
0
0
0
0
0
0
0
0
0
0
3
0
9
5
0
30
98
255
255
42
0
0
0
0
0
7
0
0
0
0
0
0
0
0
0
0
0
0
3
0
2
0
10
0
220
248
214
0
16
2
5
0
0
0
0
0
0
0
0
0
0
0
0
0
0
0
1
1
0
0
3
25
255
251
58
0
2
0
0
8
5
0
0
0
0
0
0
0
0
0
0
0
0
0
0
2
0
9
0
187
252
255
0
0
0
7
0
0
0
6
0
0
0
0
0
0
0
0
0
0
0
0
0
13
0
0
67
255
254
180
12
0
20
5
0
0
0
0
0
0
0
0
0
0
0
0
0
0
0
0
0
12
0
2
188
255
249
50
0
0
7
0
0
12
8
0
0
0
0
0
0
0
0
0
0
0
0
0
11
0
4
40
253
253
205
0
0
10
0
8
8
0
0
6
0
0
0
0
0
0
0
0
0
0
0
0
6
3
0
205
249
255
22
1
0
0
0
0
0
0
0
0
0
0
0
0
0
0
0
0
0
0
0
0
0
6
10
241
255
162
7
2
0
0
0
0
0
0
0
0
0
0
0
0
0
0
0
0
0
0
0
0
0
0
0
255
255
27
0
4
0
0
0
0
0
0
0
0
0
0
0
0
0
0
0
0
0
0
0
0
0
0
11
0
0
3
4
0
0
0
0
0
0
0
0
0
0
0
0
0
