2
0
0
0
0
0
0
0
0
0
5
2
8
0
8
5
0
9
0
0
0
1
4
3
0
0
0
0
0
0
0
0
0
0
0
0
0
12
0
0
0
9
10
0
0
0
0
18
0
0
3
5
7
0
0
0
0
0
0
0
0
0
0
0
0
0
0
15
0
0
5
0
4
11
0
5
0
8
0
0
0
0
0
0
0
0
0
0
0
0
0
0
0
10
0
1
0
0
0
8
5
1
1
0
3
0
0
0
3
0
0
0
0
0
0
0
0
0
0
0
0
0
10
0
11
92
172
224
129
133
182
149
130
27
0
14
0
0
0
0
0
0
0
0
0
0
0
0
0
2
11
0
99
255
247
237
255
244
255
255
255
100
0
0
0
0
0
0
0
0
0
0
0
0
0
0
0
12
0
118
254
250
255
248
177
106
102
213
255
120
0
0
11
0
0
0
0
0
0
0
0
0
0
0
0
0
115
235
255
254
221
56
3
3
42
255
246
108
4
0
0
0
0
0
0
0
0
0
0
0
0
0
0
150
255
246
254
146
0
5
8
0
74
255
236
65
0
0
6
0
0
0
0
0
0
0
0
0
0
0
0
254
242
238
34
23
4
0
0
2
187
252
153
0
5
18
0
0
0
0
0
0
0
0
0
0
0
0
0
227
233
63
0
0
0
0
6
129
249
254
41
0
0
0
0
0
0
0
0
0
0
0
0
0
0
0
0
18
6
10
16
0
3
4
0
238
233
151
0
17
7
0
16
0
0
0
0
0
0
0
0
0
0
0
0
2
0
11
0
0
10
1
177
250
212
0
0
0
0
3
0
0
0
0
0
0
0
0
0
0
0
0
0
0
16
0
0
35
0
88
252
255
164
0
16
12
0
10
0
0
0
0
0
0
0
0
0
0
0
0
0
0
0
0
12
44
173
253
247
138
22
3
0
7
0
0
5
0
0
0
0
0
0
0
0
0
0
0
0
6
0
20
0
235
251
255
197
20
0
0
2
0
7
8
0
0
0
0
0
2
0
0
11
0
0
14
0
4
0
14
184
246
254
247
21
1
0
3
0
3
0
12
0
0
0
0
0
0
0
12
0
6
21
0
20
0
26
64
228
255
212
55
4
4
0
15
0
0
0
0
6
0
0
0
0
2
9
0
0
0
0
0
0
0
63
239
255
253
113
0
0
0
7
0
0
8
3
0
3
0
0
0
0
0
4
0
12
10
0
11
9
75
253
255
250
237
127
9
0
1
9
1
0
17
118
9
0
0
0
0
0
0
0
8
0
9
0
2
123
250
253
255
243
255
203
0
7
0
0
18
191
243
141
16
0
0
0
0
0
5
5
3
0
0
3
108
255
255
240
147
207
230
255
167
68
175
165
245
255
235
80
0
0
0
0
0
0
6
0
0
17
0
18
175
255
208
86
0
35
255
241
245
252
245
255
255
229
149
0
10
15
0
0
0
0
0
0
8
0
0
6
21
79
14
0
2
0
146
255
255
250
255
252
158
98
14
0
8
0
0
0
0
0
0
0
0
0
0
0
0
0
0
0
0
0
0
0
0
0
0
0
0
0
0
0
0
0
0
0
0
0
0
0
0
0
0
0
0
0
0
0
0
0
0
0
0
0
0
0
0
0
0
0
0
0
0
0
0
0
0
0
0
0
0
0
0
0
0
0
0
0
0
0
0
0
0
0
0
0
0
0
0
0
0
0
0
0
0
0
0
0
0
0
0
0
0
0
0
0
0
0
0
0
0
0
0
0
0
0
0
0
0
0
0
0
