6
0
0
0
0
0
0
0
0
2
0
0
0
6
0
0
6
0
9
0
0
9
13
0
4
0
0
0
0
0
0
0
0
0
0
0
0
0
13
12
0
11
0
25
0
2
0
11
13
0
0
0
10
0
0
0
0
0
0
0
0
0
0
0
0
0
0
0
5
0
38
201
251
137
25
0
0
0
8
13
0
0
0
0
0
0
0
0
0
0
0
0
0
15
3
0
4
23
187
180
85
88
3
0
5
0
3
7
0
0
0
0
0
0
0
0
0
0
0
0
0
0
0
3
0
90
217
59
0
0
0
9
13
0
0
0
3
0
0
0
0
0
0
0
0
0
0
0
0
6
0
2
24
244
199
0
2
14
10
4
0
0
6
0
5
0
0
0
0
0
0
0
0
0
0
0
0
0
10
0
43
248
111
0
11
0
0
6
0
0
1
0
7
0
0
0
0
0
0
0
0
0
0
0
0
3
1
0
146
240
17
0
0
14
0
3
4
0
7
2
0
0
0
0
0
0
0
0
0
0
0
0
0
7
0
22
236
208
1
0
7
0
4
0
6
2
1
3
0
0
0
0
0
0
0
0
0
0
0
0
0
0
11
14
255
154
6
0
0
8
0
0
0
0
3
1
9
0
0
0
0
0
0
0
0
0
0
0
0
4
3
59
254
59
0
13
15
0
14
8
5
3
0
4
0
0
0
0
0
0
0
0
0
0
0
0
0
0
5
100
226
1
11
0
0
85
173
186
201
145
9
7
3
0
0
0
0
0
0
0
0
0
0
0
0
0
5
99
242
0
0
26
159
255
242
215
233
240
84
0
4
0
0
0
0
0
0
0
0
0
0
0
0
3
0
147
232
0
15
199
237
113
18
0
0
170
169
2
8
0
0
0
0
0
0
0
0
0
0
0
0
0
9
194
201
19
166
232
30
8
0
11
0
190
199
2
0
0
0
0
0
0
0
0
0
0
0
0
0
0
6
157
255
74
249
79
1
0
13
0
20
235
177
3
0
0
0
0
0
0
0
0
0
0
0
0
0
0
0
203
238
245
197
0
3
8
0
7
104
255
125
0
5
0
0
0
0
0
0
0
0
0
0
0
0
9
17
114
255
248
233
7
0
0
18
28
211
197
0
0
0
0
0
0
0
0
0
0
0
0
0
0
0
0
0
62
239
255
143
0
11
0
97
236
239
65
0
0
16
0
0
0
0
0
0
0
0
0
0
0
0
0
0
5
205
255
193
80
84
173
255
227
99
0
16
11
0
0
0
0
0
0
0
0
0
0
0
0
0
7
0
9
49
218
239
255
254
255
214
45
0
0
0
11
0
0
0
0
0
0
0
0
0
0
0
0
0
0
15
0
0
30
132
172
234
104
13
3
1
14
0
0
18
0
0
0
0
0
0
0
0
0
0
0
0
3
0
6
0
0
0
0
4
12
0
0
0
1
3
8
0
0
0
0
0
0
0
0
0
0
0
0
0
0
0
3
2
2
7
0
1
0
7
4
0
0
2
0
5
0
0
0
0
0
0
0
0
0
0
0
0
0
0
0
0
0
0
0
0
0
0
0
0
0
0
0
0
0
0
0
0
0
0
0
0
0
0
0
0
0
0
0
0
0
0
0
0
0
0
0
0
0
0
0
0
0
0
0
0
0
0
0
0
0
0
0
0
0
0
0
0
0
0
0
0
0
0
0
0
0
0
0
0
0
0
0
0
0
0
0
0
0
0
0
0
0
0
0
0
0
0
0
0
0
0
0
0
0
0
0
0
0
0
0
0
