8
0
0
0
0
0
0
0
0
8
0
0
0
11
0
5
0
3
0
2
2
0
0
14
0
0
0
0
0
0
0
0
0
0
0
0
0
0
0
1
4
9
0
0
10
1
15
0
3
0
0
0
14
0
0
0
0
0
0
0
0
0
0
0
0
5
7
9
0
2
8
8
0
0
0
0
9
4
0
0
3
0
0
0
0
0
0
0
0
0
0
0
0
0
0
3
1
0
0
0
8
1
8
3
0
18
4
0
0
0
0
0
0
0
0
0
0
0
0
0
0
0
0
3
0
0
17
0
0
0
0
4
11
0
0
5
8
0
0
0
0
0
0
0
0
0
0
0
0
13
1
8
0
0
8
0
5
4
94
154
244
159
111
2
0
0
0
0
0
0
0
0
0
0
0
0
0
6
0
1
24
0
0
23
145
142
255
237
255
255
205
16
14
0
0
0
0
0
0
0
0
0
0
0
0
1
4
3
0
17
153
206
253
255
243
234
219
237
255
170
1
0
0
0
0
0
0
0
0
0
0
0
0
4
0
2
15
184
254
255
225
255
121
24
25
172
253
255
26
0
0
0
0
0
0
0
0
0
0
0
0
0
2
0
59
238
247
222
44
79
31
16
0
106
237
255
73
0
0
0
0
0
0
0
0
0
0
0
0
0
31
1
153
255
255
94
4
0
4
0
19
212
255
128
8
0
0
0
0
0
0
0
0
0
0
0
0
0
0
63
250
255
121
1
3
8
8
81
209
255
162
26
8
0
0
0
0
0
0
0
0
0
0
0
0
9
15
65
250
240
25
0
49
112
196
255
255
171
54
0
0
0
0
0
0
0
0
0
0
0
0
0
0
0
1
81
248
252
230
230
249
248
255
167
52
10
6
6
0
0
0
0
0
0
0
0
0
0
0
0
0
9
0
192
255
241
255
254
122
121
14
0
11
0
0
0
2
0
0
0
0
0
0
0
0
0
0
0
0
32
174
237
255
255
232
79
1
3
0
15
0
7
12
0
12
0
0
0
0
0
0
1
5
8
0
0
54
255
255
218
241
248
251
91
0
0
0
0
0
0
0
0
0
0
0
0
0
6
0
0
0
0
14
119
219
218
86
45
44
235
254
59
10
0
0
0
0
0
0
0
0
0
0
0
0
0
2
2
7
0
6
175
248
236
46
0
43
243
250
214
6
0
0
0
0
0
0
0
0
0
0
0
0
2
4
0
9
0
0
197
235
77
2
5
36
205
246
202
0
0
0
0
0
0
0
0
0
0
0
0
0
3
4
0
8
0
3
198
234
59
0
0
30
196
252
228
0
0
0
0
0
0
0
0
0
0
0
0
0
0
1
0
6
0
14
184
255
100
6
19
46
241
253
169
13
0
0
0
0
0
0
0
0
0
0
0
0
5
2
0
0
0
20
141
255
255
100
0
91
228
245
213
0
0
0
0
0
0
0
0
0
0
0
0
0
0
0
11
6
0
0
18
117
249
253
229
249
255
255
79
8
0
0
0
0
0
0
0
0
0
0
0
0
0
0
0
0
0
0
0
0
94
217
243
253
254
36
11
0
0
0
0
0
0
0
0
0
0
0
0
0
0
0
0
0
0
0
0
0
0
18
0
0
23
0
0
0
0
0
0
0
0
0
0
0
0
0
0
0
0
0
0
0
0
0
0
0
5
0
0
0
0
14
8
4
0
0
0
0
0
0
0
0
0
0
0
0
0
0
0
0
0
0
0
0
0
0
15
17
0
9
0
0
0
0
0
0
0
0
0
0
0
0
0
0
