8
0
0
0
0
0
0
0
0
0
0
0
0
3
11
4
0
0
9
0
0
7
14
0
4
0
0
0
0
0
0
0
0
0
0
0
0
1
4
7
3
0
0
0
16
0
0
1
10
0
0
0
4
0
0
0
0
0
0
0
0
0
0
0
0
0
0
0
2
6
3
0
0
3
0
4
1
0
0
9
0
0
0
0
0
0
0
0
0
0
0
0
0
0
4
4
0
0
2
8
5
0
0
1
8
12
7
7
0
0
0
0
0
0
0
0
0
0
0
0
0
4
2
1
1
2
0
0
0
9
10
0
0
0
0
0
0
0
0
0
0
0
0
0
0
0
0
0
0
1
0
0
3
0
0
3
30
79
195
234
149
11
0
0
15
0
0
0
0
0
0
0
0
0
0
0
0
0
4
6
0
0
43
123
189
247
235
201
148
5
9
6
0
0
0
0
0
0
0
0
0
0
0
0
0
2
4
0
15
111
227
255
245
132
12
33
169
57
8
0
6
0
0
0
0
0
0
0
0
0
0
0
0
2
0
27
204
246
248
121
26
11
7
199
253
142
16
0
3
0
0
0
0
0
0
0
0
0
0
0
0
0
11
118
255
176
0
0
2
0
51
244
216
58
0
27
9
0
0
0
0
0
0
0
0
0
0
0
0
0
45
246
253
29
4
0
11
75
224
255
173
15
14
2
0
0
0
0
0
0
0
0
0
0
0
0
0
0
23
215
255
23
0
0
20
206
255
233
166
0
0
0
24
0
0
0
0
0
0
0
0
0
0
0
0
13
0
177
240
142
11
21
207
255
247
194
31
0
14
0
0
0
0
0
0
0
0
0
0
0
0
0
0
4
0
40
229
179
95
253
255
187
0
5
5
0
0
10
0
0
0
0
0
0
0
0
0
0
0
0
0
0
22
0
164
255
255
241
207
62
0
0
24
0
10
0
7
0
0
0
0
0
0
0
0
0
0
0
0
7
0
4
127
246
255
245
60
5
3
3
0
2
1
6
0
0
0
0
0
0
0
0
0
0
0
0
0
2
0
51
248
252
250
255
57
6
4
0
3
6
0
0
8
0
0
0
0
0
0
0
0
0
0
0
0
10
28
255
247
255
231
253
123
0
0
0
2
5
3
0
1
0
0
0
0
0
0
0
0
0
0
0
0
0
135
245
255
172
27
253
249
42
1
1
0
0
3
1
0
0
0
0
0
0
0
0
0
0
0
0
0
3
255
248
141
39
7
189
252
102
2
1
0
0
4
0
0
0
0
0
0
0
0
0
0
0
0
0
0
0
228
255
60
14
0
48
255
159
0
0
5
8
6
0
0
0
0
0
0
0
0
0
0
0
0
0
0
0
96
255
221
75
0
64
235
234
6
0
2
0
0
0
5
0
0
0
0
0
0
0
0
0
0
0
0
0
13
89
247
255
114
2
221
255
6
6
0
0
0
1
9
0
0
0
0
0
0
0
0
0
0
0
0
0
19
0
137
246
236
222
245
221
0
5
4
0
8
2
0
0
0
0
0
0
0
0
0
0
0
0
0
0
0
0
4
86
197
254
251
133
15
0
6
1
0
7
0
0
0
0
0
0
0
0
0
0
0
0
0
6
12
5
0
0
5
3
0
18
0
6
12
0
0
9
0
0
0
0
0
0
0
0
0
0
0
0
0
0
0
4
11
7
0
1
7
0
0
7
0
0
1
10
0
0
0
0
0
0
0
0
0
0
0
0
0
13
1
0
0
0
0
0
2
14
4
0
0
3
5
1
0
0
0
0
0
