0
0
0
0
0
0
0
0
0
1
7
0
0
0
0
5
0
3
2
0
4
0
8
0
4
0
0
0
0
0
0
0
0
0
0
0
0
0
4
0
6
10
3
9
0
0
0
4
2
0
3
16
0
0
0
0
0
0
0
0
0
0
0
0
0
1
7
0
0
0
0
0
0
4
1
0
2
25
3
0
0
0
0
0
0
0
0
0
0
0
0
0
0
3
0
0
5
7
0
3
8
2
0
5
0
0
0
19
11
0
0
0
0
0
0
0
0
0
0
0
0
2
0
0
14
13
0
0
0
16
220
253
113
66
13
0
0
0
0
0
0
0
0
0
0
0
0
0
0
0
0
5
0
0
4
55
118
230
240
255
240
204
86
0
6
0
0
0
0
0
0
0
0
0
0
0
0
0
0
3
0
28
128
211
255
254
254
255
252
255
191
23
0
0
0
0
0
0
0
0
0
0
0
0
0
10
0
0
14
123
253
255
236
253
111
91
165
244
255
87
5
0
0
0
0
8
0
8
0
9
0
0
6
6
1
0
137
248
255
255
201
92
0
11
109
255
254
82
0
0
0
0
0
0
0
8
0
0
0
5
2
0
0
161
238
255
230
201
14
6
0
1
0
232
248
91
4
0
0
0
0
0
6
1
3
0
3
5
0
0
154
247
255
248
213
24
9
0
7
2
33
224
252
80
0
0
0
0
0
0
4
0
1
1
5
0
23
132
244
255
230
132
26
0
0
3
0
0
113
249
255
85
4
0
0
0
0
0
0
0
0
0
0
0
112
255
246
255
197
14
1
24
0
0
0
7
109
255
244
86
0
0
0
0
0
0
0
7
0
0
8
68
214
254
237
164
7
5
8
0
3
7
0
6
188
249
245
88
0
0
0
0
0
0
0
3
2
0
42
185
255
251
216
12
0
0
0
4
0
5
0
0
255
249
249
78
11
0
0
0
0
0
0
0
6
2
80
255
243
255
6
12
0
5
4
0
9
0
17
1
246
255
204
19
0
0
0
0
0
0
0
5
0
10
88
235
255
138
12
0
0
7
4
1
0
0
13
137
251
255
173
0
0
0
0
0
0
14
0
1
0
0
94
255
237
115
0
0
3
4
0
0
12
14
103
255
248
172
26
0
3
0
0
0
0
3
1
0
0
2
82
253
252
106
8
14
0
0
16
0
0
15
233
250
255
177
0
0
9
0
0
0
0
0
9
0
0
16
83
247
255
116
0
0
7
7
0
5
93
255
255
250
194
6
6
9
0
0
0
0
0
0
0
1
2
0
79
255
249
163
17
0
0
10
33
95
211
255
238
205
11
27
0
3
3
0
0
0
0
8
0
0
6
0
20
173
255
238
203
207
180
204
236
246
247
255
200
20
15
0
0
2
0
0
0
0
0
3
0
1
1
12
0
43
167
240
249
255
244
251
249
255
246
192
21
0
1
0
4
14
0
0
0
0
0
3
0
9
0
1
1
0
0
73
103
107
120
202
241
197
69
2
1
3
1
4
3
0
5
0
0
0
0
0
0
0
0
0
0
0
0
0
0
0
0
0
0
0
0
0
0
0
0
0
0
0
0
0
0
0
0
0
0
0
0
0
0
0
0
0
0
0
0
0
0
0
0
0
0
0
0
0
0
0
0
0
0
0
0
0
0
0
0
0
0
0
0
0
0
0
0
0
0
0
0
0
0
0
0
0
0
0
0
0
0
0
0
0
0
0
0
0
0
0
0
0
0
0
0
0
0
0
0
0
0
0
0
0
0
0
0
0
0
0
0
