1
0
0
0
0
0
0
0
0
0
0
0
0
0
0
0
0
0
0
7
0
8
0
8
0
0
0
0
0
0
0
0
0
0
0
0
0
0
0
0
0
0
0
0
0
3
0
8
0
0
0
7
5
0
0
0
0
0
0
0
0
0
0
0
0
0
0
0
0
0
0
0
0
0
5
0
0
19
0
0
3
0
0
0
0
0
0
0
0
0
0
0
0
0
0
0
0
0
0
0
0
8
0
3
1
0
6
27
0
0
0
0
0
0
0
0
0
0
0
0
0
0
0
0
0
0
0
0
0
6
9
0
1
5
0
0
3
0
0
0
0
0
0
0
0
0
0
0
0
0
0
0
0
0
0
0
0
0
10
0
55
198
255
132
3
0
0
0
0
0
0
0
0
0
0
0
0
0
0
0
0
0
0
0
0
13
5
116
255
255
236
130
0
0
0
0
0
0
0
0
0
0
0
0
0
0
0
0
0
0
0
0
0
1
185
255
248
250
255
132
0
0
0
0
0
0
0
0
0
0
0
0
0
0
7
0
8
4
0
11
0
128
255
243
255
64
203
128
0
0
0
0
0
0
0
0
0
0
0
0
0
11
0
4
0
0
3
0
72
255
238
255
128
0
0
3
10
0
0
0
0
0
0
0
0
0
0
0
0
0
0
0
1
7
11
78
241
255
255
239
69
1
8
0
0
0
0
0
0
0
0
0
0
0
0
0
0
7
7
0
12
0
134
248
255
243
255
0
0
6
0
0
11
0
0
0
0
0
0
0
0
0
0
0
0
0
0
0
0
72
244
242
255
203
57
1
18
0
8
0
0
0
0
0
0
0
0
0
0
0
0
0
0
4
4
4
0
253
255
255
245
43
14
0
0
12
0
7
0
0
0
0
0
0
0
0
0
0
0
0
0
12
0
7
64
240
246
255
5
10
0
8
6
17
1
0
0
0
0
0
0
0
0
0
0
0
0
0
0
0
12
65
255
254
255
127
0
5
0
1
0
0
3
4
0
0
0
0
0
0
8
1
0
3
2
2
0
1
6
186
255
250
197
0
8
0
0
0
0
0
0
0
0
0
0
0
0
0
0
0
0
0
0
2
4
3
54
255
255
255
48
7
0
0
0
0
0
0
0
0
0
0
0
0
0
13
0
2
8
0
0
0
0
0
251
255
252
46
8
28
3
0
0
0
0
0
0
0
0
0
0
0
0
3
0
0
6
2
5
4
3
65
255
248
252
25
0
0
8
0
0
0
0
0
0
0
0
0
0
0
0
2
0
5
0
0
3
0
0
196
254
254
53
5
0
20
0
0
0
0
0
0
0
0
0
0
0
0
0
8
2
14
0
0
0
0
21
255
240
197
7
0
18
0
1
0
0
0
0
0
0
0
0
0
0
0
0
0
0
3
0
6
6
13
105
255
251
131
0
0
2
0
11
0
0
0
0
0
0
0
0
0
0
0
0
8
0
7
0
1
0
1
135
246
255
65
0
7
5
10
0
0
0
0
0
0
0
0
0
0
0
0
0
8
0
0
5
0
0
17
51
255
172
15
0
0
0
21
0
0
0
0
0
0
0
0
0
0
0
0
0
0
0
0
4
2
0
0
15
5
12
0
14
16
0
6
0
0
0
0
0
0
0
0
0
0
0
0
0
0
0
0
3
5
1
0
0
0
0
0
3
2
0
5
4
0
0
0
0
0
0
0
0
0
0
0
0
3
2
0
0
1
6
4
0
22
10
3
0
0
8
1
0
0
0
0
0
0
0
0
0
0
0
0
0
