1
0
0
0
0
0
0
0
0
0
0
0
0
0
0
0
0
0
4
0
0
0
5
0
3
0
0
0
0
0
0
0
0
0
0
0
0
0
0
0
0
0
0
0
0
6
0
0
4
2
0
1
0
0
0
0
0
0
0
0
0
0
0
0
0
0
0
0
0
0
0
0
0
0
21
0
3
4
3
0
4
0
0
0
0
0
0
0
0
0
0
0
0
0
0
0
0
0
0
0
0
22
0
0
0
0
3
8
0
0
0
0
0
0
0
0
0
0
0
0
0
0
0
0
0
0
0
0
0
0
0
98
255
0
16
0
9
0
0
0
0
0
0
0
0
0
0
0
0
0
0
0
0
0
0
0
0
5
8
182
255
78
0
4
0
0
0
0
0
0
0
0
0
0
0
0
0
0
0
0
0
0
0
0
0
2
144
255
247
146
0
6
1
0
0
0
0
0
0
0
0
0
0
0
0
0
0
0
0
0
0
0
0
80
240
255
247
152
0
5
0
0
0
0
0
0
0
0
0
0
0
0
0
0
5
0
7
0
0
10
35
240
255
248
245
37
3
0
8
0
0
0
0
0
0
0
0
0
0
0
0
3
8
0
0
10
5
0
133
241
255
255
188
0
12
0
8
0
0
0
0
0
0
0
0
0
0
0
0
2
9
0
1
0
1
17
224
255
245
213
34
0
0
12
0
0
0
0
0
0
0
0
0
0
0
0
0
0
0
5
0
6
0
148
249
255
252
67
0
0
3
3
0
0
0
0
0
0
0
0
0
0
0
0
0
0
4
0
6
9
112
245
255
250
170
0
11
12
0
0
11
0
0
0
0
0
0
0
0
0
0
0
0
0
6
0
1
75
234
255
254
255
51
0
0
11
0
2
0
0
0
0
0
0
0
0
0
0
0
0
0
6
0
18
20
211
244
255
233
174
23
0
16
0
16
1
1
0
0
0
0
0
0
0
0
0
0
0
0
0
4
0
144
250
255
249
225
10
2
0
0
0
0
2
1
0
0
0
0
0
0
0
0
0
0
0
0
0
12
80
228
255
247
237
70
0
0
0
0
0
0
1
4
5
3
1
0
0
0
0
0
0
0
0
0
0
2
204
235
238
255
99
5
0
0
1
1
0
0
0
0
0
0
0
0
0
0
0
0
0
0
0
0
3
46
255
255
255
219
40
8
0
0
2
2
0
0
0
0
0
0
0
0
0
0
0
0
0
0
0
0
8
119
244
246
240
53
5
0
0
0
1
1
0
0
0
0
0
0
0
0
0
0
0
0
0
0
0
0
5
175
255
243
184
4
0
1
0
0
0
0
0
0
4
7
5
4
1
0
0
0
0
0
0
0
0
0
0
173
248
255
140
0
0
5
1
0
0
0
0
1
7
11
9
6
2
0
0
0
0
0
0
0
0
0
17
160
255
248
99
1
0
3
0
0
0
0
0
0
4
8
4
3
1
0
0
0
0
0
0
0
0
0
0
74
250
117
3
6
0
0
0
0
1
0
0
0
0
2
0
0
0
0
0
0
0
0
0
0
0
0
0
0
0
0
0
0
0
0
0
0
0
0
0
0
0
0
0
0
0
0
0
0
0
0
0
0
0
0
0
0
0
0
0
0
0
0
0
0
0
0
0
0
0
0
0
0
0
0
0
0
0
0
0
0
0
0
0
0
0
0
0
0
0
0
0
0
0
0
0
0
0
0
0
0
0
0
0
0
0
0
0
0
0
0
0
0
0
0
0
0
0
0
0
0
0
0
0
0
0
0
0
0
0
0
