4
0
0
0
0
0
0
0
0
0
4
8
6
0
7
0
6
0
1
0
3
0
0
6
0
0
0
0
0
0
0
0
0
0
0
0
0
4
3
0
2
12
0
9
0
0
3
0
0
0
0
5
1
0
0
0
0
0
0
0
0
0
0
0
0
0
6
0
1
0
0
11
5
0
0
2
0
1
0
1
2
0
0
0
0
0
0
0
0
0
0
0
0
5
0
0
5
0
13
5
0
3
0
2
0
9
0
0
0
0
0
0
0
0
0
0
0
0
0
0
0
0
2
7
5
0
10
160
245
52
0
4
0
8
0
0
1
0
0
0
0
0
0
0
0
0
0
0
0
2
0
0
0
13
0
196
247
126
7
4
0
2
0
4
4
0
0
0
0
0
0
0
0
0
0
0
0
0
5
3
0
2
72
234
255
182
9
0
0
2
0
9
0
0
0
0
0
0
0
0
0
0
0
0
0
0
0
6
0
10
238
255
244
201
0
0
5
7
0
10
0
0
0
0
0
3
0
0
1
0
4
7
0
1
0
12
7
178
255
243
255
140
3
0
0
0
14
0
5
2
3
2
1
0
0
1
0
0
5
1
0
8
0
0
188
240
254
255
245
213
2
3
0
0
0
5
9
1
1
1
1
4
0
0
6
0
0
0
14
0
9
94
245
251
209
211
255
255
36
0
0
0
0
3
0
0
0
0
1
0
0
0
2
4
0
0
7
2
125
250
255
251
71
172
242
248
104
0
0
9
25
0
1
0
0
0
0
0
9
1
0
5
14
1
0
130
252
235
242
18
0
64
254
251
132
0
0
0
0
0
0
1
0
0
0
3
2
0
2
0
0
25
105
236
255
246
88
4
10
44
248
244
108
5
10
4
8
76
53
6
2
0
0
7
0
0
10
0
0
77
244
249
241
89
0
5
0
76
249
255
138
1
0
8
70
215
226
11
5
0
0
0
7
1
0
0
26
127
255
254
130
0
16
3
38
51
254
244
255
170
221
230
249
255
212
15
8
0
0
0
0
4
0
2
32
255
251
255
252
249
249
251
252
251
250
255
249
250
255
230
165
85
1
0
0
0
0
0
8
0
0
1
22
215
255
241
255
255
252
252
255
240
199
239
255
217
79
4
3
6
0
0
0
0
0
0
12
1
0
8
0
86
154
164
166
129
68
47
58
40
0
233
251
188
9
0
3
1
0
0
0
0
0
0
1
0
4
12
0
0
16
11
7
0
0
0
7
6
0
177
255
211
19
7
0
8
2
0
0
0
0
8
0
0
0
0
11
0
0
0
0
0
10
12
0
0
0
40
249
255
116
8
0
7
0
0
0
0
0
8
0
6
0
0
11
9
7
9
7
3
0
0
0
3
8
0
199
243
185
0
4
0
9
0
0
0
0
1
0
12
0
0
0
0
0
0
0
0
0
0
4
3
0
6
124
255
245
41
9
0
9
0
0
0
0
0
0
2
0
12
0
0
6
7
0
0
0
1
0
0
0
8
12
190
109
0
0
10
0
0
0
0
0
0
0
0
0
0
0
0
0
0
0
0
0
0
0
0
0
0
0
0
0
0
0
0
0
0
0
0
0
0
0
0
0
0
0
0
0
0
0
0
0
0
0
0
0
0
0
0
0
0
0
0
0
0
0
0
0
0
0
0
0
0
0
0
0
0
0
0
0
0
0
0
0
0
0
0
0
0
0
0
0
0
0
0
0
0
0
0
0
0
0
0
0
0
0
0
0
0
0
0
0
0
0
0
0
0
0
0
0
0
0
0
0
