1
0
0
0
0
0
0
0
0
4
3
0
2
0
0
6
0
0
0
0
7
1
0
7
0
0
0
0
0
0
0
0
0
0
0
0
0
0
1
4
6
1
0
3
0
5
18
0
0
0
2
2
1
0
0
0
0
0
0
0
0
0
0
0
0
9
3
0
0
4
10
1
1
0
4
1
0
9
9
0
0
0
0
0
0
0
0
0
0
0
0
0
0
5
0
8
0
7
0
0
1
14
0
7
3
7
3
0
0
0
0
0
0
0
0
0
0
0
0
0
0
5
0
8
0
0
12
121
232
145
3
6
4
0
0
7
4
0
0
0
0
0
0
0
0
0
0
0
0
0
0
12
8
0
1
143
248
248
9
0
1
0
0
8
0
0
0
0
0
0
0
0
0
0
0
0
0
11
0
0
0
0
11
187
254
255
1
0
0
5
3
0
0
0
0
0
0
0
0
0
0
0
0
0
0
0
2
7
3
0
9
205
248
246
6
0
0
6
0
0
11
0
0
0
0
0
0
0
0
0
0
0
0
8
0
5
2
2
38
238
254
139
13
0
2
0
8
0
0
0
0
0
0
0
0
0
0
0
0
0
0
6
0
2
0
1
91
255
255
96
3
0
2
0
5
0
1
0
0
0
0
0
0
0
0
0
0
0
0
4
0
2
0
0
152
255
233
39
0
0
1
0
3
0
6
0
0
0
0
0
0
0
0
0
0
0
0
0
3
3
3
0
207
242
186
2
0
3
0
1
2
0
7
0
0
0
0
0
0
0
0
0
0
0
0
0
0
1
2
0
249
249
171
0
0
3
0
4
4
0
4
0
0
0
0
0
0
0
0
0
0
0
0
1
0
0
0
5
255
255
168
0
4
1
0
3
3
0
0
0
0
0
0
0
0
0
0
0
0
0
0
8
0
2
0
19
247
255
163
2
2
0
0
0
0
1
0
0
0
0
0
0
0
0
0
0
0
0
0
3
0
7
5
39
246
255
167
2
0
0
3
0
0
5
0
0
0
0
0
0
0
0
0
0
0
0
0
1
3
0
0
112
248
251
175
1
3
2
0
0
0
3
3
0
0
0
0
0
0
0
0
0
0
0
0
0
0
2
8
118
255
246
139
0
1
1
0
0
0
2
2
0
0
0
0
0
0
0
0
0
0
0
0
3
4
0
0
112
251
241
64
0
0
0
0
0
0
1
1
0
0
0
0
0
0
0
0
0
0
0
0
0
9
0
0
127
242
255
39
0
0
0
0
2
0
0
1
0
0
0
0
0
0
0
0
0
0
0
0
0
1
0
10
99
255
255
58
4
0
0
1
3
0
0
1
0
0
0
0
0
0
0
0
0
0
0
0
10
0
3
7
27
255
228
152
10
0
0
1
3
0
0
1
0
0
0
0
0
0
0
0
0
0
0
0
7
0
0
1
1
249
253
255
16
3
0
1
3
0
0
2
0
0
0
0
0
0
0
0
0
0
0
0
0
6
0
0
2
161
233
225
21
5
0
1
3
0
0
3
0
0
0
0
0
0
0
0
0
0
0
0
0
0
0
0
0
0
0
0
0
0
0
0
0
0
0
0
0
0
0
0
0
0
0
0
0
0
0
0
0
0
0
0
0
0
0
0
0
0
0
0
0
0
0
0
0
0
0
0
0
0
0
0
0
0
0
0
0
0
0
0
0
0
0
0
0
0
0
0
0
0
0
0
0
0
0
0
0
0
0
0
0
0
0
0
0
0
0
0
0
0
0
0
0
0
0
0
0
0
0
0
0
0
0
0
