8
0
0
0
0
0
0
0
0
0
1
0
0
11
3
0
0
0
0
0
1
0
7
0
2
0
0
0
0
0
0
0
0
0
0
0
0
15
0
1
15
0
0
10
14
8
0
19
0
5
0
13
1
0
0
0
0
0
0
0
0
0
0
0
0
0
4
3
0
8
15
0
0
2
0
0
19
0
0
0
5
0
0
0
0
0
0
0
0
0
0
0
0
0
7
0
0
7
0
0
19
0
14
10
0
2
5
7
0
0
0
0
0
0
0
0
0
0
0
0
0
12
0
0
1
0
5
15
0
0
12
0
1
2
0
0
11
0
0
0
0
0
0
0
0
0
0
0
0
0
0
2
5
0
0
5
4
97
150
156
255
208
154
43
0
0
0
0
0
0
0
0
0
0
0
0
0
4
1
0
8
8
0
55
195
254
254
255
239
255
254
213
1
0
0
0
0
0
0
0
0
0
0
0
0
0
2
1
0
18
134
239
255
226
103
69
109
166
249
255
59
0
0
0
0
0
0
0
0
0
0
0
0
0
0
0
0
185
249
255
156
11
2
0
1
23
193
255
24
0
0
0
0
0
0
0
0
0
0
0
0
0
4
3
1
201
251
167
16
0
6
5
0
173
255
191
32
0
0
0
0
0
0
0
0
0
0
0
0
4
0
4
41
241
255
111
0
6
0
11
150
255
234
103
0
0
0
0
0
0
0
0
0
0
0
0
0
5
0
4
50
253
255
98
9
0
8
99
241
255
188
0
0
0
0
0
0
0
0
0
0
0
0
0
0
0
8
0
10
220
255
104
0
9
171
255
252
133
0
12
9
0
0
0
0
0
0
0
0
0
0
0
0
0
5
0
0
204
251
169
117
234
253
239
117
3
0
3
0
0
0
0
0
0
0
0
0
0
0
0
0
0
0
0
21
219
244
246
255
255
213
66
3
0
6
0
18
0
0
0
0
0
0
0
0
0
0
0
0
0
4
5
24
228
251
255
252
178
16
11
0
8
7
0
0
0
0
0
0
0
0
0
22
0
0
12
0
0
47
178
252
241
255
252
146
0
0
0
0
0
0
0
0
0
0
0
0
0
7
1
0
0
11
0
7
68
255
238
250
237
244
250
54
0
0
0
0
0
0
0
0
0
0
0
0
0
6
13
0
1
13
0
83
233
248
255
36
115
255
249
36
0
0
0
0
0
0
0
0
0
0
0
0
1
0
8
0
1
0
28
200
255
201
14
30
105
244
217
6
0
0
0
0
0
0
0
0
0
0
0
0
4
0
0
7
0
0
98
255
242
95
0
0
221
231
159
0
0
0
0
0
0
0
0
0
0
0
0
0
3
4
0
4
0
0
142
251
191
7
2
56
236
255
98
8
0
0
0
0
0
0
0
0
0
0
0
0
0
9
0
0
0
1
137
237
178
9
84
243
247
188
0
0
0
0
0
0
0
0
0
0
0
0
0
0
0
6
1
0
3
0
115
249
252
229
238
252
191
30
0
5
0
0
0
0
0
0
0
0
0
0
0
0
3
0
0
4
0
0
23
62
240
255
235
113
13
0
1
0
0
0
0
0
0
0
0
0
0
0
0
0
3
0
0
4
0
0
0
15
0
0
0
0
0
6
8
6
0
0
0
0
0
0
0
0
0
0
0
0
1
0
0
2
1
0
0
0
13
0
0
7
11
0
0
0
0
0
0
0
0
0
0
0
0
0
0
0
2
1
0
0
0
4
4
0
0
1
3
0
0
0
4
9
0
0
0
0
0
0
0
0
0
0
0
0
