2
0
0
3
3
0
4
9
0
1
6
4
2
2
0
0
0
0
3
4
0
2
2
0
0
0
0
0
0
9
0
0
0
0
0
0
0
7
0
0
0
4
9
10
8
0
0
0
14
0
4
1
10
0
0
0
0
1
0
0
8
11
5
2
4
2
0
4
7
0
0
1
0
0
22
0
0
0
10
0
5
0
0
0
0
0
4
4
2
0
0
0
0
3
0
4
4
0
0
17
3
21
0
3
0
9
0
14
0
0
0
0
0
0
8
0
0
0
3
1
8
3
0
2
8
14
64
115
116
114
235
243
79
0
0
8
0
0
0
0
0
0
5
0
0
12
7
0
0
0
70
173
230
238
252
255
252
255
255
250
200
26
1
7
1
0
0
0
0
0
7
0
0
1
0
0
40
201
243
255
227
174
152
155
157
197
244
255
248
63
17
0
0
0
0
0
0
0
3
0
0
2
6
85
210
255
225
139
41
0
0
0
5
20
116
249
255
60
1
7
0
0
0
0
0
0
0
1
7
0
97
255
253
160
25
10
0
0
2
1
0
29
200
255
169
7
0
21
0
0
0
0
0
3
0
0
4
0
98
246
252
47
0
4
1
4
11
12
0
201
255
235
40
4
0
0
9
0
0
0
0
4
5
0
0
0
26
105
101
3
17
0
0
0
0
0
106
251
237
88
0
7
13
0
4
0
0
0
0
0
3
0
4
0
0
10
1
0
8
0
6
22
7
87
255
239
144
0
0
0
2
7
3
0
0
0
0
0
3
0
0
4
0
1
5
14
0
32
0
0
6
201
253
131
15
12
0
0
0
0
0
0
0
0
0
2
2
0
0
2
0
0
0
0
9
0
5
16
204
255
192
0
0
3
0
2
2
0
0
0
0
0
0
0
0
0
2
9
7
0
4
0
0
0
23
205
251
127
0
0
38
0
8
0
0
9
10
0
0
0
0
6
0
1
0
0
1
0
0
1
1
30
200
239
202
0
5
8
0
5
0
9
0
0
0
0
0
0
0
0
17
0
0
0
13
0
3
0
25
209
244
195
0
4
0
0
4
0
0
0
1
0
1
0
3
4
0
0
0
0
7
1
5
4
6
5
175
247
163
21
11
0
4
2
2
7
10
3
0
0
4
0
0
4
11
0
0
0
1
5
0
0
0
104
233
189
33
0
0
1
0
0
0
0
0
0
23
64
74
45
6
0
2
3
0
6
0
0
4
0
42
209
213
13
0
1
8
0
5
14
1
11
35
88
188
254
246
73
20
0
0
0
0
10
0
0
16
0
173
255
199
20
0
16
35
39
36
151
121
163
242
255
255
245
225
16
4
5
7
0
0
6
8
0
3
0
238
255
247
179
175
160
255
246
255
255
252
246
242
250
244
154
31
0
0
4
6
3
0
1
5
0
0
0
139
239
255
255
244
250
246
255
248
252
232
249
255
204
78
4
3
10
0
0
0
1
1
0
0
1
1
1
2
104
198
112
198
126
114
132
115
126
70
5
0
3
8
0
0
0
0
4
8
0
0
0
0
0
0
0
0
0
0
0
0
0
0
0
0
0
0
0
0
0
0
0
0
0
0
0
0
0
0
0
0
0
0
0
0
0
0
0
0
0
0
0
0
0
0
0
0
0
0
0
0
0
0
0
0
0
0
0
0
0
0
0
0
0
0
0
0
0
0
0
0
0
0
0
0
0
0
0
0
0
0
0
0
0
0
0
0
0
0
0
0
0
0
0
0
0
0
0
0
0
0
0
0
0
0
0
0
0
0
0
0
