9
0
0
0
0
0
0
0
0
3
4
1
1
1
0
0
7
0
8
0
0
5
5
0
0
0
0
0
0
0
0
0
0
0
0
0
0
0
0
0
0
5
14
8
0
0
0
10
6
2
0
1
0
0
0
0
0
0
0
0
0
0
0
0
0
9
2
4
0
0
0
0
5
15
0
5
0
0
0
11
0
0
0
0
0
0
0
0
0
0
0
0
0
0
0
0
7
6
9
9
0
1
0
6
0
13
0
4
0
0
0
0
0
0
0
0
0
0
0
0
0
0
9
12
0
0
0
2
0
0
3
3
0
7
0
0
10
0
0
0
0
0
0
0
0
0
0
0
0
10
0
0
4
14
0
0
14
0
11
0
0
4
13
0
0
0
0
0
0
0
0
0
0
0
0
0
0
0
3
0
0
9
20
112
252
255
234
155
73
0
0
9
3
0
0
0
0
0
0
0
0
0
0
0
0
0
11
0
27
164
254
255
255
244
255
255
190
3
0
10
0
0
0
0
0
0
0
0
0
0
0
0
0
0
6
4
214
254
250
255
255
255
240
255
238
24
4
3
0
0
0
0
0
0
0
0
0
0
0
0
0
14
0
106
251
254
254
199
143
79
181
250
188
30
4
0
7
0
0
0
0
0
0
0
0
0
0
0
0
0
53
226
247
235
148
15
0
0
58
255
255
89
21
4
0
0
0
0
0
0
0
0
0
0
0
0
0
13
58
255
255
145
0
0
58
85
245
238
247
244
38
6
0
0
0
0
0
0
0
0
0
0
0
0
0
5
40
244
255
248
201
210
218
252
248
255
255
230
46
2
0
0
0
0
0
0
0
0
0
0
0
0
0
0
81
255
235
245
255
231
255
243
250
253
220
118
0
9
0
0
0
0
0
0
0
0
0
0
0
0
0
7
0
143
255
238
255
247
255
244
255
231
62
0
5
0
6
0
0
0
0
0
0
0
0
0
0
0
0
0
14
0
106
142
236
255
251
253
227
39
0
19
0
0
5
0
0
0
0
0
0
0
0
0
0
0
0
7
0
0
14
52
241
255
249
226
53
0
5
2
1
0
3
0
0
0
0
0
0
0
0
0
0
0
0
0
0
18
31
168
235
255
178
57
0
7
10
0
0
0
0
0
0
0
0
0
0
0
0
0
0
0
0
3
0
0
199
250
255
242
115
0
0
6
0
0
8
6
0
0
0
0
0
0
0
0
0
0
0
0
0
0
6
87
228
255
252
150
0
13
6
0
0
0
6
0
0
0
0
0
0
0
0
0
0
0
0
0
0
0
54
221
244
255
225
8
0
0
6
0
1
3
0
0
3
0
0
0
0
0
0
0
0
0
0
0
0
8
82
255
244
230
57
0
13
0
7
1
0
1
0
4
0
0
0
0
0
0
0
0
0
0
0
0
0
83
232
255
255
91
6
10
0
3
11
0
0
2
5
16
0
0
0
0
0
0
0
0
0
0
0
0
0
159
255
253
200
41
0
0
13
0
0
0
7
2
0
6
0
0
0
0
0
0
0
0
0
0
0
0
0
182
249
251
47
14
0
0
3
0
0
0
0
0
0
0
0
0
0
0
0
0
0
0
0
0
0
0
0
153
251
255
56
0
3
6
0
0
0
0
0
0
0
0
0
0
0
0
0
0
0
0
0
0
0
0
0
15
0
9
0
2
2
0
9
0
0
0
0
0
0
0
0
0
0
0
0
0
0
0
0
0
0
0
0
10
0
0
0
2
7
0
1
0
0
0
0
0
0
0
0
0
0
0
0
