6
0
0
0
0
0
0
0
0
0
0
6
7
3
0
1
7
0
14
0
0
13
3
0
4
0
0
0
0
0
0
0
0
0
0
0
0
22
0
7
0
0
14
4
0
0
0
0
0
0
4
12
3
0
0
0
0
0
0
0
0
0
0
0
0
0
15
0
0
115
170
255
255
147
39
0
17
1
0
7
0
0
0
0
0
0
0
0
0
0
0
0
0
2
8
25
173
255
255
198
86
151
28
0
14
5
0
3
0
0
0
0
0
0
0
0
0
0
0
0
0
1
3
216
232
246
88
10
22
12
0
0
0
0
0
6
4
0
0
0
0
0
0
0
0
0
0
0
0
1
62
252
255
27
10
0
0
0
5
6
3
7
0
0
1
0
0
0
0
0
0
0
0
0
0
0
0
15
208
254
123
0
2
12
0
16
0
0
0
7
0
0
3
0
0
0
0
0
0
0
0
0
0
0
0
73
253
255
0
7
5
0
8
0
0
6
1
0
5
11
0
0
0
0
0
0
0
5
0
8
6
0
4
189
255
173
10
0
3
7
0
0
3
0
9
1
0
1
3
0
0
0
0
3
0
4
0
2
5
3
57
245
233
50
2
5
0
0
4
6
9
0
0
0
22
0
0
0
0
0
0
1
0
4
0
0
0
12
113
255
237
0
2
0
0
4
0
1
0
22
0
13
3
0
0
0
0
0
0
0
0
4
2
2
0
3
145
249
229
8
7
0
3
11
0
4
0
0
9
0
0
0
5
0
0
0
0
1
0
0
2
3
0
0
172
251
166
0
3
6
5
0
0
0
4
6
20
0
2
20
0
0
0
0
0
5
2
0
0
0
0
0
205
255
135
0
0
2
0
0
4
0
30
144
211
191
10
0
17
0
0
0
0
2
4
0
0
1
0
1
227
255
142
15
0
0
0
0
6
42
195
255
252
246
172
2
0
0
0
0
0
0
5
0
1
3
1
0
232
255
133
0
7
0
8
5
13
237
253
199
85
247
228
11
0
0
0
0
0
0
4
9
0
5
0
16
138
255
150
0
12
0
5
4
140
244
223
1
6
201
254
81
0
0
0
0
0
3
4
1
0
4
0
0
48
236
255
73
0
0
4
0
134
255
169
0
3
158
240
95
2
0
0
0
0
3
0
0
0
4
9
0
0
198
255
200
13
7
0
6
97
249
178
9
35
233
245
20
0
0
0
0
0
0
0
2
0
0
7
7
1
32
230
255
233
142
45
13
56
255
236
202
244
255
160
10
15
0
0
0
0
4
0
1
5
0
0
4
2
24
48
209
251
248
244
255
255
254
255
250
255
167
38
0
0
0
0
0
0
5
0
0
8
4
0
1
0
0
16
0
118
199
255
246
252
249
250
255
225
69
0
27
4
0
0
0
0
0
2
0
4
10
0
6
0
11
0
3
0
0
4
0
2
0
24
0
0
7
3
0
0
0
0
0
0
0
14
0
0
2
0
5
0
0
0
0
6
0
0
6
0
0
0
7
4
0
4
0
5
0
0
0
0
0
0
0
0
0
0
0
0
0
0
0
0
0
0
0
0
0
0
0
0
0
0
0
0
0
0
0
0
0
0
0
0
0
0
0
0
0
0
0
0
0
0
0
0
0
0
0
0
0
0
0
0
0
0
0
0
0
0
0
0
0
0
0
0
0
0
0
0
0
0
0
0
0
0
0
0
0
0
0
0
0
0
0
0
0
0
0
0
0
0
0
0
0
0
0
0
0
0
0
0
0
0
0
0
0
0
0
0
0
0
0
0
