2
0
0
0
0
0
0
0
0
0
0
0
1
6
0
0
4
3
0
5
0
9
0
3
0
0
0
0
0
0
0
0
0
0
0
0
0
0
3
5
0
0
4
6
2
4
0
5
0
0
4
11
0
0
0
0
0
0
0
0
0
0
0
0
0
15
0
0
2
2
0
0
0
4
0
0
5
0
0
1
0
0
0
0
0
0
0
0
0
0
0
0
0
0
0
12
7
0
3
9
0
4
13
11
0
1
0
0
7
0
0
0
0
0
0
0
0
0
0
0
0
7
0
0
0
0
0
0
7
0
75
84
0
3
5
6
0
0
0
0
0
0
0
0
0
0
0
0
0
0
8
7
0
7
34
95
163
229
255
223
71
3
0
8
12
0
0
0
0
0
0
0
0
0
0
0
0
3
13
0
6
141
255
255
246
246
255
255
198
52
0
0
0
0
0
0
0
0
0
0
0
0
0
0
0
0
0
11
135
255
255
228
255
255
250
255
243
33
9
8
0
0
0
0
0
10
1
0
0
0
0
0
6
1
5
0
166
255
255
255
255
251
255
255
248
175
0
8
0
0
0
0
0
0
0
2
11
12
6
0
0
0
1
48
207
255
255
230
234
255
240
254
255
102
0
4
0
0
3
10
0
8
5
0
0
0
0
0
0
16
0
0
66
162
155
63
125
245
246
255
230
126
15
0
10
0
0
5
9
0
1
4
1
4
12
10
2
0
12
0
1
15
0
22
220
255
255
253
182
0
0
13
0
3
0
0
5
0
4
3
0
0
0
3
0
1
0
0
39
85
168
233
255
255
239
199
53
6
59
155
37
2
11
0
0
0
0
0
0
5
30
60
78
1
0
52
196
255
245
255
255
239
179
60
0
0
26
51
0
0
0
5
0
0
1
5
3
0
0
0
12
26
175
239
247
253
252
247
203
73
0
17
1
15
11
126
128
69
0
1
4
0
0
0
1
0
2
27
56
223
249
255
255
254
255
255
217
168
174
236
211
235
249
254
255
221
14
0
5
2
12
0
0
0
77
221
250
253
248
252
255
252
254
255
250
252
252
255
255
254
255
255
246
102
6
0
7
0
3
4
0
4
195
255
255
255
255
253
254
255
255
255
255
254
253
249
242
248
255
233
180
67
0
0
5
12
4
0
0
10
166
255
249
251
255
255
250
255
249
245
255
255
255
255
250
225
177
88
0
22
0
0
3
0
0
0
8
3
249
255
248
250
254
238
242
255
237
174
145
83
51
36
36
22
4
0
0
0
0
1
0
9
6
0
8
0
22
189
228
218
230
190
121
64
7
0
9
9
0
1
13
2
0
0
12
0
5
0
0
1
1
4
9
0
4
7
0
0
0
0
0
8
4
0
0
0
0
1
0
0
0
7
0
0
9
0
0
0
0
0
9
28
0
8
0
3
4
1
0
0
0
1
7
0
3
7
1
0
8
7
0
0
5
0
3
3
2
13
0
0
13
0
3
0
0
2
5
0
0
0
0
4
0
0
2
0
0
2
2
0
0
0
6
0
0
0
0
0
0
0
0
0
0
0
0
0
0
0
0
0
0
0
0
0
0
0
0
0
0
0
0
0
0
0
0
0
0
0
0
0
0
0
0
0
0
0
0
0
0
0
0
0
0
0
0
0
0
0
0
0
0
0
0
0
0
0
0
0
0
0
0
0
0
0
0
0
0
0
0
0
0
0
0
0
0
0
0
0
0
0
0
0
0
0
0
0
0
0
0
0
0
0
0
0
0
0
0
0
0
0
0
0
0
0
0
