1
0
0
0
0
0
0
0
0
0
7
0
2
0
0
14
0
0
0
0
0
0
0
0
0
0
0
0
0
0
0
0
0
0
0
0
0
8
3
2
0
16
7
0
28
0
0
0
0
0
0
0
0
0
0
0
0
0
0
0
0
0
0
0
0
0
22
0
0
0
0
7
0
0
0
0
0
0
0
0
0
0
0
0
0
0
0
0
0
0
0
0
0
6
0
0
13
3
9
0
2
0
0
0
0
0
0
0
0
0
0
0
0
0
0
0
0
0
0
0
0
0
5
36
214
237
87
0
6
0
0
0
0
0
0
0
0
0
0
0
0
0
0
0
0
0
0
0
0
10
0
115
250
255
198
17
0
0
0
0
0
0
0
0
0
0
0
0
0
0
0
0
0
0
0
0
0
0
10
97
248
243
249
172
2
0
0
0
0
0
0
0
0
0
0
0
0
0
0
0
0
0
0
0
0
0
10
0
204
254
246
253
140
0
0
0
0
0
0
0
0
0
0
0
0
0
0
0
0
0
0
0
0
6
0
9
186
240
255
240
158
1
0
8
4
4
0
6
0
0
0
0
0
0
0
0
0
0
0
0
0
1
1
7
178
255
255
242
255
59
10
0
0
6
0
8
0
0
0
0
0
0
0
0
0
0
0
0
0
0
1
0
85
253
249
239
255
65
4
0
1
10
0
2
3
0
0
0
0
0
0
0
0
0
0
0
0
3
3
2
20
254
255
255
241
56
0
6
11
9
0
0
2
0
0
0
0
0
0
0
0
0
0
0
0
5
0
9
22
214
243
255
255
70
0
2
0
1
1
6
0
0
0
0
0
0
0
0
0
0
0
0
0
0
1
0
10
133
246
250
254
60
0
3
0
0
0
6
0
0
0
0
0
0
0
0
0
0
0
0
0
0
13
3
0
114
255
255
242
83
0
5
5
0
0
1
1
0
0
0
0
0
0
0
0
0
0
0
0
3
0
6
0
147
241
248
255
165
17
0
0
0
5
1
0
0
0
0
0
0
0
0
0
0
0
0
0
0
4
0
0
134
245
255
250
215
7
3
0
6
0
1
2
0
0
0
0
0
0
0
0
0
0
0
0
5
0
0
10
123
254
255
252
219
0
4
0
0
0
2
0
0
0
0
0
0
0
0
0
0
0
0
0
5
0
1
3
57
211
250
255
224
0
1
0
1
0
6
0
0
0
0
0
0
0
0
0
0
0
0
0
0
5
2
0
13
159
255
255
230
52
0
1
8
0
3
0
0
0
0
0
0
0
0
0
0
0
0
0
0
7
0
0
0
74
226
240
246
148
0
0
4
0
0
0
0
0
0
0
0
0
0
0
0
0
0
0
3
7
0
3
0
0
170
255
255
237
55
1
0
0
0
5
0
0
0
0
0
0
0
0
0
0
0
0
0
0
1
13
3
0
114
252
246
255
150
23
0
0
4
6
0
0
0
0
0
0
0
0
0
0
0
0
6
2
0
0
0
4
0
93
209
252
216
40
0
0
3
0
0
0
0
0
0
0
0
0
0
0
0
0
0
0
0
0
0
0
0
0
0
0
0
0
0
0
0
0
0
0
0
0
0
0
0
0
0
0
0
0
0
0
0
0
0
0
0
0
0
0
0
0
0
0
0
0
0
0
0
0
0
0
0
0
0
0
0
0
0
0
0
0
0
0
0
0
0
0
0
0
0
0
0
0
0
0
0
0
0
0
0
0
0
0
0
0
0
0
0
0
0
0
0
0
0
0
0
0
0
0
0
0
0
0
0
0
