4
0
0
0
0
0
0
0
0
0
0
1
0
0
0
0
6
1
4
11
0
5
4
0
9
0
0
0
0
0
0
0
0
0
0
0
0
2
3
3
2
1
0
1
1
0
0
0
0
0
4
1
0
0
0
0
0
0
0
0
0
0
0
0
0
0
0
0
1
2
1
0
0
4
5
0
11
2
0
1
0
0
0
0
0
0
0
0
0
0
0
0
0
0
0
0
0
0
0
1
1
0
0
0
5
0
0
13
0
0
0
0
0
0
0
0
0
0
0
0
0
0
1
2
1
0
0
1
4
11
3
2
20
0
3
10
0
0
0
0
0
0
0
0
0
0
0
0
0
0
1
0
0
0
0
0
0
0
5
0
123
255
182
0
17
0
0
0
0
0
0
0
0
0
0
0
0
0
0
0
1
8
8
0
0
24
0
111
225
112
41
0
3
0
0
0
0
0
0
0
0
0
0
0
0
3
0
0
10
27
30
15
0
0
18
205
211
0
0
11
0
0
0
0
0
0
0
0
0
1
4
3
0
0
5
14
0
210
171
1
0
8
39
255
107
0
13
0
2
0
0
0
0
0
0
0
0
0
0
0
0
0
0
0
128
248
92
0
3
0
166
240
18
1
17
0
0
0
0
0
0
0
1
2
0
0
0
0
2
0
11
34
246
210
0
0
11
0
245
182
2
0
0
1
0
0
0
0
0
0
0
0
3
3
1
1
3
6
7
125
235
80
0
10
0
80
248
68
13
5
8
10
0
0
0
0
0
2
0
0
4
7
3
0
0
0
82
255
192
0
0
15
0
181
232
19
0
0
5
0
0
0
0
0
0
5
0
0
2
3
0
0
0
8
214
228
53
0
0
0
67
255
134
5
0
0
0
12
14
0
0
0
0
4
0
0
2
0
0
3
17
133
255
123
11
94
107
102
194
244
41
0
0
0
0
8
0
0
0
0
0
0
0
1
3
0
0
15
40
243
255
238
255
255
249
255
247
255
209
197
111
36
26
0
13
0
0
0
0
0
0
5
5
0
0
12
31
185
119
132
116
124
121
201
248
141
179
226
255
255
220
27
1
0
0
0
0
0
0
1
2
0
0
1
10
4
0
10
0
0
6
216
185
0
4
23
39
59
74
0
2
0
0
0
0
2
0
0
1
2
0
0
0
0
1
5
0
0
36
255
89
2
0
0
0
0
7
0
8
0
0
0
0
1
0
0
1
5
4
0
0
0
4
0
0
2
140
220
0
4
2
9
1
3
0
0
0
0
0
0
0
0
0
1
1
1
3
4
3
0
3
0
0
11
233
134
9
0
0
4
2
11
0
20
1
0
0
0
0
0
3
4
0
0
0
1
2
0
2
0
0
72
248
36
7
4
0
0
0
1
0
6
0
0
0
0
0
0
4
4
0
0
0
0
0
0
0
0
6
183
194
6
4
1
0
5
0
7
3
2
0
0
0
0
0
0
3
3
0
1
5
3
0
0
9
2
3
240
94
0
0
0
0
3
0
0
3
0
5
0
0
0
0
0
0
0
0
0
0
0
0
3
0
6
98
244
3
1
0
0
0
0
0
0
0
0
0
0
0
0
0
0
0
0
0
0
0
0
0
1
18
0
3
13
0
0
9
0
0
0
0
0
0
0
0
0
0
0
0
0
0
0
0
0
0
0
0
0
0
9
6
0
2
0
0
0
0
0
0
0
0
0
0
0
0
0
0
0
0
0
0
0
0
0
0
11
0
19
2
15
0
5
0
0
0
0
0
0
0
0
0
0
0
0
0
