6
0
0
0
0
0
0
0
0
1
1
0
5
4
0
3
2
0
0
0
0
0
2
4
0
0
0
0
0
0
0
0
0
0
0
0
0
0
2
13
0
9
0
0
0
11
17
3
0
4
0
0
2
0
0
0
0
0
0
0
0
0
0
0
0
13
0
0
11
6
0
152
255
199
57
0
0
15
8
2
0
0
0
0
0
0
0
0
0
0
0
0
0
12
0
0
3
0
86
253
175
77
82
35
0
0
0
0
14
0
0
0
0
0
0
0
0
0
0
0
0
0
9
11
3
59
250
239
10
0
0
2
0
0
15
20
0
0
0
0
0
0
0
0
0
0
0
0
0
6
0
0
0
104
246
79
0
8
6
0
0
14
0
0
17
0
0
0
0
0
0
0
0
0
0
0
0
5
0
0
21
188
236
14
9
0
0
12
7
0
5
13
0
0
0
0
0
0
0
0
0
0
0
0
0
0
0
11
117
255
166
0
6
4
1
0
0
3
0
0
5
0
0
0
0
0
0
0
0
0
0
0
0
0
7
6
110
230
37
0
0
0
0
0
18
0
0
15
0
0
0
0
0
0
0
0
0
0
0
0
0
3
0
0
192
183
2
9
4
0
8
12
0
3
2
10
0
0
0
0
0
0
0
0
0
0
0
0
0
5
0
56
255
148
0
2
0
5
2
0
0
0
0
0
9
0
0
0
0
0
0
0
0
0
0
0
0
3
0
144
253
109
16
0
6
0
8
0
21
0
0
0
8
0
0
0
0
0
0
0
0
0
0
0
0
1
0
173
225
41
15
0
8
3
3
0
0
0
3
7
0
0
0
0
0
0
0
0
0
0
0
0
0
2
0
177
242
0
0
3
0
1
0
9
9
23
0
1
11
0
0
0
0
0
0
0
0
0
0
0
0
1
11
212
218
0
0
1
13
2
107
216
228
209
148
0
7
0
0
0
0
0
0
0
0
0
0
0
0
0
19
250
136
0
9
1
78
204
255
182
88
108
250
22
0
0
0
0
0
0
0
0
0
0
0
0
0
8
12
255
205
12
4
181
253
191
86
0
0
172
255
15
0
0
0
0
0
0
0
0
0
0
0
0
0
0
19
242
255
51
174
255
146
25
0
43
178
248
119
24
1
0
0
0
0
0
0
0
0
0
0
0
0
0
27
176
229
252
255
120
3
15
84
235
247
155
4
1
0
0
0
0
0
0
0
0
0
0
0
0
0
2
0
148
255
248
232
71
156
225
255
211
81
0
5
0
0
0
0
0
0
0
0
0
0
0
0
0
0
9
0
0
188
255
238
255
251
223
182
22
0
0
9
0
2
0
0
0
0
0
0
0
0
0
0
0
0
0
0
6
23
168
161
149
143
45
9
0
7
11
1
0
6
0
0
0
0
0
0
0
0
0
0
0
0
10
11
0
0
0
16
0
0
4
0
23
0
0
12
0
5
0
0
0
0
0
0
0
0
0
0
0
0
0
0
8
4
2
0
11
4
0
15
0
7
15
0
0
3
0
0
0
0
0
0
0
0
0
0
0
0
0
0
0
0
0
0
0
0
0
0
0
0
0
0
0
0
0
0
0
0
0
0
0
0
0
0
0
0
0
0
0
0
0
0
0
0
0
0
0
0
0
0
0
0
0
0
0
0
0
0
0
0
0
0
0
0
0
0
0
0
0
0
0
0
0
0
0
0
0
0
0
0
0
0
0
0
0
0
0
0
0
0
0
0
0
0
0
0
0
0
0
0
0
0
0
0
0
0
0
0
0
0
0
0
