5
0
0
0
0
0
0
0
0
5
0
2
8
0
0
1
2
0
0
0
0
0
0
0
0
0
0
0
0
0
0
0
0
0
0
0
0
10
0
0
0
0
0
0
2
0
0
0
0
0
0
0
0
0
0
0
0
0
0
0
0
0
0
0
0
1
0
0
7
5
6
9
5
0
0
0
0
0
0
0
0
0
0
0
0
0
0
0
0
0
0
0
0
4
0
1
4
0
0
0
0
0
0
0
0
0
0
0
0
0
0
0
0
0
0
0
0
0
0
0
0
5
0
0
0
0
0
8
3
0
0
0
0
0
0
0
0
0
0
0
0
0
0
0
0
0
0
0
0
0
0
4
5
0
1
6
0
0
0
0
0
0
0
0
0
0
0
0
0
0
0
0
0
0
0
0
0
0
2
8
2
0
0
4
0
0
0
0
0
0
0
0
0
0
0
0
0
0
0
0
0
0
0
0
0
0
0
0
0
4
44
92
113
0
0
0
0
0
0
0
0
0
0
0
0
0
0
0
0
0
0
0
0
0
0
0
25
112
225
255
207
0
0
1
6
0
1
7
0
89
136
179
185
0
0
0
0
0
0
0
0
0
0
64
230
250
242
225
249
215
151
131
126
137
130
195
255
236
158
60
2
0
0
0
0
0
0
0
0
17
49
161
245
70
2
99
208
237
229
242
200
186
106
89
78
5
0
0
7
0
0
0
0
0
0
0
0
0
209
214
65
0
0
0
0
36
62
60
0
8
0
6
0
4
0
0
0
0
0
0
0
0
0
0
0
90
255
160
0
0
8
2
5
0
4
0
0
1
0
0
8
8
5
0
0
0
0
0
0
0
0
0
0
255
189
15
4
0
5
0
0
6
0
0
5
9
2
0
0
0
4
11
0
0
0
0
0
0
0
0
0
244
213
27
0
0
5
0
6
2
0
0
0
0
1
10
0
8
4
0
0
0
0
0
0
0
0
0
0
206
255
227
204
161
115
156
154
29
0
15
0
10
0
11
0
4
0
0
1
0
0
0
0
0
0
0
0
0
81
191
239
206
223
221
251
183
0
0
3
0
7
0
0
0
0
0
0
0
0
0
0
0
0
0
0
4
12
0
0
0
0
113
245
161
8
1
0
0
0
2
6
0
0
0
0
0
0
0
0
0
0
0
0
0
0
9
0
11
0
200
236
72
0
0
3
0
0
4
3
0
0
0
0
0
0
0
0
0
0
0
0
5
20
0
0
21
154
255
132
0
0
0
7
7
0
3
0
0
0
0
0
0
0
0
0
0
0
0
0
9
0
0
135
255
225
143
8
0
12
0
0
0
0
2
0
0
0
0
0
0
0
0
0
0
0
0
0
3
9
122
248
229
62
0
0
0
16
0
0
0
2
0
0
0
0
0
0
0
0
0
0
0
0
0
0
75
229
248
221
11
15
0
19
0
0
0
4
0
11
0
0
0
0
0
0
0
0
0
0
0
0
0
0
124
232
159
14
0
0
9
0
4
0
0
5
0
12
0
3
0
0
0
0
0
0
0
0
0
0
0
0
12
9
6
2
0
0
0
0
0
0
0
0
0
0
0
0
0
0
0
0
0
0
0
0
0
0
0
0
6
4
2
0
0
0
0
1
0
0
0
0
0
0
0
0
0
0
0
0
0
0
0
0
0
0
0
0
0
0
0
0
0
0
0
2
0
0
0
0
0
0
0
0
0
0
0
0
0
0
0
0
0
0
0
0
0
0
0
0
0
0
0
1
0
0
0
0
0
0
0
0
0
0
0
0
