7
0
8
0
0
4
0
4
0
6
0
0
9
0
9
0
0
0
0
0
0
0
0
0
0
0
0
0
0
8
14
0
4
6
0
10
0
0
0
1
0
0
3
6
7
0
0
0
0
0
0
0
0
0
0
0
0
0
0
0
3
0
0
3
0
0
9
7
0
0
0
0
0
0
0
0
0
0
0
0
0
0
0
0
0
10
2
4
10
2
0
6
0
0
4
0
0
2
8
0
2
0
0
0
0
0
0
0
0
0
0
0
0
4
0
0
0
0
0
3
11
5
7
0
16
1
7
0
4
0
0
0
0
0
0
0
0
0
0
0
0
3
3
8
5
9
0
0
0
0
0
0
16
0
0
0
6
0
0
0
0
0
0
0
0
0
0
0
0
0
0
0
0
8
4
0
21
14
0
11
0
0
0
20
0
0
0
0
0
0
0
0
0
0
0
0
0
3
8
0
0
66
116
145
229
251
195
200
131
135
118
133
40
0
0
0
0
0
0
0
0
0
0
0
0
11
0
4
0
114
254
247
255
252
255
246
248
255
239
255
246
254
225
113
66
0
3
11
0
0
0
0
0
0
0
8
10
120
255
255
244
250
247
255
252
255
241
254
255
237
255
248
243
235
49
0
16
0
0
0
0
15
6
1
0
17
79
68
27
11
28
113
141
156
155
139
147
233
252
255
243
255
105
7
0
0
0
0
0
0
0
0
6
0
4
17
4
10
0
15
0
0
1
1
10
10
53
246
255
255
127
0
7
0
0
0
0
0
0
2
16
0
0
1
0
0
0
0
2
0
9
0
0
15
174
245
255
195
0
9
0
0
0
0
0
0
5
2
2
0
5
12
0
0
3
0
0
0
4
0
14
160
242
255
237
60
35
0
0
0
0
0
0
0
3
0
0
0
12
2
0
5
3
0
2
0
0
0
83
242
242
245
213
0
3
0
5
0
0
0
0
4
0
1
0
7
2
0
13
2
0
6
4
0
2
3
169
250
255
248
68
0
0
11
0
0
0
0
0
0
0
0
0
0
0
0
0
7
0
0
8
7
0
44
240
246
249
129
9
0
1
6
0
0
0
0
0
0
0
0
0
0
0
0
0
0
14
16
0
0
45
205
248
255
223
29
0
4
2
0
2
0
0
0
0
0
0
0
0
0
0
0
0
4
0
0
2
0
82
255
252
241
118
0
0
13
0
0
10
0
0
0
0
0
0
0
0
0
0
0
0
4
0
9
2
23
185
255
244
221
6
4
6
4
0
6
1
0
0
0
0
0
0
0
0
0
0
0
0
5
0
8
6
126
255
255
255
176
0
8
0
0
0
15
0
0
0
0
0
0
0
0
0
0
0
0
0
6
4
0
0
210
250
252
198
51
12
0
5
0
0
3
1
0
0
0
0
0
0
0
0
0
0
0
0
0
21
0
0
210
239
255
85
0
11
0
11
0
0
0
7
0
0
0
0
0
0
0
0
0
0
0
0
6
0
0
51
231
250
253
75
14
0
4
0
0
10
0
0
0
0
0
0
0
0
0
0
0
0
0
0
1
3
0
73
255
240
255
74
0
0
0
0
0
0
0
0
0
0
0
0
0
0
0
0
0
0
0
0
0
7
4
57
244
253
255
69
0
0
0
0
0
0
0
0
0
0
0
0
0
0
0
0
0
0
0
0
7
3
0
53
224
255
223
50
0
0
0
0
0
0
0
0
0
0
0
0
0
0
0
0
0
0
0
0
0
2
5
0
0
0
7
0
0
0
0
0
0
0
0
0
0
0
0
0
