1
0
0
0
0
0
0
0
0
2
0
5
0
2
0
8
0
0
0
0
0
0
0
0
0
0
0
0
0
0
0
0
0
0
0
0
0
0
11
0
6
4
0
3
0
0
0
0
0
0
0
0
0
0
0
0
0
0
0
0
0
0
0
0
0
0
8
0
12
4
2
0
7
0
0
0
0
0
0
0
0
0
0
0
0
0
0
0
0
0
0
0
0
0
0
4
3
0
8
0
5
0
0
0
0
0
0
0
0
0
0
0
0
0
0
0
0
0
0
0
0
0
4
5
0
0
0
32
0
0
0
0
0
0
0
0
0
0
0
0
0
0
0
0
0
0
0
0
0
0
15
0
5
2
33
142
2
0
0
0
0
0
0
0
0
0
0
0
0
0
0
0
0
0
0
0
0
0
0
0
12
1
118
234
40
0
0
0
0
0
0
0
0
0
0
0
0
0
0
0
0
0
0
0
0
16
0
11
8
0
189
255
57
0
0
0
0
0
0
0
0
0
0
0
0
0
0
0
0
0
0
0
0
2
0
0
0
5
178
224
20
0
0
0
0
0
0
0
0
0
0
0
0
0
0
0
0
0
0
0
0
3
1
0
0
1
177
232
37
0
0
0
0
0
0
0
0
0
0
0
0
0
0
0
0
0
0
0
0
0
0
1
0
2
184
249
62
0
0
0
0
0
0
0
0
0
0
0
0
0
0
0
0
0
0
0
0
0
0
0
0
2
182
245
57
0
0
0
0
0
0
0
0
0
0
0
0
0
0
0
0
0
0
0
0
4
2
0
0
0
173
226
30
0
0
0
0
0
0
0
0
0
0
0
0
0
0
0
0
0
0
0
0
1
0
0
0
4
179
233
37
0
0
0
0
0
0
0
0
0
0
0
0
0
0
0
0
0
0
0
0
0
0
0
0
5
186
251
62
0
0
0
0
0
0
0
0
0
0
0
0
0
0
0
0
0
0
0
0
1
3
2
0
0
177
248
67
0
0
0
0
0
0
0
0
0
0
0
0
0
0
0
0
0
0
0
0
0
4
6
0
8
195
241
105
3
0
3
4
0
1
5
0
0
0
0
0
0
0
0
0
0
0
0
0
12
0
0
0
0
163
255
86
0
0
0
0
0
1
7
1
0
0
0
0
0
0
0
0
0
0
0
0
0
6
3
6
11
141
255
99
12
2
1
2
0
0
4
0
0
0
0
0
0
0
0
0
0
0
0
0
0
0
0
6
0
52
251
232
16
4
2
4
0
0
2
0
0
0
0
0
0
0
0
0
0
0
0
0
4
13
7
0
0
107
255
131
4
0
0
1
0
1
3
0
0
0
0
0
0
0
0
0
0
0
0
0
0
0
0
7
8
47
164
185
13
0
0
3
1
0
2
0
0
0
0
0
0
0
0
0
0
0
0
0
0
18
0
0
11
3
14
116
33
10
2
6
1
0
0
0
0
0
0
0
0
0
0
0
0
0
0
0
0
0
4
1
0
3
34
188
34
8
0
0
0
0
3
4
0
0
0
0
0
0
0
0
0
0
0
0
4
2
0
0
10
0
56
211
40
15
0
0
3
1
0
0
0
0
0
0
0
0
0
0
0
0
0
0
0
6
0
0
15
0
0
12
17
3
0
0
2
0
0
4
0
0
0
0
0
0
0
0
0
0
0
0
0
11
0
0
0
6
0
0
0
0
0
3
2
0
0
5
0
0
0
0
0
0
0
0
0
0
0
0
0
0
7
4
0
0
5
9
0
0
3
7
4
0
0
2
0
0
0
0
