3
0
0
0
0
0
0
0
0
0
8
7
0
0
0
0
2
0
1
0
0
6
0
0
13
0
0
0
0
0
0
0
0
0
0
0
0
2
0
0
0
0
4
10
0
6
0
6
14
0
0
27
0
0
0
0
0
0
0
0
0
0
0
0
0
9
0
4
11
4
2
1
0
0
11
0
0
5
0
4
0
0
0
0
0
0
0
0
0
0
0
0
0
0
6
0
0
0
4
0
1
0
4
0
0
0
13
10
7
0
0
0
0
0
0
0
0
0
0
0
0
13
130
156
131
176
207
184
178
153
168
86
11
0
8
0
11
0
0
0
0
0
0
0
0
0
0
0
0
22
218
255
213
215
238
221
217
255
248
255
201
29
5
8
1
0
0
0
0
0
0
0
0
0
0
0
0
0
99
118
38
0
0
10
26
39
89
188
255
155
4
0
0
0
0
0
0
0
0
0
0
0
0
0
0
7
0
0
4
4
0
0
0
4
0
75
251
235
2
3
0
0
0
0
0
0
0
0
0
0
0
0
0
0
0
0
7
0
0
10
2
0
7
61
251
239
4
2
0
0
0
0
0
0
0
0
0
0
0
0
0
12
0
9
0
16
0
8
0
0
11
203
255
169
1
0
2
0
0
0
0
0
0
0
0
0
0
0
0
0
0
0
0
0
0
4
1
3
121
255
244
46
11
0
9
0
0
0
0
0
0
0
0
0
0
0
0
0
10
12
19
0
6
0
22
133
240
251
96
0
0
7
0
0
0
0
0
0
0
0
0
0
0
0
0
6
0
0
0
0
66
132
206
251
255
222
53
0
6
6
2
0
0
0
0
0
0
0
0
0
0
0
0
0
14
147
188
238
242
255
247
253
253
230
234
97
0
0
0
0
0
0
0
0
0
0
0
0
0
0
0
4
38
222
253
255
184
135
61
38
60
98
249
203
0
19
0
0
0
0
0
0
0
0
0
0
0
0
0
1
0
91
68
22
0
12
0
2
0
0
217
242
113
0
0
0
0
0
0
0
0
0
0
0
0
6
2
2
5
6
0
1
4
0
0
0
17
0
140
255
151
4
8
0
0
0
0
3
11
6
1
6
2
0
0
0
0
0
1
4
4
0
5
9
0
0
229
250
154
12
0
0
0
0
0
0
0
0
0
3
2
0
5
6
4
6
2
0
0
2
0
2
15
67
239
249
92
0
17
0
0
0
0
19
0
1
5
0
0
7
4
0
0
2
4
0
0
12
2
0
91
224
255
149
15
0
0
0
0
0
0
0
0
54
110
79
61
49
0
16
0
0
6
16
1
6
0
103
235
255
180
9
0
0
0
0
0
0
0
7
22
145
253
253
255
255
216
205
115
0
0
41
65
132
185
248
235
115
10
0
0
0
15
0
0
0
0
0
0
50
118
139
175
229
249
255
255
199
207
251
248
255
255
195
50
5
0
13
0
16
0
0
0
0
0
5
0
0
2
0
0
16
56
116
245
255
251
251
190
106
19
5
0
0
18
0
0
0
6
0
0
0
0
0
0
0
0
0
0
0
0
0
0
0
0
0
0
0
0
0
0
0
0
0
0
0
0
0
0
0
0
0
0
0
0
0
0
0
0
0
0
0
0
0
0
0
0
0
0
0
0
0
0
0
0
0
0
0
0
0
0
0
0
0
0
0
0
0
0
0
0
0
0
0
0
0
0
0
0
0
0
0
0
0
0
0
0
0
0
0
0
0
0
0
0
0
0
0
0
0
0
0
0
0
0
0
0
0
0
0
0
0
0
0
0
