6
0
0
0
0
0
0
0
0
0
1
4
0
0
7
0
0
0
16
0
11
4
0
3
0
0
0
0
0
0
0
0
0
0
0
0
0
5
5
0
8
12
0
0
10
6
0
7
6
0
0
11
0
0
0
0
0
0
0
0
0
0
0
0
0
0
7
9
0
2
3
25
236
237
52
3
0
3
4
7
0
0
0
0
0
0
0
0
0
0
0
0
0
5
0
0
14
2
0
105
255
255
56
0
1
9
0
0
4
0
0
0
0
0
0
0
0
0
0
0
0
4
0
6
0
12
12
114
241
223
95
4
7
0
0
0
0
0
0
0
0
0
0
0
0
0
0
0
0
0
20
0
14
0
0
255
255
255
126
0
4
0
6
0
0
0
0
0
0
0
0
0
0
0
0
0
0
0
4
1
0
20
139
245
255
193
26
0
8
0
0
0
14
0
0
0
0
0
0
0
0
0
0
0
0
16
0
14
0
36
248
248
254
179
0
5
5
0
13
5
0
0
0
0
0
0
0
8
0
0
2
0
6
0
5
4
0
159
255
240
236
52
0
0
0
4
0
17
0
0
0
0
0
3
0
1
1
3
3
0
0
5
0
5
151
225
249
237
42
12
0
8
16
0
3
0
10
0
0
0
0
3
0
0
4
0
0
3
0
0
12
0
234
252
254
179
0
0
7
0
0
17
0
19
2
0
0
0
0
0
1
0
4
0
0
11
0
0
0
146
255
247
255
47
0
11
11
0
158
166
92
15
0
0
0
0
0
0
5
3
2
0
2
5
0
0
116
242
248
255
140
0
4
0
0
114
255
255
230
47
0
0
0
0
0
5
0
0
0
5
6
0
5
105
255
241
253
163
18
6
0
25
112
255
237
245
255
165
2
0
0
0
0
5
0
0
0
3
0
0
88
254
239
255
205
2
5
0
28
189
255
255
212
244
255
210
9
0
0
0
0
6
0
13
0
1
0
16
191
244
255
188
16
17
0
6
181
255
244
218
29
212
246
228
0
0
0
0
0
0
0
0
0
0
0
88
238
251
182
8
0
7
52
225
249
248
94
0
147
254
255
0
0
0
0
0
0
0
8
5
4
0
0
76
255
246
202
19
10
0
103
240
255
193
13
0
236
255
188
12
7
0
0
0
0
2
3
0
3
6
0
33
244
255
239
16
0
54
215
248
252
87
7
68
255
252
144
2
0
0
0
0
0
0
0
0
3
10
4
3
223
245
255
139
80
162
246
252
255
85
52
248
240
255
134
5
0
0
0
0
0
0
8
3
5
0
0
5
219
255
254
255
243
242
250
255
252
255
255
226
255
132
10
0
0
0
0
0
0
0
7
4
3
0
0
0
129
255
239
248
255
255
255
248
235
241
255
246
54
11
12
14
0
0
0
0
0
2
0
0
0
2
4
0
18
0
15
0
0
3
4
0
24
0
11
18
0
1
0
0
15
0
0
0
0
0
0
5
0
0
3
6
0
0
3
6
1
0
0
5
0
4
0
0
20
0
6
9
0
0
0
0
0
0
0
0
0
0
0
0
0
0
0
0
0
0
0
0
0
0
0
0
0
0
0
0
0
0
0
0
0
0
0
0
0
0
0
0
0
0
0
0
0
0
0
0
0
0
0
0
0
0
0
0
0
0
0
0
0
0
0
0
0
0
0
0
0
0
0
0
0
0
0
0
0
0
0
0
0
0
0
0
0
0
0
0
0
0
0
0
0
0
0
0
0
0
0
0
0
0
0
0
0
0
0
0
0
0
0
0
0
0
0
0
0
