4
0
0
0
0
8
3
0
2
0
0
3
8
0
0
1
0
8
0
0
22
0
9
5
0
0
0
0
0
0
6
5
0
0
0
0
0
8
8
0
0
0
5
5
0
4
1
13
0
9
0
0
0
0
0
0
0
2
0
0
5
5
11
11
0
0
5
2
0
0
0
0
0
0
4
0
9
0
20
1
0
0
0
0
0
12
0
0
7
2
0
0
0
0
0
0
2
9
0
0
3
0
1
6
0
0
0
0
14
0
0
0
0
0
0
1
4
0
0
5
15
11
2
0
0
4
5
0
0
1
9
148
243
44
10
22
0
0
0
0
0
0
6
3
0
10
14
0
0
0
0
8
1
0
2
10
0
4
83
248
238
196
4
0
6
0
0
0
0
2
14
0
0
7
0
0
13
19
0
8
14
0
0
10
0
1
122
255
255
255
62
0
6
0
0
0
0
0
6
0
0
8
0
53
191
140
21
0
7
1
0
8
0
0
106
253
250
224
47
0
0
0
0
0
0
1
0
0
0
24
0
97
255
244
137
0
10
0
2
0
0
2
18
246
255
193
0
3
5
0
0
0
0
7
0
16
0
0
9
159
242
255
148
0
3
0
1
6
10
0
16
252
255
190
0
0
0
0
0
0
0
8
0
5
0
0
3
153
248
252
142
0
9
0
0
0
0
0
16
255
247
196
2
13
1
0
0
0
0
2
0
0
0
8
0
145
255
255
149
0
2
0
2
0
11
10
11
255
242
216
36
3
0
0
0
0
0
0
0
14
5
0
7
174
255
250
149
0
1
4
4
0
0
0
1
255
255
255
91
12
3
0
0
0
0
0
6
3
0
3
0
147
248
252
160
0
0
4
12
0
3
17
41
250
243
244
68
0
1
0
0
0
0
2
6
0
0
14
0
146
255
241
157
0
0
22
63
71
88
185
203
255
255
252
49
0
1
0
0
0
0
4
0
6
9
0
37
234
255
255
222
114
155
217
255
255
254
249
255
241
251
255
46
7
0
0
0
0
0
5
0
4
0
6
42
252
255
249
250
253
255
255
249
235
224
144
142
246
255
249
52
0
6
0
0
0
0
4
0
10
0
0
0
172
255
255
255
249
241
214
153
72
12
0
33
246
255
251
69
0
8
0
0
0
0
4
2
0
0
9
8
116
219
166
115
50
8
0
0
0
0
0
0
154
241
254
49
0
0
0
0
0
0
0
2
3
0
7
0
0
0
10
4
0
0
0
3
6
6
9
2
141
255
255
57
0
0
0
0
0
0
4
0
1
0
0
12
9
12
0
0
3
3
0
0
0
2
0
0
168
255
243
143
0
0
0
0
0
0
0
0
1
13
1
5
0
0
5
2
0
0
1
1
1
0
10
0
140
250
249
133
3
3
0
0
0
0
14
0
0
0
3
0
3
1
3
0
0
0
0
0
0
0
0
21
125
255
255
42
0
0
0
0
0
0
0
8
3
0
9
0
1
7
0
4
7
4
0
0
0
5
0
0
94
202
253
51
6
0
0
0
0
0
0
0
0
0
0
0
0
0
0
0
0
0
0
0
0
0
0
0
0
0
0
0
0
0
0
0
0
0
0
0
0
0
0
0
0
0
0
0
0
0
0
0
0
0
0
0
0
0
0
0
0
0
0
0
0
0
0
0
0
0
0
0
0
0
0
0
0
0
0
0
0
0
0
0
0
0
0
0
0
0
0
0
0
0
0
0
0
0
0
0
0
0
0
0
0
0
0
0
0
0
0
0
0
0
0
0
0
0
0
0
0
0
