9
0
0
0
0
0
0
0
0
1
0
0
9
0
0
14
0
0
0
0
0
0
0
0
0
0
0
0
0
0
0
0
0
0
0
0
0
5
6
0
0
3
2
0
0
0
0
0
0
0
0
0
0
0
0
0
0
0
0
0
0
0
0
0
0
0
0
7
6
2
3
0
0
0
0
0
0
0
0
0
0
0
0
0
0
0
0
0
0
0
0
0
0
17
0
11
10
0
0
6
0
0
0
0
0
0
0
0
0
0
0
0
0
0
0
0
0
0
0
0
0
1
0
0
2
2
12
8
0
0
0
0
0
0
0
0
0
0
0
0
0
0
0
0
0
0
0
0
0
0
23
0
0
3
0
0
7
0
0
0
0
0
0
0
0
0
0
0
0
0
0
0
0
0
0
0
0
0
7
0
14
11
0
17
0
0
0
0
0
0
0
0
0
0
0
0
0
0
0
0
0
0
0
0
0
1
0
87
247
255
247
238
64
0
0
0
0
0
0
0
0
0
0
0
0
4
0
0
0
1
0
0
1
8
60
248
255
245
247
255
229
85
8
7
0
11
0
0
7
0
0
0
0
1
0
0
1
1
0
0
1
24
190
255
241
251
228
239
255
251
46
0
17
0
0
4
0
0
0
0
0
0
0
0
3
0
0
0
5
162
255
253
219
40
16
18
204
255
193
205
195
13
8
23
0
0
0
0
0
0
0
1
2
0
0
4
14
255
250
219
9
0
0
20
58
241
244
255
255
24
0
0
7
0
0
0
0
0
0
1
0
0
0
9
23
239
255
41
0
7
19
0
114
255
255
237
252
22
9
0
14
0
0
0
0
0
0
0
0
0
0
10
23
255
252
27
0
14
0
13
255
254
253
255
255
9
1
10
0
0
0
0
0
0
0
0
1
0
0
4
13
240
255
158
29
87
198
225
255
254
254
252
254
31
0
3
2
0
0
0
0
0
0
1
3
0
0
0
3
158
255
254
255
241
249
255
224
150
255
255
178
8
0
3
0
0
0
0
0
0
0
0
0
0
0
0
0
49
173
255
255
243
255
173
24
192
255
254
56
8
0
0
8
0
0
0
0
0
0
0
0
0
0
0
0
10
40
121
196
151
58
7
0
206
249
206
11
0
0
0
0
0
0
0
0
0
0
0
0
0
0
0
0
0
0
7
4
0
0
10
53
242
255
183
5
0
0
5
0
0
0
0
0
0
0
0
0
0
0
0
0
0
0
0
0
9
14
2
100
254
233
120
5
2
0
3
0
0
0
0
0
0
0
0
0
0
0
0
0
5
2
1
0
2
0
0
198
245
152
12
0
0
13
0
0
0
0
0
0
0
0
0
0
0
0
0
0
0
0
3
2
0
1
48
244
255
111
0
0
0
6
0
2
0
0
0
0
0
0
0
0
0
0
0
0
21
0
0
7
4
0
147
255
252
78
12
15
1
0
0
8
0
0
0
0
0
0
0
0
0
0
0
0
0
3
5
0
0
11
254
250
203
9
0
0
7
0
5
0
0
0
0
0
0
0
0
0
0
0
0
0
0
17
0
0
0
88
230
255
36
14
0
0
0
0
0
2
0
0
0
0
0
0
0
0
0
0
0
0
6
0
0
10
3
104
253
246
22
6
0
0
2
0
0
1
0
0
0
0
0
0
0
0
0
0
0
0
10
0
19
0
0
134
231
55
5
0
0
3
4
0
0
0
0
0
0
0
0
0
0
0
0
0
0
0
0
0
0
1
13
0
3
0
0
0
0
4
4
0
0
1
0
0
0
0
