2
0
0
0
0
0
0
0
0
0
18
0
2
10
0
0
6
0
2
0
5
0
0
0
4
0
0
0
0
0
0
0
0
0
0
0
0
0
18
0
0
0
10
0
0
5
0
6
0
0
8
7
0
0
0
0
0
0
0
0
0
0
0
0
0
6
0
3
16
0
4
7
0
4
0
15
0
6
1
0
0
0
0
0
0
0
0
0
0
0
0
0
0
0
18
0
7
180
245
253
255
76
12
0
0
6
0
0
2
0
0
0
0
0
0
0
0
0
0
0
0
0
0
13
159
224
221
249
252
232
132
1
0
10
9
10
13
0
0
0
0
0
0
0
0
0
0
0
0
8
2
2
230
124
10
39
173
255
228
89
0
0
1
0
0
0
0
0
0
0
0
0
0
0
0
0
0
3
0
13
193
34
0
0
10
224
255
232
25
3
13
0
5
0
0
0
0
0
0
0
0
0
0
0
0
0
5
0
71
5
3
0
0
155
239
255
2
0
3
0
12
0
0
0
0
2
0
7
0
0
3
0
4
0
4
0
0
0
1
1
0
104
253
250
94
3
0
5
0
0
0
0
0
0
0
5
0
0
10
0
0
13
0
8
0
0
6
0
2
20
225
255
124
0
8
8
0
0
0
0
0
3
0
0
0
2
0
0
18
0
0
0
14
0
0
13
0
0
178
248
188
0
4
0
8
0
0
0
0
2
0
1
0
6
0
0
9
3
7
0
0
2
3
4
0
11
149
241
238
0
1
0
9
0
0
0
0
0
6
6
0
6
12
0
0
13
0
0
0
14
5
0
18
6
138
255
244
0
8
8
0
0
0
0
0
0
0
1
3
1
0
11
113
216
255
187
55
0
0
14
0
0
126
255
210
0
0
2
0
0
0
0
0
5
0
0
10
0
0
62
248
255
253
243
255
179
38
0
0
0
151
249
123
10
0
0
7
0
0
0
0
0
5
2
0
4
24
108
255
168
62
212
255
246
205
21
6
16
209
252
24
0
9
0
0
0
0
0
0
0
4
0
5
0
0
80
255
153
0
26
219
251
251
230
8
97
240
232
24
0
15
0
8
0
0
0
6
0
2
0
0
1
0
44
246
173
12
4
25
173
246
241
181
212
255
86
2
0
0
13
0
2
5
2
0
1
0
1
0
7
1
5
200
240
142
0
0
28
134
249
255
246
217
63
4
0
3
0
5
0
0
0
7
3
1
0
0
5
0
0
121
255
221
16
0
14
9
231
255
255
255
254
120
47
13
0
42
198
78
0
0
3
3
0
9
0
0
5
37
196
245
230
126
37
84
255
209
207
242
253
248
255
255
255
202
51
4
3
18
1
3
0
14
0
0
13
0
79
221
255
245
247
255
154
58
0
68
101
180
168
118
72
1
9
0
0
0
0
2
0
8
0
2
2
0
0
19
124
194
246
114
31
0
10
6
0
5
0
6
0
2
0
4
8
0
0
0
0
1
0
9
0
11
3
0
16
0
0
15
0
10
0
0
0
0
13
0
2
1
0
0
0
4
0
0
0
0
0
0
0
0
0
0
0
0
0
0
0
0
0
0
0
0
0
0
0
0
0
0
0
0
0
0
0
0
0
0
0
0
0
0
0
0
0
0
0
0
0
0
0
0
0
0
0
0
0
0
0
0
0
0
0
0
0
0
0
0
0
0
0
0
0
0
0
0
0
0
0
0
0
0
0
0
0
0
0
0
0
0
0
0
0
0
0
0
0
0
0
0
0
0
0
0
0
0
0
0
0
0
0
0
0
0
0
0
