8
0
0
0
0
0
0
0
0
1
0
0
3
4
0
0
1
0
0
0
5
4
0
0
5
0
0
0
0
0
0
0
0
0
0
0
0
0
0
3
3
0
0
0
0
6
2
0
0
0
7
0
0
0
0
0
0
0
0
0
0
0
0
0
0
0
3
0
0
0
3
8
1
0
0
8
9
0
11
0
4
0
0
0
0
0
0
0
0
0
0
0
0
6
1
5
14
10
0
0
0
1
0
0
0
0
14
0
11
0
0
0
0
0
0
0
0
0
0
0
0
0
0
0
0
0
7
7
0
9
8
6
0
0
20
0
0
0
0
0
0
0
0
0
0
0
0
0
0
4
3
15
16
0
7
116
241
249
241
178
70
0
0
6
11
0
0
0
0
0
0
0
0
0
0
0
0
0
10
0
0
47
189
255
248
251
255
255
206
115
0
0
1
0
0
0
0
0
0
0
0
0
0
0
0
13
0
16
133
239
255
254
245
255
232
238
255
198
1
0
5
0
0
0
0
0
0
0
0
0
0
0
0
4
0
27
213
250
255
235
148
46
39
206
255
196
13
0
6
0
0
0
0
0
0
0
0
0
0
0
0
3
0
46
255
252
202
16
11
1
0
221
237
209
0
19
0
0
0
0
0
0
0
0
0
0
0
0
0
4
0
131
255
240
104
20
0
12
71
255
255
70
18
0
0
0
0
0
0
0
0
0
0
0
0
0
0
1
0
255
253
204
8
0
9
46
249
242
118
19
0
0
12
0
0
0
0
0
0
0
0
0
0
0
0
0
11
76
235
236
53
7
35
212
245
186
12
0
2
12
0
0
0
0
0
0
0
0
0
0
0
0
0
1
4
47
255
252
213
164
255
255
209
33
12
9
0
5
0
0
0
0
0
0
0
0
0
0
0
0
0
0
2
23
234
255
240
255
247
235
20
2
2
0
0
13
0
0
0
0
0
0
0
0
0
0
0
0
0
6
0
6
137
255
255
255
255
200
3
13
0
8
0
10
0
0
0
0
0
0
8
0
0
15
0
0
4
0
4
17
208
255
255
238
252
203
2
0
0
4
0
6
0
0
0
0
0
2
2
0
0
0
0
3
0
13
0
253
227
255
148
194
255
238
28
3
0
2
0
2
0
0
0
0
0
5
0
0
3
0
3
8
0
20
136
255
228
80
6
159
235
227
34
3
0
2
0
0
2
0
0
0
0
0
0
1
7
0
0
3
29
131
255
180
0
6
0
172
255
139
7
0
0
3
0
0
0
0
0
0
0
0
6
0
4
0
0
2
100
233
255
25
0
0
130
230
255
41
0
3
2
0
1
2
0
0
0
0
0
0
10
0
0
0
0
7
149
255
59
0
48
214
255
232
118
0
0
10
3
0
3
4
0
0
0
0
0
4
3
0
6
0
4
4
131
243
242
122
249
255
142
18
2
0
0
8
1
0
4
2
0
0
0
0
0
4
0
0
17
0
7
0
84
255
242
255
248
201
33
4
0
4
0
0
0
0
6
0
0
0
0
0
0
0
0
0
0
0
0
0
0
221
238
204
109
25
0
0
0
0
0
0
0
0
0
0
0
0
0
0
0
0
0
0
0
0
0
0
0
0
3
4
0
0
0
10
11
0
0
0
0
0
0
0
0
0
0
0
0
0
0
0
0
0
0
0
0
10
0
0
4
11
3
0
0
0
0
0
0
0
0
0
0
0
0
0
0
0
0
0
0
0
0
0
0
0
0
0
1
4
0
0
7
0
0
0
0
0
0
0
0
0
0
0
0
