8
0
0
0
0
0
0
0
0
1
0
0
0
0
2
4
0
10
0
0
0
3
0
0
3
0
0
0
0
0
0
0
0
0
0
0
0
7
0
0
5
5
0
0
5
0
0
6
8
5
1
0
0
0
0
0
0
0
0
0
0
0
0
0
0
0
4
0
0
0
2
0
3
5
6
0
0
0
6
7
0
0
0
0
0
0
0
0
0
0
0
0
0
0
7
2
0
1
0
0
2
1
3
1
0
3
8
4
0
0
0
0
0
0
0
0
0
0
0
0
0
6
0
0
4
6
0
0
8
0
2
4
0
0
0
1
8
0
0
0
0
0
0
0
0
0
0
0
0
0
0
4
2
0
9
9
0
2
4
1
0
2
7
1
0
0
0
0
0
0
0
0
0
0
0
0
0
19
4
14
31
69
169
254
255
255
238
151
43
0
0
5
0
0
0
0
0
0
0
0
0
0
0
0
0
0
0
89
227
255
252
255
248
239
255
241
117
14
0
3
0
0
0
0
0
0
0
0
0
0
0
0
0
14
124
254
255
251
236
216
192
202
255
255
212
6
3
0
9
0
0
0
0
0
0
0
0
0
0
0
0
92
255
252
235
141
30
0
15
122
255
236
207
13
7
3
0
0
0
0
0
0
0
0
0
0
0
0
0
152
245
245
121
9
0
23
0
185
255
242
82
0
0
0
4
0
0
0
0
0
0
0
0
0
0
0
0
223
255
240
21
0
0
0
65
243
248
177
2
0
4
2
6
0
0
0
0
0
0
0
0
0
0
0
0
154
240
255
155
48
17
20
245
250
230
44
12
8
0
8
0
0
0
0
0
0
0
0
0
0
0
0
0
56
255
238
255
255
143
177
254
249
138
0
0
0
0
0
0
0
0
0
0
0
0
0
0
0
0
0
0
0
69
253
243
241
255
249
255
212
18
10
0
12
6
0
8
0
0
0
0
0
0
0
0
0
0
0
0
4
0
1
166
255
253
254
247
227
25
0
9
0
3
1
0
0
0
0
0
0
0
0
0
0
0
0
0
2
0
11
0
134
255
246
255
248
174
0
0
7
10
0
4
0
0
0
0
0
0
0
0
0
0
0
0
1
10
0
11
226
244
206
223
255
235
80
0
0
2
0
0
0
0
0
0
0
0
0
0
0
0
0
0
0
2
0
66
255
253
142
78
247
255
154
0
0
3
0
0
0
0
0
0
0
0
0
0
0
0
0
0
8
0
12
56
225
253
71
0
206
248
172
0
9
4
0
3
0
0
0
0
0
0
0
0
0
0
0
0
4
0
0
20
236
247
53
0
188
244
177
0
4
0
0
3
0
0
0
0
0
0
0
0
0
0
0
0
0
0
0
8
217
247
156
24
219
255
176
8
0
0
1
3
0
0
0
0
0
0
0
0
0
0
0
0
10
5
0
0
107
245
255
137
253
255
117
10
0
5
2
1
0
0
0
0
0
0
0
0
0
0
0
0
0
2
0
11
60
253
242
255
255
207
31
0
0
9
0
0
0
0
0
0
0
0
0
0
0
0
0
0
0
5
2
0
6
127
255
246
255
87
0
4
0
0
7
0
0
0
0
0
0
0
0
0
0
0
0
0
5
0
0
10
0
27
166
248
107
23
0
6
0
0
6
0
0
0
0
0
0
0
0
0
0
0
0
0
0
0
0
15
4
0
0
0
1
0
0
6
0
0
2
0
0
0
0
0
0
0
0
0
0
0
0
0
2
10
0
0
0
12
15
2
0
4
2
0
0
5
1
0
0
0
0
0
