1
0
0
0
0
0
0
0
0
0
0
0
0
0
0
0
0
4
0
2
0
0
0
9
2
0
0
0
0
0
0
0
0
0
0
0
0
0
0
0
0
0
0
0
0
0
10
0
2
7
7
0
0
0
0
0
0
0
0
0
0
0
0
0
0
0
0
0
0
0
0
0
0
11
0
3
3
0
2
9
7
0
0
0
0
0
0
0
0
0
0
0
0
0
0
0
0
0
0
0
0
3
0
8
0
13
0
9
0
0
0
0
0
0
0
0
0
0
0
0
0
0
0
0
0
0
0
0
0
0
2
227
162
0
11
0
13
0
0
0
0
0
0
0
0
0
0
0
0
0
0
0
0
0
0
0
0
0
166
245
245
41
10
5
0
0
0
0
0
0
0
0
0
0
0
0
0
0
0
0
0
0
0
0
0
26
211
250
199
0
0
13
0
0
0
0
0
0
0
0
0
0
0
0
0
0
0
0
0
0
0
0
0
92
235
255
96
7
7
0
3
0
0
0
0
0
0
0
0
0
0
0
0
0
9
0
0
11
4
0
2
196
255
255
17
9
0
0
5
0
0
0
0
0
0
0
0
0
0
0
0
0
0
1
6
0
0
16
76
255
255
90
10
0
0
0
0
0
0
0
0
0
0
0
0
0
0
0
0
0
5
3
6
0
11
14
208
255
237
0
6
0
4
8
0
0
0
0
0
0
0
0
0
0
0
0
0
0
15
0
0
12
3
87
255
248
135
6
0
0
9
0
0
0
0
0
0
0
0
0
0
0
0
0
0
0
0
0
0
9
0
223
244
247
32
5
0
8
0
0
8
0
0
0
0
0
0
0
0
0
0
0
0
0
0
12
0
0
97
255
255
142
0
0
0
0
1
0
1
0
0
0
0
0
0
0
0
0
0
0
0
0
0
14
1
18
238
239
228
16
5
4
1
0
7
9
0
0
0
0
0
0
0
0
0
0
0
0
0
13
0
0
0
68
241
255
115
0
14
1
0
10
2
0
6
0
0
0
0
0
0
0
0
0
0
0
0
0
0
0
11
181
255
255
43
0
0
0
0
0
0
0
0
0
0
0
0
0
0
0
0
0
0
0
0
0
0
13
23
255
244
191
15
0
0
0
0
0
0
0
0
0
0
0
0
0
0
0
0
0
0
0
0
0
21
0
187
240
246
37
0
0
0
0
0
0
0
0
0
0
0
0
0
0
0
0
0
0
0
0
0
9
0
14
255
253
225
5
0
0
0
0
0
0
0
0
0
0
0
0
0
0
0
0
0
0
0
0
0
1
0
171
255
240
72
4
23
0
0
0
0
0
0
0
0
0
0
0
0
0
0
0
0
0
0
0
0
9
51
251
245
222
15
0
0
0
0
0
0
0
0
0
0
0
0
0
0
0
0
0
0
0
0
0
0
0
37
233
255
156
0
7
13
0
0
0
0
0
0
0
0
0
0
0
0
0
0
0
0
0
0
0
0
5
0
76
255
18
9
0
0
0
0
0
0
0
0
0
0
0
0
0
0
0
0
0
0
0
0
0
0
0
0
0
0
0
0
0
0
0
0
0
0
0
0
0
0
0
0
0
0
0
0
0
0
0
0
0
0
0
0
0
0
0
0
0
0
0
0
0
0
0
0
0
0
0
0
0
0
0
0
0
0
0
0
0
0
0
0
0
0
0
0
0
0
0
0
0
0
0
0
0
0
0
0
0
0
0
0
0
0
0
0
0
0
0
0
0
0
0
0
0
0
0
0
0
0
0
0
0
0
0
0
0
0
