1
0
0
0
0
0
0
0
0
0
0
16
0
0
0
0
3
0
21
0
0
6
0
0
10
0
0
0
0
0
0
0
0
0
0
0
0
0
0
2
0
18
13
12
0
7
0
0
16
2
4
0
0
0
0
0
0
0
0
0
0
0
0
0
0
5
0
0
0
0
0
1
0
0
0
30
2
0
2
0
10
0
0
0
0
0
0
0
0
0
0
0
0
0
2
0
2
0
0
12
7
13
0
0
4
0
1
7
6
0
0
0
0
0
0
0
0
0
0
0
0
0
3
0
0
9
7
0
0
24
255
72
7
7
5
0
0
0
0
0
0
0
0
0
0
0
0
0
0
0
7
0
0
0
0
0
45
60
86
30
0
0
0
20
6
0
0
0
0
0
0
0
0
0
0
0
0
0
1
4
0
1
5
18
175
238
180
188
13
9
0
0
0
0
0
0
0
0
0
0
0
0
0
0
0
10
0
0
0
3
0
0
188
249
254
128
4
0
6
9
0
0
0
0
0
0
0
0
0
0
0
0
0
0
6
2
0
6
0
3
160
255
255
73
6
0
10
0
0
0
0
0
0
0
0
0
0
0
0
0
0
0
12
0
6
0
0
113
251
255
181
35
4
0
5
7
0
0
0
0
0
0
0
0
0
0
0
0
0
7
0
0
15
10
16
210
251
247
87
0
4
0
0
14
0
0
0
0
0
0
0
0
0
0
0
0
0
5
0
10
0
0
0
240
255
215
31
0
4
0
0
9
0
0
0
0
0
0
0
0
0
0
0
0
0
0
0
15
0
0
49
238
255
153
13
0
0
7
0
0
3
0
0
0
0
0
0
0
0
0
0
0
0
0
3
0
0
11
174
250
253
86
9
4
0
7
0
0
6
0
0
0
0
0
0
0
0
0
0
0
0
0
10
2
0
9
218
255
246
44
4
2
0
0
0
2
0
0
0
0
0
0
0
0
0
0
0
0
0
0
0
6
2
62
251
255
148
32
1
0
4
0
0
10
0
0
0
0
0
0
0
0
0
0
0
0
0
1
0
18
46
246
253
242
64
0
0
0
0
0
0
0
0
0
0
0
0
0
0
0
0
0
0
0
0
2
5
0
115
243
255
200
45
0
0
0
0
0
0
0
0
0
0
0
0
0
0
0
0
0
0
0
0
7
0
14
174
255
255
113
0
0
0
0
0
0
0
0
0
0
0
0
0
0
0
0
0
0
0
0
0
2
0
177
249
255
178
15
0
0
0
0
0
0
0
0
0
0
0
0
0
0
0
0
0
0
0
0
0
2
31
235
254
255
123
0
0
0
0
0
0
0
0
0
0
0
0
0
0
0
0
0
0
0
0
0
0
0
139
255
255
191
33
3
17
0
0
0
0
0
0
0
0
0
0
0
0
0
0
0
0
0
0
0
0
47
254
255
233
140
13
3
0
0
0
0
0
0
0
0
0
0
0
0
0
0
0
0
0
0
0
0
0
9
254
249
187
87
0
1
3
0
0
0
0
0
0
0
0
0
0
0
0
0
0
0
0
0
0
0
0
0
0
0
0
0
0
0
0
0
0
0
0
0
0
0
0
0
0
0
0
0
0
0
0
0
0
0
0
0
0
0
0
0
0
0
0
0
0
0
0
0
0
0
0
0
0
0
0
0
0
0
0
0
0
0
0
0
0
0
0
0
0
0
0
0
0
0
0
0
0
0
0
0
0
0
0
0
0
0
0
0
0
0
0
0
0
0
0
0
0
0
0
0
0
0
0
0
0
0
0
0
0
0
0
