4
0
3
3
0
1
5
3
0
0
1
1
0
0
0
1
4
2
10
0
7
0
0
2
4
0
0
0
0
0
4
4
0
0
0
0
0
2
3
2
1
1
0
0
0
0
0
0
9
4
4
0
0
0
0
0
0
0
3
4
0
0
0
1
2
1
0
0
0
1
2
0
0
11
0
9
0
0
11
0
9
0
0
0
0
0
0
1
1
1
3
4
3
6
0
0
0
0
0
1
3
0
0
9
0
0
6
0
0
0
0
0
0
1
0
0
1
5
4
0
0
5
2
2
5
3
0
0
0
10
5
0
17
17
0
4
10
0
0
0
0
2
0
0
1
2
0
0
0
0
0
0
3
6
0
0
0
0
0
16
175
169
41
0
0
0
0
0
0
0
0
1
2
0
0
1
10
20
2
0
0
3
2
0
1
10
0
42
255
250
106
3
7
0
0
0
0
0
0
5
5
0
0
12
31
81
43
7
0
1
1
0
0
3
0
41
254
249
135
0
0
0
0
0
0
2
0
3
2
0
3
0
151
255
177
9
5
0
3
9
0
2
2
47
254
245
37
0
5
0
0
0
0
3
0
0
18
0
10
77
217
255
208
10
6
8
0
12
1
0
0
41
255
255
29
0
0
0
0
0
0
0
14
0
0
9
1
229
255
250
118
0
0
6
0
0
1
10
4
38
246
255
20
5
4
0
0
0
0
0
9
2
0
0
145
245
255
234
24
0
6
3
7
0
0
0
2
35
249
253
34
9
0
0
0
0
0
0
5
5
0
91
242
249
239
124
0
0
13
0
0
17
0
4
12
38
255
248
35
0
0
0
0
0
0
0
10
0
0
226
236
255
210
44
6
9
0
7
13
0
0
1
0
32
253
247
27
0
12
0
0
0
0
0
0
0
12
211
255
238
245
255
232
227
141
142
141
50
56
30
12
92
255
255
33
0
0
0
0
0
0
0
8
0
0
185
243
252
255
252
255
255
255
255
248
251
252
241
193
230
255
250
28
6
0
0
0
0
0
1
3
0
0
13
60
107
132
173
173
170
208
255
255
244
255
245
255
247
244
255
32
0
2
0
0
0
0
0
5
6
0
0
0
4
2
3
12
1
0
10
12
36
90
160
205
255
255
251
33
4
0
0
0
0
0
0
3
8
3
0
2
1
0
0
3
3
1
6
0
0
17
4
79
241
255
236
30
10
0
0
0
0
0
0
4
4
0
0
3
8
9
3
7
0
0
9
10
0
0
0
69
255
255
248
37
9
1
0
0
0
0
0
0
1
0
0
0
0
0
0
5
0
0
0
0
1
6
7
70
249
241
231
17
0
0
0
0
0
0
0
0
0
1
3
5
7
7
0
1
9
10
5
3
2
0
0
70
249
255
250
42
2
13
0
0
0
0
8
3
0
0
0
0
0
2
9
0
0
0
0
0
2
0
0
75
255
255
217
24
4
0
0
0
0
0
0
0
0
4
6
3
0
0
5
0
0
6
0
0
0
0
2
72
242
249
150
0
13
0
0
0
0
0
0
0
0
0
0
0
0
0
0
0
0
0
0
0
0
0
0
13
158
172
30
0
11
0
0
0
0
0
0
0
0
0
0
0
0
0
0
0
0
0
0
0
0
0
11
0
2
0
3
8
0
0
0
0
0
0
0
0
0
0
0
0
0
0
0
0
0
0
0
0
0
0
0
4
0
0
13
7
0
14
0
0
0
0
0
0
0
0
0
0
0
0
0
0
0
0
0
0
0
0
6
2
7
5
0
0
1
3
0
0
0
0
