4
0
0
0
0
0
0
0
0
0
0
0
3
6
2
2
0
7
0
0
0
2
4
0
3
0
0
0
0
0
0
0
0
0
0
0
0
2
2
2
0
0
0
0
5
0
5
3
2
0
10
1
7
0
0
0
0
0
0
0
0
0
0
0
0
0
6
12
0
0
18
11
0
0
15
0
1
0
1
0
0
0
0
0
0
0
0
0
0
0
0
0
0
5
0
0
0
0
0
0
9
0
3
0
3
9
6
9
7
0
0
0
0
0
0
0
0
0
0
0
0
0
12
12
10
2
0
5
0
6
0
0
0
1
0
0
0
0
0
0
0
0
0
0
0
0
0
0
0
3
7
0
0
3
0
13
0
7
0
13
0
0
12
18
0
0
0
0
0
0
0
0
0
0
0
0
0
7
0
2
179
186
14
0
2
0
0
14
5
0
141
110
19
0
0
0
0
0
0
0
0
0
0
0
0
0
29
66
226
188
0
0
7
6
0
3
0
0
227
147
0
0
0
0
0
0
5
0
21
0
0
18
0
0
4
156
242
16
10
3
3
0
3
5
0
67
244
68
1
0
0
0
0
3
5
5
0
0
13
0
8
0
108
240
164
0
0
0
0
1
0
12
0
130
243
57
0
0
0
0
0
0
0
1
12
0
11
10
0
61
233
242
78
0
2
7
8
4
1
0
13
157
237
18
0
0
0
0
0
5
0
0
18
1
0
2
6
166
248
119
28
2
3
4
0
0
0
0
0
169
194
0
12
0
0
0
0
7
3
1
0
8
0
6
155
248
153
15
0
0
0
4
3
11
3
20
0
228
138
3
0
0
0
0
0
0
6
2
0
6
4
115
255
164
9
9
0
2
11
0
5
0
0
3
10
255
115
7
0
0
0
0
0
0
5
0
20
0
14
213
223
40
0
57
72
70
64
13
0
0
11
0
68
244
84
0
8
0
0
0
0
5
0
0
0
3
103
255
245
230
249
234
255
244
255
238
227
140
133
99
142
255
28
0
4
0
0
0
0
1
2
0
0
7
158
255
255
246
255
252
230
222
229
223
206
172
227
224
246
241
97
0
6
0
0
0
0
0
1
3
3
0
47
77
57
75
70
47
14
0
3
4
0
0
0
21
178
193
0
9
0
0
0
0
0
0
0
0
11
0
4
2
0
5
5
0
0
0
0
1
1
0
0
0
188
229
6
12
14
0
0
0
0
5
0
0
2
2
0
0
10
0
0
0
8
10
5
0
0
9
0
5
186
140
2
2
0
0
0
0
0
0
0
0
0
6
0
0
0
8
1
0
0
0
0
0
0
0
7
0
178
130
3
0
2
0
0
0
0
0
0
3
0
10
3
3
3
2
0
0
0
0
2
6
11
0
29
0
193
199
0
0
8
0
0
0
0
7
1
6
0
0
0
0
0
0
0
0
0
0
0
0
0
6
0
0
238
162
0
23
0
0
0
0
0
1
0
6
0
9
0
9
0
0
4
4
0
0
3
4
0
0
5
30
223
107
9
0
1
0
0
0
0
0
0
0
0
0
0
0
0
0
0
0
0
0
0
0
0
15
0
16
255
101
0
0
4
0
0
0
0
0
0
0
0
0
0
0
0
0
0
0
0
0
0
0
0
0
13
21
244
65
29
0
0
0
0
0
0
0
0
0
0
0
0
0
0
0
0
0
0
0
0
0
0
10
0
0
11
0
0
16
0
0
0
0
0
0
0
0
0
0
0
0
0
0
0
0
0
0
0
0
0
1
0
9
0
16
10
11
0
0
0
0
0
