1
6
3
0
0
6
3
3
0
0
0
0
0
0
0
0
0
8
1
5
3
0
0
9
2
0
0
0
0
2
0
7
4
0
0
9
10
0
0
0
0
0
0
0
0
0
0
0
7
11
0
0
0
0
0
0
0
3
0
5
5
9
18
0
0
0
0
0
0
0
0
0
0
10
27
0
0
2
0
13
0
0
0
0
0
0
11
0
0
4
0
0
11
0
0
0
0
0
0
0
0
0
0
28
0
0
15
0
6
0
0
0
0
0
14
0
0
10
0
4
4
0
0
0
0
0
0
0
0
15
0
0
7
4
0
0
0
0
0
0
0
4
0
0
9
0
0
6
0
0
0
0
0
0
0
0
0
0
13
0
0
3
0
5
0
0
0
0
0
0
0
8
0
8
20
0
17
0
0
0
0
0
0
0
0
16
0
11
15
163
207
3
0
0
0
0
0
1
0
0
6
181
199
0
0
0
0
0
0
0
0
0
0
0
21
0
93
248
135
0
14
0
0
0
0
0
0
3
0
183
250
34
0
4
0
0
3
5
1
0
3
0
0
21
218
250
0
2
1
0
0
0
0
1
5
6
6
208
226
24
2
2
0
0
0
0
0
0
0
2
1
128
255
122
0
9
0
0
0
0
0
0
0
0
1
217
157
0
0
0
2
3
0
0
0
0
0
0
43
240
238
14
0
10
0
0
0
0
0
6
1
0
0
224
90
0
6
0
1
2
0
0
3
3
0
0
125
255
110
0
0
5
4
0
0
0
0
4
0
5
0
206
33
0
5
0
0
0
0
3
5
1
0
68
255
235
26
26
0
0
0
0
0
0
0
0
0
6
0
151
0
0
0
2
0
0
0
2
0
0
0
107
255
117
0
0
0
3
8
0
0
0
0
1
1
7
9
80
0
10
0
4
0
0
3
1
0
3
20
239
255
75
17
0
1
0
0
0
0
0
0
1
3
0
0
8
0
3
0
3
0
0
7
1
0
14
46
255
174
10
0
0
13
0
2
0
0
0
0
0
0
0
0
0
0
0
0
4
0
3
0
0
0
7
166
245
121
12
0
11
6
0
6
0
0
0
0
0
0
0
0
0
0
0
0
0
17
0
0
13
0
4
244
215
23
0
0
0
1
0
3
0
0
0
0
0
0
0
0
0
0
0
0
0
10
0
0
3
6
101
255
166
0
0
22
0
6
0
0
0
0
0
0
0
0
0
0
0
0
0
0
10
0
11
0
0
5
213
236
39
0
3
0
0
9
0
4
0
0
0
0
0
0
0
0
0
0
0
0
0
0
4
0
0
41
251
175
0
8
0
0
4
0
0
0
0
0
0
0
0
0
0
0
0
0
0
0
0
3
0
2
6
166
255
57
13
13
0
6
5
0
9
0
0
0
0
0
0
0
0
0
0
0
0
0
6
0
1
3
57
255
193
0
4
0
0
4
0
0
14
3
0
0
0
0
0
0
0
0
0
0
0
0
0
0
8
0
144
246
56
1
0
0
12
5
0
2
0
2
0
0
0
0
0
0
0
0
0
0
0
0
4
5
0
0
183
186
0
7
0
0
0
0
0
0
0
0
0
0
0
0
0
0
0
0
0
0
0
0
1
0
36
5
177
76
0
0
0
0
0
0
0
0
0
0
0
0
0
0
0
0
0
0
0
0
0
0
0
12
0
7
8
9
0
2
0
0
0
0
0
0
0
0
0
0
0
0
0
0
0
0
0
0
0
0
0
10
0
2
0
0
12
0
0
0
0
0
0
0
0
0
0
0
0
0
