7
7
0
0
0
1
0
0
0
0
1
1
0
0
1
2
0
7
9
0
0
11
0
7
0
0
0
0
0
0
0
0
5
6
3
3
4
8
0
0
0
4
2
0
0
0
0
7
1
8
0
4
1
0
0
0
0
0
1
5
2
0
0
0
0
0
0
0
2
4
0
0
3
12
1
13
0
0
0
3
7
0
0
0
0
1
5
3
0
0
0
0
0
0
0
5
4
0
0
0
3
0
0
1
0
0
5
0
0
0
0
0
0
1
1
0
0
0
3
4
1
3
10
9
0
0
5
2
0
8
1
2
3
0
5
0
0
0
0
0
0
0
0
0
2
0
0
0
0
0
0
0
0
0
10
6
0
0
9
0
0
0
0
0
7
0
0
0
0
2
0
0
4
0
0
0
16
5
0
2
5
0
0
0
11
0
27
0
0
14
0
0
0
0
0
0
0
2
0
0
5
0
0
23
63
167
166
178
177
137
98
116
164
165
158
11
0
6
0
3
2
0
0
0
0
0
0
5
5
0
0
12
31
165
166
201
255
229
255
255
255
255
241
34
5
0
0
6
0
0
0
0
0
0
0
1
2
0
0
1
10
0
0
17
33
41
62
41
214
250
170
6
0
0
0
2
4
0
0
0
0
2
0
0
1
2
0
0
0
0
4
5
0
7
0
0
238
255
96
0
0
3
0
0
4
0
0
0
0
1
0
0
1
5
4
0
0
0
6
0
0
3
0
60
240
248
40
2
2
3
2
0
2
0
0
0
0
0
0
1
1
1
3
4
3
1
0
0
0
0
7
115
252
202
0
3
0
0
6
0
4
0
0
0
0
0
3
4
0
0
0
1
2
5
0
16
0
2
3
99
255
158
0
4
0
0
5
0
2
0
0
0
0
0
4
4
0
0
0
0
0
0
0
8
0
13
5
133
255
129
8
0
4
0
1
0
0
0
0
0
0
0
3
3
0
1
5
3
0
2
12
0
0
0
0
194
247
105
10
0
3
2
0
0
0
0
0
0
0
0
0
0
0
0
0
0
0
1
1
3
0
0
54
253
238
24
12
0
0
0
4
1
0
0
0
0
0
0
0
0
0
0
0
0
0
1
0
0
8
12
119
249
137
9
3
0
0
2
5
4
0
0
0
0
0
0
0
0
0
0
0
0
0
10
5
0
0
3
168
255
105
0
0
0
0
3
4
2
0
0
0
0
0
0
0
0
0
0
0
0
0
0
0
0
0
25
184
227
68
0
0
1
2
1
0
0
0
0
0
0
0
0
0
0
0
0
0
0
0
7
3
11
10
152
244
174
11
1
3
3
2
0
0
0
0
0
0
0
0
0
0
0
0
0
0
0
0
0
0
0
0
193
250
113
0
2
2
1
0
0
0
2
4
0
0
0
0
0
0
0
0
0
0
0
0
4
3
0
0
181
255
106
16
1
0
0
0
1
2
2
2
0
0
0
0
0
0
0
0
0
0
0
0
0
0
1
4
173
255
94
0
2
0
0
1
2
2
0
0
0
0
0
0
0
0
0
0
0
0
0
0
0
6
0
0
194
252
101
0
0
0
0
0
0
0
0
0
0
0
0
0
0
0
0
0
0
0
0
0
8
21
0
0
173
250
119
7
0
0
0
0
0
0
0
0
0
0
0
0
0
0
0
0
0
0
0
0
0
0
0
20
186
250
115
0
0
0
0
0
0
0
0
0
0
0
0
0
0
0
0
0
0
0
0
0
0
10
13
0
0
6
0
3
0
0
0
0
0
0
0
0
0
0
0
0
