7
0
0
0
0
0
0
0
0
2
0
0
0
0
0
0
0
2
0
0
7
13
4
0
0
0
0
0
0
0
0
0
0
0
0
0
0
0
1
5
7
4
0
0
0
0
4
5
0
0
0
3
16
0
0
0
0
0
0
0
0
0
0
0
0
0
0
0
0
0
0
5
9
0
0
0
0
4
7
0
0
0
0
0
0
0
0
0
0
0
0
0
0
12
8
3
0
0
0
0
0
0
1
3
1
0
0
0
4
0
0
0
0
0
0
0
0
0
0
0
0
0
0
0
0
1
1
0
0
0
0
0
7
8
2
2
10
0
0
0
0
0
0
0
0
0
0
0
0
6
3
0
0
2
5
6
6
4
0
0
0
0
0
0
0
0
0
0
0
0
0
0
0
0
0
0
0
0
0
2
0
0
0
0
0
0
7
7
0
0
7
8
0
0
0
0
0
0
0
0
0
0
0
0
0
0
21
66
98
108
107
107
110
112
103
104
155
246
255
172
37
0
0
0
0
8
0
0
8
0
0
61
56
132
209
238
243
255
254
252
253
249
248
255
255
244
250
249
190
0
0
0
0
1
0
0
0
1
22
203
252
249
245
255
250
250
249
236
255
255
232
237
252
245
244
255
85
0
0
0
0
0
10
9
0
0
0
198
249
241
248
255
181
176
255
253
211
92
4
113
252
252
255
135
56
0
0
0
0
1
5
0
0
0
8
152
186
192
59
11
9
17
33
18
19
0
8
169
252
251
251
0
0
0
0
0
0
0
0
5
16
0
0
0
0
0
0
9
16
0
0
3
0
64
179
254
250
248
135
33
0
0
0
0
0
10
0
0
1
0
5
0
1
9
4
0
0
0
0
27
48
225
255
245
249
143
0
1
0
0
0
0
0
0
0
1
10
5
6
4
0
0
4
2
1
7
0
38
154
252
255
237
195
13
1
0
3
0
0
0
0
0
8
0
0
5
0
11
0
0
0
6
0
7
5
61
255
250
255
254
148
0
11
0
2
0
0
0
0
0
0
3
2
2
2
0
0
2
2
5
7
0
27
208
255
243
255
169
18
0
7
4
0
0
0
0
0
12
0
0
0
1
2
3
4
5
0
5
0
34
238
237
255
255
221
91
1
9
3
0
5
0
0
0
0
6
0
0
3
4
0
0
1
0
11
3
28
246
226
255
254
190
64
0
0
0
0
10
3
0
0
0
0
0
0
5
6
1
0
0
5
0
10
0
148
244
255
255
235
90
0
0
12
0
1
18
0
0
0
0
0
0
3
1
0
0
6
9
3
7
26
142
249
255
253
255
0
9
16
3
0
14
3
0
0
0
0
0
0
3
3
0
0
1
6
0
0
3
115
250
248
240
232
101
0
0
0
0
0
1
0
0
9
0
0
0
0
1
0
1
7
3
0
5
20
85
255
253
249
187
66
0
10
21
0
3
12
0
0
11
0
0
0
0
0
2
0
1
7
0
0
50
124
255
245
246
177
3
0
14
0
0
0
2
1
0
2
4
0
0
0
0
0
0
0
2
0
3
0
134
235
255
245
242
54
0
4
0
0
0
0
0
0
0
0
0
0
0
0
0
0
0
1
1
0
6
9
171
255
246
255
255
111
6
0
0
5
0
0
0
0
0
0
0
0
0
0
0
0
0
0
1
0
6
1
109
171
255
230
144
58
0
16
0
0
0
0
0
0
0
0
0
0
0
0
0
0
0
0
0
0
7
0
13
13
2
15
0
13
0
9
0
0
0
0
0
0
0
0
0
0
0
0
0
0
