9
0
0
0
0
0
0
0
0
0
0
0
3
4
0
0
1
6
9
0
2
0
3
0
6
0
0
0
0
0
0
0
0
0
0
0
0
0
4
7
1
0
0
3
8
0
0
15
2
0
0
12
0
0
0
0
0
0
0
0
0
0
0
0
0
0
0
0
0
6
12
1
0
14
8
0
0
5
0
0
9
0
0
0
0
0
0
0
0
0
0
0
0
1
7
6
0
0
0
5
14
0
0
0
5
0
19
1
0
0
0
0
0
0
0
0
0
0
0
0
0
2
0
0
4
3
0
0
0
18
0
1
24
0
0
5
3
0
0
0
0
0
0
0
0
0
0
0
0
0
0
0
0
3
5
7
7
0
6
0
0
23
0
0
0
0
0
0
0
0
0
0
0
0
0
0
0
0
14
11
0
0
55
122
160
190
234
149
19
0
13
9
0
0
0
0
0
0
0
0
0
0
0
0
0
2
1
0
9
105
223
255
251
255
246
252
255
0
0
1
0
0
0
0
0
0
8
3
0
13
0
3
8
1
3
66
209
252
253
187
100
47
50
121
252
52
0
0
3
0
0
0
0
1
4
4
0
9
0
2
0
0
9
250
227
248
113
0
16
0
8
18
171
197
0
0
4
0
0
0
0
2
0
5
0
4
0
0
0
15
209
238
159
3
0
6
0
0
0
0
1
85
8
27
0
0
0
0
0
3
0
5
0
0
0
0
1
207
255
216
28
0
6
16
0
10
21
20
73
43
0
0
0
0
0
0
0
2
0
4
2
0
0
0
29
255
239
40
9
3
4
0
0
0
203
133
50
0
0
17
6
0
0
0
0
1
0
2
3
0
0
0
73
255
93
10
0
0
5
12
8
65
251
228
21
22
0
0
0
0
0
0
0
0
0
0
2
0
0
1
118
255
18
0
10
10
8
0
0
204
235
242
1
10
0
0
3
0
0
0
0
0
2
0
1
3
0
2
146
255
177
22
4
0
2
21
154
252
247
165
0
0
4
4
0
0
0
0
0
2
0
0
5
0
0
23
63
255
254
221
204
148
160
222
255
255
208
6
2
0
11
0
5
0
0
0
0
2
0
0
4
0
0
0
16
191
237
255
255
247
255
255
249
249
223
3
0
0
0
0
0
0
0
0
0
0
0
0
2
0
0
0
0
0
71
148
186
197
199
140
146
237
213
0
0
9
2
5
7
0
0
0
0
1
1
0
0
0
3
4
1
0
0
9
0
0
11
15
152
255
174
6
0
4
0
0
0
0
0
0
0
1
5
3
0
0
0
0
0
9
0
8
2
0
0
0
178
255
86
0
0
0
4
0
0
0
0
0
0
0
1
5
2
0
0
0
0
0
0
3
0
8
3
10
188
241
21
0
5
0
11
6
6
0
0
0
0
0
0
0
5
6
3
3
4
0
3
0
0
0
0
19
191
237
24
1
10
0
0
0
0
0
0
0
0
7
0
0
0
1
0
0
0
1
3
0
4
9
12
75
255
191
13
0
0
5
0
7
3
0
0
0
0
0
0
0
0
0
0
0
0
10
0
0
14
0
4
115
254
190
0
0
10
4
2
0
1
0
0
0
0
0
0
0
0
0
0
0
0
0
2
10
3
0
1
121
251
176
16
0
0
0
2
5
2
0
0
0
0
0
0
0
0
0
0
0
0
0
0
0
5
6
2
0
0
24
0
2
8
0
0
4
0
0
0
0
0
0
0
0
0
0
0
0
0
8
6
0
0
0
9
11
4
0
0
9
8
0
0
4
1
0
0
0
0
