0
0
0
0
0
0
0
0
0
0
4
0
0
11
0
0
8
0
2
0
12
0
0
0
0
0
0
0
0
0
0
0
0
0
0
0
0
0
8
6
0
0
7
4
0
0
0
2
0
0
5
14
0
0
0
0
0
0
0
0
0
0
0
0
0
5
0
0
0
0
0
9
10
1
5
0
0
2
2
0
4
0
0
0
0
0
0
0
0
0
0
0
0
3
0
0
0
8
1
0
0
0
0
14
0
2
0
10
0
0
0
0
0
0
0
0
0
0
0
0
0
0
10
0
0
13
3
0
2
103
153
245
199
25
0
0
0
0
0
0
0
0
0
0
0
0
0
0
0
0
4
0
1
0
0
34
134
242
235
255
241
225
114
15
0
0
0
0
0
0
0
0
0
0
0
0
0
4
0
0
4
0
40
157
253
254
223
110
212
252
255
29
23
0
0
0
0
0
0
0
0
0
0
0
0
2
0
7
0
15
167
255
240
143
10
2
1
206
250
161
0
0
0
0
0
7
0
4
0
0
2
0
2
8
0
10
5
181
255
252
102
2
0
17
0
167
249
119
0
0
0
0
0
0
0
5
10
7
4
3
4
0
2
5
180
255
252
111
0
6
0
6
0
43
255
201
6
0
0
0
0
5
0
0
6
0
0
0
0
13
11
189
245
255
143
13
0
2
0
6
8
59
252
219
0
0
0
0
0
2
2
0
6
0
3
11
7
0
132
255
229
73
0
9
4
1
20
0
0
154
237
125
19
0
0
0
0
0
5
0
9
4
8
0
0
70
255
236
159
0
0
19
1
0
0
15
11
124
255
131
0
0
0
0
0
1
10
0
0
0
1
0
46
202
251
142
4
3
0
0
0
9
0
0
7
211
255
73
7
0
0
0
0
1
4
0
0
0
14
19
182
255
228
22
0
17
0
12
9
3
12
7
0
212
252
86
0
0
0
0
0
0
1
3
9
0
0
0
223
249
106
7
0
0
3
0
0
0
7
0
141
255
192
0
11
0
0
0
0
0
0
1
0
2
0
156
238
216
8
3
0
10
0
18
0
5
0
141
255
251
72
3
0
0
0
0
0
0
1
8
0
0
36
198
255
138
22
3
11
0
0
0
6
7
135
252
237
72
6
0
4
0
0
0
0
6
0
0
5
1
142
252
248
72
0
0
0
18
8
0
7
77
253
255
136
5
10
0
8
0
0
0
0
5
0
0
5
3
211
254
169
11
2
23
0
0
12
111
202
252
247
127
0
5
7
0
1
0
0
0
0
0
0
5
1
0
218
243
142
0
0
0
34
44
189
241
255
233
97
19
0
0
0
11
0
0
0
0
0
1
0
0
0
14
220
255
216
102
127
183
255
249
248
190
135
44
0
0
12
4
0
4
0
0
0
0
0
6
0
0
0
24
153
237
253
255
251
255
243
208
89
22
0
0
10
0
0
0
0
0
7
0
0
0
0
0
0
8
2
0
21
123
206
248
242
126
40
5
3
0
9
3
0
2
4
0
1
6
0
0
0
0
0
0
0
0
0
0
0
0
0
0
0
0
0
0
0
0
0
0
0
0
0
0
0
0
0
0
0
0
0
0
0
0
0
0
0
0
0
0
0
0
0
0
0
0
0
0
0
0
0
0
0
0
0
0
0
0
0
0
0
0
0
0
0
0
0
0
0
0
0
0
0
0
0
0
0
0
0
0
0
0
0
0
0
0
0
0
0
0
0
0
0
0
0
0
0
0
0
0
0
0
0
0
0
0
0
0
0
0
0
0
0
0
0
