4
0
0
0
0
0
0
0
0
0
0
0
0
0
0
0
0
2
0
0
0
0
0
17
0
0
0
0
0
0
0
0
0
0
0
0
0
0
0
0
0
0
0
0
0
0
3
11
0
7
2
0
4
0
0
0
0
0
0
0
0
0
0
0
0
0
0
0
0
0
0
0
0
7
0
0
0
0
0
0
10
0
0
0
0
0
0
0
0
0
0
0
0
0
0
0
0
0
0
0
0
0
0
13
20
0
8
6
0
0
0
0
0
0
0
0
0
0
0
0
0
0
0
0
0
0
0
0
0
0
14
0
0
0
0
11
1
0
0
0
0
0
0
0
0
0
0
0
0
0
0
0
0
0
0
0
0
0
6
13
144
226
71
0
1
0
0
0
0
0
0
0
0
0
0
0
0
0
0
0
0
0
0
0
0
1
0
81
243
255
70
0
5
0
0
0
0
0
0
0
0
0
0
0
0
0
0
0
0
0
0
0
0
0
21
201
255
183
9
14
0
0
0
0
0
0
2
0
14
0
9
0
0
9
107
44
11
0
4
0
0
0
103
244
255
42
0
13
0
0
0
0
0
4
5
2
1
0
0
16
0
135
235
180
23
0
0
0
4
10
200
249
161
5
9
0
6
0
0
0
0
4
0
0
0
2
10
0
33
229
255
102
0
0
0
13
0
91
255
237
36
0
0
0
4
0
0
0
0
0
0
7
2
0
8
0
190
255
193
0
4
19
0
0
10
206
255
156
0
6
0
15
0
0
0
0
0
8
0
4
3
0
0
63
240
237
82
0
6
0
0
0
105
255
244
44
9
0
0
9
0
0
0
0
0
9
0
0
2
9
0
190
248
255
167
151
142
144
154
174
242
255
217
1
0
13
0
0
4
0
0
0
0
0
6
11
1
0
0
192
255
237
255
240
251
255
240
251
254
247
169
10
0
18
0
0
6
0
0
0
0
0
11
0
0
9
8
0
59
142
197
161
142
123
138
147
255
255
133
5
4
0
8
0
5
0
0
0
0
0
0
0
0
0
0
0
0
0
2
1
0
6
0
53
249
255
61
10
2
1
1
0
3
0
0
0
0
0
0
0
0
0
0
0
0
0
5
0
0
3
2
94
253
227
30
0
1
0
2
0
0
0
0
0
0
0
0
0
0
0
0
0
0
1
6
0
0
2
7
146
252
178
6
0
1
0
1
2
0
0
0
0
0
0
0
0
0
0
0
0
0
0
1
1
4
0
6
190
251
143
2
0
3
0
0
7
0
0
0
0
0
0
0
0
0
0
0
0
0
0
0
0
10
0
14
227
255
95
0
3
4
0
0
8
0
0
0
0
0
0
0
0
0
0
0
0
0
4
1
0
8
0
45
255
251
35
0
1
1
5
0
4
0
0
0
0
0
0
0
0
0
0
0
0
0
1
5
0
5
0
91
255
207
1
0
3
0
8
0
0
1
0
0
0
0
0
0
0
0
0
0
0
0
0
9
0
5
4
125
255
156
0
5
8
0
6
0
0
6
0
0
0
0
0
0
0
0
0
0
0
0
0
0
15
0
0
141
226
154
0
0
0
0
0
0
0
0
0
0
0
0
0
0
0
0
0
0
0
0
4
0
0
2
0
6
19
0
0
0
0
0
0
0
0
0
0
0
0
0
0
0
0
0
0
0
0
0
0
8
6
6
11
0
0
0
0
0
0
0
0
0
0
0
0
0
0
0
0
0
0
0
0
0
0
0
0
10
0
0
0
3
3
8
0
0
0
0
0
0
0
0
0
0
0
0
