0
0
0
0
0
0
0
0
0
0
10
8
0
7
8
0
1
9
0
0
10
0
0
8
0
0
0
0
0
0
0
0
0
0
0
0
0
14
0
0
0
0
0
1
0
0
11
0
0
1
0
0
0
0
0
0
0
0
0
0
0
0
0
0
0
0
10
0
13
0
6
9
1
0
0
16
0
0
16
0
12
0
0
0
0
0
0
0
0
0
0
0
0
0
22
0
1
1
0
0
4
12
0
0
4
0
0
0
0
0
0
0
0
0
0
0
0
0
0
0
0
4
0
6
0
17
2
90
110
167
255
243
185
77
0
19
5
0
0
0
0
0
0
0
0
0
0
0
0
3
0
1
0
0
138
248
242
255
252
245
255
242
100
0
14
0
0
0
0
0
0
0
0
0
0
0
0
0
11
0
3
37
237
255
255
241
250
255
234
255
255
87
0
0
0
0
0
0
0
0
0
0
0
0
0
2
0
3
0
181
255
237
255
255
255
238
255
247
255
238
49
0
0
0
0
1
3
0
0
0
0
2
0
0
6
0
32
211
255
245
252
223
55
72
240
255
238
255
170
22
0
0
0
0
0
0
11
8
2
6
2
5
5
73
242
243
240
255
234
3
4
9
114
255
255
240
248
89
10
5
2
8
0
0
2
0
0
0
0
5
1
175
252
255
245
255
87
0
13
0
2
170
255
250
255
157
0
0
0
6
0
0
0
0
5
5
10
12
142
255
253
228
255
152
35
0
0
11
0
65
231
254
246
244
6
11
0
0
0
5
0
6
7
0
0
177
255
249
252
255
255
35
0
9
4
0
0
61
255
255
248
255
0
4
0
2
2
4
0
0
0
0
56
247
255
250
246
253
84
0
0
0
4
6
0
12
209
228
255
252
0
0
0
0
0
0
0
10
8
47
206
244
252
254
248
127
0
2
7
6
0
3
11
79
249
252
250
247
14
18
9
0
1
4
0
10
0
41
255
255
249
250
215
27
0
4
0
0
1
2
0
130
255
246
253
186
0
0
0
0
11
0
6
1
15
201
252
253
253
202
30
4
0
1
2
0
39
71
223
243
255
252
162
0
0
0
0
0
3
0
4
0
222
246
255
248
253
135
0
5
12
0
12
14
176
247
255
255
245
174
13
0
0
0
0
4
2
0
5
0
250
250
248
253
255
115
0
0
54
119
207
255
251
255
255
247
77
3
10
0
0
0
0
0
0
0
16
4
244
253
251
244
255
229
225
217
234
255
255
255
250
255
230
211
77
0
0
0
0
0
0
3
0
0
5
0
255
249
246
254
253
248
255
253
240
255
237
251
255
230
105
18
0
0
1
0
0
0
0
0
15
4
0
0
173
243
255
246
255
249
246
255
249
255
255
203
86
7
6
0
0
0
2
0
0
0
0
0
7
4
0
12
28
178
247
255
252
247
255
255
249
191
178
23
14
0
1
0
9
13
1
0
0
0
0
9
0
0
4
0
1
19
103
255
243
255
253
127
92
25
0
0
4
0
3
9
0
0
0
0
0
0
0
0
0
0
0
0
0
0
0
0
0
0
0
0
0
0
0
0
0
0
0
0
0
0
0
0
0
0
0
0
0
0
0
0
0
0
0
0
0
0
0
0
0
0
0
0
0
0
0
0
0
0
0
0
0
0
0
0
0
0
0
0
0
0
0
0
0
0
0
0
0
0
0
0
0
0
0
0
0
0
0
0
0
0
0
0
0
0
0
0
0
0
0
0
0
0
0
0
0
0
0
0
0
0
0
0
0
0
0
0
0
0
0
