5
0
0
0
0
0
0
0
0
0
3
0
7
1
0
10
0
9
0
3
0
0
0
0
10
0
0
0
0
0
0
0
0
0
0
0
0
0
11
4
0
0
0
7
0
0
0
0
0
4
13
0
0
0
0
0
0
0
0
0
0
0
0
0
0
0
0
0
0
20
0
5
1
8
2
8
2
0
4
0
0
0
0
0
0
0
0
0
0
0
0
0
0
0
10
0
0
0
3
1
6
0
0
0
0
4
15
0
2
0
0
0
0
0
0
0
0
0
0
0
0
0
8
0
12
0
8
0
0
64
190
232
80
21
0
0
8
0
0
0
0
0
0
0
0
0
0
0
0
0
10
0
0
46
204
233
203
255
234
237
255
0
6
0
4
0
0
0
0
0
0
0
0
0
0
0
0
10
0
45
167
232
247
244
250
249
255
230
104
11
7
3
0
0
0
0
0
0
0
0
0
0
0
0
0
0
43
205
248
255
248
255
221
136
68
11
5
0
6
0
11
0
0
0
0
5
0
0
0
1
0
0
1
0
114
255
255
250
253
243
71
0
0
2
9
0
0
8
0
0
0
0
0
0
0
1
4
4
2
1
3
7
32
182
243
255
255
239
245
211
58
0
0
0
4
5
3
0
0
0
0
0
4
5
1
0
0
0
0
0
0
7
119
208
241
252
255
255
217
71
17
0
0
0
0
0
0
0
0
0
3
2
0
0
0
3
1
0
0
12
0
0
70
112
192
244
255
232
29
0
0
0
17
0
0
0
0
0
0
0
0
3
7
7
3
16
0
17
4
1
3
0
7
237
255
248
222
41
3
3
0
0
0
0
0
0
0
3
7
5
0
0
0
0
0
0
15
18
0
9
0
68
54
255
249
196
22
0
1
0
0
0
0
4
0
2
6
0
0
0
18
7
28
11
0
0
20
0
1
9
60
222
255
255
69
1
7
0
0
0
0
4
0
0
2
0
0
30
73
150
208
55
3
0
1
3
0
0
0
122
248
255
169
16
0
0
0
0
0
2
3
0
3
1
0
38
247
246
248
29
0
11
0
15
1
0
20
0
210
255
217
18
0
0
0
0
0
0
12
4
0
0
35
185
255
255
42
7
2
0
7
0
0
1
0
8
183
255
249
40
16
0
0
0
0
0
12
0
0
6
52
255
248
255
30
1
1
3
0
0
18
8
0
24
248
246
231
40
0
0
0
0
0
4
4
0
0
7
26
235
253
255
224
115
27
8
0
0
0
0
30
165
249
254
154
0
12
0
0
0
0
0
0
11
0
0
2
127
255
247
255
255
208
105
47
30
72
154
220
255
255
102
0
2
3
0
0
0
0
0
0
11
0
2
5
14
142
255
250
246
255
235
243
229
255
246
255
241
218
0
24
0
0
0
0
0
0
6
0
2
0
8
5
0
6
66
232
255
255
248
254
255
242
255
226
96
10
1
0
0
14
0
0
0
0
7
0
2
6
0
0
22
0
1
68
145
169
172
112
107
129
136
0
4
2
0
8
2
0
0
0
0
0
0
0
0
0
0
0
0
0
0
0
0
0
0
0
0
0
0
0
0
0
0
0
0
0
0
0
0
0
0
0
0
0
0
0
0
0
0
0
0
0
0
0
0
0
0
0
0
0
0
0
0
0
0
0
0
0
0
0
0
0
0
0
0
0
0
0
0
0
0
0
0
0
0
0
0
0
0
0
0
0
0
0
0
0
0
0
0
0
0
0
0
0
0
0
0
0
0
0
0
0
0
0
0
0
0
0
0
0
0
0
0
0
