2
0
0
0
0
0
0
0
0
0
10
0
4
7
0
0
7
9
0
6
0
7
0
6
0
0
0
0
0
0
0
0
0
0
0
0
0
0
9
0
2
2
0
0
0
0
0
8
0
2
0
9
12
0
0
0
0
0
0
0
0
0
0
0
0
0
0
6
0
2
7
4
4
1
2
4
0
7
0
0
0
0
0
0
0
0
0
0
0
0
0
0
0
9
0
8
0
0
0
0
0
5
5
0
0
10
10
7
12
0
0
0
0
0
0
0
0
0
0
0
0
3
0
0
0
3
2
0
15
0
1
1
4
2
0
0
0
0
0
0
0
0
0
0
0
0
0
0
0
0
16
0
8
3
0
0
9
52
26
1
0
0
7
10
4
0
0
0
0
0
0
0
0
0
0
0
0
15
112
87
132
136
150
155
177
255
198
132
75
0
0
1
0
0
0
0
0
0
0
0
0
0
0
0
0
131
255
231
255
248
255
249
255
250
255
255
216
64
6
1
0
0
0
0
0
0
0
0
0
0
0
0
0
153
232
253
255
244
234
210
216
221
254
251
255
209
35
0
6
0
0
0
0
0
0
0
0
0
0
0
0
66
247
170
104
104
49
1
1
14
173
246
241
255
41
10
0
0
0
0
0
0
0
0
0
0
0
0
0
0
34
0
8
13
0
0
2
3
170
255
255
255
23
8
1
0
0
0
0
0
0
0
0
0
0
0
0
0
2
1
0
0
7
3
18
156
252
249
248
233
37
0
7
0
0
0
0
0
0
0
0
0
0
0
0
11
0
13
10
0
1
71
160
243
242
255
229
61
6
22
0
0
0
0
0
0
0
0
0
0
0
0
0
4
0
0
0
25
103
238
255
255
255
220
73
10
0
0
14
0
0
0
0
0
0
0
0
0
0
0
0
0
7
30
111
220
234
255
255
230
153
65
0
18
9
0
0
0
0
0
0
0
0
0
0
0
0
0
0
6
46
217
249
236
255
254
131
37
5
1
2
0
0
11
0
0
0
0
0
0
0
0
1
0
15
0
16
154
245
251
249
232
172
9
4
0
3
0
0
0
9
0
67
73
68
0
6
2
10
0
0
4
0
83
187
244
248
235
235
77
0
18
11
0
36
2
23
20
136
171
255
255
254
14
0
0
0
7
12
0
0
187
227
255
255
51
1
98
108
109
109
146
231
253
255
240
251
251
255
198
0
0
24
6
0
3
3
0
14
244
255
253
243
219
226
255
251
255
249
243
255
253
255
255
209
194
174
68
0
15
0
1
10
0
0
9
2
133
238
246
255
255
243
255
240
255
235
231
255
227
218
100
21
0
7
0
18
0
0
0
6
0
2
5
0
8
45
152
248
251
248
247
178
143
24
10
11
0
8
0
0
5
9
0
0
10
0
3
0
0
0
0
4
19
0
4
40
27
52
59
0
4
0
0
0
14
0
7
0
2
0
0
2
8
0
0
5
0
0
8
0
9
0
1
0
17
2
0
3
0
6
8
0
3
8
0
7
0
4
5
0
2
0
0
0
0
0
0
0
0
0
0
0
0
0
0
0
0
0
0
0
0
0
0
0
0
0
0
0
0
0
0
0
0
0
0
0
0
0
0
0
0
0
0
0
0
0
0
0
0
0
0
0
0
0
0
0
0
0
0
0
0
0
0
0
0
0
0
0
0
0
0
0
0
0
0
0
0
0
0
0
0
0
0
0
0
0
0
0
0
0
0
0
0
0
0
0
0
0
0
0
0
0
0
0
0
0
0
0
0
0
0
0
0
0
