8
0
0
0
0
0
0
0
0
0
6
0
2
5
0
1
2
1
0
0
0
2
0
0
0
0
0
0
0
0
0
0
0
0
0
0
0
6
3
0
2
6
0
0
3
0
2
9
6
0
0
0
4
0
0
0
0
0
0
0
0
0
0
0
0
4
0
0
0
5
7
1
8
0
0
0
0
0
0
1
0
0
0
0
0
0
0
0
0
0
0
0
0
2
4
16
0
0
0
0
0
0
0
0
6
8
2
0
0
0
0
0
0
0
0
0
0
0
0
0
0
13
0
0
4
4
10
11
8
17
9
3
0
0
0
1
15
0
0
0
0
0
0
0
0
0
0
0
0
0
6
3
15
94
205
210
94
0
0
0
0
0
7
3
0
0
0
0
0
0
0
0
0
0
0
0
0
19
0
10
175
255
243
255
240
220
209
142
40
0
0
6
0
0
0
0
0
0
0
0
0
0
0
0
0
0
10
90
255
239
124
162
194
198
255
250
120
9
0
7
0
0
0
0
0
0
0
0
0
0
0
0
0
0
9
220
243
146
0
1
3
6
135
248
213
1
8
0
2
0
0
0
0
0
0
0
0
0
0
0
0
6
0
219
255
30
0
0
0
0
143
255
217
2
0
6
0
0
0
0
0
0
0
0
0
0
0
0
0
0
3
231
255
6
6
0
19
12
223
240
184
8
0
0
0
0
0
0
0
0
0
0
0
0
0
0
0
0
0
228
254
97
6
0
0
212
234
255
67
0
0
16
0
0
0
0
0
0
0
0
0
0
0
0
0
10
9
198
255
123
17
111
181
244
255
73
11
2
1
1
0
0
0
0
0
0
0
0
0
0
0
0
0
0
1
52
255
255
232
236
255
240
166
1
0
11
0
11
0
0
0
0
0
0
0
0
0
0
0
0
0
0
15
0
140
245
245
233
243
255
255
45
0
3
0
0
15
0
0
0
0
0
0
0
0
0
0
0
0
5
0
4
38
139
132
213
170
254
236
204
3
14
1
0
0
0
0
0
0
0
0
0
0
0
0
0
0
4
0
23
0
88
251
196
0
61
231
255
75
20
0
0
0
0
0
0
0
0
0
0
0
0
0
0
0
6
10
0
37
222
241
81
0
7
131
254
132
0
9
0
0
0
0
0
0
0
0
0
0
0
0
0
0
11
0
0
200
255
126
10
3
5
30
255
141
0
0
3
3
0
0
0
0
0
0
0
0
0
0
0
0
0
9
39
255
194
12
0
3
9
24
254
125
4
0
7
0
0
0
0
0
0
0
0
0
0
0
0
0
0
4
146
243
120
2
19
0
0
117
252
124
0
14
0
0
0
0
0
0
0
0
0
0
0
0
0
0
6
0
253
255
116
0
0
0
25
222
253
80
0
2
1
2
0
0
0
0
0
0
0
0
0
0
0
0
0
15
189
250
196
42
0
88
163
246
170
17
0
0
6
6
0
0
0
0
0
0
0
0
0
0
0
0
4
0
29
248
255
244
248
248
255
210
35
1
0
13
0
0
0
0
0
0
0
0
0
0
0
0
0
0
0
0
6
44
114
191
242
255
142
40
0
1
2
0
1
0
0
0
0
0
0
0
0
0
0
0
0
0
5
2
0
0
1
7
3
0
15
0
0
16
0
0
10
10
0
0
0
0
0
0
0
0
0
0
0
0
0
0
0
0
1
5
5
3
0
0
7
8
0
0
4
0
0
0
0
0
0
0
0
0
0
0
0
0
8
8
4
0
0
0
0
0
9
0
0
0
0
10
12
0
0
0
0
0
