1
0
0
0
0
0
0
0
0
8
0
2
0
0
7
16
0
0
0
0
1
0
0
0
7
0
0
0
0
0
0
0
0
0
0
0
0
0
9
5
0
6
0
0
4
4
3
3
6
5
0
0
0
0
0
0
0
0
0
0
0
0
0
0
0
2
0
1
7
8
0
0
4
0
0
0
0
2
5
1
0
0
0
0
0
0
0
0
0
0
0
0
0
7
0
0
2
0
5
18
0
0
0
0
0
0
3
5
1
0
0
0
0
0
0
0
0
0
0
0
0
0
4
7
2
0
0
0
8
1
4
3
0
0
0
1
1
0
0
0
0
0
0
0
0
0
0
0
0
9
0
2
1
60
255
255
44
0
0
0
0
2
0
0
0
0
0
0
0
0
0
0
0
0
0
0
0
0
21
0
8
156
255
230
182
16
0
0
0
4
0
0
2
0
0
0
0
0
0
0
0
0
0
0
0
0
8
0
2
121
251
255
194
63
23
0
0
5
0
0
2
0
0
0
0
0
0
0
0
0
0
0
0
0
0
1
0
3
249
255
253
124
9
0
0
3
1
0
0
0
0
0
0
0
0
0
0
0
0
0
0
0
0
1
0
3
249
255
253
101
0
0
0
0
0
0
2
0
0
0
0
0
0
0
0
0
0
0
0
0
0
1
0
3
249
255
253
84
0
0
3
0
0
0
5
0
0
0
0
0
0
0
0
0
0
0
0
0
0
1
0
3
249
255
253
84
0
5
5
0
0
0
3
0
0
0
0
0
0
0
0
0
0
0
0
0
0
1
0
3
249
255
253
89
0
3
2
0
0
1
1
0
0
0
0
0
0
0
0
0
0
0
0
0
0
1
0
3
249
255
253
88
0
0
0
0
0
3
0
0
0
0
0
0
0
0
0
0
0
0
0
0
0
1
0
3
249
255
253
84
0
0
0
0
0
2
0
0
0
0
0
0
0
0
0
0
0
0
0
0
0
1
0
3
249
255
253
84
0
7
3
0
0
0
0
0
0
0
0
0
0
0
0
0
0
0
0
0
0
9
0
5
246
248
253
79
10
0
0
7
0
0
5
0
0
0
0
0
0
0
0
0
0
0
0
0
0
7
0
2
255
248
253
78
3
11
5
0
0
0
9
0
0
0
0
0
0
0
0
0
0
0
0
1
0
4
0
1
228
245
255
106
0
2
3
4
8
0
0
0
0
0
0
0
0
0
0
0
0
0
0
0
6
2
0
1
103
243
255
232
10
5
0
0
6
0
5
0
0
0
0
0
0
0
0
0
0
0
0
0
6
0
1
1
75
248
255
255
3
7
0
0
0
0
11
0
0
0
0
0
0
0
0
0
0
0
0
2
0
0
2
0
143
255
252
245
0
0
0
12
3
0
0
0
0
0
0
0
0
0
0
0
0
0
0
3
0
0
2
0
150
255
239
255
11
1
0
0
0
9
0
0
0
0
0
0
0
0
0
0
0
0
0
0
8
0
1
0
83
250
229
167
0
14
1
3
0
10
0
0
0
0
0
0
0
0
0
0
0
0
0
0
0
2
0
0
29
95
157
0
0
0
0
0
0
0
0
0
0
0
0
0
0
0
0
0
0
0
0
4
0
0
3
0
0
0
8
0
0
0
0
0
0
0
0
0
0
0
0
0
0
0
0
0
0
0
0
1
0
0
4
10
2
0
0
0
0
0
0
0
0
0
0
0
0
0
0
0
0
0
0
0
0
0
0
4
0
0
0
0
0
2
10
0
0
0
0
0
0
0
0
0
0
0
0
