8
0
0
0
0
0
0
0
0
1
3
5
0
3
4
0
8
5
0
7
0
0
7
0
5
0
5
1
0
0
0
0
0
0
0
0
0
2
1
0
0
0
9
2
0
0
12
7
10
0
0
5
0
6
0
0
0
0
0
0
0
0
0
0
0
0
0
11
10
12
0
0
15
15
4
0
2
0
5
0
0
2
1
2
4
0
0
0
0
0
0
0
0
3
0
0
0
5
0
16
0
0
0
8
10
6
12
0
7
0
2
11
4
0
0
0
0
0
0
0
0
2
0
0
9
7
0
4
0
0
4
11
0
0
1
6
0
17
0
0
0
0
0
0
0
0
0
0
0
0
0
0
9
0
29
116
147
251
255
239
255
255
234
255
255
80
10
0
7
0
0
0
0
0
0
0
0
0
14
0
12
67
206
255
244
252
255
249
255
222
208
146
139
73
12
0
11
0
0
0
0
0
0
0
0
3
0
27
207
255
255
223
167
73
17
0
0
39
231
73
11
0
0
3
3
0
0
0
0
0
0
0
0
8
0
42
237
255
248
116
5
0
14
0
2
122
252
221
23
0
0
0
0
0
0
0
0
0
0
0
0
0
12
53
255
234
106
4
0
0
0
0
128
255
255
39
0
0
0
0
0
0
0
0
0
0
0
0
0
6
0
15
228
255
72
8
2
1
19
81
230
255
165
10
0
0
0
0
0
0
0
0
0
0
0
0
0
0
10
66
245
253
53
0
4
0
6
255
246
189
11
0
0
0
0
0
0
0
0
0
0
0
0
0
0
0
0
0
179
255
168
4
0
13
176
238
216
70
0
2
8
0
0
0
0
0
0
0
0
0
0
0
0
11
11
4
70
253
214
76
101
243
255
213
44
0
4
1
0
0
0
0
0
0
0
0
0
0
0
0
0
0
0
2
0
182
247
229
252
255
148
24
9
0
0
14
10
0
0
0
0
0
0
0
0
0
0
0
0
0
11
0
9
50
246
255
249
214
48
0
0
3
13
0
5
0
0
0
0
0
4
1
0
5
9
0
1
3
0
0
91
199
255
247
255
10
2
0
1
6
2
0
1
0
0
0
0
6
0
3
4
0
0
0
0
0
36
171
254
255
241
255
247
36
6
9
0
0
8
4
0
0
0
0
0
6
0
4
10
0
1
1
4
27
162
243
255
172
76
214
255
50
0
18
1
0
0
2
0
0
0
0
0
0
0
3
0
0
15
1
23
174
255
255
165
50
0
30
218
237
23
0
0
6
5
2
0
0
0
0
0
0
9
0
0
0
4
0
91
252
248
123
6
0
11
49
253
201
0
0
4
12
0
0
6
0
0
0
0
0
7
0
2
6
0
0
180
255
227
47
0
38
33
173
254
192
31
0
0
2
5
2
0
0
0
0
0
0
0
0
8
3
2
2
184
250
231
220
207
244
245
253
249
27
0
8
1
0
0
0
2
0
0
0
0
0
1
1
1
0
10
0
113
253
255
239
252
255
254
172
108
0
0
0
0
3
5
0
1
0
0
0
0
1
0
0
0
0
2
6
9
170
245
255
212
156
63
0
3
0
0
0
0
0
0
0
0
0
0
0
0
1
0
0
0
0
1
5
7
0
16
0
0
6
5
0
8
0
0
0
0
0
0
0
0
0
0
0
0
0
0
0
0
0
1
2
3
1
7
0
0
6
6
0
0
0
0
0
0
0
0
0
0
0
0
0
0
0
0
1
1
1
0
0
0
0
0
7
5
0
0
2
6
0
0
0
0
0
0
0
0
0
0
0
0
