4
0
0
0
0
0
0
0
0
0
4
0
0
7
6
0
2
2
0
3
1
1
3
0
2
0
0
0
0
0
0
0
0
0
0
0
0
8
0
3
6
0
0
0
7
0
8
0
0
0
0
8
0
0
0
0
0
0
0
0
0
0
0
0
0
0
0
3
2
0
6
11
0
2
0
0
15
15
0
0
2
0
0
0
0
0
0
0
0
0
0
0
0
2
3
0
0
0
6
11
1
0
7
3
0
0
3
7
0
0
0
0
0
0
0
0
0
0
0
0
0
0
0
0
4
9
0
0
5
3
0
14
7
7
14
0
3
0
0
0
0
0
0
0
0
0
0
0
0
3
13
2
0
5
11
4
6
8
0
0
0
0
0
0
8
0
0
0
0
0
0
0
0
0
0
0
0
0
0
7
13
0
0
2
0
0
15
0
9
9
0
15
0
0
0
0
0
0
0
0
0
0
0
0
0
6
5
144
252
155
32
4
0
0
0
27
214
214
27
0
0
0
0
0
0
0
0
0
0
0
0
0
0
1
15
254
213
26
0
0
1
0
20
190
255
55
0
0
3
0
0
0
0
0
0
0
0
0
0
0
0
7
144
241
102
0
6
7
1
20
162
253
97
0
4
0
4
6
3
1
0
0
0
0
0
0
0
0
0
64
235
144
0
0
15
0
0
85
242
145
18
0
0
3
0
0
0
0
6
0
0
0
0
0
0
0
0
119
255
115
4
71
75
8
37
247
201
9
6
6
0
9
4
1
0
0
1
0
0
0
0
0
0
0
0
89
255
253
222
254
240
157
144
255
78
4
0
6
0
0
0
7
10
4
0
0
0
0
0
0
0
0
0
15
133
217
250
253
255
252
245
228
116
72
22
7
2
2
3
0
0
4
0
0
0
0
0
0
0
0
0
0
0
16
46
57
99
211
255
255
255
235
244
182
110
53
1
13
0
0
4
0
0
0
0
0
0
0
0
8
4
0
2
10
43
182
211
10
0
70
104
189
231
255
233
100
37
0
0
0
0
0
0
0
0
0
0
11
0
4
0
4
219
235
46
0
0
1
2
3
14
43
71
171
94
14
0
0
0
0
0
0
0
0
0
0
9
0
2
41
227
168
7
2
0
1
1
0
0
3
14
5
0
0
0
0
0
0
0
0
0
0
0
0
6
0
10
134
224
74
0
3
0
0
0
1
0
0
0
0
0
3
11
0
0
0
0
0
0
0
0
3
0
0
0
200
181
0
0
4
0
0
0
2
4
4
3
15
1
0
0
0
0
0
0
0
0
0
0
7
13
9
63
233
137
9
3
3
3
0
0
0
0
1
2
0
0
0
0
0
0
0
0
0
0
0
0
0
4
0
157
181
34
0
0
0
2
5
2
0
0
0
0
4
6
7
7
0
0
0
0
0
0
0
0
5
0
62
228
98
0
0
8
0
0
4
2
1
3
2
0
0
0
0
0
0
0
0
0
0
0
0
0
5
0
182
213
2
1
5
0
2
4
0
0
0
1
1
0
0
1
5
2
0
0
0
0
0
0
0
0
0
25
218
97
2
0
0
10
0
0
0
0
0
0
0
0
0
0
0
0
0
0
0
0
0
0
0
0
23
55
252
31
0
5
6
0
0
0
0
0
0
0
0
0
0
0
0
0
0
0
0
0
0
0
0
0
0
51
248
78
16
0
0
10
0
0
0
0
0
0
0
0
0
0
0
0
0
0
0
0
0
0
0
0
15
6
6
0
0
0
4
0
0
0
0
0
0
0
0
0
0
0
0
0
