6
0
0
0
0
0
0
0
0
0
19
0
8
9
0
0
8
8
0
3
0
0
0
0
6
0
0
0
0
0
0
0
0
0
0
0
0
3
0
6
0
0
8
3
0
0
0
6
1
11
2
11
0
0
0
0
0
0
0
0
0
0
0
0
0
0
0
10
0
9
0
0
7
1
5
87
255
111
0
5
11
0
0
0
0
0
0
0
0
0
0
0
0
0
2
0
0
5
0
8
0
0
103
255
232
3
26
0
0
0
0
0
0
0
0
0
0
0
0
0
0
6
0
2
1
0
14
12
0
132
255
247
76
7
0
9
8
0
0
0
0
0
0
0
0
0
0
0
0
0
0
11
0
0
7
0
113
255
247
146
0
6
0
0
0
0
0
0
0
0
0
0
0
0
0
0
0
0
9
3
0
12
0
44
238
255
149
17
21
7
0
20
1
0
0
0
0
0
0
0
0
0
0
0
0
5
4
0
7
0
13
217
248
181
22
0
0
16
0
0
0
0
0
0
0
0
0
0
0
0
0
0
0
0
11
0
2
4
148
255
238
26
0
0
1
0
1
7
0
0
0
0
0
0
0
0
0
0
0
0
0
0
13
0
0
114
252
241
99
0
4
5
10
6
0
2
0
0
0
0
0
0
0
0
0
0
0
0
0
3
0
23
24
228
255
175
7
0
7
0
0
0
0
2
6
0
0
0
0
0
0
0
0
0
0
0
0
0
0
5
174
255
247
61
3
7
0
0
13
14
5
0
0
0
0
0
0
0
0
0
0
0
0
0
0
18
3
70
241
255
216
42
0
0
0
11
2
0
1
7
2
0
0
0
0
0
0
0
0
0
0
0
0
0
6
199
255
218
39
88
174
238
216
194
108
12
0
0
0
0
0
0
0
0
0
0
0
0
0
0
0
0
139
255
249
199
217
255
237
247
255
250
243
163
29
0
1
0
0
0
0
0
0
0
0
0
0
0
0
10
166
242
255
245
255
213
117
33
102
115
255
255
47
0
13
0
0
0
0
0
0
0
0
0
0
0
0
42
254
255
255
243
75
13
0
4
0
104
251
255
52
2
2
0
0
0
0
0
0
0
0
0
0
0
0
134
221
255
231
146
50
0
5
3
142
243
255
170
18
0
0
0
0
0
0
0
0
0
0
0
0
0
0
137
255
250
79
0
2
29
120
229
255
241
162
13
0
14
0
0
0
0
0
0
0
0
0
0
0
0
0
129
251
255
50
81
106
255
251
251
207
62
10
0
7
0
6
0
0
0
0
0
0
0
0
0
0
0
0
61
255
248
243
255
255
242
239
87
18
0
13
1
0
8
0
0
0
0
0
0
0
0
0
0
0
0
0
10
90
246
255
254
169
126
24
0
10
5
0
13
0
0
11
0
0
0
0
0
0
0
0
0
0
0
0
12
0
10
0
0
16
5
0
0
0
4
0
0
2
12
0
0
0
0
0
0
0
0
0
0
0
0
0
0
4
0
4
3
3
0
6
7
0
0
2
7
2
0
7
0
0
0
0
0
0
0
0
0
0
0
0
0
0
0
0
0
0
0
0
0
0
0
0
0
0
0
0
0
0
0
0
0
0
0
0
0
0
0
0
0
0
0
0
0
0
0
0
0
0
0
0
0
0
0
0
0
0
0
0
0
0
0
0
0
0
0
0
0
0
0
0
0
0
0
0
0
0
0
0
0
0
0
0
0
0
0
0
0
0
0
0
0
0
0
0
0
0
0
0
0
0
0
0
0
0
0
0
0
0
0
0
0
0
0
0
