8
0
8
0
8
9
0
0
1
0
3
0
0
0
0
5
2
1
1
0
0
0
0
1
1
0
0
0
0
1
10
0
0
0
0
14
2
5
1
0
0
2
3
0
0
0
1
1
2
2
1
1
0
0
0
0
0
2
2
0
2
0
0
6
0
0
0
3
4
1
0
0
3
0
0
2
3
3
2
0
0
0
0
0
0
4
0
0
14
2
0
0
3
2
0
0
0
3
9
0
0
0
0
0
1
1
0
0
0
0
0
0
0
8
0
0
0
0
2
4
9
10
4
14
0
0
2
0
9
1
0
0
0
0
0
0
1
0
0
0
0
0
3
1
0
3
15
0
0
0
0
7
0
0
11
0
0
1
1
0
0
0
0
1
1
0
0
0
0
0
4
6
0
9
5
0
34
120
175
232
165
74
30
0
5
0
1
3
4
4
3
1
0
0
0
0
0
3
1
1
0
7
0
14
144
250
246
255
251
251
230
101
9
0
2
7
10
10
7
2
0
0
0
0
0
0
6
4
4
0
1
67
255
244
255
255
255
245
255
254
180
0
9
4
165
159
2
11
0
0
0
0
0
2
0
6
3
0
6
190
226
251
94
0
6
68
169
246
255
98
28
173
255
142
0
0
9
0
0
0
0
0
5
0
0
13
0
190
255
244
56
0
12
0
18
121
251
246
229
255
251
137
23
4
0
0
0
0
0
0
11
0
0
7
0
63
249
255
253
132
0
9
0
6
207
255
248
191
107
0
6
0
0
0
0
0
0
5
0
5
12
0
14
0
75
210
255
255
189
122
7
0
210
245
243
34
6
11
0
0
31
0
0
0
0
7
0
1
10
0
8
0
0
59
184
255
255
243
158
130
255
251
67
14
0
0
18
0
0
0
0
0
0
0
6
0
0
8
0
0
10
18
0
58
180
243
255
255
244
162
18
5
0
0
0
1
4
0
0
0
0
0
7
5
0
0
18
0
3
0
0
2
8
51
163
255
255
200
17
0
10
0
8
0
2
0
0
0
0
0
0
0
0
0
0
0
0
0
2
1
0
11
126
251
246
255
208
49
0
9
3
0
2
0
0
0
0
0
0
0
0
0
0
0
0
4
0
15
0
0
209
229
32
186
253
166
49
0
2
0
6
0
0
0
0
0
0
0
0
0
0
0
0
0
2
5
0
0
247
167
0
54
218
255
168
5
0
7
0
0
0
0
0
0
0
0
0
0
0
0
0
0
12
0
0
19
220
142
19
0
59
168
236
93
0
11
0
0
0
0
0
0
0
0
0
0
0
0
0
6
0
0
3
0
186
205
0
16
0
41
216
216
26
0
0
0
0
0
0
0
0
0
0
0
0
0
0
9
0
3
0
0
143
255
42
0
0
8
116
252
111
0
0
0
0
0
0
0
0
0
0
0
0
0
0
0
0
1
0
6
71
245
187
7
7
0
17
202
182
10
4
0
0
0
0
0
0
0
0
0
0
0
0
0
0
4
0
0
12
202
249
212
50
0
9
176
202
0
0
0
0
0
0
0
0
0
0
0
0
0
0
8
0
0
1
5
0
31
190
255
255
202
244
223
63
1
0
0
0
0
0
0
0
0
0
0
0
0
0
0
0
0
0
14
7
0
38
154
252
255
240
139
0
0
14
0
0
0
0
0
0
0
0
0
0
0
0
0
5
9
0
4
10
0
0
0
17
2
0
1
0
3
0
0
0
0
0
0
0
0
0
0
0
0
0
1
2
10
4
0
0
7
14
7
0
2
0
0
4
5
5
0
0
0
0
