0
0
0
0
0
0
0
0
0
2
3
3
3
2
1
0
0
1
0
0
9
8
0
0
0
0
0
0
0
0
0
0
0
0
0
0
0
0
0
0
0
0
3
7
10
0
5
6
0
0
1
9
4
0
0
0
0
0
0
0
0
0
0
0
0
5
5
4
3
0
0
0
0
12
0
0
9
0
6
0
0
0
0
0
0
0
0
0
0
0
0
0
0
0
0
0
1
4
6
8
9
0
0
22
0
6
0
8
0
0
0
0
0
0
0
0
0
0
0
0
0
2
0
0
0
0
0
0
0
4
0
0
12
0
5
0
3
0
0
0
0
0
0
0
0
0
0
0
0
0
0
5
10
11
7
2
0
0
14
0
0
0
0
4
5
0
0
0
0
0
0
0
0
0
0
0
0
3
0
0
0
0
0
0
2
0
0
22
0
255
255
255
0
0
0
0
0
0
0
0
0
0
0
0
0
5
0
0
11
59
129
201
246
255
117
5
4
252
249
255
61
0
0
0
0
11
0
5
9
0
0
0
0
8
0
0
122
255
247
255
253
251
255
130
174
255
253
254
132
0
0
0
0
0
9
7
0
0
14
0
5
0
54
205
255
245
255
255
254
251
255
245
255
116
255
255
117
0
0
0
0
12
0
0
3
22
0
4
0
125
255
255
233
255
132
66
3
18
48
70
0
7
137
250
191
0
0
0
0
0
0
0
8
0
24
0
198
249
255
247
128
0
0
2
0
0
21
4
0
0
127
245
253
0
0
0
0
1
0
0
3
2
0
137
255
255
242
184
15
13
2
9
0
15
0
0
0
1
130
255
255
0
0
0
0
0
16
0
0
18
5
128
251
247
148
2
0
0
0
2
5
0
12
0
11
16
241
239
252
0
0
0
0
0
0
2
1
0
7
228
255
255
48
10
0
18
7
0
2
0
8
0
4
51
254
255
255
0
0
0
0
0
2
10
0
0
195
255
253
60
3
0
5
0
0
4
2
0
0
2
0
252
255
255
177
0
0
0
0
6
0
0
10
0
255
255
197
2
0
3
2
0
16
0
3
3
4
3
181
255
245
255
1
0
0
0
0
0
0
3
1
77
244
255
60
2
0
1
14
0
0
0
0
2
46
202
255
248
255
74
0
0
0
0
0
1
9
0
0
108
255
255
0
0
7
0
7
0
0
26
52
188
255
255
250
178
0
0
0
0
0
0
0
7
0
2
8
194
255
95
9
8
0
0
16
3
0
124
255
255
247
227
155
18
0
11
0
0
0
0
0
0
13
0
5
186
253
255
129
0
23
72
183
255
252
254
255
253
205
66
0
0
5
0
9
0
0
0
0
2
0
10
0
129
255
254
249
242
255
247
240
255
255
255
248
129
0
2
0
11
1
7
0
0
0
0
0
7
0
3
0
3
189
252
255
255
252
255
255
244
121
18
0
3
0
0
22
0
10
4
0
0
0
0
0
0
8
0
0
10
0
69
124
119
135
114
9
0
4
0
2
0
16
0
0
12
0
5
4
0
0
0
0
0
0
0
0
0
0
0
0
0
0
0
0
0
0
0
0
0
0
0
0
0
0
0
0
0
0
0
0
0
0
0
0
0
0
0
0
0
0
0
0
0
0
0
0
0
0
0
0
0
0
0
0
0
0
0
0
0
0
0
0
0
0
0
0
0
0
0
0
0
0
0
0
0
0
0
0
0
0
0
0
0
0
0
0
0
0
0
0
0
0
0
0
0
0
0
0
0
0
0
0
0
0
0
0
0
0
0
0
0
0
0
0
