3
0
10
0
0
8
1
0
3
0
1
3
0
0
2
3
0
0
0
0
0
0
0
0
0
0
0
0
0
0
4
0
2
6
0
0
3
13
1
0
0
3
1
0
0
0
0
0
0
0
0
0
0
0
0
0
0
1
0
0
4
3
0
0
7
0
0
0
2
0
0
0
0
0
0
0
0
0
0
0
0
0
0
0
0
5
0
1
0
0
7
2
3
2
9
5
0
0
0
4
1
0
0
0
0
0
0
0
0
0
0
0
0
3
0
4
0
0
7
0
0
0
0
0
1
10
13
4
0
0
0
0
0
0
0
0
0
0
0
0
0
0
0
9
0
0
0
0
31
9
0
0
5
0
0
0
8
0
0
0
0
0
0
0
0
0
0
0
0
0
0
8
0
2
0
18
146
255
237
187
133
82
40
9
0
0
0
0
0
0
0
0
0
0
0
0
0
3
0
4
0
3
0
62
255
246
255
255
247
255
238
134
15
0
0
0
0
0
0
0
0
0
0
0
0
0
0
0
6
0
0
80
178
111
87
145
233
254
252
242
211
132
30
0
0
6
0
3
6
0
0
0
0
12
0
0
1
1
0
0
10
2
0
6
51
99
193
255
244
255
152
4
0
4
9
0
0
0
0
0
0
0
0
0
3
9
12
1
0
8
15
0
0
2
21
100
219
255
226
233
38
0
3
21
0
0
0
0
0
0
3
5
0
0
0
7
8
0
0
0
9
1
0
2
13
158
255
248
91
21
0
0
12
0
0
0
0
4
1
0
0
0
0
0
0
0
11
0
0
13
0
68
232
250
242
255
89
0
9
0
0
0
0
0
0
2
0
0
5
9
6
3
3
0
4
4
0
27
148
244
252
248
253
180
11
13
0
21
0
0
0
0
0
0
4
5
0
0
0
0
2
2
1
0
11
125
253
255
180
124
44
2
1
0
12
0
2
0
0
0
0
0
2
3
0
0
7
6
0
4
0
0
11
102
255
244
77
0
0
0
4
1
0
10
0
0
0
0
0
0
0
0
0
0
0
0
0
0
8
0
0
0
172
255
243
111
0
0
4
1
0
4
0
0
0
0
0
0
0
0
0
0
0
0
0
11
0
0
0
4
24
231
255
202
57
3
0
0
8
0
7
0
0
0
0
0
0
0
0
0
0
0
0
0
0
2
0
0
0
81
233
255
174
0
0
3
0
5
1
0
0
0
0
0
0
0
0
0
0
0
0
0
15
0
7
0
10
0
132
244
243
20
0
12
0
14
0
0
0
0
0
0
0
0
0
0
0
0
0
4
2
0
4
6
0
24
11
216
247
102
0
2
10
0
3
0
0
0
0
0
0
0
0
0
0
0
0
6
0
3
0
12
0
0
0
213
255
112
0
1
2
0
2
0
0
0
0
0
0
0
0
0
0
0
0
0
0
10
0
6
11
0
109
236
255
49
2
6
0
12
0
0
0
0
0
0
0
0
0
0
0
0
0
0
8
0
0
0
5
93
232
255
227
7
0
0
7
0
0
0
0
0
0
0
0
0
0
0
0
0
0
0
32
175
200
217
202
255
242
215
105
11
0
9
0
0
3
0
0
0
0
0
0
0
0
0
0
0
0
7
5
94
152
233
247
253
179
41
5
0
0
7
1
0
4
0
0
0
0
0
0
0
0
0
0
0
0
5
0
4
0
6
3
11
0
0
1
6
5
1
0
0
0
0
0
0
0
0
0
0
0
0
0
0
0
0
6
4
0
0
0
2
6
6
6
1
0
0
0
3
1
0
0
0
0
