2
0
0
0
0
10
0
1
0
1
0
2
5
0
1
3
0
0
13
0
0
0
6
0
2
0
0
0
0
3
0
14
5
0
0
11
0
0
0
0
0
0
0
0
0
5
0
4
0
18
0
4
6
0
0
0
0
5
0
0
3
5
7
0
9
0
5
0
0
5
6
1
11
0
7
0
14
0
12
0
0
0
0
0
0
0
9
0
0
2
0
8
191
255
247
197
150
125
73
16
3
23
0
6
0
0
0
11
4
0
0
0
0
0
13
2
0
5
1
18
203
255
255
251
238
252
249
246
255
243
106
9
0
8
6
8
0
0
0
0
0
10
0
0
0
4
12
0
26
79
134
181
207
216
203
196
212
255
255
212
155
26
0
0
14
0
0
0
0
2
0
9
0
0
0
13
3
0
6
12
4
0
0
6
25
77
157
255
253
198
64
10
0
0
0
0
0
0
3
3
0
13
0
2
0
6
0
0
1
0
2
2
0
4
0
64
218
255
154
24
2
0
0
0
0
0
3
12
4
0
0
6
0
0
5
0
7
8
0
0
5
1
0
2
173
249
189
6
2
0
0
0
0
5
0
0
0
0
3
6
0
0
3
0
0
0
0
5
0
0
1
16
14
222
224
117
0
0
0
0
0
2
0
0
5
6
0
0
0
0
5
6
11
0
0
13
5
9
0
0
35
235
255
123
15
0
0
0
0
0
2
2
2
2
0
0
4
7
0
0
7
4
0
0
0
0
0
0
82
239
240
79
0
0
0
0
0
1
8
0
0
0
1
0
6
0
0
0
0
0
0
16
13
17
0
0
170
252
200
20
3
0
0
0
0
0
5
0
0
9
1
0
0
42
71
44
7
0
0
0
0
0
7
56
230
255
208
28
0
0
0
0
0
0
2
0
5
12
0
13
73
153
243
253
186
90
0
0
21
5
3
152
248
255
81
1
0
0
0
0
0
1
5
0
0
0
0
79
213
247
255
242
255
245
125
14
0
49
120
252
247
141
10
0
7
0
0
0
0
7
0
0
0
0
0
175
244
246
204
107
251
255
241
164
85
181
236
255
157
0
0
0
5
0
0
0
0
0
0
0
1
1
5
187
255
166
0
18
58
173
255
242
255
247
255
217
75
24
5
0
4
0
0
0
0
0
0
0
4
0
52
236
228
89
0
2
14
60
255
250
241
255
243
97
1
0
2
0
2
0
0
0
0
0
0
9
5
0
102
255
187
2
13
67
178
212
255
255
255
248
167
0
0
0
21
5
0
0
0
0
0
0
4
5
0
0
80
241
227
200
228
255
255
255
250
185
198
255
214
80
11
3
0
2
3
0
0
0
0
0
8
0
0
5
11
124
255
248
255
243
244
230
155
28
25
127
254
156
12
0
7
9
0
0
0
0
0
0
0
0
0
5
0
25
172
255
252
145
5
27
0
24
0
13
250
248
130
4
13
0
8
0
0
0
0
8
0
11
1
0
10
0
15
0
8
0
14
0
0
0
9
0
2
0
3
7
0
0
0
0
0
0
0
0
0
0
0
0
0
0
0
0
0
0
0
0
0
0
0
0
0
0
0
0
0
0
0
0
0
0
0
0
0
0
0
0
0
0
0
0
0
0
0
0
0
0
0
0
0
0
0
0
0
0
0
0
0
0
0
0
0
0
0
0
0
0
0
0
0
0
0
0
0
0
0
0
0
0
0
0
0
0
0
0
0
0
0
0
0
0
0
0
0
0
0
0
0
0
0
0
0
0
0
0
0
0
0
0
0
0
0
0
0
0
0
