0
0
0
0
0
0
0
0
0
5
0
4
3
0
8
7
0
1
0
0
3
6
0
0
6
0
0
0
0
0
0
0
0
0
0
0
0
6
0
0
0
10
0
0
8
11
0
11
0
0
19
1
0
0
0
0
0
0
0
0
0
0
0
0
0
0
11
12
0
12
0
0
3
3
0
0
2
10
0
0
9
0
0
0
0
0
0
0
0
0
0
0
0
0
5
14
0
3
0
8
0
0
16
0
0
0
0
13
0
0
0
0
0
0
0
0
0
0
0
0
0
6
0
0
0
36
87
168
167
205
178
172
127
31
0
0
1
0
0
0
0
0
0
0
0
0
0
0
0
5
0
40
180
210
149
135
136
136
118
190
217
226
147
0
17
0
0
0
0
0
0
0
0
0
0
0
0
0
178
225
166
45
0
0
0
0
0
6
12
144
230
96
0
0
0
0
0
0
0
0
0
0
0
0
0
171
225
79
1
0
12
0
3
1
0
2
0
3
153
217
11
0
0
0
0
0
0
3
6
0
0
16
114
232
34
0
0
0
8
0
12
0
6
0
8
6
0
240
135
1
0
0
0
3
0
0
5
0
11
136
236
76
0
4
6
0
12
0
0
0
8
0
2
1
0
190
120
0
1
3
5
0
5
0
0
0
61
238
221
0
0
10
3
0
2
1
1
0
3
2
2
3
0
134
131
0
0
0
5
0
5
0
0
6
63
253
137
4
6
0
0
0
0
0
9
7
0
0
0
0
16
142
241
22
4
0
0
6
0
0
14
1
13
235
165
3
6
0
0
12
0
0
0
4
0
4
3
0
0
109
253
45
19
0
1
2
0
0
4
0
2
221
205
0
6
0
0
3
2
1
0
0
0
8
14
2
0
95
218
24
7
0
0
0
3
7
0
0
14
180
192
0
4
9
0
0
1
2
1
4
2
0
0
0
7
154
233
0
0
0
0
3
0
5
0
2
0
125
194
2
0
4
5
0
4
0
5
0
7
0
0
3
3
137
146
2
7
7
1
0
0
0
0
11
0
137
244
0
18
0
7
0
0
3
0
0
0
0
8
0
0
146
129
0
0
0
0
1
4
1
0
0
0
79
250
1
0
0
0
14
20
0
0
0
9
11
0
18
9
195
54
0
0
0
0
0
6
2
0
0
7
33
252
164
0
3
8
0
0
0
9
12
0
4
0
0
102
198
0
0
0
0
0
0
2
3
2
0
13
13
194
243
27
0
0
0
11
12
0
0
0
5
23
16
220
84
3
0
0
0
0
1
0
3
1
0
0
1
79
255
188
76
14
0
1
0
3
4
0
0
0
175
165
5
7
0
0
0
0
2
0
2
0
4
0
3
3
58
222
237
144
11
0
9
0
0
5
21
106
229
26
8
0
0
0
0
0
0
0
1
0
7
0
4
0
0
7
87
232
235
164
137
90
42
130
135
250
97
0
0
1
0
0
0
0
1
0
1
0
3
5
0
9
0
4
0
0
81
169
255
250
255
241
203
56
0
0
4
0
0
0
0
0
0
0
0
0
0
0
0
0
0
0
0
0
0
0
0
0
0
0
0
0
0
0
0
0
0
0
0
0
0
0
0
0
0
0
0
0
0
0
0
0
0
0
0
0
0
0
0
0
0
0
0
0
0
0
0
0
0
0
0
0
0
0
0
0
0
0
0
0
0
0
0
0
0
0
0
0
0
0
0
0
0
0
0
0
0
0
0
0
0
0
0
0
0
0
0
0
0
0
0
0
0
0
0
0
0
0
0
0
0
0
0
0
