1
0
0
0
0
0
0
0
0
0
5
0
0
1
8
0
2
2
0
0
0
0
2
1
0
0
0
0
0
0
0
0
0
0
0
0
0
17
0
2
17
0
0
10
0
2
2
1
1
1
1
0
0
0
0
0
0
0
0
0
0
0
0
0
0
0
6
0
0
5
3
0
2
1
3
4
3
1
0
0
0
0
0
0
0
0
0
0
0
0
0
0
0
9
0
9
10
3
0
2
1
0
1
3
3
0
0
0
0
0
0
0
0
0
0
0
0
0
0
0
0
0
0
0
0
0
4
3
2
0
0
0
0
0
0
0
1
0
0
0
0
0
0
0
0
0
0
0
0
14
0
14
15
0
152
209
50
1
0
0
0
0
2
1
1
0
0
0
0
0
0
0
0
0
0
0
0
0
8
0
0
4
227
255
166
11
4
0
0
1
4
2
0
0
0
0
0
0
0
0
0
0
0
0
0
0
12
0
9
6
155
233
255
20
10
0
0
3
6
2
0
0
0
0
0
0
0
0
0
0
0
0
0
10
0
5
10
0
147
250
255
28
6
0
0
11
0
3
0
0
0
0
0
0
0
0
0
0
0
0
0
0
5
0
0
4
47
249
255
16
0
6
0
2
0
4
0
0
0
0
0
0
0
0
0
0
0
0
0
0
13
0
0
9
0
208
252
63
0
7
0
0
0
0
0
0
0
0
0
0
0
0
0
0
0
0
0
0
2
0
5
3
0
145
250
137
6
0
0
3
0
0
3
0
0
0
0
0
0
0
0
0
0
0
0
3
0
0
11
0
9
133
254
130
1
0
0
5
1
0
2
0
0
0
0
0
0
0
0
0
0
0
0
0
2
0
3
4
0
184
255
50
0
4
0
2
2
0
0
0
0
0
0
0
0
0
0
0
0
0
0
0
3
0
0
6
0
237
252
11
0
4
0
3
0
6
0
0
0
0
0
0
0
0
0
0
0
0
0
3
0
0
0
2
40
255
245
35
10
0
0
9
0
6
5
0
0
0
0
0
0
0
0
0
0
0
0
3
0
10
2
0
26
254
255
25
2
0
2
0
0
2
1
0
0
0
0
0
0
0
0
0
0
0
0
9
0
8
0
0
48
248
249
27
5
0
3
0
0
1
0
0
0
0
0
0
0
0
0
0
0
0
0
7
0
4
0
3
95
255
255
25
6
0
4
0
0
1
0
0
0
0
0
0
0
0
0
0
0
0
0
1
0
3
0
8
132
255
244
19
3
0
3
0
0
2
0
0
0
0
0
0
0
0
0
0
0
0
0
0
0
4
0
1
139
250
197
10
0
0
1
0
0
4
0
0
0
0
0
0
0
0
0
0
0
0
0
0
0
2
0
2
143
251
148
3
0
0
0
0
0
5
0
0
0
0
0
0
0
0
0
0
0
0
0
0
0
0
0
7
144
255
101
2
0
0
1
0
1
5
0
0
0
0
0
0
0
0
0
0
0
0
0
10
2
0
0
5
133
248
55
3
0
2
3
0
1
5
0
0
0
0
0
0
0
0
0
0
0
0
0
0
11
0
3
4
82
150
12
0
0
0
0
0
0
0
0
0
0
0
0
0
0
0
0
0
0
0
0
7
2
0
9
0
0
25
0
0
0
0
0
0
0
0
0
0
0
0
0
0
0
0
0
0
0
0
0
0
6
0
4
11
0
0
10
0
0
0
0
0
0
0
0
0
0
0
0
0
0
0
0
0
0
0
0
0
10
5
0
4
12
0
0
0
0
0
0
0
0
0
0
0
0
0
0
