8
0
0
0
0
0
0
0
0
9
0
1
13
0
11
0
0
3
0
0
4
4
3
6
0
0
0
0
0
0
0
0
0
0
0
0
0
0
21
0
0
4
0
5
9
1
1
1
8
5
0
0
3
0
0
0
0
0
0
0
0
0
0
0
0
10
0
13
0
10
18
0
0
0
0
0
0
2
0
0
9
0
0
0
0
0
0
0
0
0
0
0
0
0
1
2
11
0
0
8
0
3
3
0
0
0
5
0
3
0
0
0
0
0
0
0
0
0
0
0
0
0
20
47
217
246
255
132
14
0
1
13
0
0
9
0
0
0
0
0
0
0
0
0
0
0
0
0
0
5
10
243
255
255
234
255
170
0
0
10
5
0
6
0
6
0
0
0
0
0
0
0
0
0
0
0
0
4
165
255
233
31
38
187
244
79
0
0
3
0
4
0
10
0
0
0
0
0
0
0
0
0
0
0
0
24
243
255
76
0
0
71
251
196
34
0
3
0
6
0
0
0
0
0
0
0
0
0
0
0
0
0
0
22
255
228
24
0
0
8
136
255
33
9
1
0
11
0
0
0
0
0
0
0
0
0
0
0
0
0
0
26
233
246
45
10
2
0
109
245
123
0
0
0
0
4
15
0
0
0
0
0
0
0
0
0
0
0
0
27
251
255
58
0
32
6
98
247
152
0
8
12
0
0
0
0
0
0
0
0
0
0
0
0
0
0
0
5
248
251
75
0
0
14
236
246
58
0
0
0
9
4
0
0
0
0
0
0
0
0
0
0
0
0
0
4
74
238
72
1
8
149
255
255
30
4
13
0
5
0
0
0
0
0
0
0
0
0
0
0
0
0
0
4
0
223
178
24
201
255
246
226
75
8
0
7
0
2
0
0
0
0
0
0
0
0
0
0
0
0
0
2
1
251
224
245
236
255
248
255
241
150
39
0
0
1
0
0
0
0
0
0
0
0
0
0
0
0
0
0
10
141
255
255
255
215
96
93
233
255
120
0
9
6
0
0
0
0
0
0
0
0
0
0
0
0
0
0
6
86
253
245
245
95
0
2
81
255
220
43
3
0
9
0
0
0
0
0
0
0
0
0
0
0
0
11
0
19
212
255
131
0
11
0
17
190
246
133
4
6
0
0
0
0
0
0
0
0
0
0
0
0
0
0
1
138
255
230
39
4
0
5
0
78
255
181
0
0
10
0
0
0
0
0
0
0
0
0
0
0
0
0
0
118
243
213
7
0
0
0
0
78
249
255
5
0
2
0
0
0
0
0
0
0
0
0
0
0
0
7
0
94
255
235
39
0
0
0
16
82
245
204
14
0
0
0
0
0
0
0
0
0
0
0
0
0
0
5
0
0
210
240
241
86
7
10
50
204
255
174
4
26
0
0
0
0
0
0
0
0
0
0
0
0
0
0
0
13
29
255
240
237
233
236
255
255
208
68
0
0
0
0
0
0
0
0
0
0
0
0
0
0
0
0
8
4
0
50
189
255
255
255
253
114
10
14
1
0
6
0
0
0
0
0
0
0
0
0
0
0
0
0
0
0
0
0
0
0
0
0
0
0
0
0
0
0
0
0
0
0
0
0
0
0
0
0
0
0
0
0
0
0
0
0
0
0
0
0
0
0
0
0
0
0
0
0
0
0
0
0
0
0
0
0
0
0
0
0
0
0
0
0
0
0
0
0
0
0
0
0
0
0
0
0
0
0
0
0
0
0
0
0
0
0
0
0
0
0
0
0
0
0
0
0
0
0
0
0
0
0
0
0
0
0
0
