1
0
0
0
0
0
0
0
0
5
0
0
9
0
0
8
0
4
0
1
3
0
0
4
0
0
0
0
0
0
0
0
0
0
0
0
0
3
0
0
6
1
1
9
0
1
0
0
1
0
4
0
3
0
0
0
0
0
0
0
0
0
0
0
0
4
0
0
1
0
0
0
0
0
0
10
9
1
14
0
0
0
0
0
0
0
0
0
0
0
0
0
0
2
0
0
0
3
0
0
10
0
3
14
0
0
11
0
16
0
0
0
0
0
0
0
0
0
0
0
0
0
0
2
0
8
1
0
60
255
249
184
31
10
0
0
0
0
0
0
0
0
0
0
0
0
0
0
0
0
0
4
0
4
0
10
119
250
253
152
0
0
0
7
6
0
0
0
0
0
0
0
0
0
0
0
0
4
1
5
0
1
0
34
193
249
255
117
4
1
3
0
0
0
0
0
0
0
0
0
0
0
0
0
0
0
0
4
0
9
9
73
255
250
255
74
3
0
8
0
0
0
0
0
0
0
0
0
0
0
0
0
0
0
8
0
0
0
0
195
255
255
230
0
8
0
8
0
0
0
0
0
0
0
0
0
0
0
0
0
0
0
0
3
14
0
46
219
251
241
240
0
0
6
0
0
1
0
0
0
0
0
0
0
0
0
0
0
0
5
0
0
10
0
106
248
255
250
180
4
0
4
1
0
4
0
0
0
0
0
0
0
0
0
0
0
0
6
0
0
1
5
177
255
255
255
60
5
2
0
10
0
4
0
0
0
0
0
0
0
0
0
0
0
0
0
5
0
7
74
243
253
247
174
0
2
5
0
7
0
3
0
0
0
0
0
0
0
0
0
0
0
0
0
10
0
0
125
255
247
248
50
3
0
0
10
0
0
2
0
0
0
0
0
0
0
0
0
0
0
0
3
3
0
0
153
255
251
254
4
13
0
0
10
0
7
0
0
0
0
0
0
0
0
0
0
0
0
0
0
0
5
19
182
255
255
249
33
0
0
2
0
0
7
0
0
0
0
0
0
0
0
0
0
0
0
0
7
0
0
46
247
255
248
140
0
0
0
0
0
0
0
0
0
0
1
0
0
0
0
0
0
0
0
0
8
0
5
55
242
255
226
36
0
0
0
0
0
0
0
0
4
1
1
5
0
0
0
0
0
0
0
0
0
20
84
238
255
255
147
4
0
0
0
0
0
0
0
0
4
0
0
1
0
0
0
0
0
0
0
0
0
0
97
255
241
249
68
0
0
0
0
0
0
0
0
0
2
0
0
0
0
0
0
0
0
0
0
0
22
4
189
235
251
255
76
0
0
0
0
0
0
0
0
0
0
7
7
0
0
0
0
0
0
0
0
0
0
51
255
255
255
210
36
0
0
0
0
0
0
0
0
0
0
0
2
0
0
0
0
0
0
0
0
0
14
143
250
255
251
125
5
5
0
0
0
0
0
0
0
0
18
0
0
0
0
0
0
0
0
0
0
0
25
209
255
238
252
22
0
0
0
0
0
0
0
0
0
0
73
23
0
0
0
0
0
0
0
0
0
0
0
0
0
0
0
0
0
0
0
0
0
0
0
0
0
0
0
0
0
0
0
0
0
0
0
0
0
0
0
0
0
0
0
0
0
0
0
0
0
0
0
0
0
0
0
0
0
0
0
0
0
0
0
0
0
0
0
0
0
0
0
0
0
0
0
0
0
0
0
0
0
0
0
0
0
0
0
0
0
0
0
0
0
0
0
0
0
0
0
0
0
0
0
0
0
0
0
0
0
0
0
0
0
0
