2
0
0
0
0
0
0
0
0
8
0
0
18
0
0
9
8
0
4
0
6
0
13
3
0
0
0
0
0
0
0
0
0
0
0
0
0
0
16
7
0
22
0
0
0
0
3
0
1
14
0
0
9
0
0
0
0
0
0
0
0
0
0
0
0
4
0
0
15
0
9
3
14
15
3
0
3
0
0
22
0
0
0
0
0
0
0
0
0
0
0
0
0
5
0
8
0
0
0
0
0
0
7
0
0
3
11
0
7
0
0
0
0
0
0
0
0
0
0
0
0
5
0
0
9
14
197
255
254
255
90
16
0
5
0
0
12
0
0
0
0
0
0
0
0
0
0
0
0
0
1
18
7
185
242
246
255
255
233
177
0
0
8
6
0
0
0
0
0
0
0
0
0
0
0
0
0
6
0
28
162
251
255
159
193
247
255
244
140
36
0
6
0
0
0
0
0
0
0
0
0
0
0
0
0
0
11
75
255
255
203
5
16
85
248
255
244
75
8
0
1
0
0
0
0
0
0
0
0
0
0
0
0
0
4
158
255
142
20
5
0
16
75
236
248
186
0
8
0
0
0
0
0
0
0
0
0
0
0
0
0
0
16
137
229
31
0
8
15
0
5
207
253
204
2
0
1
0
0
0
0
0
0
0
0
0
0
0
0
0
6
17
81
0
12
0
0
15
0
209
250
222
0
0
9
0
0
0
0
0
0
0
0
0
0
0
0
0
0
0
0
1
13
0
0
0
0
207
246
218
0
4
0
0
0
0
0
0
0
0
0
0
0
0
0
8
0
11
4
0
0
16
0
0
82
219
251
140
0
11
0
0
0
0
0
0
0
0
0
0
0
0
0
7
0
0
0
3
1
0
0
16
197
252
255
63
0
4
3
0
0
0
0
0
0
0
0
0
0
0
0
0
21
0
0
10
2
0
25
34
225
255
231
40
11
0
0
0
0
0
0
0
0
0
0
0
0
0
0
3
0
1
0
1
0
3
0
150
255
255
134
9
0
6
3
0
0
0
0
0
0
0
9
0
2
0
20
131
212
208
84
0
7
4
94
249
255
194
0
3
0
12
0
0
0
0
0
6
4
0
0
0
0
13
95
248
255
240
254
88
6
0
118
255
232
134
13
0
0
0
12
0
0
0
0
1
0
1
0
0
0
8
164
245
211
239
255
220
210
69
216
249
237
54
0
10
0
0
1
0
0
0
0
0
0
2
0
5
0
20
230
255
56
33
70
245
238
255
255
246
151
0
0
20
0
5
0
0
0
0
0
7
2
0
0
4
9
45
255
241
181
37
57
159
255
246
255
255
66
0
2
0
0
0
7
0
0
0
0
2
2
0
0
0
5
24
176
255
237
255
247
241
255
253
254
253
170
9
13
0
0
0
4
0
0
0
0
0
1
1
4
0
0
0
50
187
255
245
255
252
241
250
243
244
205
16
3
7
0
3
0
0
0
0
0
0
6
1
5
0
7
0
0
13
0
82
117
48
0
14
168
254
35
8
0
0
8
0
0
0
0
0
0
0
0
0
0
0
0
0
0
0
0
0
0
0
0
0
0
0
0
0
0
0
0
0
0
0
0
0
0
0
0
0
0
0
0
0
0
0
0
0
0
0
0
0
0
0
0
0
0
0
0
0
0
0
0
0
0
0
0
0
0
0
0
0
0
0
0
0
0
0
0
0
0
0
0
0
0
0
0
0
0
0
0
0
0
0
0
0
0
0
0
0
0
0
0
0
0
0
0
0
0
0
0
0
0
0
0
0
0
0
0
0
0
