3
0
0
0
0
0
0
0
0
4
1
0
8
4
0
9
0
0
0
4
0
10
0
3
0
0
0
0
0
0
0
0
0
0
0
0
0
0
0
0
4
0
0
8
0
13
4
0
21
0
3
0
0
0
0
0
0
0
0
0
0
0
0
0
0
0
0
6
2
0
0
1
0
0
0
8
0
14
0
4
5
0
0
0
0
0
0
0
0
0
0
0
0
13
2
1
5
0
0
0
0
3
24
0
0
17
19
0
1
0
0
0
0
0
0
0
0
0
0
0
0
0
0
0
0
0
0
12
0
0
7
0
0
0
0
0
1
0
0
0
0
0
0
0
0
0
0
0
0
0
7
3
0
50
159
244
255
255
160
118
45
1
0
27
0
0
0
0
0
0
0
0
0
0
0
0
0
0
23
123
149
190
255
246
255
249
249
255
246
96
14
0
8
0
0
0
0
0
0
0
0
0
0
0
0
2
16
199
251
255
255
134
150
235
238
243
255
247
97
0
5
0
0
0
0
0
0
0
0
0
0
0
0
2
0
29
189
202
88
1
0
0
35
218
248
255
143
0
2
0
0
0
0
0
0
0
0
0
0
0
0
1
0
0
0
7
0
22
73
158
210
255
254
209
124
13
0
0
0
0
0
0
0
0
0
0
0
0
0
8
3
13
0
0
8
152
255
250
255
171
96
17
3
0
0
0
0
0
0
0
0
0
0
0
0
0
0
0
9
0
8
73
185
255
226
161
117
1
0
0
17
8
1
0
0
0
0
0
0
0
0
0
0
0
0
0
10
91
166
220
254
179
57
0
0
0
6
0
0
0
8
0
0
0
0
0
0
0
0
0
0
0
0
25
21
247
255
209
110
15
3
15
0
9
0
7
11
0
0
0
0
0
0
0
0
0
0
0
0
0
0
0
31
255
253
212
149
61
0
0
0
7
0
0
0
5
4
0
0
0
0
0
0
0
0
0
0
0
0
0
17
146
228
253
255
217
91
7
0
0
7
3
0
5
0
0
0
0
0
1
5
0
1
1
0
1
0
2
4
2
27
97
229
255
237
158
78
22
5
0
7
3
0
0
0
0
0
0
0
1
2
0
0
4
0
0
0
4
0
0
42
133
242
255
246
155
47
11
0
0
12
0
0
0
0
4
0
1
1
0
0
6
4
2
0
0
15
4
0
4
64
193
249
255
242
60
2
0
0
0
0
0
0
11
0
1
5
2
0
0
0
0
6
8
0
0
0
0
7
16
122
248
255
211
22
14
8
0
0
0
0
0
0
5
7
4
0
5
55
0
0
0
0
7
11
0
0
8
125
247
243
169
0
0
0
0
0
0
0
0
0
5
0
0
8
68
209
54
1
0
0
0
4
71
146
214
255
255
211
31
0
11
0
0
0
0
0
4
4
4
0
0
5
78
255
213
119
106
120
162
204
250
255
255
207
95
2
0
4
2
2
0
0
0
0
0
0
4
0
13
0
14
204
255
235
255
243
240
255
255
203
133
37
0
14
1
0
0
2
0
0
0
0
0
0
0
0
0
1
4
5
208
246
248
253
172
124
38
5
0
0
0
0
0
0
0
0
0
0
0
0
0
0
0
0
0
0
2
4
0
9
0
6
0
0
0
0
0
0
0
0
0
0
0
0
0
0
0
0
2
1
0
0
0
0
1
2
0
0
0
0
3
9
6
2
0
0
0
0
0
0
0
0
0
0
0
0
2
2
0
0
0
0
0
0
13
5
7
0
6
0
0
0
0
0
0
0
0
0
0
0
0
0
0
0
