6
0
0
0
0
0
0
0
0
0
0
0
7
0
5
0
2
0
6
3
0
12
0
4
0
0
0
0
0
0
0
0
0
0
0
0
0
1
11
0
0
14
0
0
8
6
2
0
25
0
0
0
5
0
0
0
0
0
0
0
0
0
0
0
0
0
13
0
2
8
0
0
6
1
0
11
0
0
27
8
0
0
0
0
0
0
0
0
0
0
0
0
0
0
0
6
9
0
3
7
0
19
242
177
18
20
0
1
0
0
0
0
0
0
0
0
0
0
0
0
0
8
0
0
2
0
19
0
7
93
255
206
19
0
0
4
6
0
0
0
0
0
0
0
0
0
0
0
0
0
10
0
0
6
0
0
105
255
255
43
0
24
0
1
0
0
0
0
0
0
0
0
0
0
0
0
0
0
10
3
3
4
0
118
206
239
93
0
0
0
2
0
8
0
0
0
0
0
0
0
0
0
0
0
0
13
0
0
0
0
25
255
242
61
0
8
0
5
5
0
0
0
0
0
0
0
0
0
0
0
0
0
0
3
1
2
7
17
216
255
118
10
0
8
3
0
21
0
0
0
0
0
0
0
0
0
0
0
0
0
0
0
0
3
10
235
255
107
22
0
0
2
0
8
0
12
10
0
0
0
0
0
0
0
0
0
0
0
0
0
0
0
119
247
242
33
0
0
13
13
0
5
0
1
0
0
0
0
0
0
0
0
0
0
0
0
0
8
3
74
223
255
62
0
14
12
0
0
8
0
13
0
9
0
0
0
0
0
0
0
0
0
0
0
0
0
70
224
255
164
4
24
0
3
2
45
167
103
43
8
0
0
0
0
0
0
0
0
0
0
0
0
0
12
128
255
255
35
5
0
1
0
19
229
255
225
217
57
6
0
0
0
0
0
0
0
0
0
0
0
0
11
238
255
105
4
0
0
53
192
255
242
228
236
255
182
0
0
0
0
0
0
0
0
0
0
0
0
0
125
255
193
13
2
4
149
238
255
228
68
16
95
253
136
3
0
0
0
0
0
4
6
0
11
3
0
84
220
244
88
0
35
192
255
247
125
25
35
180
245
146
32
0
0
0
0
0
7
0
0
6
8
0
13
169
254
177
19
84
236
255
210
93
53
122
218
252
167
38
0
0
0
0
0
0
3
0
4
0
0
0
10
98
249
255
142
244
244
239
216
218
242
237
190
102
23
0
0
8
0
0
0
0
0
0
8
0
0
12
0
0
147
244
255
242
246
255
255
229
189
129
47
0
0
0
5
0
0
0
0
0
3
0
0
3
1
0
0
1
30
101
252
241
190
137
13
34
0
0
0
7
10
2
0
0
0
0
0
0
8
0
0
3
3
0
0
14
3
67
255
7
21
2
7
0
6
0
0
0
0
1
5
7
0
0
0
0
0
9
0
0
3
4
0
0
0
83
214
33
0
0
5
7
0
5
5
0
0
0
0
0
0
0
0
0
0
6
0
0
7
0
0
8
0
0
7
0
11
1
6
0
0
0
0
3
2
0
0
1
0
0
0
0
0
0
0
0
0
0
0
0
0
0
0
0
0
0
0
0
0
0
0
0
0
0
0
0
0
0
0
0
0
0
0
0
0
0
0
0
0
0
0
0
0
0
0
0
0
0
0
0
0
0
0
0
0
0
0
0
0
0
0
0
0
0
0
0
0
0
0
0
0
0
0
0
0
0
0
0
0
0
0
0
0
0
0
0
0
0
0
0
0
0
0
0
0
0
0
0
0
0
0
0
0
0
0
0
0
0
0
0
0
0
0
0
