1
0
0
0
0
0
0
0
0
1
2
7
0
0
5
0
1
13
0
2
0
0
0
22
0
0
0
0
0
0
0
0
0
0
0
0
0
3
0
0
0
7
9
1
0
0
23
0
4
18
0
0
6
0
0
0
0
0
0
0
0
0
0
0
0
4
0
0
4
1
0
6
0
27
0
0
0
2
16
0
14
0
0
0
0
0
0
0
0
0
0
0
0
0
4
2
4
0
0
12
0
0
0
12
0
6
0
0
0
0
0
0
0
0
0
0
0
0
0
0
0
0
3
4
0
0
5
11
0
1
46
231
82
0
14
2
2
0
0
0
0
0
0
0
0
0
0
0
0
0
0
1
0
4
8
0
0
56
224
251
33
3
0
0
3
0
0
0
0
0
0
0
0
0
0
0
0
6
0
7
0
3
0
0
67
221
252
159
0
0
21
1
5
0
0
0
0
0
0
0
0
0
0
0
0
2
0
16
0
3
0
12
170
252
225
33
0
9
0
0
0
0
0
0
0
0
0
0
0
0
0
0
0
0
4
0
2
0
0
63
254
247
22
0
5
8
0
10
0
0
0
0
0
0
0
0
0
0
0
0
0
0
0
9
3
0
13
241
245
201
17
0
0
2
0
7
0
0
0
0
0
0
0
0
0
0
0
0
0
1
9
0
2
6
0
219
255
119
3
1
0
2
0
4
0
0
0
0
0
0
0
0
0
0
0
0
0
7
0
1
0
0
77
249
238
37
0
5
0
7
1
2
0
0
0
0
0
0
0
0
0
0
0
0
0
0
1
64
0
0
95
233
183
0
0
6
0
4
1
1
0
0
0
0
0
0
0
0
0
0
0
0
0
5
0
0
1
78
234
255
113
0
1
4
0
0
0
1
3
0
0
0
0
0
0
0
0
0
0
0
0
2
3
0
16
47
255
255
1
5
3
0
0
0
0
3
2
0
0
0
0
0
0
0
0
0
0
0
0
0
3
2
0
140
255
188
51
2
0
0
9
4
1
5
0
0
0
0
0
0
0
0
0
0
0
0
0
0
7
0
121
232
253
80
1
0
0
0
0
0
0
0
0
0
0
0
0
0
0
0
0
0
0
0
0
6
0
3
162
255
245
35
1
0
0
0
0
0
0
0
0
0
0
0
0
0
0
0
0
0
0
0
0
20
0
0
158
241
207
27
0
0
0
0
0
0
0
0
0
0
0
0
0
0
0
0
0
0
0
0
0
0
1
44
250
255
61
0
10
0
0
0
0
0
0
0
0
0
0
0
0
0
0
0
0
0
0
0
0
2
9
113
255
255
21
0
0
0
0
0
0
0
0
0
0
0
0
0
0
0
0
0
0
0
0
0
0
0
22
237
238
175
9
5
11
0
0
0
0
0
0
0
0
0
0
0
0
0
0
0
0
0
0
0
0
8
0
247
255
177
13
0
0
0
0
0
0
0
0
0
0
0
0
0
0
0
0
0
0
0
0
0
0
2
0
255
254
134
0
4
3
0
0
0
0
0
0
0
0
0
0
0
0
0
0
0
0
0
0
0
0
0
0
0
0
0
0
0
0
0
0
0
0
0
0
0
0
0
0
0
0
0
0
0
0
0
0
0
0
0
0
0
0
0
0
0
0
0
0
0
0
0
0
0
0
0
0
0
0
0
0
0
0
0
0
0
0
0
0
0
0
0
0
0
0
0
0
0
0
0
0
0
0
0
0
0
0
0
0
0
0
0
0
0
0
0
0
0
0
0
0
0
0
0
0
0
0
0
0
0
0
0
0
0
0
