5
0
0
0
0
0
0
0
0
11
0
0
6
3
0
0
7
0
1
5
1
0
9
0
0
0
0
0
0
0
0
0
0
0
0
0
0
0
5
14
0
0
0
9
0
6
24
0
0
24
0
0
0
0
0
0
0
0
0
0
0
0
0
0
0
0
6
0
5
17
0
0
3
2
0
0
7
0
0
0
6
0
0
0
0
0
0
0
0
0
0
0
0
0
22
0
0
0
4
0
11
9
5
11
13
0
10
0
0
0
0
0
0
0
0
0
0
0
0
0
0
0
0
0
1
0
7
11
33
186
205
0
0
9
1
0
0
0
0
0
0
0
0
0
0
0
0
0
0
5
0
162
201
183
140
187
248
251
205
0
0
3
2
0
8
0
0
0
0
0
0
0
0
0
0
0
0
0
0
206
255
247
255
246
200
72
5
2
11
0
15
0
0
0
0
0
0
0
0
0
0
0
0
0
0
0
0
213
255
81
70
7
6
7
0
10
0
0
0
9
2
0
0
0
0
0
0
0
0
0
0
0
0
17
0
158
240
74
2
0
1
3
6
1
0
0
0
7
0
0
0
0
0
0
0
0
0
0
0
0
0
0
10
114
255
81
5
2
0
0
0
3
11
1
6
0
1
0
0
0
0
0
0
0
0
0
0
0
0
0
6
129
255
158
85
175
153
117
11
0
0
0
16
0
13
0
0
0
0
0
0
0
0
0
0
0
0
3
0
61
252
255
255
243
230
244
220
46
0
19
0
13
0
0
0
0
0
0
0
0
0
0
0
0
0
0
14
50
246
255
143
20
25
141
255
212
4
9
5
0
2
0
0
0
0
0
0
0
0
0
0
0
0
0
2
78
255
199
1
0
0
0
152
255
109
0
0
23
0
0
0
0
0
0
0
0
0
0
0
0
0
11
0
0
155
45
0
10
0
11
18
251
221
5
0
8
0
0
0
0
0
0
0
0
0
0
0
0
0
0
14
0
0
0
9
0
7
0
9
174
246
48
0
2
2
0
0
0
0
0
0
0
0
0
0
0
0
0
2
3
0
18
0
9
2
3
0
90
244
161
0
14
0
0
0
0
0
0
0
0
0
0
0
0
0
3
0
6
12
0
17
0
4
0
1
17
253
251
36
0
12
0
0
0
0
0
0
0
0
0
0
0
0
0
76
210
0
11
0
0
1
6
0
6
183
254
0
0
9
0
0
0
0
0
0
0
0
0
0
0
0
18
237
135
8
0
3
7
0
0
3
2
203
249
26
9
0
0
0
0
0
0
0
0
0
0
0
0
0
22
242
197
9
3
3
7
0
1
3
0
189
250
21
0
1
0
0
0
0
0
0
0
0
0
0
0
0
0
196
255
213
101
22
12
0
0
22
132
247
234
7
10
13
0
0
0
0
0
0
0
0
0
0
0
0
0
3
131
250
255
255
188
219
204
232
255
240
65
0
0
0
0
0
0
0
0
0
0
0
0
0
0
0
5
0
6
15
126
218
255
255
255
236
177
44
0
4
3
3
0
0
0
0
0
0
0
0
0
0
0
0
0
0
0
0
0
0
0
0
0
0
0
0
0
0
0
0
0
0
0
0
0
0
0
0
0
0
0
0
0
0
0
0
0
0
0
0
0
0
0
0
0
0
0
0
0
0
0
0
0
0
0
0
0
0
0
0
0
0
0
0
0
0
0
0
0
0
0
0
0
0
0
0
0
0
0
0
0
0
0
0
0
0
0
0
0
0
0
0
0
0
0
0
0
0
0
0
0
0
0
0
0
0
0
0
