6
0
0
0
0
0
0
0
0
2
0
0
2
2
4
5
0
0
0
11
0
8
4
0
3
0
0
0
0
0
0
0
0
0
0
0
0
0
0
0
2
0
0
2
0
3
17
0
0
9
0
7
0
0
0
0
0
0
0
0
0
0
0
0
0
0
1
1
0
0
0
0
0
0
0
11
5
2
0
0
16
0
0
0
0
0
0
0
0
0
0
0
0
1
2
0
0
4
4
0
1
5
0
0
0
8
6
5
0
0
0
0
0
0
0
0
0
0
0
0
0
0
0
0
3
15
6
0
0
19
104
161
253
220
0
12
0
0
0
0
0
0
0
0
0
0
0
0
0
0
2
0
2
8
0
0
17
188
238
246
255
196
0
7
0
0
0
0
0
0
0
0
0
0
0
0
0
1
6
0
0
0
0
33
121
253
255
217
71
0
0
16
3
0
0
0
0
0
0
0
0
0
0
0
0
0
4
0
0
1
17
116
255
255
157
12
2
3
1
0
1
0
0
0
0
0
0
0
0
0
0
0
0
7
0
12
0
1
112
250
252
198
17
0
0
0
12
0
4
0
0
0
0
0
0
0
0
0
0
0
0
3
0
0
11
8
194
243
231
53
0
13
7
0
7
0
5
0
0
0
0
0
0
0
0
0
0
0
0
4
0
8
0
104
245
255
162
0
0
11
0
0
9
6
0
0
0
0
0
0
0
0
0
0
0
0
0
4
7
17
0
218
255
238
71
6
7
0
0
3
2
1
0
0
0
0
0
0
0
0
0
0
0
0
0
0
3
0
0
229
253
118
0
0
8
0
6
7
0
0
3
0
0
0
0
0
0
0
0
0
0
0
0
11
8
4
56
245
239
39
10
0
9
4
0
0
0
3
3
0
0
0
0
0
0
0
0
0
0
0
0
0
0
2
114
242
137
0
0
8
4
0
0
0
8
6
0
0
0
0
0
0
0
0
0
0
0
0
0
0
15
0
207
254
78
7
0
0
0
4
8
2
2
0
1
0
0
0
0
0
0
0
0
0
0
0
0
10
0
6
255
255
122
69
26
0
3
2
0
0
8
0
6
0
0
0
0
0
0
0
0
0
0
0
0
0
0
0
187
245
250
255
199
75
0
0
9
3
0
0
0
0
0
0
0
0
0
0
0
0
0
0
0
7
5
5
176
255
239
184
246
216
17
0
10
0
0
6
0
0
0
0
0
0
0
0
0
0
0
0
0
0
0
0
112
253
172
44
255
255
34
3
0
0
0
10
0
0
0
0
0
0
0
0
0
0
0
0
0
0
10
6
12
192
245
207
255
139
8
7
0
10
1
5
0
0
0
0
0
0
0
0
0
0
0
0
0
4
6
0
242
193
255
250
253
12
0
9
0
7
0
1
5
0
0
0
0
0
0
0
0
0
0
0
0
9
0
17
197
255
246
198
43
0
3
0
0
3
0
3
9
0
0
0
0
0
0
0
0
0
0
0
0
0
7
0
92
189
130
5
5
2
7
0
9
14
0
6
0
0
0
0
0
0
0
0
0
0
0
0
0
0
0
0
0
0
0
0
0
0
0
0
0
0
0
0
0
0
0
0
0
0
0
0
0
0
0
0
0
0
0
0
0
0
0
0
0
0
0
0
0
0
0
0
0
0
0
0
0
0
0
0
0
0
0
0
0
0
0
0
0
0
0
0
0
0
0
0
0
0
0
0
0
0
0
0
0
0
0
0
0
0
0
0
0
0
0
0
0
0
0
0
0
0
0
0
0
0
0
0
0
0
0
0
0
