3
0
1
4
1
0
0
2
0
0
3
3
0
3
1
0
0
5
0
4
2
0
1
8
0
0
0
0
0
4
0
0
0
2
9
10
3
5
3
0
0
0
0
0
9
1
0
0
0
5
0
5
0
0
0
0
0
0
11
2
0
9
0
0
0
2
0
0
0
3
6
4
0
0
13
3
0
5
0
9
0
0
0
0
0
9
0
1
16
0
0
26
9
4
0
2
0
0
1
6
0
0
0
9
0
0
0
12
0
0
0
0
0
2
1
0
0
5
0
0
1
7
52
126
199
247
250
197
134
42
0
0
3
7
5
2
0
0
0
0
0
0
17
3
0
7
10
51
140
220
243
252
248
245
237
237
253
186
53
0
2
5
0
0
3
0
0
0
0
13
0
10
21
0
43
199
255
252
255
205
122
50
18
100
239
255
178
10
0
0
0
0
6
0
0
0
0
0
12
1
0
3
0
22
98
112
69
3
0
8
0
13
118
244
251
37
0
1
1
9
0
0
0
0
0
6
0
0
6
5
0
2
8
1
0
0
0
0
0
0
18
225
255
59
3
0
0
12
0
0
0
0
0
0
16
5
0
6
8
0
0
1
0
0
11
2
0
21
3
183
231
27
0
14
0
0
16
0
0
0
0
0
4
3
0
0
3
8
13
6
0
5
0
0
0
5
120
242
174
0
1
0
0
19
0
0
0
0
0
8
0
3
7
0
0
0
0
0
14
4
0
0
63
208
240
232
6
13
9
0
18
0
0
0
0
0
0
0
0
8
1
5
1
0
9
12
63
107
101
174
255
240
251
234
97
33
3
2
0
0
9
0
0
0
0
0
9
0
0
20
0
22
202
253
253
250
255
245
229
255
252
255
255
225
13
8
0
4
0
0
0
0
0
6
0
0
0
10
0
40
233
229
252
235
135
60
23
0
4
81
246
249
220
32
8
5
0
0
0
0
0
6
0
15
0
0
10
0
6
3
0
0
5
1
0
1
0
5
14
210
241
225
16
0
0
0
0
0
0
0
2
3
0
0
0
0
0
2
0
1
0
0
1
8
2
0
8
21
211
255
46
0
10
0
0
0
0
0
1
1
0
0
0
0
0
0
12
3
0
4
0
0
1
0
0
0
177
255
165
0
0
0
0
0
0
1
0
0
0
1
0
0
0
0
0
0
0
5
4
0
7
18
0
1
72
232
167
7
0
0
0
0
0
2
0
0
0
2
0
0
0
5
0
0
4
0
2
2
0
0
0
9
163
255
142
7
0
0
0
0
0
2
0
0
1
2
0
0
3
0
12
8
0
0
0
0
11
3
10
75
243
255
55
0
0
0
0
0
0
2
0
0
2
2
0
3
12
74
128
78
8
13
1
0
49
88
111
247
255
208
27
10
5
0
0
0
0
1
0
0
3
0
0
6
22
234
255
251
206
217
234
233
242
255
255
255
194
41
14
0
0
0
0
0
0
1
0
0
4
0
0
9
28
233
227
255
255
243
255
240
133
129
52
3
23
0
3
0
6
0
0
0
0
0
0
0
0
0
0
0
0
0
0
0
0
0
0
0
0
0
0
0
0
0
0
0
0
0
0
0
0
0
0
0
0
0
0
0
0
0
0
0
0
0
0
0
0
0
0
0
0
0
0
0
0
0
0
0
0
0
0
0
0
0
0
0
0
0
0
0
0
0
0
0
0
0
0
0
0
0
0
0
0
0
0
0
0
0
0
0
0
0
0
0
0
0
0
0
0
0
0
0
0
0
0
0
0
0
0
0
0
0
0
0
0
