4
0
0
0
0
0
0
0
0
0
5
4
0
0
0
0
5
1
0
3
4
0
0
2
0
0
0
0
0
0
0
0
0
0
0
0
0
5
0
0
0
9
1
0
0
1
0
0
0
0
3
3
0
0
0
0
0
0
0
0
0
0
0
0
0
0
2
0
0
6
7
4
8
12
3
3
2
0
0
2
0
0
0
0
0
0
0
0
0
0
0
0
0
0
10
10
0
0
0
0
0
0
0
5
9
0
0
1
1
0
0
0
0
0
0
0
0
0
0
0
0
5
7
1
0
0
0
1
25
9
0
0
6
6
1
2
1
0
0
0
0
0
0
0
0
0
0
0
0
8
0
0
7
0
1
89
211
149
64
0
0
1
1
1
0
0
0
0
0
0
0
0
0
0
0
0
0
0
0
0
10
0
11
131
255
255
127
11
0
0
0
0
2
0
0
0
0
0
0
0
0
0
0
0
0
3
1
0
2
0
4
68
152
253
114
5
0
8
0
0
4
0
0
0
0
0
0
0
0
0
0
0
0
0
0
0
6
0
0
10
96
247
244
0
0
19
0
0
8
0
0
0
0
0
0
0
0
0
0
0
0
0
8
42
255
37
9
0
0
252
255
8
2
1
0
6
0
0
0
0
0
0
0
0
0
0
0
0
0
0
3
57
254
6
0
5
10
255
251
0
7
0
0
15
0
0
0
0
0
0
0
0
0
0
0
0
0
6
0
174
255
0
0
17
49
255
243
0
3
0
0
9
0
0
0
0
0
0
0
0
0
0
0
0
0
0
81
250
245
4
18
0
109
255
255
11
3
2
0
0
0
0
0
0
0
0
0
0
0
0
0
0
0
18
101
255
255
63
137
162
193
255
255
52
7
0
0
0
0
0
0
0
0
0
0
0
0
0
0
0
0
0
95
242
255
251
254
242
255
255
186
35
7
0
0
2
0
0
0
0
0
0
0
0
0
0
0
0
0
0
13
117
194
203
133
94
227
255
97
0
1
3
0
6
0
0
0
0
0
0
0
0
0
0
0
0
0
3
0
4
0
4
14
0
218
251
46
4
5
2
2
0
0
0
0
0
0
0
0
0
0
0
0
0
0
0
0
7
0
2
0
0
195
255
51
4
0
0
0
1
5
0
0
0
0
0
0
0
0
0
0
0
0
0
0
7
0
2
0
23
204
225
29
0
4
0
0
0
0
0
0
0
0
0
0
0
0
0
0
0
0
2
0
3
0
4
2
77
244
203
14
0
6
4
1
0
0
0
0
0
0
0
0
0
0
0
0
0
0
4
0
0
0
0
3
95
255
222
26
0
0
0
0
0
4
0
0
0
0
0
0
0
0
0
0
0
0
3
0
0
2
0
0
71
246
223
26
0
2
0
0
0
1
0
0
0
0
0
0
0
0
0
0
0
0
2
0
0
8
0
0
49
244
222
25
0
5
4
3
0
0
0
0
0
0
0
0
0
0
0
0
0
0
2
0
0
11
0
7
49
255
253
45
0
0
0
0
1
1
0
0
0
0
0
0
0
0
0
0
0
0
1
6
0
5
5
0
57
221
201
27
0
14
0
0
4
0
0
0
0
0
0
0
0
0
0
0
0
0
0
8
0
0
13
0
0
16
18
0
0
3
0
0
0
5
0
0
0
0
0
0
0
0
0
0
0
0
1
9
0
0
0
9
0
0
0
5
14
0
4
9
0
0
0
0
0
0
0
0
0
0
0
0
0
0
0
0
3
3
0
0
4
3
7
9
0
0
6
8
0
1
0
0
0
0
