4
1
3
3
0
0
0
2
4
0
1
7
4
0
0
0
0
0
0
13
8
0
0
0
8
0
0
0
0
0
0
1
0
0
0
0
0
7
0
0
0
0
1
3
6
0
0
0
4
0
6
20
0
0
0
0
0
0
0
0
1
2
2
0
0
4
0
0
3
6
0
0
0
12
0
0
0
6
2
0
16
0
0
0
0
3
0
0
2
4
3
0
0
0
0
4
5
1
0
0
1
0
3
0
6
0
0
24
0
0
0
0
0
4
0
0
1
2
0
0
3
0
5
3
0
0
4
10
7
3
0
0
7
7
0
0
0
0
0
0
0
0
0
0
3
1
0
0
3
1
2
0
0
0
4
0
0
9
0
0
4
0
15
50
9
0
0
0
0
0
0
4
12
6
0
0
4
0
0
0
7
4
0
0
13
0
9
0
14
0
102
222
0
0
0
0
0
0
0
12
21
14
0
0
6
5
0
0
7
0
0
37
100
71
0
8
0
136
250
72
13
0
0
0
0
4
0
0
43
0
3
4
0
0
0
3
6
0
43
233
255
153
6
0
99
243
172
0
0
0
0
0
0
0
6
0
16
0
10
0
0
11
0
1
0
62
242
255
179
53
11
23
206
239
13
0
12
0
0
0
0
0
7
0
0
0
6
0
0
0
2
0
118
246
255
242
61
12
16
232
255
118
10
4
0
0
0
0
0
5
0
2
1
1
0
0
12
4
23
63
206
255
240
56
0
2
214
255
185
0
0
9
2
0
0
0
0
7
0
7
5
0
3
0
0
0
108
255
231
255
255
102
94
214
243
248
33
0
5
16
0
0
0
0
0
2
0
8
0
0
16
0
0
84
250
239
255
248
243
255
255
254
255
246
245
185
234
170
0
0
0
0
0
0
6
0
0
0
11
0
83
231
255
255
255
255
219
255
237
236
255
201
191
155
158
113
1
0
0
0
0
0
13
0
1
5
0
0
197
255
255
253
149
49
108
246
255
230
74
10
2
0
6
0
3
0
0
0
0
10
0
1
1
7
0
14
169
247
238
113
12
46
239
255
255
84
25
0
0
10
0
0
1
0
0
0
0
0
0
9
0
6
3
0
50
91
38
0
22
156
255
249
115
14
0
0
0
3
0
0
6
0
0
0
0
0
0
7
0
0
14
0
0
0
7
7
162
251
253
201
22
0
0
8
4
0
1
2
0
0
0
0
0
5
0
4
0
0
5
0
6
11
9
87
255
236
245
27
0
2
9
8
0
0
5
1
0
0
0
0
0
0
0
7
10
0
0
0
0
0
8
213
245
228
8
0
2
5
0
0
0
0
2
1
0
0
0
0
0
0
0
3
0
0
4
5
0
15
117
255
255
100
10
0
0
0
0
0
6
3
0
0
8
0
0
0
0
1
5
0
0
0
5
10
2
0
255
251
178
2
0
16
0
1
1
5
7
3
0
0
3
0
0
0
0
0
2
0
7
8
0
0
0
14
255
157
5
0
8
0
4
4
0
0
0
0
5
2
0
0
0
0
0
0
0
0
0
0
0
0
0
12
15
13
5
1
2
0
0
0
0
0
0
0
0
0
0
0
0
0
0
0
0
0
0
0
0
0
0
1
4
4
0
0
2
1
0
0
0
0
0
0
0
0
0
0
0
0
0
0
0
0
0
0
0
0
0
0
0
0
0
0
1
2
0
0
0
0
0
0
0
0
0
0
0
0
0
0
0
0
0
0
0
0
0
1
2
1
0
0
1
0
0
0
0
0
0
0
0
0
0
0
0
0
0
