1
0
0
0
0
0
0
0
0
0
0
0
0
0
0
0
0
0
3
3
0
0
0
0
2
0
0
0
0
0
0
0
0
0
0
0
0
0
0
0
0
0
0
0
0
12
0
0
5
5
0
0
3
0
0
0
0
0
0
0
0
0
0
0
0
0
0
0
0
0
0
0
0
0
3
7
0
0
10
9
0
0
0
0
0
0
0
0
0
0
0
0
0
0
0
0
0
0
0
0
0
0
15
0
0
16
0
0
19
0
0
0
0
0
0
0
0
0
0
0
0
0
0
0
0
0
0
0
0
0
0
20
10
0
159
254
136
0
0
0
0
0
0
0
0
0
0
0
0
0
0
0
0
0
0
0
0
16
0
0
0
69
224
255
192
0
0
0
0
0
0
0
0
0
0
0
0
0
0
0
0
0
0
0
0
0
4
19
60
162
255
243
131
0
0
0
0
0
0
0
0
0
0
0
0
0
0
0
0
0
0
0
0
7
0
54
187
255
239
137
51
0
0
0
0
0
0
0
0
0
0
0
0
0
5
6
0
0
9
0
0
3
38
194
255
242
176
51
0
0
0
0
0
0
0
0
0
0
0
0
0
2
0
8
9
0
0
0
7
6
120
255
227
176
7
8
4
0
0
0
0
0
0
0
0
0
0
0
0
1
0
2
0
6
10
0
11
111
237
255
252
34
0
0
9
0
0
0
0
0
0
0
0
0
0
0
0
0
12
0
0
12
3
4
83
227
255
221
134
0
10
10
0
0
0
0
0
0
0
0
0
0
0
0
0
3
0
5
4
0
0
74
210
255
233
130
0
14
0
0
1
0
0
0
0
0
0
0
0
0
0
0
0
4
0
13
2
0
85
207
255
249
172
13
0
11
0
0
8
0
0
0
0
0
0
0
0
0
0
0
0
0
0
5
0
62
209
255
253
199
56
0
0
5
0
11
0
0
0
0
0
0
0
0
0
0
0
0
0
0
10
0
16
163
255
246
255
132
10
4
0
0
12
0
7
0
0
0
0
0
0
0
5
11
0
0
13
6
0
0
180
247
255
255
155
0
0
0
0
0
0
0
0
0
0
0
0
7
0
0
1
0
7
0
0
2
15
202
240
255
253
155
19
0
0
0
0
0
0
0
0
0
0
0
0
4
1
0
0
0
16
0
21
104
202
251
250
251
162
2
0
0
0
0
0
0
0
0
0
0
0
0
0
0
11
0
0
10
0
0
123
255
255
255
231
138
7
7
2
0
0
0
0
0
0
0
0
0
0
0
0
0
9
0
1
4
0
24
200
255
247
255
201
0
4
5
0
0
0
0
0
0
0
0
0
0
0
0
0
9
0
3
9
0
7
124
237
244
247
225
31
3
0
0
3
0
0
0
0
0
0
0
0
0
0
0
0
7
0
4
6
0
22
191
255
255
209
65
0
0
0
9
6
0
0
0
0
0
0
0
0
0
0
0
0
0
0
0
0
1
8
184
255
238
126
0
0
14
0
0
0
0
0
0
0
0
0
0
0
0
0
0
0
0
0
0
0
0
0
0
0
0
0
0
0
0
0
0
0
0
0
0
0
0
0
0
0
0
0
0
0
0
0
0
0
0
0
0
0
0
0
0
0
0
0
0
0
0
0
0
0
0
0
0
0
0
0
0
0
0
0
0
0
0
0
0
0
0
0
0
0
0
0
0
0
0
0
0
0
0
0
0
0
0
0
0
0
0
0
0
0
0
0
0
0
0
0
0
0
0
0
0
0
0
0
0
0
0
0
0
0
0
0
0
0
