9
0
0
0
0
0
0
0
0
3
3
1
0
2
5
0
5
0
2
8
0
0
1
7
0
0
0
0
0
0
0
0
0
0
0
0
0
0
0
3
0
0
0
0
4
9
0
0
10
6
0
0
2
0
0
0
0
0
0
0
0
0
0
0
0
9
1
0
0
8
10
2
0
0
0
9
4
0
0
5
2
0
0
0
0
0
0
0
0
0
0
0
0
0
0
0
3
0
0
2
0
23
0
0
3
10
2
0
0
0
0
0
0
0
0
0
0
0
0
0
0
0
0
0
7
1
0
17
2
0
0
5
2
0
3
7
0
0
0
0
0
0
0
0
0
0
0
0
0
0
0
0
10
0
0
8
0
1
0
0
0
0
0
6
7
0
0
0
0
0
0
0
0
0
0
0
0
7
6
0
1
7
77
221
255
161
39
0
11
28
0
0
7
0
0
0
0
0
0
0
0
0
0
0
0
0
0
20
109
174
224
255
237
255
190
96
20
0
2
10
0
0
0
0
0
0
11
4
0
0
2
0
7
0
13
112
246
253
255
240
255
238
255
252
199
30
0
1
0
0
0
0
0
1
0
0
3
8
4
0
0
0
106
245
248
226
80
44
195
255
250
235
255
110
5
0
8
0
0
0
0
2
0
6
9
0
1
1
13
103
255
239
210
71
1
0
191
254
255
252
239
219
0
0
8
0
0
0
0
0
4
8
0
0
6
2
46
249
255
250
58
0
10
0
205
255
239
255
255
207
0
17
0
0
0
0
0
0
9
0
0
8
12
0
103
255
228
199
0
15
4
0
192
255
243
255
242
213
0
2
0
0
0
0
0
0
6
0
0
9
0
4
209
243
214
36
8
0
72
134
215
255
248
234
197
43
6
8
0
0
0
0
0
0
3
0
5
0
0
9
225
253
175
76
53
59
190
249
251
243
255
245
36
0
0
5
0
0
0
0
0
0
1
0
5
0
11
0
125
247
255
237
247
255
241
255
251
254
239
255
0
1
0
4
0
0
0
0
0
4
0
0
6
0
0
15
51
255
253
255
244
249
191
101
132
255
249
255
0
8
0
10
0
0
0
0
0
5
0
0
2
0
0
3
24
44
145
214
146
72
25
0
38
245
255
249
2
0
6
7
0
0
0
0
0
3
0
0
0
0
0
0
0
0
0
5
0
0
13
0
18
189
255
245
7
0
6
0
2
0
0
0
0
0
0
0
0
1
4
1
0
23
0
0
5
1
0
0
8
126
245
251
11
0
0
0
3
0
0
0
0
0
1
2
0
0
3
3
0
0
0
0
4
6
19
9
0
121
249
255
1
4
0
0
3
0
0
0
0
0
2
2
0
0
0
0
0
0
10
14
0
0
0
5
0
141
255
247
0
0
0
6
0
0
0
0
0
3
0
0
0
0
0
0
0
0
0
0
3
10
7
4
0
115
251
247
18
0
0
1
0
0
0
0
0
5
0
0
2
7
4
0
1
0
8
0
0
1
0
1
0
66
238
255
64
3
2
0
3
0
0
0
0
0
0
0
0
0
0
0
0
0
0
0
0
0
0
0
0
10
219
255
155
0
6
0
10
0
0
0
0
0
0
0
0
0
0
0
0
0
0
0
0
0
0
0
0
0
215
255
146
0
14
0
0
0
0
0
0
0
0
0
0
0
0
0
0
0
0
0
0
0
0
0
0
0
16
0
1
1
10
0
7
0
0
0
0
0
0
0
0
0
0
0
0
0
0
0
0
0
0
0
0
0
4
0
0
0
0
0
11
0
0
0
0
