7
5
0
0
1
1
0
0
4
3
3
1
0
5
8
0
0
0
0
0
0
0
0
0
0
0
0
0
0
0
2
10
11
2
0
0
0
0
0
0
0
0
0
7
10
0
0
0
0
0
0
0
0
0
0
0
0
5
2
0
0
0
5
9
8
3
8
10
4
0
0
0
0
0
0
0
0
0
0
0
0
0
0
0
0
0
0
0
0
0
2
0
0
0
0
0
0
1
3
0
0
0
0
0
0
0
0
0
0
0
0
0
0
0
3
7
2
0
0
6
10
6
2
0
0
0
0
2
3
0
0
0
0
0
0
0
0
0
0
0
0
13
2
0
0
2
2
0
0
0
1
8
9
2
0
0
0
0
0
0
0
0
0
0
0
0
0
0
0
3
0
0
6
6
0
0
4
7
0
0
0
0
0
0
0
0
0
0
0
0
0
0
0
0
0
0
0
0
0
5
0
0
15
105
196
124
72
16
0
0
6
3
0
0
0
0
0
0
0
0
0
0
0
0
0
0
0
0
4
1
106
255
249
255
247
253
235
250
246
255
249
161
128
112
1
0
10
7
0
0
0
0
0
10
0
17
12
0
128
247
255
249
240
255
255
255
251
255
247
249
250
242
108
2
0
1
0
0
0
0
0
0
4
0
0
23
238
247
252
255
255
250
226
255
255
243
255
253
255
244
216
10
14
0
6
0
0
0
0
11
0
13
8
0
187
236
255
255
238
255
255
254
255
250
255
255
236
255
249
84
3
7
0
0
0
0
0
0
5
0
0
0
14
41
151
158
114
49
39
128
149
87
126
255
245
255
252
75
0
4
0
0
0
0
0
7
0
7
16
10
0
3
0
3
0
0
1
5
7
0
57
239
255
232
198
0
10
0
6
0
0
0
0
0
14
9
0
0
2
2
0
5
12
2
0
10
5
0
153
255
255
252
109
2
0
6
0
0
0
0
0
9
0
1
0
3
4
0
5
0
0
4
3
0
0
5
181
245
255
254
94
9
0
0
5
0
0
0
0
0
0
0
0
0
0
0
0
0
0
3
0
0
0
15
166
254
255
243
108
5
0
0
11
0
0
0
0
0
0
0
0
0
0
0
0
10
0
0
4
14
0
35
240
246
247
246
17
1
0
16
0
0
0
0
0
0
0
0
0
0
0
0
0
4
2
2
0
0
0
41
255
255
255
223
9
0
0
0
0
0
0
0
0
0
0
0
0
0
0
0
0
0
0
5
0
0
12
55
255
255
244
129
5
0
15
0
3
0
0
0
0
0
0
0
0
0
0
0
0
6
0
0
10
3
0
50
248
251
255
106
0
0
2
2
0
0
0
0
0
0
0
0
0
0
0
0
0
8
4
0
0
0
0
99
242
255
255
81
15
0
0
0
7
0
0
0
0
0
0
0
0
0
0
0
0
0
9
8
0
5
35
190
255
255
221
71
0
0
27
0
0
0
0
0
0
0
0
0
0
0
0
0
0
0
3
0
0
4
3
182
253
250
255
229
6
0
0
3
0
0
0
0
0
0
0
0
0
0
0
0
0
0
6
0
0
0
11
179
249
254
255
230
0
8
2
0
20
0
0
0
0
0
0
0
0
0
0
0
0
1
0
3
2
5
0
55
255
255
251
99
0
5
13
0
0
0
0
0
0
0
0
0
0
0
0
0
0
0
4
5
0
7
5
0
126
255
232
43
8
0
0
15
5
0
0
0
0
0
0
0
0
0
0
0
0
0
10
0
0
0
5
0
0
0
8
0
10
6
0
0
0
0
0
0
0
