7
0
1
0
3
5
0
3
0
1
1
0
0
4
0
0
0
5
0
0
1
0
0
0
6
0
0
0
0
0
4
5
7
0
0
0
0
2
1
1
3
4
2
1
4
0
0
0
4
6
4
1
1
0
0
0
0
7
0
0
0
0
6
3
4
0
0
1
0
0
0
5
0
0
0
0
0
1
4
0
0
0
0
0
0
0
0
6
0
0
7
0
0
5
1
5
2
0
2
8
0
0
2
0
0
0
0
0
0
0
0
0
0
0
1
8
0
0
3
10
22
0
0
1
0
0
0
2
0
0
4
6
1
0
0
2
3
0
0
0
0
4
5
0
2
3
0
0
0
0
0
0
0
6
0
0
4
0
0
1
5
3
0
0
0
0
0
0
0
0
6
0
16
14
0
12
5
0
11
0
0
19
0
0
7
15
0
0
2
4
0
0
0
0
0
0
0
0
21
0
0
0
15
172
255
251
255
244
245
255
238
210
247
51
17
0
0
5
0
0
8
0
0
0
0
0
12
1
0
5
0
248
255
236
255
188
248
248
255
255
254
255
181
5
0
8
0
4
0
0
0
0
0
1
1
0
0
4
0
124
120
255
235
65
23
3
58
131
191
230
255
77
0
19
0
0
1
0
0
0
0
2
0
0
5
0
6
10
3
0
15
0
0
0
0
0
10
196
255
176
0
0
21
10
7
0
0
0
0
0
0
3
2
0
7
0
0
0
6
7
3
8
4
0
0
133
243
255
0
11
0
1
0
0
0
0
0
0
4
3
0
4
1
2
13
0
0
2
0
2
5
0
6
70
249
240
144
0
0
11
11
0
0
0
0
2
2
0
0
12
0
2
0
8
1
8
4
5
4
0
0
0
255
255
0
0
0
6
0
0
0
0
0
4
0
3
0
5
0
0
0
0
0
0
0
0
0
10
11
131
236
255
1
12
5
0
17
0
0
0
0
5
0
11
1
0
9
0
9
0
7
0
15
0
0
0
0
131
250
255
0
0
5
7
0
0
0
0
0
0
0
0
0
0
0
0
0
0
8
0
0
0
17
0
5
255
255
116
2
6
3
0
7
0
0
0
0
0
0
0
0
0
0
0
0
0
0
15
0
1
0
5
185
250
247
28
0
0
0
1
0
0
0
0
0
0
0
0
0
0
0
0
0
11
0
0
0
13
6
0
255
255
194
0
4
0
0
10
0
0
0
0
0
0
0
0
0
0
0
0
0
0
15
0
9
0
0
0
254
255
68
4
0
5
0
0
0
0
0
0
0
0
0
0
0
0
0
0
0
0
8
0
13
0
0
78
247
255
0
5
0
5
0
3
0
0
0
0
0
0
0
0
0
0
0
0
0
7
0
0
0
7
0
192
255
243
12
0
16
0
0
17
0
0
0
0
0
0
0
0
0
0
0
0
0
0
0
18
0
0
17
250
254
131
17
0
10
0
0
2
0
0
0
0
0
0
0
0
0
0
0
0
0
7
1
0
0
10
110
255
185
5
0
2
0
4
7
0
10
0
0
0
0
0
0
0
0
0
0
0
0
4
6
0
0
2
135
250
139
0
0
0
0
0
0
0
0
0
0
0
0
0
0
0
0
0
0
0
0
0
2
3
19
0
120
255
117
0
0
0
0
0
0
0
0
0
0
0
0
0
0
0
0
0
0
0
0
5
14
0
0
0
80
239
151
0
0
0
0
0
0
0
0
0
0
0
0
0
0
0
0
0
0
0
0
0
15
0
11
6
0
18
0
0
0
0
0
0
0
0
0
0
0
0
0
