8
0
0
0
0
0
0
0
0
0
0
15
0
0
12
0
2
0
4
0
5
0
0
5
0
0
0
0
0
0
0
0
0
0
0
0
0
0
21
0
0
14
1
0
6
0
0
0
2
0
7
11
6
0
0
0
0
0
0
0
0
0
0
0
0
0
0
0
0
3
9
0
1
10
2
4
10
0
0
0
0
0
0
0
0
0
0
0
0
0
0
0
0
10
15
6
0
0
0
0
6
0
0
4
0
0
4
0
0
0
0
0
0
0
0
0
0
0
0
0
0
0
0
0
15
0
0
22
0
2
11
20
0
15
0
0
4
0
0
0
0
0
0
0
0
0
0
0
0
19
0
17
0
10
46
0
9
104
194
242
229
217
79
4
0
0
0
0
0
0
0
0
0
0
0
0
0
1
7
0
0
141
180
59
166
168
255
243
255
255
108
5
11
0
0
0
0
0
0
0
0
0
0
0
0
0
0
5
157
246
200
155
61
30
86
25
164
245
132
0
0
0
0
0
0
0
0
0
0
0
0
0
0
0
5
80
255
186
79
23
0
3
11
144
255
210
0
11
0
0
0
0
0
0
0
0
0
0
0
0
0
15
0
161
255
67
0
6
8
73
223
252
180
26
1
0
0
0
0
0
0
0
0
0
0
0
0
0
0
0
33
233
194
38
2
0
74
242
254
232
0
0
14
0
11
0
0
0
0
0
0
0
0
0
0
0
0
15
58
236
111
0
26
101
241
255
191
32
25
0
4
0
0
0
0
0
0
0
0
0
0
0
0
0
0
0
119
255
56
20
165
247
255
202
3
0
0
10
0
0
2
0
0
0
0
0
0
0
0
0
0
0
0
0
90
255
212
237
253
249
252
183
1
7
6
5
0
23
0
0
0
0
0
0
0
0
0
0
0
0
0
0
24
215
252
255
251
255
254
102
0
7
0
0
5
0
9
0
0
0
0
0
0
0
0
0
0
0
0
7
0
36
74
233
255
213
255
250
158
32
0
13
0
3
0
0
0
0
0
0
0
0
0
0
0
0
0
1
0
7
38
208
139
0
97
169
242
213
0
4
5
0
2
0
0
0
0
0
0
0
0
0
0
0
0
7
7
0
161
215
18
24
5
81
255
207
29
0
0
2
3
0
0
0
0
0
0
0
0
0
0
0
0
0
3
109
248
65
10
0
0
81
253
242
20
2
11
0
1
0
0
0
0
0
0
0
0
0
0
0
0
1
95
237
159
10
3
0
46
241
251
199
0
0
9
0
6
0
0
0
0
0
0
0
0
0
0
0
0
0
174
221
9
5
14
50
224
255
169
34
6
0
0
2
0
0
0
0
0
0
0
0
0
0
0
0
0
92
240
131
20
0
53
239
249
196
36
0
5
9
0
0
0
0
0
0
0
0
0
0
0
0
0
0
0
132
247
152
36
196
255
255
207
150
7
15
0
0
0
0
14
0
0
0
0
0
0
0
0
0
0
0
0
137
255
237
255
252
255
137
4
4
0
0
19
0
1
4
0
0
0
0
0
0
0
0
0
0
0
0
0
15
129
240
242
142
37
0
7
0
0
0
0
0
0
0
0
0
0
0
0
0
0
0
0
0
0
0
0
0
0
0
0
3
5
1
0
0
0
0
0
0
0
0
0
0
0
0
0
0
0
0
0
0
0
0
0
4
0
0
0
0
2
4
4
0
0
0
0
0
0
0
0
0
0
0
0
0
0
0
0
0
0
0
0
0
0
5
8
5
0
0
0
0
0
0
0
0
0
0
0
0
0
0
0
