8
0
3
2
0
0
5
4
0
0
0
2
5
4
1
0
1
7
0
1
2
0
0
0
7
0
0
0
0
0
0
0
0
0
0
0
3
0
0
0
0
0
0
0
0
0
0
0
5
17
6
0
0
0
0
0
0
1
0
0
3
11
7
3
5
3
2
3
4
6
7
5
2
0
19
4
0
0
7
2
1
0
0
0
0
6
0
0
0
1
0
0
0
0
0
4
0
0
0
0
0
8
0
0
12
13
0
0
7
0
0
0
0
0
4
3
0
0
0
5
9
4
2
0
0
1
9
6
0
7
0
10
8
0
0
9
0
0
0
0
0
0
0
0
2
5
5
0
0
10
144
253
221
107
61
136
234
231
233
232
160
43
3
15
3
0
0
0
0
10
0
0
2
0
0
5
33
180
218
254
255
255
255
251
247
255
243
255
255
179
39
0
2
0
0
0
0
0
0
5
11
0
1
100
217
255
255
255
246
244
254
255
254
252
255
245
254
255
182
48
0
0
0
0
0
0
13
3
3
10
43
253
255
253
220
255
247
252
179
99
130
153
199
240
244
253
255
147
12
0
0
0
0
12
0
0
5
0
163
242
238
53
88
251
176
8
0
0
0
1
1
37
181
255
233
226
0
0
0
0
0
5
0
0
5
1
186
254
165
3
32
247
203
0
0
15
1
4
8
0
0
255
255
230
0
0
0
0
0
0
10
1
5
9
175
255
125
8
0
79
93
7
13
0
3
0
0
0
46
255
242
204
0
0
0
0
0
0
1
0
3
0
199
255
190
3
8
0
0
2
10
0
25
21
38
128
220
255
225
39
0
0
0
0
0
1
9
0
0
1
117
248
255
220
151
45
76
173
239
255
255
255
246
230
255
175
34
11
1
0
0
0
0
0
9
3
0
7
4
157
244
255
249
237
251
255
245
252
241
255
255
255
242
251
64
0
0
0
0
0
0
8
0
0
18
0
3
20
191
243
254
255
241
255
254
246
226
196
239
255
252
242
246
151
0
0
0
0
0
0
4
0
0
6
8
188
246
253
247
214
143
172
252
75
20
2
69
163
248
253
255
222
63
0
0
2
13
0
0
6
3
0
85
241
255
255
175
5
0
9
22
11
0
5
1
13
133
237
255
255
235
177
17
0
0
5
0
1
5
0
163
255
225
146
46
0
0
0
3
0
0
0
0
0
0
0
101
243
255
243
0
0
8
5
0
0
7
0
159
255
237
252
0
0
14
0
6
0
0
10
4
0
9
8
1
113
254
255
5
3
8
0
7
0
4
0
75
219
255
229
203
128
45
64
47
46
64
46
62
52
86
167
218
245
255
202
21
0
0
0
11
0
0
4
0
112
204
255
255
241
245
255
236
255
248
255
242
250
255
250
227
178
108
37
0
0
0
3
1
0
0
6
0
11
51
119
185
247
236
236
242
236
223
235
233
176
102
58
8
0
15
0
2
12
7
0
0
14
0
0
11
0
0
0
12
0
0
6
0
0
12
2
0
6
4
0
2
8
0
5
0
1
7
0
0
0
0
0
0
0
0
0
0
0
0
0
0
0
0
0
0
0
0
0
0
0
0
0
0
0
0
0
0
0
0
0
0
0
0
0
0
0
0
0
0
0
0
0
0
0
0
0
0
0
0
0
0
0
0
0
0
0
0
0
0
0
0
0
0
0
0
0
0
0
0
0
0
0
0
0
0
0
0
0
0
0
0
0
0
0
0
0
0
0
0
0
0
0
0
0
0
0
0
0
0
0
0
0
0
0
0
0
0
0
0
