6
0
8
0
0
8
0
0
4
0
0
9
0
0
0
6
3
0
0
0
0
0
0
0
0
0
0
0
0
0
3
0
0
3
0
0
4
1
9
9
0
26
6
0
3
0
0
0
0
0
0
0
0
0
0
0
0
0
0
1
0
0
2
2
0
0
0
16
0
0
4
13
0
0
0
0
0
0
0
0
0
0
0
0
0
0
0
6
1
0
3
0
0
3
111
247
159
10
0
17
0
0
0
0
0
0
0
0
0
0
0
0
0
3
0
6
0
0
0
0
18
179
238
251
91
0
0
0
0
0
0
0
0
0
0
0
0
0
0
0
0
3
0
2
0
0
0
6
86
243
255
255
103
5
1
1
3
0
0
0
0
0
0
0
0
0
0
0
0
2
0
1
0
2
0
39
189
255
250
255
120
0
0
3
0
0
0
0
0
0
0
0
0
0
0
0
0
3
0
3
0
6
2
70
255
251
254
209
35
0
13
0
3
0
0
0
0
0
0
0
0
0
0
0
0
7
0
0
13
0
0
163
255
250
255
81
12
4
0
0
3
4
0
0
8
0
0
3
0
0
7
0
1
2
6
1
0
4
88
251
242
252
153
40
0
0
8
6
4
1
13
0
0
14
5
0
7
0
2
0
4
1
0
4
1
0
127
255
249
242
23
0
4
0
11
0
0
0
7
11
1
0
0
0
15
2
4
0
2
3
0
6
13
0
161
247
255
193
0
14
0
0
19
11
0
6
0
0
0
0
12
10
0
2
7
0
0
0
4
7
0
2
241
252
255
149
0
0
6
1
0
0
1
2
3
0
0
48
72
44
10
0
1
4
0
0
9
3
0
5
233
248
255
228
84
0
0
23
6
0
3
11
0
112
221
233
255
222
64
5
0
4
3
0
0
0
0
1
137
238
255
255
209
80
0
0
11
13
0
23
166
243
250
255
251
237
255
58
0
0
8
3
0
1
3
0
81
255
251
250
255
232
196
95
15
0
35
200
255
255
244
247
255
253
250
116
10
0
9
0
2
0
1
9
0
59
208
255
246
253
255
235
213
220
235
252
252
251
252
255
255
252
245
235
12
0
0
1
11
0
0
7
0
0
25
223
243
255
255
255
255
255
234
250
253
255
255
250
239
251
255
152
0
0
8
0
6
4
0
8
10
0
0
5
112
208
243
248
242
245
255
254
252
248
247
253
255
251
242
165
18
3
0
0
0
1
3
0
0
3
17
3
0
13
102
222
255
250
252
248
255
255
246
255
255
231
163
88
0
0
0
10
0
0
5
0
0
0
0
0
3
0
3
9
0
24
101
135
131
84
16
0
15
16
0
0
0
9
4
0
0
0
2
3
11
12
0
7
5
0
0
10
2
0
2
0
6
6
0
0
0
2
7
13
3
12
0
0
7
6
0
0
0
0
0
0
0
1
0
0
4
4
0
3
0
0
4
8
0
0
1
0
0
0
0
0
2
0
0
7
5
0
0
0
0
2
3
0
2
3
0
0
0
0
0
0
2
3
1
5
0
5
4
0
0
0
0
0
0
0
0
0
0
0
0
0
0
0
0
0
0
0
0
0
0
0
0
0
0
0
0
0
0
0
0
0
0
0
0
0
0
0
0
0
0
0
0
0
0
0
0
0
0
0
0
0
0
0
0
0
0
0
0
0
0
0
0
0
0
0
0
0
0
0
0
0
0
0
0
0
0
0
0
0
0
0
0
0
0
0
0
0
0
0
0
0
0
0
0
0
0
0
0
0
0
0
0
0
0
0
0
0
0
0
0
