3
1
0
0
0
5
6
0
0
2
0
6
3
0
0
2
0
6
0
9
10
0
0
0
0
0
0
0
0
1
4
4
0
0
0
0
4
0
0
0
2
5
9
7
0
7
6
0
1
0
0
2
9
0
0
0
0
0
0
4
4
0
0
0
0
12
4
0
0
0
0
0
0
0
15
0
9
7
0
0
3
0
0
0
0
1
0
0
6
2
5
4
0
0
1
8
10
8
0
0
5
0
6
0
0
0
0
0
8
0
0
0
0
4
0
1
3
1
2
2
0
0
3
0
0
0
0
0
8
9
0
9
6
10
0
0
0
0
0
0
0
0
7
1
0
0
0
0
6
5
5
0
0
18
9
0
2
39
18
0
0
0
0
8
1
0
0
0
0
0
10
0
0
18
11
0
4
0
0
0
27
94
145
193
250
255
241
35
2
0
0
0
2
0
0
0
0
0
12
0
6
62
54
5
1
66
128
187
237
255
254
240
255
248
255
0
0
11
2
0
6
0
0
0
0
0
12
3
0
255
255
254
253
255
255
245
255
255
172
255
255
255
57
0
6
0
0
0
8
0
0
0
0
1
0
0
5
195
242
255
255
254
120
125
0
0
149
255
246
120
0
15
0
2
9
14
0
0
0
0
0
2
3
5
0
0
0
7
1
1
15
0
0
67
250
243
255
207
10
0
15
0
0
1
6
0
0
0
0
0
0
10
20
0
5
6
0
0
0
5
137
255
247
255
253
239
248
192
52
21
1
0
0
0
0
0
0
0
0
0
0
0
0
6
0
4
9
116
250
240
79
0
0
68
208
255
255
119
15
0
10
0
0
0
0
3
13
13
0
2
0
0
12
9
0
63
156
0
0
4
7
0
0
57
255
247
104
16
7
0
0
0
0
0
0
0
0
9
13
0
0
0
3
0
0
3
0
11
0
9
5
0
0
212
239
145
0
0
0
0
0
0
6
3
16
0
0
0
7
5
0
10
0
2
0
0
9
0
0
7
0
0
255
244
68
0
0
0
0
7
0
3
3
0
1
0
6
0
0
14
0
0
6
0
11
0
0
2
0
0
65
255
182
0
0
0
0
0
0
7
0
0
6
0
0
83
60
0
0
0
0
18
0
2
0
17
0
0
0
255
255
0
0
0
0
0
0
1
5
3
0
7
76
232
128
8
6
0
7
5
0
7
1
0
1
6
78
247
182
0
0
0
0
3
0
0
1
5
0
16
110
255
145
0
0
0
6
0
10
0
11
0
5
7
238
255
68
0
0
0
0
0
10
4
0
3
12
0
15
255
255
56
8
5
7
13
0
11
0
19
9
113
255
189
0
0
0
0
0
0
4
7
0
5
9
0
0
56
255
249
128
14
0
0
9
0
0
57
182
252
255
54
19
0
0
0
0
0
0
4
7
2
0
0
23
0
139
255
255
234
217
133
123
128
131
255
255
255
70
0
0
0
0
0
0
0
0
5
0
0
5
0
0
2
0
56
187
255
255
253
255
255
249
250
190
56
1
3
2
0
0
0
0
0
0
0
0
0
0
0
0
2
0
0
1
125
133
129
124
129
115
70
13
0
0
4
0
0
0
0
0
0
0
0
0
0
0
0
0
0
11
10
0
22
0
0
11
0
7
4
0
0
2
4
0
0
0
0
0
0
0
0
0
0
0
0
0
0
3
2
0
0
0
0
0
0
0
2
1
1
2
0
0
0
0
0
0
0
0
0
0
0
0
0
0
5
0
0
4
2
17
7
1
8
4
1
1
0
0
1
5
0
0
0
0
