1
0
0
0
0
0
0
0
0
2
0
0
1
0
5
0
0
8
0
7
0
0
7
0
0
0
0
0
0
0
0
0
0
0
0
0
0
0
3
0
8
6
0
14
12
0
0
4
3
0
0
0
3
0
0
0
0
0
0
0
0
0
0
0
0
1
1
2
0
0
0
0
0
0
6
0
2
3
0
0
6
0
0
0
0
0
0
0
0
0
0
0
0
3
0
11
0
10
19
0
2
3
15
0
0
5
0
3
0
0
0
0
0
0
0
0
0
0
0
0
0
7
1
4
0
1
0
2
7
0
6
1
0
0
2
4
0
0
0
0
0
0
0
0
0
0
0
0
0
0
16
0
1
20
2
157
201
8
0
5
4
0
0
0
4
0
0
0
0
0
0
0
0
0
0
0
0
0
12
0
0
2
0
179
255
95
0
0
5
0
4
0
6
0
0
0
0
0
0
0
0
0
0
0
0
4
0
21
0
1
0
114
235
194
17
0
0
0
15
0
4
0
0
0
0
0
0
0
0
0
0
0
0
0
0
4
0
3
6
96
252
239
0
0
0
1
0
0
2
0
0
0
0
0
0
0
0
0
0
0
0
5
0
2
7
0
0
100
254
237
0
0
3
3
0
1
0
0
0
0
0
0
0
0
0
0
0
0
0
1
0
0
13
0
0
133
252
240
4
0
6
0
0
5
0
0
0
0
0
0
0
0
0
0
0
0
0
0
0
0
3
0
14
185
253
231
11
0
6
0
0
9
0
0
0
0
0
0
0
0
0
0
0
0
0
5
0
8
2
0
2
203
255
184
7
0
7
0
1
8
0
0
0
0
0
0
0
0
0
0
0
0
0
8
0
8
5
0
0
190
255
111
0
0
9
0
5
2
0
0
0
0
0
0
0
0
0
0
0
0
0
0
0
0
2
0
46
208
254
60
0
0
6
0
5
0
0
0
0
0
0
0
0
0
0
0
0
0
0
0
11
0
0
4
134
255
255
43
7
4
0
0
1
0
7
0
0
0
0
0
0
0
0
0
0
0
0
0
20
0
3
2
138
251
244
25
13
1
0
1
5
3
0
0
0
0
0
0
0
0
0
0
0
0
0
0
12
0
0
7
136
246
202
8
2
0
0
1
4
2
0
0
0
0
0
0
0
0
0
0
0
0
0
0
0
3
0
10
132
252
194
0
0
0
0
2
3
1
0
0
0
0
0
0
0
0
0
0
0
0
0
6
0
2
6
0
131
253
197
0
0
2
3
2
0
0
0
0
0
0
0
0
0
0
0
0
0
0
0
6
0
0
2
0
164
247
148
2
4
5
3
0
0
0
1
0
0
0
0
0
0
0
0
0
0
0
0
0
6
0
0
11
231
253
72
1
1
0
0
0
0
1
3
0
0
0
0
0
0
0
0
0
0
0
0
0
0
3
0
54
255
244
17
0
0
0
0
0
0
1
1
0
0
0
0
0
0
0
0
0
0
0
0
8
0
7
2
80
246
212
0
3
1
1
2
3
3
0
0
0
0
0
0
0
0
0
0
0
0
0
0
0
12
0
0
29
190
158
5
0
0
0
0
0
0
0
0
0
0
0
0
0
0
0
0
0
0
0
0
2
0
4
19
0
12
12
0
0
0
0
0
0
0
0
0
0
0
0
0
0
0
0
0
0
0
0
0
13
0
0
4
0
0
0
0
0
0
0
0
0
0
0
0
0
0
0
0
0
0
0
0
0
0
0
0
0
3
9
0
2
0
8
5
0
0
0
0
0
0
0
0
0
0
0
0
