8
0
0
0
0
0
0
0
0
4
6
0
4
0
0
4
0
10
0
0
0
9
0
7
0
0
0
0
0
0
0
0
0
0
0
0
0
0
7
2
0
21
24
0
5
0
18
8
0
5
0
0
7
0
0
0
0
0
0
0
0
0
0
0
0
3
4
7
0
0
0
0
2
8
0
0
5
3
6
0
0
0
0
0
0
0
0
0
0
0
0
0
0
0
12
0
7
15
0
8
3
0
0
12
5
0
0
3
3
0
0
0
0
0
0
0
0
0
0
0
0
15
0
0
14
0
48
165
237
249
245
142
0
0
24
6
0
0
0
0
0
0
0
0
0
0
0
0
0
0
0
5
0
111
255
228
136
125
189
235
139
7
0
0
2
0
0
0
0
0
0
0
0
0
0
0
0
0
17
0
78
253
167
3
14
0
7
171
232
3
0
10
0
0
0
0
0
0
0
0
0
0
0
0
0
0
2
2
191
193
11
9
0
2
0
141
245
0
9
7
0
0
0
0
0
0
0
0
0
0
0
0
0
0
0
36
253
97
4
0
2
0
0
102
236
21
0
0
0
0
0
0
0
0
0
0
0
0
0
0
0
0
4
79
242
59
0
1
0
4
16
69
248
44
0
0
1
0
0
0
0
0
0
0
0
0
0
0
0
9
0
53
255
61
0
8
0
0
2
115
225
0
0
29
0
0
0
0
0
0
0
0
0
0
0
0
0
5
0
7
235
175
8
0
9
7
0
146
152
13
0
0
0
0
0
0
0
0
0
0
0
0
0
0
0
0
14
11
106
255
91
0
0
0
3
221
234
88
11
0
11
0
0
0
0
0
0
0
0
0
0
0
0
0
3
2
19
181
229
102
0
9
142
248
183
25
0
0
0
0
0
0
0
0
0
0
0
0
0
0
0
6
0
0
7
44
215
216
105
177
255
147
0
0
12
0
12
0
0
0
0
0
0
0
0
0
0
0
0
0
16
0
0
10
58
248
255
225
28
0
0
0
0
6
0
0
0
0
0
0
0
0
0
0
0
0
0
19
0
7
0
1
66
251
242
251
30
0
13
0
3
0
1
0
0
0
0
0
0
0
0
0
0
0
0
0
0
19
8
110
255
163
88
245
146
0
4
0
5
8
0
0
0
0
0
0
0
0
0
0
0
0
0
11
22
0
51
255
139
31
0
178
219
0
3
4
0
7
0
0
0
0
0
0
0
0
0
0
0
0
0
0
0
52
231
163
0
9
0
179
212
0
4
4
0
4
1
0
0
0
0
0
0
0
0
0
0
0
0
4
2
197
232
10
16
0
61
255
153
1
1
5
0
5
0
0
0
0
0
0
0
0
0
0
0
0
0
0
116
243
60
0
0
101
252
201
51
3
2
1
0
0
0
0
0
0
0
0
0
0
0
0
0
0
0
3
152
159
53
96
168
255
212
54
0
3
1
0
0
0
3
0
0
0
0
0
0
0
0
0
0
0
0
0
138
255
233
254
235
79
3
0
10
3
0
3
2
3
0
0
0
0
0
0
0
0
0
0
0
0
0
0
0
0
0
0
0
0
0
0
0
0
0
0
0
0
0
0
0
0
0
0
0
0
0
0
0
0
0
0
0
0
0
0
0
0
0
0
0
0
0
0
0
0
0
0
0
0
0
0
0
0
0
0
0
0
0
0
0
0
0
0
0
0
0
0
0
0
0
0
0
0
0
0
0
0
0
0
0
0
0
0
0
0
0
0
0
0
0
0
0
0
0
0
0
0
0
0
0
0
0
0
0
0
0
