4
0
0
0
0
0
0
0
0
0
9
0
5
0
0
0
0
3
4
0
0
0
11
6
0
0
0
0
0
0
0
0
0
0
0
0
0
12
0
0
0
6
0
6
1
0
0
5
2
9
1
1
0
0
0
0
0
0
0
0
0
0
0
0
0
5
0
7
0
2
0
8
0
3
3
0
0
2
0
0
5
0
0
0
0
0
0
0
0
0
0
0
0
0
5
5
0
0
0
0
0
0
11
0
3
0
8
0
7
0
0
0
0
0
0
0
0
0
0
0
0
0
5
0
8
30
0
0
5
0
4
1
3
3
13
1
0
0
0
0
0
0
0
0
0
0
0
0
0
8
0
2
94
116
5
0
0
1
0
4
0
0
0
10
0
0
0
0
0
0
0
0
0
0
0
0
0
2
0
13
190
113
5
8
0
10
0
0
27
0
0
1
3
0
0
0
0
0
0
0
0
0
0
0
0
0
10
6
227
23
0
12
0
2
0
5
108
0
21
0
3
0
0
0
0
0
0
0
0
0
0
0
0
2
0
92
168
7
0
12
0
0
0
108
251
25
0
0
3
0
0
0
0
0
0
0
0
0
0
0
0
2
0
102
153
0
0
7
5
0
0
215
40
0
17
0
11
0
0
0
0
0
0
0
0
0
0
0
0
7
0
222
58
0
17
0
0
6
28
238
33
2
0
4
0
0
0
0
0
0
0
0
0
0
0
0
0
0
40
215
0
9
0
10
3
0
148
131
0
0
0
16
6
0
0
0
0
0
0
0
0
0
0
0
0
0
91
142
0
15
1
5
0
37
193
96
0
15
0
0
5
0
0
0
0
0
0
0
0
0
0
0
0
0
78
147
0
2
0
54
146
155
203
12
5
7
0
8
0
0
0
0
0
0
0
0
0
0
0
0
0
0
105
159
0
67
142
218
102
27
219
24
10
0
0
0
9
0
0
0
0
0
0
0
0
0
0
0
0
9
30
251
255
244
195
64
0
112
151
8
0
7
0
10
0
0
0
0
0
0
0
0
0
0
0
0
0
0
0
52
77
36
6
4
0
183
73
8
0
10
0
0
0
0
0
0
0
0
0
0
0
0
0
0
0
6
0
5
9
0
0
0
2
206
38
0
0
0
0
0
5
0
0
0
0
0
0
0
0
0
0
0
0
5
2
1
0
0
6
6
41
226
21
2
7
0
0
0
5
0
0
0
0
0
0
0
0
0
0
0
0
0
7
8
1
4
1
0
93
147
0
0
0
0
0
0
8
0
0
0
0
0
0
0
0
0
0
0
0
0
10
0
0
1
0
0
151
68
1
0
1
8
0
1
0
0
0
0
0
0
0
0
0
0
0
0
0
7
9
0
0
11
2
0
180
47
12
5
2
11
0
4
0
0
0
0
0
0
0
0
0
0
0
0
0
0
0
0
0
4
2
0
178
76
0
0
0
0
0
7
6
0
0
0
0
0
0
0
0
0
0
0
0
0
13
2
0
0
2
5
199
181
16
13
8
0
3
0
0
0
0
0
0
0
0
0
0
0
0
0
0
0
0
1
0
0
0
23
166
114
17
0
11
0
0
10
0
0
0
0
0
0
0
0
0
0
0
0
0
5
10
6
0
11
6
0
19
23
0
0
15
0
0
7
0
0
0
0
0
0
0
0
0
0
0
0
0
0
0
3
0
3
14
0
0
0
0
3
3
0
0
6
0
0
0
0
0
0
0
0
0
0
0
0
0
7
0
3
1
0
0
0
12
6
11
2
0
0
3
3
0
0
0
0
0
