5
0
0
0
0
0
0
0
0
3
0
0
0
0
0
0
0
1
0
0
0
0
5
5
0
0
10
0
0
0
0
0
0
0
0
0
0
0
0
1
2
2
1
2
2
0
1
9
6
0
0
0
0
0
2
0
12
0
0
0
0
0
0
0
0
0
0
2
1
0
0
0
0
0
0
0
0
6
8
5
1
1
8
0
0
0
0
0
0
0
0
0
0
2
1
0
0
0
0
1
3
3
8
6
4
0
0
0
1
0
6
5
5
0
0
0
0
0
0
0
0
0
0
0
1
5
7
4
1
0
1
0
0
3
7
2
5
0
0
0
0
0
0
0
0
0
0
0
0
0
0
0
2
3
0
0
0
0
13
11
0
8
6
0
0
9
40
40
0
0
0
0
0
0
0
0
0
0
2
2
0
0
0
6
13
44
147
214
218
210
197
197
218
224
213
138
13
0
0
0
0
0
0
0
0
0
1
1
0
0
15
47
73
0
84
146
166
183
156
92
52
30
10
3
0
0
0
0
0
0
0
0
0
0
4
8
5
23
200
238
73
0
0
1
0
0
7
6
0
0
0
0
0
0
0
0
0
0
0
0
0
11
2
0
48
206
228
61
0
3
5
5
0
0
0
0
6
0
0
0
0
0
0
0
0
0
0
0
0
0
7
19
182
232
81
0
11
0
0
2
3
3
0
0
6
0
0
0
0
0
0
0
0
0
0
0
0
13
0
0
184
234
70
0
0
0
3
0
0
8
5
0
0
0
0
0
0
0
0
0
0
0
0
0
0
0
0
3
81
232
181
5
1
6
11
2
0
0
3
3
0
0
0
0
0
0
0
0
0
0
0
0
0
2
4
0
0
130
253
171
15
0
0
3
3
0
0
6
0
0
0
0
0
0
0
0
0
0
0
0
0
3
5
7
0
0
133
255
127
23
0
0
15
0
0
7
0
0
0
0
0
0
0
0
0
0
0
0
0
1
0
1
3
2
4
136
253
114
17
0
11
0
0
10
0
0
0
0
0
0
6
0
6
0
15
0
12
10
0
0
0
2
0
3
216
190
5
0
0
10
4
1
0
0
0
0
0
0
21
1
0
0
0
2
201
182
19
0
15
0
0
28
131
241
48
20
0
0
0
4
0
0
0
0
0
0
11
0
0
10
0
0
227
250
89
0
0
11
27
131
255
221
22
0
0
8
0
2
0
0
0
0
0
6
0
0
5
5
11
0
79
223
255
204
151
224
253
249
255
234
24
0
0
6
0
1
8
0
0
0
0
2
0
0
9
0
0
9
0
110
190
233
255
244
252
255
253
151
12
0
7
4
0
0
1
0
0
0
0
0
13
0
1
0
0
8
0
0
3
84
220
228
202
159
125
3
0
4
8
0
5
2
0
0
0
0
0
0
8
0
0
12
1
0
0
0
5
5
0
0
11
7
0
0
5
11
0
0
1
3
8
0
0
0
0
5
0
8
0
0
4
2
0
5
0
7
0
5
0
1
3
3
3
0
0
10
6
0
7
0
0
0
0
0
0
0
0
0
0
0
0
0
0
0
0
0
0
0
0
0
0
0
0
0
0
0
0
0
0
0
0
0
0
0
0
0
0
0
0
0
0
0
0
0
0
0
0
0
0
0
0
0
0
0
0
0
0
0
0
0
0
0
0
0
0
0
0
0
0
0
0
0
0
0
0
0
0
0
0
0
0
0
0
0
0
0
0
0
0
0
0
0
0
0
0
0
0
0
0
0
0
0
0
0
0
0
0
0
0
0
0
0
0
0
0
