8
0
0
0
0
0
0
0
0
3
0
0
0
6
2
1
1
0
2
0
2
0
12
0
0
0
0
0
0
0
0
0
0
0
0
0
0
0
7
0
2
0
0
6
0
2
17
0
6
0
0
0
6
0
0
0
0
0
0
0
0
0
0
0
0
2
6
9
0
2
12
0
15
0
0
0
0
16
1
5
0
0
0
0
0
0
0
0
0
0
0
0
0
0
0
0
0
8
8
0
6
15
0
17
6
0
0
7
3
0
0
0
0
0
0
0
0
0
0
0
0
4
0
2
25
35
97
255
233
175
15
0
0
0
10
7
0
0
0
0
0
0
0
0
0
0
0
0
0
0
0
51
106
236
255
248
247
238
51
2
2
0
0
0
7
0
0
0
0
0
0
0
0
0
0
0
0
0
24
205
255
235
255
241
255
252
127
6
0
12
14
0
0
0
0
0
0
0
0
0
0
0
0
0
0
26
226
243
255
247
252
250
255
253
244
73
0
0
0
2
3
0
0
0
0
0
5
0
12
5
0
0
5
178
248
255
247
243
255
235
255
242
255
65
13
0
0
3
0
0
0
0
0
7
6
0
0
0
0
12
72
209
252
250
241
255
255
255
244
255
240
82
0
0
13
5
0
0
0
0
0
1
1
0
0
0
0
4
105
255
247
251
255
222
66
147
255
242
255
98
0
12
4
0
8
0
0
0
0
0
0
5
5
3
0
0
117
240
252
254
243
255
231
255
252
255
233
247
19
0
0
0
6
0
0
0
0
0
0
0
0
0
0
5
133
255
247
252
255
255
249
244
253
252
255
255
135
137
46
7
0
0
0
0
0
0
3
0
0
0
2
4
96
247
255
251
244
230
255
240
255
248
244
247
255
251
221
23
1
0
0
0
0
0
5
0
4
1
0
0
26
176
255
255
255
247
255
248
255
255
235
255
254
241
255
243
33
0
0
0
0
0
8
0
2
0
2
0
0
167
255
241
249
251
253
253
247
254
251
255
237
255
244
250
179
0
0
0
0
4
0
12
3
0
5
0
17
183
233
248
254
237
255
154
213
250
255
250
249
251
251
254
176
0
0
0
0
3
0
7
0
1
0
2
87
235
255
252
255
255
174
0
18
58
109
17
209
255
248
252
174
0
0
0
0
0
11
4
0
8
0
5
135
241
255
254
237
251
203
66
0
10
6
2
41
233
253
255
170
0
0
0
0
0
9
3
0
11
0
0
103
255
251
244
247
255
240
206
156
149
154
149
165
255
255
242
166
0
0
0
0
1
0
1
0
5
0
0
33
166
255
255
250
255
246
240
255
251
255
247
255
235
255
237
193
0
0
0
0
8
0
0
1
0
2
3
0
11
160
247
249
249
255
255
252
255
238
255
233
254
255
223
125
0
0
0
0
5
0
0
2
0
0
5
0
0
24
125
190
251
239
250
247
249
255
239
255
255
158
110
0
0
0
0
0
0
3
0
6
6
0
0
7
7
0
8
33
224
254
252
251
253
250
254
75
45
28
0
1
0
0
0
0
0
0
0
0
0
0
0
0
0
0
0
0
0
0
0
0
0
0
0
0
0
0
0
0
0
0
0
0
0
0
0
0
0
0
0
0
0
0
0
0
0
0
0
0
0
0
0
0
0
0
0
0
0
0
0
0
0
0
0
0
0
0
0
0
0
0
0
0
0
0
0
0
0
0
0
0
0
0
0
0
0
0
0
0
0
0
0
0
0
0
0
0
0
0
0
0
0
0
0
0
0
0
0
0
0
0
0
0
0
0
0
0
