9
0
0
0
0
0
0
0
0
3
6
0
4
0
0
10
0
0
7
0
0
0
2
8
0
0
0
0
0
0
0
0
0
0
0
0
0
0
5
0
0
0
0
13
3
0
0
0
3
5
0
0
3
0
0
0
0
0
0
0
0
0
0
0
0
7
0
0
12
18
0
0
0
0
0
12
2
0
6
0
0
0
0
0
0
0
0
0
0
0
0
0
0
2
2
0
0
0
0
0
14
9
1
4
0
0
3
1
8
0
0
0
0
0
0
0
0
0
0
0
0
0
10
8
0
4
19
5
0
2
0
0
10
13
0
0
0
0
0
0
0
0
0
0
0
0
0
0
0
2
0
0
0
10
0
0
2
0
14
6
0
0
0
8
0
0
0
0
0
0
0
0
0
0
0
0
0
5
0
0
0
0
0
40
149
231
249
182
117
39
0
8
0
0
0
0
0
0
0
0
0
0
0
0
0
0
5
8
19
104
188
213
255
250
255
243
255
159
0
0
6
0
0
0
0
0
6
1
5
0
11
6
0
0
28
175
252
246
255
250
250
255
248
255
237
202
16
0
9
0
0
0
0
5
0
0
1
0
6
0
9
70
215
255
244
246
255
248
255
191
168
170
255
242
65
4
0
0
0
0
0
12
0
1
1
0
1
0
92
224
255
249
255
255
204
79
25
0
13
16
174
250
85
14
7
0
0
0
0
1
0
4
3
0
0
66
211
255
252
179
114
34
6
0
7
5
0
94
253
255
37
0
0
0
0
0
0
0
11
0
2
0
1
127
255
245
215
32
0
0
0
26
0
18
161
255
243
233
61
0
10
0
0
0
0
0
13
0
0
2
3
144
255
199
0
0
0
3
1
37
181
255
236
247
255
251
133
14
0
0
0
0
0
0
0
0
0
0
4
138
244
30
14
7
11
13
76
255
255
244
255
251
255
255
104
0
4
0
0
0
0
1
0
11
2
0
5
136
255
205
80
86
118
241
255
237
254
249
245
247
249
244
37
0
10
0
0
0
0
2
5
0
0
0
0
91
255
255
253
242
253
255
247
252
158
73
224
252
253
255
25
18
0
0
0
0
0
2
0
1
0
3
0
38
158
240
252
255
255
232
125
89
0
147
255
254
238
111
2
0
5
0
0
0
0
4
0
0
2
3
0
0
41
126
168
117
54
31
15
0
67
242
245
255
239
6
0
4
0
0
0
0
0
6
0
1
0
0
4
0
0
0
8
0
5
17
0
65
243
255
250
243
155
0
1
8
0
0
0
0
0
4
0
5
0
0
9
5
0
0
4
8
0
0
42
255
253
240
255
176
12
0
0
0
4
0
0
0
0
0
0
9
1
0
4
0
0
11
0
0
0
0
160
248
240
255
175
60
0
0
0
9
0
0
0
0
0
0
0
5
1
0
0
0
0
0
8
0
0
61
255
238
255
206
45
0
20
2
5
13
0
0
0
0
0
4
0
0
0
4
2
0
6
0
2
0
103
235
237
255
250
63
0
0
0
0
1
0
9
0
0
0
0
0
0
0
0
0
0
0
0
0
7
1
148
247
254
255
120
0
0
0
0
0
0
0
0
0
0
0
0
0
0
0
0
0
0
0
0
2
11
0
14
138
255
217
12
0
0
0
0
0
0
0
0
0
0
0
0
0
0
0
0
0
0
0
0
17
0
0
14
4
0
0
0
0
0
0
0
0
0
0
0
0
0
0
0
0
0
0
0
0
0
0
0
0
0
14
0
0
13
9
4
0
0
0
0
0
0
0
0
0
0
0
0
