4
0
0
0
0
0
0
0
0
3
0
0
4
4
0
1
0
6
0
8
0
0
0
12
0
0
0
0
0
0
0
0
0
0
0
0
0
0
13
20
1
0
0
4
0
0
5
0
0
7
2
11
0
0
0
0
0
0
0
0
0
0
0
0
0
3
0
0
6
12
2
0
5
0
18
0
0
4
0
0
0
0
0
0
0
0
0
0
0
0
0
0
0
0
12
6
0
0
6
3
0
8
2
0
0
0
2
0
4
0
0
0
0
0
0
0
0
0
0
0
0
3
0
0
17
0
4
0
0
10
0
16
7
0
8
3
0
0
0
0
0
0
0
0
0
0
0
0
0
4
0
57
140
58
0
0
15
0
19
130
120
15
4
0
0
0
0
0
0
0
0
0
0
0
0
0
0
0
112
253
255
53
0
1
4
13
158
252
235
39
6
0
6
0
0
0
0
0
0
0
0
0
0
0
0
4
129
255
249
37
3
16
0
46
242
252
227
5
0
0
2
0
0
0
0
0
0
1
1
3
5
3
0
0
144
254
237
41
15
0
1
158
255
253
197
0
0
25
0
0
0
0
0
0
2
2
0
0
0
0
0
2
135
247
255
42
0
5
0
193
240
255
63
0
0
0
3
0
0
0
0
1
2
3
0
0
0
0
2
3
254
248
255
29
18
0
4
180
252
247
126
18
1
0
10
0
0
0
0
3
0
0
2
2
0
1
4
75
237
255
247
58
0
6
0
183
255
246
239
0
1
0
4
0
0
0
0
5
0
0
2
5
1
0
0
159
255
243
201
8
5
4
39
239
237
255
224
0
3
6
0
0
0
0
0
6
0
0
1
2
0
0
0
198
255
250
90
10
0
3
49
255
252
251
255
78
0
0
1
0
0
0
0
3
0
0
2
0
0
1
15
255
236
255
243
134
117
115
131
241
255
245
252
101
0
0
1
0
0
0
0
0
0
1
4
0
0
12
37
241
243
252
249
251
255
255
253
255
242
255
102
0
0
11
0
0
0
0
0
2
7
0
0
2
0
14
82
247
253
246
253
247
255
244
255
255
249
255
0
4
3
4
0
0
0
0
0
0
4
0
0
9
0
0
38
178
129
78
76
67
70
80
141
252
255
248
4
0
0
1
1
0
0
0
0
0
3
0
0
12
0
0
2
3
0
0
3
0
0
11
96
254
255
240
11
3
0
4
4
0
0
0
0
0
6
0
0
6
5
0
0
0
11
16
6
0
0
0
57
255
249
245
0
7
2
3
0
0
0
0
0
1
6
0
0
0
6
5
3
0
3
0
0
0
20
0
50
253
243
255
0
4
2
0
0
0
0
0
0
0
3
5
0
0
1
3
0
0
0
1
1
5
6
0
70
254
251
255
0
2
0
0
3
0
0
0
0
0
0
5
4
0
0
0
0
2
0
7
3
0
0
8
158
255
252
204
5
2
0
7
3
0
0
0
0
4
0
1
3
0
0
3
0
1
0
7
0
0
0
5
156
253
239
123
0
0
0
9
0
0
0
0
0
0
0
0
0
0
0
0
0
2
7
0
0
1
0
21
99
174
91
10
0
2
6
0
0
0
0
0
0
0
0
0
0
0
0
0
0
0
6
0
0
11
0
0
15
7
0
0
0
0
0
0
12
0
0
0
0
0
0
0
0
0
0
0
0
0
10
0
0
6
7
0
0
0
0
4
10
5
0
0
0
0
0
0
0
0
0
0
0
0
0
0
0
0
10
2
0
0
5
5
10
12
4
0
0
0
7
4
0
0
0
0
0
