3
0
0
0
0
0
0
0
0
0
2
0
3
3
0
0
12
0
0
4
4
2
0
0
0
0
0
0
0
0
0
0
0
0
0
0
0
8
1
0
1
0
3
10
0
0
0
0
0
0
0
3
5
0
0
0
0
0
0
0
0
0
0
0
0
0
13
0
0
5
0
0
1
6
4
2
2
3
2
0
0
0
0
0
0
0
0
0
0
0
0
0
0
0
11
0
0
15
0
0
13
0
0
0
0
1
2
0
0
0
0
0
0
0
0
0
0
0
0
0
0
8
2
0
3
0
0
18
0
9
6
2
0
0
0
2
6
0
0
0
0
0
0
0
0
0
0
0
0
47
135
63
0
6
2
0
14
0
0
0
0
1
1
0
0
0
0
0
0
0
0
0
0
0
0
0
0
222
255
237
148
41
7
13
0
5
0
0
0
4
8
3
0
0
0
0
0
0
0
0
0
0
0
0
0
115
218
244
246
253
200
163
185
140
102
53
22
12
11
4
0
0
0
0
0
0
0
0
0
0
0
0
0
0
0
40
162
219
249
247
255
248
255
255
251
250
199
121
7
0
0
0
0
0
0
0
0
0
0
0
0
10
1
0
7
11
48
62
73
117
156
144
151
207
251
255
0
0
0
0
0
0
0
0
0
0
0
0
0
0
7
6
1
0
0
0
0
0
0
7
49
187
255
255
10
0
0
0
0
0
0
0
0
0
0
0
0
6
0
0
4
9
5
0
8
33
0
210
251
252
239
117
0
0
0
0
0
0
0
0
0
0
0
0
0
0
6
13
12
10
4
44
107
140
232
255
235
169
39
10
3
0
0
0
0
0
0
0
0
0
0
0
0
0
77
166
218
255
253
250
255
251
255
197
68
18
1
0
2
0
0
0
0
0
0
0
0
0
0
0
0
0
139
255
255
240
163
137
147
208
255
144
0
3
2
0
0
0
0
0
0
0
0
0
0
0
0
0
0
0
9
1
0
11
0
0
2
61
236
244
40
13
0
3
0
0
0
0
0
0
0
4
5
0
2
0
6
0
2
7
0
0
7
15
0
5
117
255
68
0
2
0
0
0
0
0
0
0
0
0
7
23
0
6
0
12
0
0
3
0
0
0
0
0
133
255
60
8
0
0
5
0
0
0
0
8
19
0
0
0
1
0
5
0
2
0
0
15
1
0
6
11
207
247
57
0
12
0
3
0
0
0
0
0
0
19
10
0
14
9
0
16
0
3
6
0
0
18
0
47
255
248
37
0
6
0
0
0
0
0
0
17
0
0
14
37
0
0
4
0
5
0
0
12
0
0
8
130
255
208
5
8
0
9
0
0
0
0
0
0
20
0
203
226
103
5
0
0
19
0
0
13
0
7
99
255
245
90
2
0
8
0
4
0
0
0
0
7
0
0
255
242
242
201
133
69
19
9
15
26
114
216
240
241
152
0
11
0
25
0
0
0
0
0
0
0
0
13
46
186
255
254
249
255
245
136
87
190
249
190
138
63
1
0
3
0
0
11
0
0
0
0
0
0
0
0
0
15
53
106
144
40
37
31
24
16
9
4
1
0
0
0
0
0
0
0
0
0
0
0
0
0
0
2
0
0
0
1
7
5
5
4
4
4
4
3
3
0
0
0
0
0
0
0
0
0
0
0
0
0
0
0
2
4
3
0
0
0
0
0
0
0
0
0
0
0
0
0
0
0
0
0
0
0
0
0
0
6
1
0
0
1
5
6
5
2
2
1
1
0
0
0
0
0
0
0
0
0
0
0
0
0
0
0
0
