2
0
0
0
0
0
0
0
0
0
4
3
4
0
0
3
8
0
5
0
4
14
0
5
7
0
0
0
0
0
0
0
0
0
0
0
0
8
13
0
0
10
8
0
0
0
8
4
0
0
0
10
0
0
0
0
0
0
0
0
0
0
0
0
0
0
0
11
0
7
1
15
0
4
0
12
6
10
0
0
0
0
0
0
0
0
0
0
0
0
0
0
0
14
0
0
0
5
0
0
5
11
0
7
4
0
0
0
15
0
0
0
0
0
0
0
0
0
0
0
0
0
4
0
18
0
9
64
254
141
98
87
40
0
13
8
0
0
0
0
0
0
0
0
0
0
0
0
0
5
7
110
167
187
197
227
255
237
252
255
203
19
0
0
16
0
0
0
0
0
0
0
0
0
0
0
0
0
68
249
255
255
245
255
243
254
253
249
254
70
17
0
0
0
0
0
0
0
0
0
0
0
0
0
0
18
191
253
248
214
139
43
185
197
249
249
244
25
0
1
0
0
0
0
0
0
0
0
0
0
0
0
0
29
187
255
247
127
4
3
0
132
255
241
255
2
0
10
0
0
0
0
0
0
0
0
0
0
0
0
0
0
0
63
47
0
0
0
9
182
250
255
255
7
0
0
31
0
0
0
0
0
0
0
0
0
0
0
0
12
0
8
0
0
20
4
0
200
236
255
113
0
8
0
0
0
0
0
0
0
0
0
0
0
0
0
0
0
23
0
0
3
0
6
52
220
253
220
52
6
0
6
11
0
0
0
0
0
0
0
0
0
0
0
0
0
0
4
4
2
0
52
223
245
255
50
0
0
21
0
0
0
0
0
0
0
0
0
0
0
0
0
0
1
0
0
15
0
10
150
255
255
254
31
0
0
0
0
12
0
0
0
0
0
0
0
0
0
0
0
0
0
12
0
0
16
114
255
255
243
123
2
0
34
0
0
5
0
0
0
0
0
0
0
0
0
0
0
0
1
0
10
0
97
241
252
249
119
22
13
0
0
14
7
0
0
0
0
0
11
0
2
0
0
3
0
10
0
0
0
30
185
255
236
219
37
0
0
2
12
0
3
0
0
0
0
0
0
20
0
7
5
0
0
0
5
14
25
176
248
254
255
138
0
3
0
0
0
4
5
0
0
0
0
0
5
0
2
0
0
29
5
1
32
152
186
255
255
242
243
239
146
0
5
0
4
13
0
6
0
0
0
0
3
0
0
0
13
0
17
168
255
255
255
255
240
255
255
245
245
255
255
252
152
242
255
172
0
0
0
0
0
4
0
15
0
0
172
252
252
248
240
245
235
212
249
240
246
243
244
251
255
252
218
71
0
0
0
0
9
0
1
1
0
19
199
239
255
255
255
123
0
0
89
132
137
186
251
248
245
249
49
6
0
0
0
0
0
8
0
0
27
0
22
255
236
252
197
39
8
19
0
6
0
27
43
13
48
21
10
8
0
0
0
0
0
5
0
6
0
0
21
173
126
85
0
9
0
0
9
0
5
0
5
5
0
0
13
0
0
0
0
0
0
0
0
0
0
0
0
0
0
0
0
0
0
0
0
0
0
0
0
0
0
0
0
0
0
0
0
0
0
0
0
0
0
0
0
0
0
0
0
0
0
0
0
0
0
0
0
0
0
0
0
0
0
0
0
0
0
0
0
0
0
0
0
0
0
0
0
0
0
0
0
0
0
0
0
0
0
0
0
0
0
0
0
0
0
0
0
0
0
0
0
0
0
0
0
0
0
0
0
0
0
0
0
0
0
0
0
0
0
0
0
0
