8
0
0
0
0
0
0
0
0
7
0
0
0
6
3
0
0
0
6
2
1
0
0
4
0
0
0
0
0
0
0
0
0
0
0
0
0
0
0
0
0
2
1
1
2
4
0
0
5
31
0
0
8
0
0
0
0
0
0
0
0
0
0
0
0
0
1
2
0
0
0
1
3
0
26
22
0
0
0
2
0
0
0
0
0
0
0
0
0
0
0
0
0
0
1
1
0
0
3
4
1
2
2
0
0
2
0
15
0
0
0
0
0
0
0
0
0
0
0
0
0
0
0
0
1
3
5
0
0
0
4
0
25
0
0
17
0
0
0
0
0
0
0
0
0
0
0
0
0
0
0
1
1
0
0
0
8
4
0
70
230
170
0
0
16
0
0
0
0
0
0
0
0
0
0
0
0
1
1
3
0
0
7
63
120
218
182
199
255
237
34
0
0
0
0
0
0
0
0
0
0
0
0
0
0
0
0
1
0
1
48
160
255
251
248
250
247
255
40
8
0
0
0
0
0
0
0
0
0
0
0
0
0
0
10
0
12
57
192
255
255
247
255
241
251
253
148
0
7
0
0
0
0
0
0
0
0
0
0
0
0
4
0
18
0
171
255
255
242
251
255
255
255
254
251
60
0
0
0
0
0
0
0
0
0
0
0
0
0
10
0
9
0
188
246
248
255
255
241
255
244
234
150
32
0
0
0
0
0
0
0
0
0
0
0
0
0
2
0
0
23
194
249
255
231
240
255
251
255
196
7
0
19
0
0
0
0
0
0
0
0
0
0
0
0
1
1
5
12
249
255
211
62
153
255
253
245
78
10
0
0
0
0
0
0
0
0
0
0
0
0
0
0
0
6
7
19
255
253
107
68
243
237
255
244
56
0
0
21
0
0
0
0
0
0
0
0
0
0
0
0
0
3
0
38
246
251
158
239
255
255
219
76
0
0
4
0
0
0
0
0
0
0
0
0
0
0
0
0
7
10
0
14
255
251
255
255
251
249
77
0
6
9
0
14
0
0
0
0
6
0
0
6
0
0
3
3
0
12
0
41
245
246
255
252
252
41
12
0
5
0
0
1
0
0
0
0
0
0
0
3
0
0
3
0
2
0
75
223
252
255
242
237
91
4
0
3
5
4
1
0
0
0
0
0
0
1
4
0
0
1
0
0
10
113
245
244
250
248
244
204
0
0
0
4
0
1
4
0
0
0
0
0
0
0
5
0
0
0
0
17
146
254
255
251
229
225
250
242
56
6
0
1
0
0
3
2
0
0
0
0
3
0
4
0
0
0
3
58
248
247
236
158
17
10
201
255
168
3
0
0
10
3
0
0
0
0
0
0
4
0
3
1
5
0
9
85
253
255
196
0
10
8
119
243
223
9
0
0
8
0
0
1
0
0
0
0
2
0
4
0
5
5
1
73
242
250
235
192
152
182
209
248
142
11
0
0
0
0
3
7
0
0
0
0
1
0
7
0
1
5
0
45
229
255
242
248
255
247
248
190
1
0
0
10
0
1
2
0
0
0
0
0
0
0
0
0
0
0
0
0
47
147
156
239
221
189
123
21
0
0
0
0
0
0
0
0
0
0
0
0
0
0
0
0
0
0
0
0
0
23
0
11
0
3
14
0
0
0
0
0
0
0
0
0
0
0
0
0
0
0
0
0
0
0
0
0
0
1
0
3
0
0
3
7
0
0
0
0
0
0
0
0
0
0
0
0
0
0
0
0
0
0
0
0
0
0
8
7
13
0
0
0
0
0
0
0
0
0
0
0
0
0
0
0
