3
0
0
0
0
0
0
0
0
0
15
0
0
1
15
0
4
0
6
0
3
2
0
8
0
0
0
0
0
0
0
0
0
0
0
0
0
2
4
2
6
0
0
0
13
2
4
15
1
0
8
0
0
0
0
0
0
0
0
0
0
0
0
0
0
8
0
0
7
14
2
3
0
0
0
0
2
8
0
0
0
0
0
0
0
0
0
0
0
0
0
0
0
2
15
12
0
0
0
9
6
13
1
10
0
0
3
2
5
0
0
0
0
0
0
0
0
0
0
0
0
3
93
122
145
248
255
238
184
130
113
141
36
1
13
0
5
0
0
0
0
0
0
0
0
0
0
0
0
90
248
255
238
255
251
249
250
255
255
252
196
114
0
0
3
0
0
0
0
0
0
0
0
0
0
0
0
98
220
224
212
220
215
220
225
205
213
250
255
231
41
9
0
0
0
0
0
0
0
0
0
0
0
0
0
6
46
0
1
0
0
2
0
9
10
210
237
252
170
7
0
0
0
0
0
0
0
0
0
0
0
0
0
0
2
4
0
0
0
0
8
0
0
26
203
255
254
6
3
0
0
0
0
0
0
0
0
0
0
0
0
1
0
0
0
3
9
28
0
0
12
87
246
255
166
0
0
0
0
0
0
0
0
0
0
0
0
0
0
6
0
0
4
5
73
90
150
80
83
208
231
231
40
11
0
0
0
0
0
0
0
0
0
0
0
0
0
6
0
13
143
225
241
255
239
249
252
255
217
98
1
0
0
0
0
0
0
0
0
0
0
0
0
0
0
0
36
210
236
255
249
255
255
255
247
235
117
0
0
6
3
0
0
0
0
0
0
0
0
0
0
0
0
3
210
255
249
254
255
247
247
255
254
255
105
12
0
7
0
0
0
0
0
0
0
0
0
0
0
0
0
0
195
250
247
243
255
161
183
140
251
243
161
3
14
0
1
0
0
0
0
0
0
0
0
0
0
0
0
2
34
122
106
54
0
18
0
54
250
253
170
0
0
0
1
0
0
0
0
2
0
0
2
13
0
2
0
1
4
0
0
0
0
1
2
45
252
255
169
0
0
13
0
0
0
0
0
1
0
0
0
0
1
2
5
0
0
0
10
6
3
0
9
51
255
235
161
12
7
0
8
0
0
0
0
0
11
5
7
0
7
0
0
1
0
2
0
0
17
3
2
91
249
255
174
8
0
0
3
0
0
0
0
0
2
3
0
0
15
0
13
0
17
5
7
13
0
0
173
255
255
225
69
0
9
26
0
0
0
0
0
10
5
0
0
57
76
76
83
90
81
85
81
82
158
205
245
255
235
170
23
8
0
0
0
0
0
0
0
0
0
2
81
223
253
255
255
255
243
251
255
250
249
255
249
226
119
23
0
0
17
0
4
0
0
0
0
0
0
0
120
255
255
254
238
255
251
255
250
255
247
249
140
70
4
0
20
0
0
5
0
0
0
0
0
2
20
0
139
248
245
250
255
244
255
194
133
139
15
0
7
0
0
3
0
9
0
2
0
0
0
0
0
0
0
0
0
0
0
0
0
0
0
0
0
0
0
0
0
0
0
0
0
0
0
0
0
0
0
0
0
0
0
0
0
0
0
0
0
0
0
0
0
0
0
0
0
0
0
0
0
0
0
0
0
0
0
0
0
0
0
0
0
0
0
0
0
0
0
0
0
0
0
0
0
0
0
0
0
0
0
0
0
0
0
0
0
0
0
0
0
0
0
0
0
0
0
0
0
0
0
0
0
0
0
0
0
0
0
0
0
0
0
0
0
