6
0
0
0
0
0
0
0
0
1
3
5
5
3
0
0
0
0
3
2
2
2
0
2
0
0
0
0
0
0
0
0
0
0
0
0
0
3
0
0
0
0
0
6
0
0
7
0
14
0
25
0
0
0
0
0
0
0
0
0
0
0
0
0
0
5
0
0
11
14
0
0
10
2
0
13
0
0
0
0
9
0
0
0
0
0
0
0
0
0
0
0
0
0
17
2
0
0
5
0
0
15
156
251
229
118
19
5
0
0
0
0
0
0
0
0
0
0
0
0
0
0
0
0
6
12
14
93
218
255
240
255
255
219
0
0
0
0
0
0
0
0
0
0
0
0
0
0
0
9
0
18
2
0
113
255
250
247
231
134
154
71
7
0
7
0
0
0
0
0
0
0
0
0
0
0
0
0
9
0
39
199
255
250
227
108
55
0
0
0
0
0
2
0
0
0
0
0
0
0
0
0
0
0
0
10
0
97
241
255
242
179
51
0
0
8
0
0
18
0
1
0
0
0
0
0
11
6
0
0
10
0
5
15
67
227
250
249
153
0
0
5
0
5
0
10
0
0
7
0
0
0
0
0
0
0
6
4
0
8
1
26
255
252
250
90
0
8
7
0
18
0
0
10
6
0
10
0
0
0
0
4
0
0
4
5
0
16
0
155
230
255
148
0
0
12
0
0
4
0
7
0
0
17
0
0
0
0
0
0
5
5
0
0
0
11
23
252
249
145
1
22
0
0
3
0
0
15
0
0
0
13
0
0
0
0
0
0
5
4
0
3
5
1
115
239
255
26
0
11
30
122
187
198
201
154
75
75
38
0
14
0
0
0
0
2
0
0
0
7
0
0
198
255
188
8
8
32
159
255
251
244
255
255
255
241
190
50
0
0
0
0
0
3
0
0
0
5
0
39
241
255
150
0
1
214
255
251
193
211
189
191
233
255
255
193
4
0
0
0
0
0
2
10
0
5
4
105
255
252
65
3
0
212
203
44
6
2
0
12
73
253
245
251
0
0
0
0
0
8
0
0
7
1
0
70
244
248
17
16
0
221
173
1
4
0
0
1
51
255
255
243
0
0
0
0
0
0
5
7
0
0
24
102
255
255
28
0
0
122
80
7
0
4
0
42
233
248
255
135
5
0
0
0
0
4
0
0
1
0
0
49
241
239
48
22
0
0
0
0
8
21
99
234
238
255
157
0
0
0
0
0
0
1
0
0
21
0
0
14
218
255
253
100
36
16
5
34
45
161
255
252
239
215
50
6
9
0
0
0
0
0
10
7
9
0
9
0
112
240
254
255
236
157
226
255
244
244
255
253
217
16
0
1
0
0
0
0
0
0
17
0
0
0
9
0
2
157
255
242
255
255
254
252
255
255
238
84
0
0
2
13
3
0
0
0
0
0
0
0
4
11
7
5
1
3
45
113
172
250
250
151
127
99
4
0
14
0
23
0
0
0
0
0
0
0
6
0
9
2
0
12
0
4
0
17
0
0
1
0
4
0
1
6
0
6
0
3
7
0
0
0
0
0
0
0
0
0
0
0
0
0
0
0
0
0
0
0
0
0
0
0
0
0
0
0
0
0
0
0
0
0
0
0
0
0
0
0
0
0
0
0
0
0
0
0
0
0
0
0
0
0
0
0
0
0
0
0
0
0
0
0
0
0
0
0
0
0
0
0
0
0
0
0
0
0
0
0
0
0
0
0
0
0
0
0
0
0
0
0
0
0
0
0
0
0
0
0
0
0
0
0
0
0
0
0
0
0
0
0
0
0
0
0
0
