3
0
7
2
4
5
0
0
0
0
3
0
9
0
0
0
10
3
0
10
0
0
7
0
10
0
0
0
0
0
7
0
0
0
6
12
1
0
1
0
0
2
15
1
0
0
0
1
9
0
0
6
0
0
0
0
0
0
0
2
0
0
2
3
0
9
0
3
6
0
0
0
19
10
1
0
9
6
0
15
0
0
0
0
0
2
0
5
14
1
0
0
3
0
0
6
0
0
8
7
0
0
8
0
0
0
0
0
1
0
0
0
0
8
0
3
1
0
4
0
10
5
0
0
2
0
3
9
12
11
0
14
2
0
5
3
0
0
0
0
0
0
0
7
0
0
15
0
0
0
87
179
252
254
251
235
255
157
0
0
16
0
6
9
1
0
0
0
0
0
0
10
0
6
4
0
45
114
237
255
255
231
255
249
255
255
97
2
0
0
0
0
0
0
0
0
0
1
0
2
0
3
0
13
161
250
255
200
172
65
32
63
228
250
255
123
3
0
6
4
0
0
0
0
0
0
6
0
6
6
0
69
239
255
102
41
6
0
10
6
156
243
255
148
0
9
0
5
4
0
0
0
0
2
5
0
0
1
7
81
203
104
6
0
5
4
0
0
176
255
255
125
5
0
0
11
0
0
0
0
0
0
10
10
6
3
0
0
13
0
22
3
0
8
5
36
216
241
255
25
1
0
14
4
6
0
0
0
0
0
0
0
0
0
7
4
0
5
0
0
13
46
137
223
245
255
255
220
0
15
0
0
0
0
0
0
0
21
9
5
0
0
0
5
0
0
6
14
110
232
253
250
252
255
246
236
255
67
0
0
12
0
0
0
0
0
0
0
5
0
0
2
0
5
0
0
110
247
255
255
252
251
246
255
245
52
9
5
0
0
0
0
0
6
4
1
0
0
0
0
6
0
9
0
34
179
166
89
49
51
117
249
255
166
0
12
0
0
0
0
0
0
4
1
0
2
3
0
0
3
0
2
0
7
0
5
0
0
0
239
255
189
11
0
0
0
0
0
0
0
0
11
0
0
13
0
6
4
0
8
0
0
4
8
0
0
0
243
255
187
0
3
4
0
0
0
0
0
0
2
3
1
0
0
0
0
0
0
2
21
0
0
11
11
70
227
255
100
5
5
0
0
0
0
0
0
2
0
8
1
0
0
0
11
8
7
0
0
14
3
0
0
255
248
247
58
0
14
8
0
0
0
0
0
7
0
0
1
2
0
42
122
232
0
0
1
0
7
0
137
255
253
163
18
1
0
5
0
0
0
0
0
1
0
0
2
3
0
152
245
244
13
19
0
0
4
71
236
255
216
48
0
14
0
0
0
0
0
0
3
0
2
3
1
0
0
221
253
250
19
0
22
0
81
228
251
255
116
0
0
0
13
4
0
0
0
0
3
0
1
10
0
3
0
151
254
249
230
172
179
186
220
255
255
56
8
12
0
2
0
3
0
0
0
0
0
4
0
5
0
20
0
28
190
248
250
255
250
244
255
227
142
11
0
0
4
5
2
0
0
0
0
0
0
0
0
0
0
0
0
0
0
84
186
247
255
242
142
40
0
0
0
0
0
0
0
0
0
0
0
0
0
0
0
0
0
0
0
0
0
4
0
0
0
12
14
2
0
0
0
0
0
0
0
0
0
0
0
0
0
0
0
0
0
0
0
0
1
0
1
3
0
0
0
0
0
0
0
0
0
0
0
0
0
0
0
0
0
0
0
0
0
0
0
0
4
0
0
5
3
0
1
12
0
0
0
0
0
0
0
0
0
0
0
0
