3
0
0
0
0
0
0
0
0
0
11
0
0
13
0
12
0
0
0
0
0
0
0
0
0
0
0
0
0
0
0
0
0
0
0
0
0
12
0
7
0
0
11
0
4
0
0
0
0
0
0
0
0
0
0
0
0
0
0
0
0
0
0
0
0
0
0
5
7
0
0
0
0
0
0
0
0
0
0
0
0
0
0
0
0
0
0
0
0
0
0
0
0
13
0
7
0
1
0
8
0
0
0
0
0
0
0
0
0
0
0
0
0
0
0
0
0
0
0
0
0
0
17
231
156
77
28
0
19
0
0
0
0
0
0
0
0
0
0
0
0
0
0
0
0
0
0
0
0
2
15
210
240
255
219
100
0
0
0
0
0
0
0
0
0
0
0
0
0
0
0
0
0
0
0
0
0
3
0
5
106
199
253
247
84
0
0
0
0
0
0
0
0
0
0
0
0
0
0
0
0
0
0
0
0
0
6
0
10
0
98
232
220
0
0
0
0
0
0
0
0
0
0
0
0
0
0
0
0
0
0
0
0
4
0
1
12
0
4
207
255
7
0
0
6
5
0
12
3
0
0
0
0
0
0
0
0
0
0
0
0
7
0
0
7
94
187
255
143
0
3
0
0
0
21
0
0
0
0
0
0
0
0
0
0
0
0
0
0
0
109
237
246
253
255
245
97
11
0
0
2
9
0
0
8
0
0
0
0
0
0
0
0
0
0
0
0
0
106
253
255
238
224
254
247
170
142
16
0
0
2
1
0
0
0
0
0
0
0
0
0
0
0
0
0
6
0
26
31
25
18
48
90
225
255
199
54
5
0
4
0
0
0
0
0
0
0
0
0
0
0
0
0
0
0
6
6
8
0
0
0
5
64
209
169
4
0
12
18
0
0
0
0
0
0
0
0
0
0
0
0
5
13
0
0
1
7
5
3
14
0
78
255
46
15
0
0
0
0
0
0
0
0
0
0
0
0
0
0
0
9
0
0
7
0
0
3
0
0
6
192
204
3
9
0
0
0
0
0
0
0
0
0
0
0
0
0
2
0
0
0
3
5
0
3
0
9
0
136
244
0
0
4
0
0
0
0
0
0
0
0
0
0
0
0
8
0
27
15
0
0
15
0
10
1
8
203
236
0
16
0
0
0
0
0
0
0
0
0
0
0
0
0
0
6
0
0
23
3
0
0
3
0
115
255
144
0
0
0
0
0
0
0
0
0
0
0
0
0
0
0
3
0
14
0
0
6
0
4
0
90
245
216
54
8
0
11
0
0
0
0
0
0
0
0
0
0
0
0
0
88
0
1
0
0
15
6
50
234
197
52
0
0
6
0
0
0
0
0
0
0
0
0
0
0
0
0
9
231
137
74
13
0
103
170
253
213
94
0
4
1
13
0
0
0
0
0
0
0
0
0
0
0
0
0
0
82
255
255
239
255
255
242
236
56
13
0
0
3
0
0
0
0
0
0
0
0
0
0
0
0
0
0
11
0
58
144
220
188
162
49
21
2
0
0
9
8
0
9
0
0
0
0
0
0
0
0
0
0
0
0
0
0
0
0
0
0
0
0
0
0
0
0
0
0
0
0
0
0
0
0
0
0
0
0
0
0
0
0
0
0
0
0
0
0
0
0
0
0
0
0
0
0
0
0
0
0
0
0
0
0
0
0
0
0
0
0
0
0
0
0
0
0
0
0
0
0
0
0
0
0
0
0
0
0
0
0
0
0
0
0
0
0
0
0
0
0
0
0
0
0
0
0
0
0
0
0
0
0
0
0
0
0
0
0
