1
0
0
0
0
0
0
0
0
6
0
9
0
3
0
7
0
0
0
0
0
0
0
0
0
0
0
0
0
0
0
0
0
0
0
0
0
1
0
2
0
6
0
0
3
0
0
0
0
0
0
0
0
0
0
0
0
0
0
0
0
0
0
0
0
0
0
0
0
8
0
0
6
0
0
0
0
0
0
0
0
0
0
0
0
0
0
0
0
0
0
0
0
4
3
2
0
0
5
20
0
0
0
0
0
0
0
0
0
0
0
0
0
0
0
0
0
0
0
0
0
0
0
3
9
0
90
153
68
0
0
0
0
0
0
0
0
0
0
0
0
0
0
0
0
0
0
0
0
0
0
1
11
6
165
255
147
0
0
0
0
0
0
0
0
0
0
0
0
0
0
0
0
0
0
0
0
5
6
0
0
0
159
255
127
0
0
0
0
0
0
0
0
0
0
0
0
0
0
0
0
0
0
0
0
0
8
0
0
6
172
255
137
0
0
0
0
0
0
0
0
0
0
0
0
0
0
0
0
0
0
0
0
8
0
2
0
0
168
255
137
0
1
1
0
0
1
0
0
0
0
0
0
0
0
0
0
0
0
0
0
0
0
7
6
0
171
255
138
0
0
0
0
1
2
2
0
0
0
0
0
0
0
0
0
0
0
0
0
0
3
0
6
2
172
254
128
1
0
0
0
1
3
2
2
0
0
0
0
0
0
0
0
0
0
0
0
5
1
0
0
0
127
246
149
7
2
0
0
2
1
1
2
0
0
0
0
0
0
0
0
0
0
0
0
0
0
10
1
0
51
244
211
15
6
0
0
2
0
0
0
0
0
0
0
0
0
0
0
0
0
0
0
0
0
7
0
0
19
253
252
21
8
0
1
3
0
0
0
0
0
0
0
0
0
0
0
0
0
0
0
5
0
0
0
5
25
255
254
24
8
0
1
3
0
0
1
0
0
0
0
0
0
0
0
0
0
0
0
0
10
0
10
0
23
252
252
23
6
0
0
4
0
0
3
0
0
0
0
0
0
0
0
0
0
0
0
6
0
7
6
0
34
245
255
67
0
18
0
1
0
0
0
0
0
0
0
0
0
0
0
0
0
0
0
0
0
0
1
2
33
250
255
148
2
0
0
9
0
3
0
0
0
0
0
0
0
0
0
0
0
0
0
5
5
0
0
1
35
241
249
177
5
0
3
6
0
9
0
0
0
0
0
0
0
0
0
0
0
0
0
0
6
7
0
3
95
255
255
103
2
1
0
0
0
11
0
0
0
0
0
0
0
0
0
0
0
0
0
0
0
2
0
0
160
248
209
21
0
5
0
0
0
1
2
0
0
0
0
0
0
0
0
0
0
0
0
6
0
2
0
20
205
250
142
1
0
0
0
9
0
0
5
0
0
0
0
0
0
0
0
0
0
0
0
1
0
7
11
41
199
255
127
6
0
0
3
2
0
3
0
0
0
0
0
0
0
0
0
0
0
0
0
0
0
5
0
4
107
241
70
0
0
2
6
0
2
20
0
0
0
0
0
0
0
0
0
0
0
0
0
0
0
0
0
0
0
0
0
0
0
0
0
0
0
0
0
0
0
0
0
0
0
0
0
0
0
0
0
0
0
0
0
0
0
0
0
0
0
0
0
0
0
0
0
0
0
0
0
0
0
0
0
0
0
0
0
0
0
0
0
0
0
0
0
0
0
0
0
0
0
0
0
0
0
0
0
0
0
0
0
0
0
0
0
0
0
0
0
0
0
0
0
0
0
0
0
0
0
0
0
0
0
0
0
