4
0
0
0
0
0
0
0
0
6
0
0
1
0
8
0
8
0
6
0
0
0
14
0
0
0
0
0
0
0
0
0
0
0
0
0
0
0
10
4
9
8
5
0
0
9
0
0
13
0
3
0
11
0
0
0
0
0
0
0
0
0
0
0
0
0
4
0
0
4
0
7
3
0
0
0
8
0
0
0
4
0
0
0
0
0
0
0
0
0
0
0
0
11
4
2
6
3
0
4
0
0
0
0
6
6
6
12
8
0
0
0
0
0
0
0
0
0
0
0
0
0
0
0
15
1
0
1
0
0
21
0
0
6
0
0
0
0
0
0
0
0
0
0
0
0
0
0
0
24
20
0
1
0
0
4
3
9
170
143
17
1
0
9
3
0
0
0
0
0
0
0
0
0
0
0
0
119
173
26
1
0
0
2
1
10
255
219
5
0
0
2
0
0
0
0
0
0
0
0
0
0
0
0
0
132
255
32
0
9
2
4
0
34
255
173
0
17
7
0
3
0
0
0
0
0
5
2
0
8
7
2
0
136
248
65
0
0
6
0
12
121
241
59
6
0
9
0
0
0
0
0
0
2
5
0
0
3
0
0
4
218
232
46
0
0
13
9
21
238
230
6
0
3
0
11
0
0
0
0
0
3
0
0
0
5
0
0
54
228
115
0
4
7
0
0
32
244
91
0
0
5
0
2
12
0
0
0
0
2
0
0
2
3
0
3
122
255
58
0
2
4
0
7
120
232
0
14
0
4
11
0
0
0
0
0
0
4
0
4
3
0
0
1
175
255
48
14
0
0
1
2
178
242
0
0
0
2
0
9
2
0
0
0
0
1
0
7
3
0
0
5
219
232
16
0
0
14
1
0
213
233
8
8
0
10
21
0
14
0
0
0
0
0
0
5
3
0
8
3
235
212
37
0
0
4
0
28
229
241
23
4
32
170
253
67
0
0
0
0
0
5
0
4
0
0
4
0
220
255
198
148
124
93
109
154
252
247
241
239
230
250
243
83
1
0
0
0
0
1
0
0
10
0
0
25
84
245
255
251
255
255
253
255
255
255
251
231
151
137
17
0
3
0
0
0
0
6
0
0
3
0
0
0
14
32
81
128
168
165
151
211
239
173
72
8
0
5
0
14
0
0
0
0
0
0
2
1
0
4
8
0
0
0
6
7
3
0
0
180
244
18
0
0
13
0
2
1
0
0
0
0
0
0
1
5
0
0
8
9
2
0
0
0
0
0
8
208
216
0
19
8
0
0
13
0
13
0
0
0
0
0
1
2
0
0
0
0
5
5
0
0
0
15
49
254
213
7
0
0
0
15
13
0
0
0
0
0
0
8
0
0
3
6
0
0
0
0
0
3
0
8
56
251
198
109
0
8
0
0
0
8
13
0
0
0
0
3
0
0
3
7
5
1
1
5
4
5
0
0
64
255
245
129
3
9
3
5
0
3
0
0
0
0
0
0
2
5
0
0
0
0
4
0
0
7
0
0
62
244
234
25
0
10
0
3
6
0
6
0
0
0
0
0
0
0
0
0
0
0
0
0
11
0
2
0
53
179
153
0
0
0
0
0
0
0
0
0
0
0
0
0
0
0
0
0
0
0
0
1
9
0
11
0
0
33
0
0
0
0
0
0
0
0
0
0
0
0
0
0
0
0
0
0
0
0
0
0
0
0
14
7
0
0
0
0
0
0
0
0
0
0
0
0
0
0
0
0
0
0
0
0
0
0
0
7
0
0
0
5
4
0
13
0
0
0
0
0
0
0
0
0
0
0
0
