0
0
0
0
0
0
0
0
0
0
22
0
0
13
0
0
11
0
0
15
0
8
0
8
0
0
0
0
0
0
0
0
0
0
0
0
0
21
0
13
0
0
20
3
0
10
13
0
0
7
0
6
0
0
0
0
0
0
0
0
0
0
0
0
0
0
5
0
0
0
0
0
0
0
13
0
1
7
0
0
3
0
0
0
0
0
0
0
0
0
0
0
0
0
2
0
2
0
17
0
0
11
0
0
7
6
0
0
4
0
0
0
0
0
0
0
0
0
0
0
0
0
11
13
0
0
44
247
249
139
0
0
0
4
0
5
0
0
0
0
0
0
0
0
0
0
0
0
0
11
0
0
7
42
240
237
255
187
0
1
0
0
0
7
0
0
0
0
0
0
0
0
0
0
0
0
0
1
0
18
41
209
245
255
255
184
12
0
6
0
0
3
4
0
0
0
0
0
0
0
0
0
0
0
0
5
0
18
177
255
255
245
253
229
74
0
7
0
0
0
0
0
0
0
0
3
0
13
0
1
0
0
0
9
0
162
255
242
255
204
205
255
240
120
0
2
4
0
4
0
0
0
0
1
0
4
0
0
0
3
0
0
17
231
247
240
229
12
6
85
236
238
114
0
3
0
0
0
0
0
0
4
0
0
1
4
0
10
0
18
165
237
255
224
5
0
10
0
78
243
241
157
2
6
14
0
0
0
0
1
2
0
4
4
0
8
0
40
237
255
250
160
0
20
0
9
0
72
235
255
102
0
0
0
0
0
0
0
4
0
0
0
0
0
1
170
255
255
193
18
15
0
3
1
12
0
71
239
240
88
0
0
0
0
0
0
7
1
0
0
0
0
58
241
255
253
151
4
0
0
3
0
6
15
0
106
255
249
53
0
0
0
0
0
4
5
0
2
0
1
149
255
241
187
11
0
7
18
0
9
0
0
20
0
219
255
64
0
0
0
0
1
0
1
0
1
0
4
215
251
255
59
0
3
0
1
3
1
0
2
0
16
228
255
65
0
0
0
0
5
0
6
6
0
5
12
236
255
202
10
0
8
2
0
11
0
8
0
11
68
238
255
68
0
0
0
0
1
0
4
0
0
21
76
243
247
182
21
2
0
0
22
0
0
0
8
0
158
255
250
60
0
0
0
0
2
1
4
0
0
6
101
246
250
81
0
23
8
0
4
2
0
14
1
122
240
250
201
25
0
0
0
0
2
0
2
7
0
0
61
241
255
90
0
0
1
9
0
4
0
0
92
243
255
243
34
0
0
0
0
0
0
2
0
11
7
0
7
197
255
205
46
0
16
0
0
8
56
163
255
253
254
186
0
0
0
0
0
0
0
10
0
0
0
16
0
96
255
240
177
42
41
72
34
171
252
241
246
231
115
0
19
0
0
0
0
0
0
10
0
0
0
10
0
9
112
255
246
255
248
242
255
248
252
255
173
37
3
16
0
4
0
0
0
0
0
0
1
11
0
0
17
0
3
56
142
246
247
255
242
255
178
43
1
0
0
0
12
0
0
0
0
0
0
0
0
0
0
0
0
0
0
0
0
0
0
0
0
0
0
0
0
0
0
0
0
0
0
0
0
0
0
0
0
0
0
0
0
0
0
0
0
0
0
0
0
0
0
0
0
0
0
0
0
0
0
0
0
0
0
0
0
0
0
0
0
0
0
0
0
0
0
0
0
0
0
0
0
0
0
0
0
0
0
0
0
0
0
0
0
0
0
0
0
0
0
0
0
0
0
0
0
0
0
0
0
0
0
0
0
0
0
0
0
0
