5
0
0
0
0
0
0
0
0
5
0
0
6
0
0
0
7
0
0
0
1
0
0
0
10
0
0
5
0
0
0
0
0
0
0
0
0
0
0
5
0
3
3
5
0
8
7
4
2
3
3
0
0
3
3
0
2
0
0
0
0
0
0
0
0
0
6
3
0
0
1
0
0
0
0
0
0
2
14
11
0
0
5
0
18
0
0
0
0
0
0
0
0
0
15
0
5
0
1
0
3
1
4
3
0
0
0
0
0
0
1
0
0
0
0
0
0
0
0
0
0
0
7
0
0
11
0
3
2
7
0
0
8
12
4
0
5
2
2
6
0
0
0
0
0
0
0
0
0
21
0
0
21
219
247
255
168
49
28
29
62
84
77
64
62
23
25
0
0
0
0
0
0
0
0
0
0
0
0
18
81
247
246
255
245
255
248
245
255
255
255
250
246
255
240
36
3
0
0
0
0
0
0
0
0
0
0
0
135
255
253
246
255
251
254
255
252
246
246
254
255
252
255
0
0
0
0
0
0
0
0
0
0
2
0
82
244
238
211
238
231
244
237
232
247
230
214
208
153
152
78
9
0
0
0
0
0
0
0
0
0
9
9
240
239
69
4
0
8
6
0
0
7
0
0
13
0
10
0
0
0
0
0
0
0
0
0
0
0
0
104
255
253
28
0
0
0
11
7
0
6
1
0
1
4
0
0
9
12
0
0
0
0
0
0
0
0
17
236
222
150
4
0
14
6
0
0
0
0
5
0
0
0
8
6
1
0
0
0
0
0
0
0
0
0
47
251
255
52
5
0
0
0
0
5
3
0
3
8
2
4
0
0
0
0
0
0
0
0
0
0
0
0
136
240
205
19
0
26
11
4
0
0
7
0
0
0
0
0
3
7
9
7
0
0
0
0
0
0
0
0
178
255
227
222
202
233
195
149
28
0
0
4
1
4
0
6
0
0
0
0
0
0
0
0
0
0
0
0
186
255
250
255
255
248
245
255
130
25
0
1
0
1
0
0
3
0
0
1
0
4
0
0
0
1
4
4
221
255
240
252
255
252
255
250
250
36
0
0
7
0
6
0
0
0
0
0
1
8
0
0
0
2
0
3
80
110
145
120
104
124
109
237
247
31
8
0
4
0
3
2
0
0
0
0
2
2
0
0
13
9
0
11
13
0
11
8
0
11
0
201
255
31
11
2
0
1
0
5
0
0
0
0
0
3
5
4
0
0
103
167
27
10
0
4
0
0
70
249
255
30
2
0
0
10
0
0
0
0
0
0
3
0
2
5
0
0
200
248
254
177
66
1
9
70
208
255
200
14
0
0
0
12
0
0
0
0
0
0
8
0
0
2
6
2
225
255
251
240
255
245
236
230
255
246
91
0
0
3
0
5
0
5
0
0
0
0
0
4
10
0
0
0
161
230
255
255
255
244
251
249
255
176
16
0
1
4
0
0
0
4
0
0
0
0
1
1
0
1
14
6
0
8
93
234
251
255
255
255
212
32
0
9
0
0
0
1
0
0
0
0
0
0
0
0
0
0
0
0
0
0
0
12
86
172
172
86
12
0
0
0
0
0
0
0
0
0
0
0
0
0
0
0
0
0
0
0
0
0
4
0
0
3
3
0
0
4
0
0
0
0
0
0
0
0
0
0
0
0
0
0
0
0
0
0
0
0
0
9
6
0
0
6
9
0
0
0
0
0
0
0
0
0
0
0
0
0
0
0
0
0
0
0
0
0
0
0
0
3
3
0
0
0
0
0
0
0
0
0
0
0
0
0
0
0
