1
0
0
0
0
0
0
0
0
9
0
0
17
0
0
22
0
0
0
12
0
0
11
1
0
0
0
0
0
0
0
0
0
0
0
0
0
0
10
0
9
8
0
0
2
13
5
0
10
13
0
3
0
0
0
0
0
0
0
0
0
0
0
0
0
0
5
0
0
1
22
5
6
0
20
0
0
16
0
0
11
0
0
0
0
0
0
0
0
0
0
0
0
0
0
9
4
0
0
0
5
0
0
12
0
0
14
0
9
0
0
0
0
0
0
0
0
0
0
0
0
7
7
0
0
2
0
76
245
143
0
0
7
0
11
0
0
0
0
0
0
0
0
0
0
0
0
0
0
0
0
1
8
4
13
144
255
248
109
4
0
4
0
0
5
0
0
0
0
0
0
0
0
0
0
0
0
3
0
1
1
0
79
255
255
254
125
14
0
4
0
0
14
0
0
0
0
0
0
0
0
0
0
0
0
0
13
0
0
7
84
254
245
250
0
0
21
0
9
5
0
0
0
0
0
0
0
0
0
0
0
0
0
0
18
0
0
15
83
249
255
186
9
6
2
0
0
0
5
0
0
0
0
0
0
0
0
0
0
0
0
5
0
18
0
0
99
252
251
108
0
0
0
0
3
0
5
0
0
0
0
0
0
0
0
0
0
0
0
0
0
0
10
12
249
249
226
40
0
4
0
0
4
6
0
0
0
0
0
0
0
0
0
0
0
0
0
10
0
0
11
0
255
238
159
5
8
7
2
1
1
6
0
0
0
0
0
0
0
0
0
0
0
0
0
0
12
4
0
149
255
251
191
0
3
0
1
0
0
3
0
0
0
0
0
0
0
0
0
0
0
0
0
7
0
0
61
230
247
253
146
0
2
0
4
0
0
0
0
0
0
0
0
0
0
0
0
0
0
0
0
0
15
0
90
251
255
255
182
8
2
0
9
0
4
0
0
0
0
0
0
0
0
0
0
0
0
0
0
9
0
0
77
252
255
238
51
0
0
2
9
0
11
0
0
0
0
0
0
0
0
0
0
0
0
0
0
0
3
1
74
255
245
255
0
2
1
0
0
0
2
1
0
0
0
0
0
0
0
0
0
0
0
0
0
4
0
0
114
252
251
138
13
0
0
0
0
0
1
0
0
0
0
0
0
0
0
0
0
0
0
0
0
0
4
14
81
237
255
74
0
0
0
0
1
0
0
0
0
0
0
0
0
0
0
0
0
0
0
0
0
2
0
10
75
255
255
84
8
0
0
0
2
0
0
0
1
0
0
0
0
0
0
0
0
0
0
0
0
2
0
0
91
255
244
106
0
3
0
0
2
1
0
0
2
0
0
0
0
0
0
0
0
0
0
0
0
0
8
7
85
252
248
187
20
12
2
0
1
2
0
0
3
0
0
0
0
0
0
0
0
0
0
0
0
8
0
0
63
221
255
255
181
21
5
0
0
3
0
0
3
0
0
0
0
0
0
0
0
0
0
0
0
0
22
0
0
64
255
237
212
27
7
0
0
4
1
0
2
0
0
0
0
0
0
0
0
0
0
0
0
0
0
0
0
0
0
0
0
0
0
0
0
0
0
0
0
0
0
0
0
0
0
0
0
0
0
0
0
0
0
0
0
0
0
0
0
0
0
0
0
0
0
0
0
0
0
0
0
0
0
0
0
0
0
0
0
0
0
0
0
0
0
0
0
0
0
0
0
0
0
0
0
0
0
0
0
0
0
0
0
0
0
0
0
0
0
0
0
0
0
0
0
0
0
0
0
0
0
0
0
0
0
0
0
