5
0
0
0
0
0
0
0
0
0
0
0
0
0
0
0
0
0
0
0
0
0
0
0
0
0
0
0
0
0
0
0
0
0
0
0
0
0
0
0
0
0
0
0
0
0
0
0
0
0
0
0
0
0
0
0
0
0
0
0
0
0
0
0
0
0
0
0
0
0
0
0
0
0
0
0
0
0
0
0
0
0
0
0
0
0
0
0
0
0
0
0
0
0
0
0
0
0
0
0
0
0
0
0
0
0
0
0
0
0
0
0
0
0
0
0
0
0
0
0
0
0
0
0
0
0
0
0
0
0
0
0
0
0
0
0
0
0
0
0
0
0
0
0
0
0
0
0
0
0
0
0
0
0
0
0
0
0
0
0
0
0
0
0
0
0
0
0
0
0
0
0
0
0
0
0
0
0
0
0
0
0
0
0
0
0
0
0
0
0
0
0
0
0
0
0
0
0
0
0
0
0
0
0
0
0
0
0
0
0
0
0
0
0
0
0
0
0
0
0
0
0
0
0
0
0
0
0
0
0
0
0
0
5
0
0
10
1
0
3
4
0
15
5
37
68
57
61
65
26
0
10
0
0
0
0
0
0
0
0
0
0
2
4
0
0
31
0
16
183
240
255
255
255
245
251
251
151
18
0
4
0
0
0
0
0
0
0
0
19
0
6
11
0
11
36
165
214
225
204
199
212
216
217
206
115
16
0
1
0
0
0
0
0
0
0
0
0
9
0
0
7
147
255
147
12
4
0
7
8
0
0
0
3
0
8
0
0
0
0
0
0
0
0
0
7
0
20
67
185
255
74
0
6
0
0
12
7
0
0
7
3
0
1
4
0
0
0
0
0
0
0
0
0
0
9
219
248
255
174
44
6
0
0
0
0
5
4
0
6
4
4
4
0
0
0
0
0
0
0
0
0
6
33
227
244
223
250
194
0
0
25
16
0
0
0
0
0
6
8
0
0
0
0
0
0
0
0
0
2
0
0
14
16
0
177
248
76
4
0
0
0
10
0
2
7
8
0
0
0
6
0
0
3
10
1
0
0
6
0
14
1
0
43
254
109
0
0
2
0
5
0
0
0
0
0
0
4
0
14
5
0
0
16
0
0
0
16
0
0
0
67
255
79
0
1
6
0
6
0
3
0
0
0
0
4
0
21
0
0
64
106
0
11
0
0
3
3
65
227
197
33
0
3
2
0
3
0
3
0
0
0
0
0
3
2
1
0
195
245
130
129
93
93
159
211
233
249
14
1
0
3
0
0
3
0
1
0
0
0
0
13
3
0
0
6
163
251
255
255
245
234
189
177
123
27
0
0
3
4
0
4
8
0
2
0
0
0
0
0
0
13
10
9
0
4
7
0
4
0
0
7
9
0
12
0
4
0
0
2
5
0
0
0
0
0
0
0
0
9
0
7
0
1
0
0
22
4
8
0
0
14
4
0
1
0
0
0
0
2
0
0
0
0
0
0
2
1
0
0
1
0
1
4
0
0
0
9
12
0
1
0
1
1
4
0
0
8
1
0
0
0
0
0
0
0
0
0
0
0
0
0
0
0
0
0
0
0
0
0
0
0
0
0
0
0
0
0
0
0
0
0
0
0
0
0
0
0
0
0
0
0
0
0
0
0
0
0
0
0
0
0
0
0
0
0
0
0
0
0
0
0
0
0
0
0
0
0
0
0
0
0
0
0
0
0
0
0
0
0
0
0
0
0
0
0
0
0
0
0
0
0
0
0
0
0
0
0
0
0
0
0
0
0
0
0
0
0
0
0
0
0
0
0
0
