1
0
0
0
0
0
0
0
0
0
0
0
0
0
0
0
0
0
0
18
0
0
10
0
4
0
0
0
0
0
0
0
0
0
0
0
0
0
0
0
0
0
0
0
0
0
23
0
4
7
0
8
0
0
0
0
0
0
0
0
0
0
0
0
0
0
0
0
0
0
0
0
0
0
0
0
0
12
5
0
1
0
0
0
0
0
0
0
0
0
0
0
0
0
0
0
0
0
0
0
0
11
3
0
9
1
0
9
0
0
0
0
0
0
0
0
0
0
0
0
0
0
0
0
0
0
0
0
0
0
5
0
178
255
233
219
8
0
0
0
0
0
0
0
0
0
0
0
0
0
0
0
0
0
0
0
0
17
0
195
232
235
255
98
0
0
0
0
0
0
0
0
0
0
0
0
0
0
0
0
0
0
0
0
0
0
74
230
255
255
251
129
6
0
0
0
0
0
0
0
0
0
0
0
0
0
0
0
0
0
0
0
0
81
186
251
248
239
214
117
0
0
0
0
0
0
0
0
0
0
0
0
0
3
0
7
0
9
3
0
62
237
255
246
255
255
11
4
0
0
0
0
0
0
0
0
0
0
0
0
0
0
0
12
0
0
11
7
77
249
250
255
232
212
24
11
0
0
0
0
0
0
0
0
0
0
0
0
0
0
0
1
8
11
0
190
249
251
255
230
142
20
0
0
1
0
0
0
0
0
0
0
0
0
0
0
0
11
5
0
0
0
0
246
255
246
255
252
71
0
0
10
0
0
0
0
0
0
0
0
0
0
0
0
0
0
0
0
12
83
197
251
255
254
245
165
32
8
2
13
0
0
0
0
0
0
0
0
0
0
0
0
0
0
0
8
43
200
255
234
255
255
188
6
0
0
13
0
1
0
0
0
0
0
0
0
0
0
0
0
0
3
11
108
144
255
238
255
255
174
80
0
0
19
3
0
0
0
0
0
0
0
0
0
0
0
0
0
0
6
23
254
255
240
255
253
163
28
0
0
9
0
0
2
0
0
0
0
0
3
0
0
0
9
0
8
0
5
36
248
246
255
237
255
125
0
0
0
0
0
0
0
0
0
0
0
0
0
18
0
0
0
20
0
0
97
216
255
254
251
189
79
0
0
0
0
0
0
0
0
0
0
0
0
0
0
0
1
18
0
0
6
146
248
255
243
251
248
57
0
21
0
0
0
0
0
0
0
0
0
0
0
0
7
0
8
0
4
13
124
248
243
255
247
190
48
13
13
0
0
0
0
0
0
0
0
0
0
0
0
0
13
0
0
0
0
35
203
255
255
242
250
159
7
0
13
0
0
0
0
0
0
0
0
0
0
0
0
0
0
0
0
25
0
71
237
255
253
254
210
20
3
0
0
0
0
0
0
0
0
0
0
0
0
0
0
0
0
17
0
6
0
131
255
241
255
242
98
0
0
17
0
11
0
0
0
0
0
0
0
0
0
0
0
0
0
0
6
0
0
40
188
255
196
96
0
0
14
0
6
0
0
0
0
0
0
0
0
0
0
0
0
0
0
0
0
0
0
0
0
0
0
0
0
0
0
0
0
0
0
0
0
0
0
0
0
0
0
0
0
0
0
0
0
0
0
0
0
0
0
0
0
0
0
0
0
0
0
0
0
0
0
0
0
0
0
0
0
0
0
0
0
0
0
0
0
0
0
0
0
0
0
0
0
0
0
0
0
0
0
0
0
0
0
0
0
0
0
0
0
0
0
0
0
0
0
0
0
0
0
0
0
0
0
0
0
0
0
0
0
0
0
0
0
0
