8
0
0
0
0
0
0
0
0
0
0
0
0
4
0
0
8
0
2
3
8
5
0
0
1
0
0
0
0
0
0
0
0
0
0
0
0
10
0
3
11
2
2
0
0
13
0
0
0
0
0
15
5
0
0
0
0
0
0
0
0
0
0
0
0
0
2
8
0
0
0
13
10
0
0
8
14
5
0
1
0
0
0
0
0
0
0
0
0
0
0
0
0
0
10
0
0
12
0
0
0
0
4
0
0
0
7
0
9
0
0
0
0
0
0
0
0
0
0
0
0
9
0
0
0
1
11
59
120
232
229
124
3
9
6
0
0
0
0
0
0
0
0
0
0
0
0
0
0
0
0
3
0
13
140
248
249
234
255
192
0
11
0
10
2
0
0
0
0
0
0
0
0
0
0
0
0
0
2
0
29
153
255
227
119
72
120
119
0
8
0
11
0
0
0
0
0
0
0
0
0
0
0
0
0
0
12
0
87
252
210
46
0
1
0
0
0
0
4
3
0
0
0
0
0
0
0
0
0
0
0
0
0
0
1
0
224
251
81
0
1
6
0
0
14
0
9
0
5
0
0
0
0
0
0
0
0
0
0
0
0
2
6
0
203
162
21
14
0
4
0
7
0
0
14
0
0
0
0
0
0
0
0
0
0
0
0
0
0
0
4
0
169
237
80
0
0
0
3
2
3
0
2
0
6
0
0
0
0
0
0
0
0
0
0
0
0
6
6
0
47
226
149
3
14
0
19
0
23
1
0
6
0
0
0
0
0
0
0
0
0
0
0
0
0
1
0
1
9
161
255
134
0
4
0
0
0
0
17
23
0
0
0
0
0
0
0
0
0
0
0
0
0
3
3
0
17
53
225
172
3
14
19
206
65
8
0
0
2
0
0
0
0
0
0
0
0
0
0
0
0
0
13
0
0
0
162
248
255
240
91
179
43
6
2
0
1
0
0
0
0
0
0
0
0
0
0
0
0
4
0
27
0
27
182
243
252
233
13
0
5
0
0
0
2
0
0
0
0
0
0
0
0
0
0
0
0
0
6
0
5
232
253
204
187
234
1
5
0
0
0
5
2
0
0
0
0
0
0
0
0
0
0
0
0
9
0
4
138
250
118
11
29
220
76
0
0
19
0
0
0
0
0
0
0
0
0
0
0
0
0
0
0
0
0
25
225
255
57
0
3
184
54
1
10
0
19
12
1
0
0
0
0
0
0
0
0
0
0
0
0
11
6
65
241
249
3
0
6
20
208
126
36
0
0
7
0
0
0
0
0
0
0
0
0
0
0
0
0
0
0
64
255
255
23
8
4
11
226
138
51
11
0
0
21
0
0
0
0
0
0
0
0
0
0
0
0
2
0
22
221
255
133
47
0
46
222
233
69
0
27
1
0
0
0
0
0
0
0
0
0
0
0
0
0
2
8
3
117
227
255
227
156
241
244
124
5
5
0
0
0
0
0
0
0
0
0
0
0
0
0
0
0
0
4
0
0
119
226
255
255
197
15
25
0
2
6
4
4
0
0
0
0
0
0
0
0
0
0
0
0
0
0
0
0
0
0
0
0
0
0
0
0
0
0
0
0
0
0
0
0
0
0
0
0
0
0
0
0
0
0
0
0
0
0
0
0
0
0
0
0
0
0
0
0
0
0
0
0
0
0
0
0
0
0
0
0
0
0
0
0
0
0
0
0
0
0
0
0
0
0
0
0
0
0
0
0
0
0
0
0
0
0
0
0
0
0
0
0
0
0
0
0
0
0
0
0
0
0
0
0
0
0
0
0
