9
0
0
0
0
0
0
0
0
2
4
0
0
0
0
0
0
4
0
7
0
3
1
0
1
0
0
0
0
0
0
0
0
0
0
0
0
0
0
5
6
9
4
0
8
6
4
8
0
0
0
2
0
0
0
0
0
0
0
0
0
0
0
0
0
16
7
0
0
1
4
0
0
0
0
0
4
3
4
4
0
0
0
0
0
0
0
0
0
0
0
0
0
0
0
2
3
7
2
0
7
11
15
0
1
0
0
5
2
0
0
0
0
0
0
0
0
0
0
0
0
4
7
0
0
1
0
0
2
0
0
0
3
4
0
0
0
0
0
0
0
0
0
0
0
0
0
0
0
0
3
2
0
4
2
0
6
0
0
26
0
0
0
7
11
0
0
0
0
0
0
0
0
0
0
0
0
0
8
3
0
4
53
134
206
255
248
233
67
7
0
0
0
0
0
0
0
0
0
0
0
0
0
0
0
0
2
19
79
168
230
251
255
246
248
255
65
4
0
3
0
0
0
0
0
0
0
0
0
0
0
0
0
3
129
199
241
255
255
236
240
242
255
250
71
10
0
0
4
0
0
0
0
0
0
0
0
0
0
0
0
80
244
255
255
248
174
84
12
160
249
253
83
0
6
0
6
0
0
0
0
0
0
0
0
0
0
0
0
213
254
236
209
55
12
11
0
166
250
222
44
0
9
0
0
0
0
0
0
0
0
0
0
0
0
0
0
205
255
255
168
3
9
0
53
232
253
187
0
10
0
4
0
0
0
0
0
0
0
0
0
0
0
0
0
227
252
255
198
31
0
0
64
249
255
167
3
14
0
6
2
0
0
0
0
0
0
0
0
0
0
0
0
83
255
245
255
240
149
99
218
255
255
115
8
0
1
5
2
0
0
0
0
0
0
0
0
0
0
0
0
13
186
229
255
255
247
255
249
255
211
39
0
0
6
2
0
0
0
0
0
0
0
0
0
0
0
0
0
2
8
107
244
251
244
255
250
243
146
0
0
19
0
0
1
0
0
0
0
0
0
0
0
0
0
0
0
1
0
3
4
32
129
255
254
246
133
0
7
0
0
8
0
0
0
0
0
0
0
0
0
0
0
0
0
0
0
0
0
0
22
244
248
254
138
0
0
6
0
0
0
0
0
0
0
0
0
0
0
0
0
0
0
6
5
0
0
12
0
255
249
249
140
0
0
5
0
0
2
0
0
0
0
0
0
0
0
0
0
0
0
0
0
0
0
11
0
255
244
250
133
12
0
0
0
8
0
0
0
0
0
0
0
0
0
0
0
0
0
0
0
7
0
0
18
255
251
255
100
3
8
4
0
9
0
0
0
0
0
0
0
0
0
0
0
0
0
5
0
13
7
0
104
255
250
251
67
0
0
11
0
4
0
0
0
0
0
0
0
0
0
0
0
0
0
0
0
0
2
6
157
251
241
240
114
24
0
7
0
1
3
0
0
0
0
0
0
0
0
0
0
0
0
3
1
4
0
0
150
249
255
250
209
112
0
0
2
0
0
0
0
0
0
0
0
0
0
0
0
0
0
8
4
0
0
6
114
255
255
255
93
0
12
2
0
3
0
0
0
0
0
0
0
0
0
0
0
0
0
0
13
7
0
3
25
242
255
127
27
0
2
0
0
6
0
0
0
0
0
0
0
0
0
0
0
0
0
4
0
1
8
0
0
2
0
14
0
0
1
0
1
3
0
0
0
0
0
0
0
0
0
0
0
0
0
20
0
0
0
0
22
0
16
0
4
8
2
0
0
0
0
0
0
0
0
