6
0
0
0
0
0
0
0
0
0
19
0
15
5
0
5
5
1
3
15
2
0
4
0
2
0
0
0
0
0
0
0
0
0
0
0
0
10
0
6
0
0
2
14
0
13
0
0
0
0
2
0
1
0
0
0
0
0
0
0
0
0
0
0
0
0
5
0
8
12
0
60
255
182
72
15
3
0
0
0
0
0
0
0
0
0
0
0
0
0
0
0
0
0
12
13
0
0
126
247
255
255
100
7
0
0
3
5
2
0
0
0
0
0
0
0
0
0
0
0
0
1
7
0
13
10
208
251
255
173
39
0
0
0
3
0
0
0
0
0
0
0
0
0
0
0
0
0
0
0
0
6
12
50
247
255
245
66
0
0
15
5
0
0
0
0
0
0
0
0
0
0
0
0
0
0
0
12
0
0
0
250
255
238
79
3
0
0
1
0
0
0
10
0
0
0
0
0
0
0
0
0
0
0
0
0
8
0
146
250
253
255
0
6
0
5
0
0
10
0
0
0
0
0
0
0
0
0
0
0
0
0
0
4
4
59
255
254
238
76
2
0
6
15
0
12
0
0
7
0
0
0
0
0
0
0
0
0
0
0
0
0
7
138
242
255
87
0
0
14
0
0
5
0
4
0
8
0
0
0
0
0
0
0
0
0
0
0
0
11
0
112
255
255
0
0
1
0
0
12
2
0
11
4
0
0
0
0
0
0
0
0
0
0
0
0
0
0
0
255
255
250
1
0
10
10
57
134
60
22
0
0
18
0
0
0
0
0
0
0
0
0
0
0
0
8
68
242
248
195
0
0
122
120
171
255
252
230
90
0
0
0
0
0
0
0
0
0
0
0
0
0
0
0
255
253
255
62
82
190
255
255
255
255
255
255
186
8
0
0
0
0
0
0
0
0
0
0
0
0
0
14
247
255
239
131
190
249
244
252
255
240
252
253
240
60
16
0
0
0
0
0
0
0
0
0
0
0
0
0
255
249
255
248
255
255
255
190
131
135
193
255
255
76
0
0
0
0
0
0
0
0
0
0
0
0
0
4
249
255
255
248
243
254
184
0
7
58
255
246
255
7
2
0
0
0
0
0
0
0
0
0
0
0
0
0
255
251
231
255
255
255
12
16
0
250
255
255
55
3
0
0
0
0
0
0
0
0
0
0
0
0
0
0
255
253
248
255
255
50
178
182
255
255
234
130
4
0
10
0
0
0
0
0
0
0
0
0
0
0
0
0
184
246
255
246
252
255
255
251
255
189
76
4
0
0
5
0
0
0
0
0
0
0
0
0
0
0
0
0
7
185
253
255
249
248
253
255
253
0
0
0
14
0
0
0
0
0
0
0
0
0
0
0
0
0
0
0
0
78
0
125
207
255
126
57
8
0
22
0
3
7
0
0
0
0
0
0
0
0
0
0
0
0
0
0
6
0
7
9
0
0
0
2
3
0
0
0
0
8
0
0
0
0
0
0
0
0
0
0
0
0
0
4
0
4
0
4
0
18
0
5
0
11
2
1
10
0
14
0
0
0
0
0
0
0
0
0
0
0
0
0
0
0
0
0
0
0
0
0
0
0
0
0
0
0
0
0
0
0
0
0
0
0
0
0
0
0
0
0
0
0
0
0
0
0
0
0
0
0
0
0
0
0
0
0
0
0
0
0
0
0
0
0
0
0
0
0
0
0
0
0
0
0
0
0
0
0
0
0
0
0
0
0
0
0
0
0
0
0
0
0
0
0
0
0
0
0
0
0
0
0
0
0
0
0
0
0
0
0
0
0
0
0
0
