2
0
0
0
0
0
0
0
0
0
0
14
2
0
5
0
0
0
0
2
3
10
0
0
4
0
0
0
0
0
0
0
0
0
0
0
0
8
4
0
0
8
0
0
12
5
12
6
0
0
13
4
1
0
0
0
0
0
0
0
0
0
0
0
0
0
13
2
7
0
7
89
134
174
191
187
57
6
0
0
0
0
0
0
0
0
0
0
0
0
0
0
0
0
0
0
0
0
114
241
255
251
255
249
152
11
0
1
12
0
0
0
0
0
0
0
0
0
0
0
0
16
0
4
6
107
229
212
169
47
86
250
242
136
0
4
0
0
0
0
0
0
0
0
0
0
0
0
0
0
0
0
0
103
137
9
0
0
0
170
244
202
0
15
4
0
0
0
0
0
0
0
0
0
0
0
0
1
13
9
0
28
34
0
17
6
0
13
242
231
92
0
0
0
0
0
0
0
0
0
0
0
0
0
0
3
0
5
7
0
6
4
0
0
0
0
189
255
69
4
10
0
0
0
0
0
4
3
0
1
9
5
0
0
0
0
4
6
4
1
0
3
0
0
202
255
76
13
0
0
0
0
0
0
3
3
0
0
0
0
0
0
6
7
0
0
0
1
0
0
8
6
188
235
91
0
12
0
0
0
0
2
0
0
4
10
7
3
2
7
5
0
0
0
6
3
0
1
11
0
180
255
82
10
0
0
0
0
0
6
2
0
0
0
0
0
0
1
0
0
2
11
6
1
4
0
8
43
247
243
38
4
5
0
0
0
0
0
6
7
0
0
0
7
9
0
3
5
3
0
0
0
0
4
0
195
255
167
3
0
14
0
0
0
0
0
0
0
1
6
9
1
0
0
4
0
0
0
11
13
1
1
49
255
248
93
4
4
0
0
0
0
0
11
0
0
1
0
0
1
19
21
23
25
19
4
0
0
0
48
204
242
216
0
9
0
6
0
0
0
0
0
0
4
10
0
5
93
196
252
250
255
228
123
9
0
45
213
255
245
49
4
1
0
4
0
0
0
0
0
7
0
26
32
193
255
242
190
153
249
246
247
208
95
225
255
250
35
2
0
7
0
0
0
0
0
0
0
0
21
0
193
255
213
70
0
5
9
138
255
245
254
255
190
28
0
0
9
6
0
1
0
0
0
0
0
10
0
0
179
240
62
4
0
6
27
136
255
250
255
232
53
8
7
0
0
0
5
16
0
0
0
0
14
0
0
7
208
248
135
122
142
161
254
253
255
225
236
255
206
135
178
148
23
25
0
0
0
0
0
0
11
0
11
0
151
235
255
236
240
252
254
169
81
28
161
255
255
255
240
164
0
1
0
3
0
0
0
0
0
6
0
11
21
148
237
226
158
104
45
20
17
0
20
13
105
156
38
0
0
0
17
0
0
0
0
0
11
7
0
0
0
0
20
0
6
0
0
0
2
0
0
14
14
0
0
13
0
1
0
5
0
0
0
0
0
2
4
0
13
0
2
0
0
10
0
0
5
0
5
1
0
19
0
0
0
0
0
3
0
0
0
0
0
0
0
0
0
0
0
0
0
0
0
0
0
0
0
0
0
0
0
0
0
0
0
0
0
0
0
0
0
0
0
0
0
0
0
0
0
0
0
0
0
0
0
0
0
0
0
0
0
0
0
0
0
0
0
0
0
0
0
0
0
0
0
0
0
0
0
0
0
0
0
0
0
0
0
0
0
0
0
0
0
0
0
0
0
0
0
0
0
0
0
0
0
0
0
0
0
0
0
0
0
0
0
0
0
0
0
0
0
0
0
0
