9
0
0
0
0
0
0
0
0
0
0
3
5
1
0
0
0
3
0
3
6
0
0
0
1
0
0
0
0
0
0
0
0
0
0
0
0
9
6
2
0
0
0
3
7
0
0
0
0
6
12
5
0
0
0
0
0
0
0
0
0
0
0
0
0
0
0
0
0
0
0
0
0
11
14
4
0
0
0
0
9
0
0
0
0
0
0
0
0
0
0
0
0
0
0
1
2
3
5
4
2
0
0
0
4
8
0
0
8
0
0
0
0
0
0
0
0
0
0
0
0
5
9
7
0
0
0
0
0
7
3
0
3
7
1
0
1
0
0
0
0
0
0
0
0
0
0
0
0
0
0
2
1
3
9
8
3
0
0
9
0
0
0
11
2
0
0
0
0
0
0
0
0
0
0
0
0
6
5
0
0
0
8
5
0
18
0
0
9
0
0
9
0
0
0
0
0
0
0
0
0
0
0
0
0
0
0
1
32
102
185
242
255
238
80
0
3
0
0
9
0
0
0
0
0
0
0
0
0
0
0
0
0
1
0
63
219
243
255
253
253
255
241
83
0
1
14
0
0
0
0
0
0
0
0
0
0
0
0
0
0
0
132
202
250
255
249
238
201
209
255
208
8
2
0
0
21
0
0
0
0
0
0
0
0
0
0
0
0
58
231
254
239
203
67
55
0
88
235
255
211
70
18
2
0
0
0
0
0
0
0
0
0
0
0
0
0
138
234
240
60
2
10
0
0
101
255
249
245
171
0
0
22
0
0
0
0
0
0
0
0
0
0
0
0
113
255
166
19
0
4
11
8
171
255
242
255
160
0
0
0
0
0
0
0
0
0
0
0
0
0
0
0
48
249
185
73
23
51
112
255
255
247
255
230
6
8
13
0
0
0
0
0
0
0
0
0
0
0
0
0
0
179
178
249
255
255
253
247
251
254
255
72
2
3
1
0
0
0
0
0
0
0
0
0
0
0
0
0
10
0
87
253
254
255
244
255
255
255
187
14
0
6
0
0
0
0
0
0
0
0
0
0
0
0
0
0
2
2
0
112
219
126
177
255
255
225
8
5
0
3
0
0
0
0
0
0
0
0
0
0
0
0
0
0
0
0
0
17
9
0
197
250
247
104
0
0
42
0
4
11
0
0
0
0
0
0
0
0
0
0
0
0
17
1
10
2
0
73
255
255
219
4
0
12
105
20
9
0
0
0
0
0
0
0
0
0
0
0
0
0
0
0
2
0
22
216
248
243
123
0
1
0
16
0
0
10
0
0
0
0
0
0
0
0
0
0
0
0
1
3
22
0
71
255
254
231
0
0
5
5
0
0
0
0
0
0
0
0
0
0
0
0
0
0
0
0
1
0
3
0
136
241
254
111
4
17
0
0
1
9
7
9
0
0
0
0
0
0
0
0
0
0
0
0
5
0
0
57
237
255
206
10
0
0
17
3
13
0
0
0
0
0
0
0
0
0
0
0
0
0
0
0
0
4
5
118
255
255
112
1
18
0
0
0
5
6
0
2
0
0
0
0
0
0
0
0
0
0
0
0
2
2
48
235
255
195
5
4
0
0
0
0
0
0
0
0
0
0
0
0
0
0
0
0
0
0
0
0
0
1
108
231
255
204
5
0
0
0
0
0
0
0
0
0
0
0
0
0
0
0
0
0
0
0
0
0
0
4
0
191
222
28
6
0
0
0
0
0
0
0
0
0
0
0
0
0
0
0
0
0
0
0
0
0
6
3
5
0
0
7
1
8
0
0
0
0
0
0
0
0
0
0
0
0
