6
0
0
0
0
0
0
0
0
0
14
0
0
9
2
0
8
7
0
0
12
0
9
1
0
0
0
0
0
0
0
0
0
0
0
0
0
14
0
13
25
0
0
1
0
1
0
0
3
0
0
0
12
0
0
0
0
0
0
0
0
0
0
0
0
0
0
0
0
0
3
9
2
0
11
4
0
17
11
0
0
0
0
0
0
0
0
0
0
0
0
0
0
1
7
5
21
7
0
6
10
255
255
152
1
0
0
0
1
0
0
0
0
0
0
0
0
0
0
0
0
0
0
8
0
0
23
68
244
240
247
144
0
0
0
0
3
0
0
0
0
0
0
0
0
0
0
0
0
0
14
0
19
7
71
247
254
255
220
102
5
5
1
0
0
0
0
0
0
0
0
0
0
0
0
0
0
5
0
10
0
74
237
253
249
143
80
6
0
0
8
0
0
0
0
0
0
0
0
0
0
0
0
0
0
0
10
0
78
203
250
217
143
3
0
0
13
0
3
3
1
0
0
0
0
2
0
0
0
1
2
3
2
0
0
51
235
237
255
106
0
0
0
0
5
0
0
12
0
0
0
0
0
1
0
0
0
1
1
1
1
0
5
154
255
255
105
18
0
14
0
4
0
12
3
1
0
0
0
0
0
0
0
1
1
1
0
0
0
0
37
231
253
199
19
19
0
0
14
0
0
0
0
7
0
0
0
0
0
0
0
2
2
0
0
0
0
8
158
255
221
42
3
10
0
1
118
176
251
187
78
4
0
0
0
0
0
0
0
2
2
0
0
0
1
28
254
253
185
0
0
3
119
255
246
255
242
255
245
95
0
0
0
0
0
0
1
3
1
0
0
2
6
107
253
247
123
9
0
119
248
246
242
164
156
244
255
254
35
0
0
0
0
0
2
3
1
0
0
5
11
221
249
246
57
2
1
221
255
183
33
5
0
79
230
247
157
0
0
0
0
0
2
3
0
0
0
8
15
246
255
225
17
1
0
222
255
0
12
0
9
12
195
250
84
0
0
0
0
5
0
0
2
1
0
8
24
252
255
236
45
0
0
121
251
163
20
18
0
143
253
238
25
0
0
0
0
4
0
0
3
1
0
6
20
240
245
241
68
0
10
12
71
81
78
0
142
236
252
141
3
0
0
0
0
2
0
0
3
1
0
2
13
241
248
253
159
0
0
0
2
0
90
203
249
240
208
8
0
0
0
0
0
0
0
0
2
1
0
0
5
114
249
248
212
60
3
2
41
206
253
255
255
171
21
14
0
0
0
0
0
0
0
0
2
1
0
0
0
36
254
254
230
239
225
201
229
255
248
232
132
6
2
3
0
0
0
0
0
0
0
0
0
0
0
0
0
0
137
250
248
255
255
246
255
250
144
48
19
1
2
0
8
0
0
0
0
0
0
0
0
0
1
0
0
5
0
101
176
228
241
200
137
13
12
0
0
11
0
14
0
0
0
0
0
0
0
0
0
0
2
2
0
0
7
0
0
23
0
0
0
5
0
9
8
0
1
9
0
0
0
0
0
0
0
0
0
0
0
0
0
0
0
0
0
0
0
0
0
0
0
0
0
0
0
0
0
0
0
0
0
0
0
0
0
0
0
0
0
0
0
0
0
0
0
0
0
0
0
0
0
0
0
0
0
0
0
0
0
0
0
0
0
0
0
0
0
0
0
0
0
0
0
0
0
0
0
0
0
0
0
0
0
0
0
0
0
0
0
0
0
0
0
0
0
0
0
0
0
0
0
0
0
0
0
0
0
0
0
0
0
0
0
0
0
