9
0
0
0
0
0
0
0
0
4
0
0
7
1
0
0
0
7
2
0
1
5
5
0
0
0
0
0
0
0
0
0
0
0
0
0
0
0
3
7
0
0
0
6
4
0
0
0
0
0
0
2
4
0
0
0
0
0
0
0
0
0
0
0
0
8
0
0
0
12
1
0
1
4
10
12
5
0
1
0
0
0
0
0
0
0
0
0
0
0
0
0
0
0
12
12
0
0
0
0
0
0
0
0
0
0
6
4
0
0
0
0
0
0
0
0
0
0
0
0
0
0
0
0
0
1
1
1
7
2
2
0
0
0
0
1
3
0
0
0
0
0
0
0
0
0
0
0
0
5
0
0
5
1
3
2
0
0
0
1
6
3
0
0
2
0
0
0
0
0
0
0
0
0
0
0
0
2
0
9
67
167
255
237
111
64
21
0
0
4
1
0
5
0
0
0
0
0
0
0
0
0
0
0
0
7
0
103
235
255
246
254
250
255
146
32
0
2
4
0
0
0
0
0
0
0
6
2
4
0
0
18
0
0
75
255
251
237
255
247
253
249
252
99
0
0
0
3
0
0
0
0
0
3
1
0
1
4
0
2
2
105
228
255
255
255
239
251
255
252
255
115
6
1
0
4
2
0
0
0
0
7
0
0
0
9
2
0
73
239
255
243
236
255
234
247
248
251
255
127
9
2
0
0
0
0
0
0
0
0
0
5
0
2
0
3
180
249
247
253
255
177
43
205
255
251
255
132
4
1
0
0
0
0
0
0
0
0
0
8
0
0
0
4
246
255
247
255
75
0
138
247
253
255
255
137
0
3
0
0
0
0
0
0
0
2
0
2
0
5
0
0
249
230
255
184
25
17
217
255
249
254
250
141
0
3
0
0
0
0
0
0
0
0
0
0
0
6
0
0
242
255
255
167
0
59
251
242
255
250
249
151
0
4
0
0
0
0
0
0
0
0
2
0
2
0
0
1
251
252
243
192
116
234
252
255
254
251
255
167
6
11
0
0
3
0
0
0
0
1
0
2
0
5
0
7
140
255
239
255
253
245
255
248
251
255
237
253
44
0
0
1
1
0
0
0
0
2
0
7
0
2
0
0
86
243
255
232
255
255
233
252
255
247
255
255
112
1
1
11
0
0
0
0
0
2
0
9
0
0
5
0
25
46
221
255
249
255
242
195
142
252
255
239
182
8
0
0
0
0
0
0
0
2
0
4
0
0
8
0
0
8
43
223
232
236
192
25
110
244
255
240
209
0
1
7
0
0
0
0
0
7
0
0
4
0
2
0
0
0
7
0
0
1
0
3
6
216
253
255
193
0
0
10
5
0
0
0
0
11
0
0
5
1
0
0
2
9
0
4
3
0
7
0
0
236
247
248
210
28
0
0
0
0
0
0
0
4
3
0
1
1
0
1
2
0
0
2
6
0
0
9
2
207
255
250
255
97
10
0
3
0
0
0
0
0
7
0
0
3
4
4
0
2
0
0
0
0
2
2
0
74
246
255
255
81
0
3
0
0
0
0
0
0
0
0
0
0
0
0
0
0
0
0
0
0
0
0
0
59
244
238
255
82
0
6
0
0
0
0
0
0
0
0
0
0
0
0
0
0
0
0
0
0
0
0
0
0
64
255
104
53
0
0
15
0
0
0
0
0
0
0
0
0
0
0
0
0
0
0
0
0
0
0
0
7
7
5
0
0
12
4
0
0
0
0
0
0
0
0
0
0
0
0
0
0
0
0
0
0
0
0
0
0
5
0
10
0
0
4
10
0
0
0
0
