7
0
0
0
0
0
0
0
0
0
0
0
0
0
0
0
0
0
0
2
0
0
4
11
0
0
0
0
0
0
0
0
0
0
0
0
0
0
0
0
0
0
0
0
0
5
6
0
0
0
0
0
0
0
0
0
0
0
0
0
0
0
0
0
0
0
0
0
0
0
0
0
0
0
0
0
0
11
0
0
0
0
0
0
0
0
0
0
0
0
0
0
0
0
0
0
0
0
0
0
0
2
4
1
0
0
2
4
9
0
0
0
0
0
0
0
0
0
0
0
0
0
0
0
0
0
0
0
0
0
0
8
6
0
0
6
0
0
0
0
0
0
0
0
0
0
0
0
0
0
0
0
0
0
0
0
0
5
0
4
0
0
0
12
5
0
0
0
0
0
0
0
0
0
0
0
0
0
0
0
0
0
0
0
0
0
5
0
6
18
0
0
6
0
0
0
0
0
0
0
0
0
0
0
0
0
0
0
0
0
0
0
0
11
86
137
197
228
116
0
4
0
0
0
0
0
8
8
0
0
8
0
2
0
6
0
11
0
0
109
160
233
248
255
240
255
211
0
0
0
0
0
0
11
0
0
4
14
0
4
9
0
1
23
89
176
227
248
255
255
237
254
242
244
245
0
3
0
0
0
0
1
0
7
10
0
0
79
109
217
214
225
248
254
247
251
255
236
247
255
255
255
221
0
0
0
0
0
0
12
0
0
0
0
62
238
253
246
255
255
248
241
252
201
51
78
218
240
255
255
116
5
3
0
0
0
0
0
0
15
0
13
84
250
245
255
243
238
196
134
65
2
0
57
230
253
255
187
20
13
0
0
0
0
0
0
0
9
0
0
50
192
226
100
93
82
0
0
5
0
99
198
255
255
226
67
0
8
0
0
0
0
0
0
0
0
1
10
1
3
0
0
0
0
0
12
0
13
178
255
250
188
96
0
0
6
0
0
0
0
0
1
9
6
0
0
4
0
7
2
8
0
14
0
4
160
241
254
244
123
0
4
0
0
0
0
0
0
0
0
0
0
0
0
0
0
0
0
8
0
4
0
131
248
254
255
118
45
1
0
10
0
0
0
0
0
0
0
0
0
0
0
0
0
0
3
7
0
5
97
240
250
255
243
65
0
0
8
6
0
13
0
0
0
0
0
0
0
0
0
0
0
0
9
0
0
0
142
251
255
192
103
10
0
0
1
9
0
5
0
0
0
0
0
0
0
0
0
0
0
0
0
5
37
65
230
255
232
105
0
0
15
1
0
8
3
0
0
0
0
0
0
0
0
0
0
0
0
0
1
0
34
222
255
252
248
17
7
0
1
3
0
0
0
1
0
0
0
0
0
0
0
0
0
0
0
0
0
7
20
255
255
247
131
4
15
0
0
1
5
0
0
5
0
0
0
0
0
0
0
0
0
0
0
0
2
0
167
255
238
252
2
0
0
4
3
0
0
1
2
0
0
0
0
0
0
0
0
0
0
0
0
0
0
154
246
242
253
146
0
2
2
8
0
0
5
1
0
0
0
0
0
0
0
0
0
0
0
0
0
0
14
186
255
255
217
0
10
0
0
0
0
0
0
0
0
0
0
0
0
0
0
0
0
0
0
0
0
0
70
246
255
232
112
0
3
2
0
0
0
0
0
0
0
0
0
0
0
0
0
0
0
0
0
0
0
0
63
240
255
234
65
0
0
5
0
0
0
0
0
0
0
0
0
0
0
0
0
0
0
0
0
0
0
0
3
14
0
0
0
1
9
0
0
0
0
0
0
0
0
0
0
0
0
0
