3
0
0
0
0
0
0
0
0
0
0
8
12
0
0
4
0
1
0
2
0
2
0
0
4
0
0
0
0
0
0
0
0
0
0
0
0
9
2
0
0
0
2
2
0
0
0
0
0
8
7
0
0
0
0
0
0
0
0
0
0
0
0
0
0
0
8
7
5
7
11
0
0
0
3
0
0
0
1
0
3
0
0
0
0
0
0
0
0
0
0
0
0
6
4
0
0
0
0
0
0
0
12
0
2
0
0
0
8
0
0
0
0
0
0
0
0
0
0
0
0
0
0
0
24
0
0
0
3
0
4
0
8
10
8
0
0
0
0
0
0
0
0
0
0
0
0
0
0
0
25
47
138
206
255
245
255
255
171
19
0
0
0
2
9
0
0
0
0
0
0
0
0
0
0
0
0
40
208
255
255
223
177
136
226
255
166
3
3
3
7
0
0
0
0
0
0
0
0
0
0
0
0
0
0
89
241
159
43
6
0
0
169
244
145
0
1
1
2
0
0
0
0
0
0
0
0
0
0
0
0
0
0
2
37
0
4
0
10
31
251
255
0
5
0
6
0
2
0
0
0
0
0
0
0
0
0
0
0
0
0
0
16
13
0
9
12
167
255
171
0
7
5
1
0
6
0
0
0
0
0
0
0
0
0
0
0
0
0
6
0
0
14
0
125
255
208
10
0
2
4
0
0
23
0
0
0
0
0
0
0
0
0
0
0
0
0
2
5
0
0
88
255
234
46
0
13
0
0
0
0
9
0
0
0
0
0
0
0
0
0
0
0
0
0
0
4
10
94
242
235
83
0
9
0
0
7
15
1
0
9
0
0
0
0
0
0
0
0
0
0
0
0
8
15
80
233
247
93
11
30
0
0
0
0
0
10
0
4
0
0
0
0
0
0
0
0
0
0
0
0
0
45
235
255
255
188
236
198
99
108
112
48
0
0
0
0
0
0
0
0
0
0
0
0
0
0
0
0
17
111
255
255
234
255
204
210
211
219
254
226
118
4
0
5
0
0
0
0
0
0
0
0
0
0
0
0
1
34
156
155
71
47
18
0
12
25
53
199
255
8
0
6
0
0
0
0
0
0
0
0
0
0
0
0
0
0
4
0
0
6
0
7
0
9
12
53
255
97
0
3
0
0
0
0
0
0
0
0
0
0
0
0
1
5
0
0
19
11
0
3
5
2
0
139
244
89
14
0
0
0
0
0
0
0
0
0
0
0
0
0
6
1
1
5
0
0
5
0
5
0
18
221
189
19
0
0
0
0
0
0
0
0
0
0
0
0
0
0
0
0
0
9
0
3
17
0
2
1
184
253
111
0
2
19
0
0
0
0
0
0
0
0
0
0
0
0
0
8
0
0
0
0
0
9
32
237
244
73
0
16
0
0
0
0
0
0
0
0
0
0
0
0
0
0
5
0
3
3
7
18
42
111
245
229
67
15
0
5
0
13
0
0
0
0
0
0
0
0
0
0
0
0
9
0
141
249
253
252
243
255
164
40
8
0
4
10
0
5
0
0
0
0
0
0
0
0
0
0
0
0
0
49
212
252
143
146
160
40
0
0
0
0
0
0
0
0
0
0
0
0
0
0
0
0
0
0
0
0
1
0
1
6
0
0
10
0
0
0
0
0
0
0
0
0
0
0
0
0
0
0
0
0
0
0
0
0
13
5
0
0
14
0
0
7
0
0
0
0
0
0
0
0
0
0
0
0
0
0
0
0
0
0
0
0
0
0
8
13
0
0
4
0
0
0
0
0
0
0
0
0
0
0
0
0
