0
0
0
0
0
0
0
0
0
0
3
0
0
4
0
0
5
0
0
5
0
1
8
0
0
0
0
0
0
0
0
0
0
0
0
0
0
0
15
8
0
0
15
10
0
2
5
6
0
0
11
7
0
0
0
0
0
0
0
0
0
0
0
0
0
1
0
0
13
9
0
0
0
12
0
0
18
0
0
0
21
0
0
0
0
0
0
0
0
0
0
0
0
2
0
0
0
0
5
11
8
0
16
5
15
0
7
0
0
0
0
0
0
0
0
0
0
0
0
0
0
5
4
0
0
1
0
0
0
2
9
0
0
17
0
1
0
0
0
0
0
0
0
0
0
0
0
0
0
0
0
0
4
8
0
29
111
206
195
58
164
102
107
0
13
0
0
0
0
0
0
0
0
0
0
0
0
0
14
0
0
68
133
195
255
251
255
245
243
255
207
143
23
0
0
0
0
0
0
0
0
0
0
0
0
3
0
0
86
236
255
238
255
248
252
255
253
255
252
255
143
0
0
0
0
0
0
0
2
2
0
0
0
1
4
46
240
250
248
255
249
252
248
227
114
181
222
255
138
0
0
0
0
0
3
0
0
3
5
5
0
0
34
187
242
252
255
253
188
70
79
25
0
14
69
231
114
0
0
0
0
2
6
0
0
0
3
0
0
0
199
245
255
255
205
61
2
0
0
0
12
0
171
71
49
0
0
0
0
3
2
1
0
1
0
0
31
208
243
245
247
179
38
8
1
0
0
4
0
46
232
72
0
0
0
0
0
0
0
0
4
7
0
8
90
255
233
255
216
19
9
0
0
2
8
3
0
57
240
153
6
0
0
0
0
4
0
1
5
2
0
11
133
242
255
232
36
12
0
15
0
0
0
6
0
78
255
64
0
0
0
0
0
7
0
6
0
0
0
26
166
184
117
35
2
5
0
1
0
0
6
1
41
211
239
44
0
0
0
0
0
2
0
8
0
3
11
58
203
141
11
0
0
2
18
0
6
4
2
0
173
255
250
25
7
0
0
0
0
0
5
0
0
0
8
143
253
146
13
0
0
21
0
0
2
0
2
20
211
177
5
0
0
0
0
0
0
7
7
4
8
2
0
143
255
209
0
0
0
0
7
8
1
0
20
129
201
85
0
18
0
0
0
0
0
0
0
0
0
1
0
164
249
123
3
7
15
0
1
0
0
0
0
203
255
162
29
0
5
0
0
0
0
0
4
6
0
9
20
208
253
113
0
0
0
24
0
1
0
51
186
230
243
144
0
6
0
0
0
0
0
1
5
12
0
2
19
207
255
249
86
7
20
0
0
1
35
146
255
199
96
33
5
1
14
0
0
0
0
0
0
7
0
0
0
157
248
255
236
216
186
201
233
34
131
48
86
12
8
0
0
0
0
0
0
0
0
7
0
13
7
9
0
85
168
254
255
246
255
255
223
242
125
0
0
22
0
0
15
2
11
0
0
0
0
3
0
5
0
0
0
2
40
255
246
255
251
151
157
34
117
8
4
0
0
15
0
0
1
0
0
0
0
0
0
0
0
0
0
0
0
42
176
240
147
28
0
6
5
0
0
0
0
0
0
0
0
0
0
0
0
0
0
0
0
0
0
0
0
0
5
8
0
0
2
1
0
0
0
0
0
0
0
0
0
0
0
0
0
0
0
0
0
0
0
0
0
8
0
0
4
4
0
2
15
0
0
0
0
0
0
0
0
0
0
0
0
0
0
0
0
0
0
0
0
0
0
2
2
0
0
0
0
0
0
0
0
0
0
0
0
0
0
0
0
