1
0
0
0
0
0
0
0
0
4
0
0
14
0
6
0
14
0
0
0
0
0
0
0
0
0
0
0
0
0
0
0
0
0
0
0
0
0
8
0
0
0
8
0
0
0
0
0
0
0
0
0
0
0
0
0
0
0
0
0
0
0
0
0
0
0
0
1
7
3
0
0
9
0
0
0
0
0
0
0
0
0
0
0
0
0
0
0
0
0
0
0
0
7
0
1
0
0
18
0
0
0
0
0
0
0
0
0
0
0
0
0
0
0
0
0
0
0
0
0
0
7
1
3
0
0
150
79
0
0
0
0
0
0
0
0
0
0
0
0
0
0
0
0
0
0
0
0
0
1
0
3
5
6
203
134
7
0
0
0
0
0
0
0
0
0
0
0
0
0
0
0
0
0
0
0
0
7
0
0
11
0
162
152
3
0
0
0
0
0
0
0
0
0
0
0
0
0
0
0
0
0
0
0
0
0
9
0
0
0
197
251
51
0
0
0
0
0
0
0
0
0
0
0
0
0
0
0
0
0
0
0
0
0
5
0
0
0
205
244
113
0
3
0
0
7
0
0
2
0
0
0
0
0
0
0
0
0
0
0
0
0
2
3
0
0
181
250
147
0
2
0
0
4
0
0
0
0
0
0
0
0
0
0
0
0
0
0
0
0
0
6
2
14
156
255
217
0
0
0
0
0
2
0
0
0
0
0
0
0
0
0
0
0
0
0
0
5
0
7
0
0
82
239
219
4
0
3
0
0
4
0
0
0
0
0
0
0
0
0
0
0
0
0
0
5
0
5
0
0
34
219
227
20
0
5
0
0
5
0
0
0
0
0
0
0
0
0
0
0
0
0
0
0
0
1
2
5
28
234
255
44
0
4
0
0
6
0
0
0
0
0
0
0
0
0
0
0
0
0
0
2
4
0
0
0
9
217
241
68
0
2
1
0
6
0
4
0
0
0
0
0
0
0
0
0
0
0
0
0
9
0
1
1
19
230
255
83
0
1
2
0
5
0
6
0
0
0
0
0
0
0
0
0
0
0
0
1
2
0
0
0
86
250
226
15
6
0
2
2
0
0
3
0
0
0
0
0
0
0
0
0
0
0
0
0
6
8
0
0
72
246
223
0
1
0
2
0
0
2
0
0
0
0
0
0
0
0
0
0
0
0
0
0
0
4
0
11
82
255
222
0
0
4
2
0
3
5
0
0
0
0
0
0
0
0
0
0
0
0
0
4
0
3
0
13
65
251
229
17
0
2
4
0
5
3
0
0
0
0
0
0
0
0
0
0
0
0
0
0
0
17
1
0
18
224
242
56
0
0
4
0
4
0
2
0
0
0
0
0
0
0
0
0
0
0
0
3
0
8
3
0
25
227
251
83
0
0
4
0
4
0
3
0
0
0
0
0
0
0
0
0
0
0
0
6
0
0
0
1
67
251
253
83
0
0
2
0
7
0
0
0
0
0
0
0
0
0
0
0
0
0
0
0
4
0
3
0
78
255
251
71
0
5
0
0
10
0
0
0
0
0
0
0
0
0
0
0
0
0
0
0
0
0
0
0
0
0
0
0
0
0
0
0
0
0
0
0
0
0
0
0
0
0
0
0
0
0
0
0
0
0
0
0
0
0
0
0
0
0
0
0
0
0
0
0
0
0
0
0
0
0
0
0
0
0
0
0
0
0
0
0
0
0
0
0
0
0
0
0
0
0
0
0
0
0
0
0
0
0
0
0
0
0
0
0
0
0
0
0
0
0
0
0
0
0
0
0
0
0
0
0
0
0
0
