9
0
0
0
0
0
0
0
0
0
1
1
0
0
9
7
0
2
0
4
7
0
0
1
5
0
0
0
0
0
0
0
0
0
0
0
0
7
8
5
0
0
0
0
4
0
0
2
0
3
15
13
0
0
0
0
0
0
0
0
0
0
0
0
0
3
0
0
0
8
8
1
0
4
2
3
0
0
0
0
2
0
0
0
0
0
0
0
0
0
0
0
0
0
4
10
9
1
0
0
0
0
0
0
2
16
16
6
0
0
0
0
0
0
0
0
0
0
0
0
0
0
0
0
0
0
2
8
5
0
16
4
0
0
3
4
0
0
0
0
0
0
0
0
0
0
0
0
0
2
5
5
4
5
5
0
0
0
0
0
1
17
6
0
8
0
0
0
0
0
0
0
0
0
0
0
0
6
0
0
0
22
73
159
233
231
161
52
0
0
0
0
2
0
0
0
0
0
0
0
0
0
0
0
0
7
0
19
128
225
255
252
254
246
255
192
51
0
4
5
0
0
0
0
0
0
5
1
0
1
2
0
0
0
14
174
252
255
250
196
124
123
161
252
237
0
9
0
0
0
0
0
0
0
3
0
0
5
2
0
0
19
121
243
244
194
51
11
1
0
21
161
243
53
0
0
4
0
0
0
0
2
1
0
0
7
1
0
7
65
255
255
227
22
0
3
0
12
0
75
164
12
10
0
0
0
0
0
0
3
0
0
2
6
0
0
22
246
225
255
19
0
0
13
6
0
8
187
131
14
0
11
8
0
0
0
0
1
2
0
2
2
0
5
34
254
255
200
0
7
0
0
10
8
117
248
244
22
5
0
0
0
0
0
0
0
4
3
1
0
0
6
32
255
255
218
31
0
5
3
76
201
246
246
255
58
0
12
0
0
0
0
0
0
5
3
0
1
0
2
14
193
241
243
255
254
222
252
251
246
255
239
255
26
0
1
10
0
0
0
0
0
5
1
0
3
3
0
0
65
221
255
238
248
255
247
254
187
202
255
190
15
2
0
1
0
0
0
0
0
0
0
0
0
0
0
0
4
18
135
198
222
209
156
64
11
209
255
127
0
4
0
0
0
0
0
0
0
0
0
0
0
0
0
0
1
1
0
0
8
0
6
4
48
255
253
62
4
0
0
12
0
0
0
0
0
0
0
0
0
0
0
0
0
14
0
0
21
0
0
0
169
238
231
20
0
6
0
4
0
0
0
0
0
0
0
0
0
0
0
0
7
4
1
0
0
0
15
0
212
248
132
8
0
0
21
0
0
0
0
0
0
0
0
0
0
0
0
0
6
0
12
9
0
5
0
48
246
255
105
0
0
25
0
7
0
0
0
0
0
0
0
0
0
0
0
0
6
0
0
0
5
0
0
181
255
222
24
0
10
0
0
0
0
0
0
0
0
0
0
0
0
0
0
0
0
5
2
6
10
0
19
231
249
134
70
0
0
0
1
3
0
0
0
0
0
0
0
0
0
0
0
0
0
1
0
8
0
10
93
255
255
247
236
15
19
0
11
0
0
0
0
0
0
0
0
0
0
0
0
0
5
0
0
6
11
7
103
255
254
238
121
8
0
8
0
4
0
0
0
0
0
0
0
0
0
0
0
0
0
9
7
0
0
0
80
218
214
119
1
0
12
4
0
7
0
0
0
0
0
0
0
0
0
0
0
0
1
4
0
0
9
3
0
12
19
4
0
2
14
0
0
11
0
0
0
0
0
0
0
0
0
0
0
0
0
6
0
0
7
6
0
0
0
0
9
0
0
5
6
0
0
0
0
0
