9
0
0
0
0
0
0
0
0
0
0
2
0
0
2
3
0
3
0
0
0
0
4
1
0
0
0
0
0
0
0
0
0
0
0
0
0
9
0
0
1
2
0
0
4
0
0
4
6
2
0
0
2
0
0
0
0
0
0
0
0
0
0
0
0
2
0
0
1
3
0
0
0
0
0
0
5
2
0
0
7
0
0
0
0
0
0
0
0
0
0
0
0
0
4
6
0
0
11
11
0
4
0
0
0
0
1
0
0
0
0
0
0
0
0
0
0
0
0
0
0
3
8
6
0
0
0
0
0
1
8
7
0
0
4
0
0
0
0
0
0
0
0
0
0
0
0
0
0
0
0
0
13
14
2
0
8
0
0
7
3
0
0
1
0
0
0
0
0
0
0
0
0
0
0
0
0
7
6
0
0
0
0
0
0
13
0
0
0
2
0
0
5
0
0
0
0
0
0
0
0
0
0
0
0
0
10
3
0
56
174
242
241
83
24
0
0
9
0
0
0
0
0
0
0
0
0
0
0
0
0
0
0
0
0
12
102
232
182
112
134
236
185
26
0
6
0
0
4
0
0
0
0
0
0
0
0
0
0
0
0
4
4
96
250
115
0
14
0
231
254
123
13
2
8
14
0
0
0
0
0
0
0
0
0
0
0
0
0
7
0
248
194
0
7
5
52
249
255
99
0
0
0
0
0
0
0
0
0
0
0
0
0
0
0
0
0
8
99
255
50
0
0
22
196
253
236
20
0
9
1
0
6
0
0
0
0
0
0
0
0
0
0
0
0
0
130
255
38
39
154
249
156
214
244
0
4
3
2
7
0
0
0
0
0
0
0
0
0
0
0
0
0
0
65
255
240
243
233
116
47
231
248
0
7
0
0
3
0
0
0
0
0
0
0
0
0
0
0
0
0
13
0
124
213
141
49
0
77
255
224
0
0
7
0
3
5
0
0
0
0
0
0
0
0
0
0
0
0
0
0
12
5
0
7
0
90
242
182
17
0
3
0
0
0
0
0
0
0
0
0
0
0
0
0
0
0
0
0
1
5
0
0
0
85
255
94
2
0
0
1
0
4
0
0
0
0
0
0
0
0
0
0
0
0
3
3
0
1
0
0
1
137
234
52
0
0
1
0
0
4
0
0
0
0
0
0
0
0
0
0
0
0
0
2
0
3
2
7
11
210
214
8
0
2
2
0
0
2
0
0
0
0
0
0
0
0
0
0
0
0
0
1
0
7
4
3
11
248
214
0
3
3
1
0
0
0
0
0
0
0
0
0
0
0
0
0
0
0
1
3
0
4
0
0
21
255
203
0
8
0
0
0
0
0
0
0
0
0
0
0
0
0
0
0
0
0
3
1
0
0
0
0
70
255
148
1
5
0
0
0
0
0
0
0
0
0
0
0
0
0
0
0
0
0
0
0
1
2
2
5
112
247
68
0
0
0
0
3
0
4
0
0
0
0
0
0
0
0
0
0
0
0
0
0
7
3
0
0
113
199
10
0
0
0
5
6
0
6
0
0
0
0
0
0
0
0
0
0
0
0
8
0
1
1
0
0
123
171
0
0
0
0
0
0
0
0
0
0
0
0
0
0
0
0
0
0
0
0
1
0
5
1
8
8
117
136
0
0
0
0
0
0
0
0
0
0
0
0
0
0
0
0
0
0
0
0
0
2
6
0
3
7
74
57
0
0
0
0
0
0
0
0
0
0
0
0
0
0
0
0
0
0
0
0
0
2
3
0
0
0
24
0
0
0
0
0
0
0
0
0
0
0
0
0
