7
0
0
0
0
0
0
0
0
6
0
0
3
8
0
0
8
0
0
3
0
4
6
0
0
0
0
0
0
0
0
0
0
0
0
0
0
0
8
18
0
0
9
0
0
4
0
0
0
0
0
0
14
0
0
0
0
0
0
0
0
0
0
0
0
0
5
0
6
4
0
13
7
0
14
2
5
0
9
0
0
0
0
0
0
0
0
0
0
0
0
0
0
0
5
1
4
2
0
0
0
0
15
0
0
0
12
9
12
0
0
0
0
0
0
0
0
0
0
0
0
9
0
9
0
0
15
0
5
0
4
0
6
2
0
0
1
0
0
0
0
0
0
0
0
0
0
0
0
1
11
0
0
0
0
11
7
0
17
0
1
9
0
9
0
0
0
0
0
0
0
0
0
0
0
0
0
0
6
69
249
222
16
0
0
0
6
0
0
13
0
12
0
0
0
0
0
0
0
0
0
0
0
0
0
3
87
237
255
232
192
105
96
107
84
105
162
173
24
2
0
0
0
0
0
0
0
0
0
0
0
0
0
52
234
255
255
239
255
239
255
255
252
255
240
255
193
25
0
0
0
0
0
0
0
0
0
0
0
0
0
54
255
226
248
252
255
246
253
245
240
255
244
255
248
61
18
0
0
0
0
0
0
0
0
0
0
0
0
40
255
255
244
101
55
101
170
226
255
255
255
244
206
32
0
0
0
0
0
0
0
0
0
0
0
0
0
34
96
96
52
0
8
2
4
118
248
242
253
229
120
0
0
0
0
0
0
0
0
0
0
0
0
0
0
7
3
6
0
5
1
37
152
254
253
255
194
29
0
18
0
0
0
0
0
0
0
0
0
0
0
0
0
0
0
0
13
0
0
128
255
254
254
237
91
1
0
0
5
0
0
0
0
0
0
0
0
0
0
0
0
0
7
17
2
0
135
254
244
255
226
116
15
0
12
0
5
0
0
0
0
0
0
0
0
0
0
0
0
2
0
0
0
38
232
244
255
255
211
0
0
1
0
9
0
0
0
0
0
2
0
0
1
4
0
0
0
1
0
0
86
204
255
253
244
255
71
0
3
0
9
0
0
0
0
0
0
0
0
0
0
0
0
0
0
5
15
0
94
252
250
255
252
175
32
0
1
0
5
0
3
0
0
0
0
0
1
3
0
0
0
1
2
0
0
89
255
255
243
249
226
62
0
0
2
0
2
0
5
0
0
0
0
0
2
3
0
0
3
4
0
6
15
223
236
240
255
246
70
0
0
4
2
0
3
0
1
0
0
0
0
0
0
1
0
0
1
0
0
0
97
235
251
255
255
125
0
0
0
7
0
0
6
0
0
0
0
0
0
2
0
0
0
0
0
0
0
175
231
255
255
245
48
4
15
0
3
2
0
0
5
2
0
0
0
0
0
2
0
0
3
0
0
6
29
206
255
239
255
112
18
3
0
3
0
0
1
0
0
6
0
0
0
0
0
0
0
0
8
0
0
22
60
249
255
249
233
17
0
0
0
2
0
0
10
0
0
6
0
0
0
0
0
3
0
0
4
0
0
20
55
246
255
237
129
4
0
10
0
0
0
0
0
0
0
0
0
0
0
0
0
4
0
0
5
1
0
0
10
124
255
165
0
0
18
0
7
0
0
0
0
0
0
0
0
0
0
0
0
1
0
0
4
5
0
0
0
0
2
7
0
0
1
3
0
0
0
0
0
0
0
0
0
0
0
0
0
0
0
0
0
2
7
6
1
15
0
0
14
1
0
5
0
0
0
0
0
0
0
0
0
0
0
0
0
