4
0
0
0
0
0
0
0
0
4
0
8
0
0
4
0
3
0
6
6
9
0
0
5
0
0
0
0
0
0
0
0
0
0
0
0
0
0
1
0
0
0
3
5
0
7
0
0
0
3
0
1
4
0
0
0
0
0
0
0
0
0
0
0
0
1
5
0
8
4
0
9
12
6
0
0
0
4
0
0
2
0
0
0
0
0
0
0
0
0
0
0
0
0
5
0
2
4
0
0
3
0
0
17
0
0
0
0
0
0
0
0
0
0
0
0
0
0
0
0
0
0
4
9
0
0
14
0
0
19
0
8
0
0
0
4
0
0
0
0
0
0
0
0
0
0
0
0
0
1
0
10
1
0
0
20
119
129
0
0
0
10
0
1
0
0
0
0
0
0
0
0
0
0
0
0
0
4
0
0
10
0
0
81
254
223
23
0
3
10
0
3
0
0
0
0
0
0
0
0
0
0
0
0
0
0
15
0
0
2
19
136
255
243
30
5
0
0
0
14
0
0
0
0
0
0
0
9
0
0
4
0
4
0
10
0
0
1
106
239
255
253
135
5
0
0
8
0
7
3
2
0
2
3
0
0
1
5
6
0
0
0
0
15
0
109
238
255
247
239
94
0
18
0
0
0
0
6
0
8
4
7
1
0
4
0
0
3
0
16
7
0
108
239
242
254
252
253
150
0
6
0
1
7
4
10
0
0
3
0
3
1
6
0
0
9
0
0
9
93
249
255
167
92
247
255
195
1
0
0
0
0
2
0
11
0
0
0
1
4
4
1
3
7
0
8
120
255
255
211
51
49
255
255
178
4
11
10
0
11
30
24
0
7
0
3
0
2
0
5
4
0
7
78
255
248
222
37
0
26
232
254
255
62
15
122
122
129
248
219
0
5
1
12
0
6
0
1
0
0
101
237
236
240
36
2
0
85
255
247
255
249
252
255
255
255
248
223
1
0
0
5
0
11
0
0
1
40
227
242
255
255
190
205
213
219
255
255
254
219
166
156
69
38
65
0
8
10
0
0
2
0
9
0
44
250
255
253
248
255
255
249
235
225
244
255
252
47
0
1
3
0
0
0
0
0
0
16
0
0
1
0
234
245
244
255
247
246
180
96
14
0
98
238
255
47
18
0
0
0
7
0
0
0
0
0
0
1
4
14
231
234
187
88
60
53
0
0
0
12
183
248
255
32
9
0
0
4
0
0
0
0
0
2
8
0
1
0
0
56
0
1
0
8
0
11
13
0
46
249
255
53
0
0
2
0
0
0
0
0
0
3
0
0
21
3
0
1
0
6
5
1
0
0
0
5
0
232
245
121
4
6
0
0
3
0
0
0
0
3
0
0
1
0
10
3
0
0
0
0
17
0
0
22
0
247
255
162
0
1
3
0
3
0
0
0
0
0
13
7
0
2
0
16
0
17
3
0
9
1
0
2
0
226
255
159
0
0
7
2
0
0
0
0
0
5
0
0
3
1
8
0
3
0
0
2
0
1
8
0
4
143
237
155
14
0
5
9
0
0
0
0
0
0
0
0
0
0
0
0
0
0
0
0
0
0
0
0
0
10
23
25
11
0
0
2
0
0
0
0
0
0
0
0
0
0
0
0
0
0
0
0
0
0
0
0
0
0
7
10
0
0
0
1
0
0
0
0
0
0
0
0
0
0
0
0
0
0
0
0
0
0
0
0
0
0
0
2
0
0
2
4
1
0
0
0
0
0
0
0
0
0
0
0
0
0
0
0
0
0
0
0
0
0
2
2
0
0
5
4
0
0
0
0
0
