8
0
0
0
0
0
0
0
0
0
0
6
0
1
9
0
0
0
5
0
2
0
7
0
3
0
0
0
0
0
0
0
0
0
0
0
0
0
0
6
0
0
0
23
0
5
0
0
12
0
0
13
0
0
0
0
0
0
0
0
0
0
0
0
0
2
3
0
0
19
0
0
0
0
0
0
19
1
0
8
0
0
0
0
0
0
0
0
0
0
0
0
0
0
5
0
0
0
3
3
9
20
13
0
0
2
5
3
0
0
0
0
0
0
0
0
0
0
0
0
0
10
0
5
0
0
6
1
0
0
0
10
0
0
11
2
0
0
0
0
0
0
0
0
0
0
0
0
0
0
12
12
0
144
226
243
234
100
12
0
19
0
0
0
1
0
0
0
0
0
0
0
0
0
0
0
0
14
0
0
131
223
117
67
117
238
159
0
0
2
13
0
0
0
0
0
0
0
0
0
0
0
0
0
0
0
2
11
191
57
0
13
0
44
235
74
0
0
4
0
6
0
0
0
0
0
0
0
0
0
0
0
0
3
0
52
235
24
1
2
0
14
57
247
16
0
0
0
5
0
0
0
0
0
0
0
0
0
0
0
0
0
10
15
252
1
5
0
5
0
29
240
126
0
17
19
0
0
0
0
0
0
0
0
0
0
0
0
0
1
3
8
247
33
1
13
0
6
75
222
255
201
0
0
1
0
0
0
0
0
0
0
0
0
0
0
0
1
7
0
184
85
0
5
65
221
240
198
104
159
77
4
0
0
0
0
0
0
0
0
0
0
0
0
0
0
4
1
67
208
19
121
247
243
171
0
0
7
0
0
0
0
0
0
0
0
0
0
0
0
0
0
0
0
0
27
6
217
163
245
213
54
5
12
0
0
16
0
7
0
0
0
0
0
0
0
0
0
0
0
0
0
0
0
12
118
255
174
9
4
0
0
0
21
0
4
0
0
0
0
0
0
0
0
0
0
0
0
0
9
0
5
0
193
255
128
0
5
0
6
5
0
3
0
5
0
0
0
0
0
0
0
0
0
0
0
0
1
0
4
107
255
135
231
33
6
0
2
0
0
6
0
1
0
0
0
0
0
0
0
0
0
0
0
0
0
17
7
182
156
25
173
241
45
10
6
0
12
9
0
9
0
0
0
0
0
0
0
0
0
0
0
0
4
0
12
255
64
0
6
208
180
0
0
3
8
0
0
6
0
0
0
0
0
0
0
0
0
0
0
0
0
8
148
202
20
1
10
25
255
1
1
6
0
0
7
0
0
0
0
0
0
0
0
0
0
0
0
0
0
19
140
154
10
2
6
0
243
39
20
0
0
4
0
1
0
0
0
0
0
0
0
0
0
0
0
0
0
0
176
68
1
0
0
26
255
36
0
0
5
1
0
1
0
0
0
0
0
0
0
0
0
0
0
0
18
0
150
163
0
3
24
176
203
7
0
15
0
0
5
0
0
0
0
0
0
0
0
0
0
0
0
0
0
0
89
238
79
80
221
186
36
8
7
0
0
6
0
0
0
0
0
0
0
0
0
0
0
0
0
0
6
0
12
117
236
254
144
21
0
0
0
0
0
0
0
0
0
0
0
0
0
0
0
0
0
0
0
0
0
0
0
0
0
6
5
0
0
0
0
0
0
0
0
0
0
0
0
0
0
0
0
0
0
0
0
0
2
6
5
0
0
0
1
1
0
0
0
0
0
0
0
0
0
0
0
0
0
0
0
0
0
0
0
0
0
0
0
2
2
1
0
0
0
0
0
0
0
0
0
0
0
0
0
0
