9
0
0
0
0
0
0
0
0
0
4
5
1
0
4
5
1
1
0
0
0
7
2
1
0
0
0
0
0
0
0
0
0
0
0
0
0
9
0
0
0
0
0
0
0
0
0
8
4
3
0
1
6
0
0
0
0
0
0
0
0
0
0
0
0
0
0
0
6
11
6
4
8
17
3
0
1
0
0
0
0
0
0
0
0
0
0
0
0
0
0
0
0
0
0
3
3
0
0
0
0
0
0
2
5
0
0
8
7
0
0
0
0
0
0
0
0
0
0
0
0
2
4
1
0
0
1
6
6
5
4
5
3
4
9
4
0
0
0
0
0
0
0
0
0
0
0
0
0
0
0
0
3
6
6
1
0
4
0
0
0
6
0
0
8
0
0
0
0
0
0
0
0
0
0
0
0
5
0
2
7
0
0
4
40
134
188
255
255
232
66
0
0
0
0
0
0
0
0
0
0
0
0
0
0
3
0
0
8
0
9
102
212
255
245
255
245
255
77
0
4
0
0
0
0
0
0
0
0
0
0
0
0
4
0
15
0
50
183
255
235
160
49
235
255
163
31
0
4
0
0
0
0
0
0
0
0
0
0
0
0
8
0
0
48
166
247
195
104
140
200
249
123
27
4
0
0
0
0
0
0
0
0
0
0
0
0
0
0
0
16
19
162
255
149
76
226
241
209
77
0
0
0
0
10
0
0
0
0
0
0
0
0
0
0
0
0
9
0
149
248
85
3
57
104
26
7
0
9
5
0
0
6
0
0
0
0
0
0
0
0
0
0
0
0
0
101
244
148
0
0
21
0
1
0
16
0
0
11
6
0
0
0
0
0
0
0
0
0
0
0
0
0
19
214
255
67
4
4
0
3
15
95
165
48
5
0
0
17
0
0
0
0
0
0
0
0
0
0
0
0
94
255
187
11
0
0
0
16
164
255
255
61
2
8
0
1
0
0
0
0
0
0
0
0
0
0
0
0
183
255
74
0
5
0
87
226
255
235
156
10
0
6
1
0
0
0
0
0
0
0
0
0
0
0
0
0
191
251
73
0
28
104
247
255
247
228
19
0
5
0
2
3
0
0
0
0
0
0
0
0
0
0
0
0
165
247
208
142
245
255
244
250
234
70
0
5
0
0
0
3
0
0
0
0
0
0
0
0
0
0
0
0
61
247
235
255
249
255
243
249
152
0
5
0
0
7
1
0
0
0
0
0
0
0
0
0
0
0
0
0
0
125
227
165
92
167
248
254
45
2
12
0
3
2
13
0
0
0
0
0
0
0
0
0
0
0
0
0
0
5
0
11
51
235
241
80
0
9
0
0
12
0
0
4
0
0
0
0
0
0
0
0
0
0
0
0
2
1
0
5
198
238
224
0
4
0
0
10
0
4
0
0
0
0
0
0
0
0
0
0
0
0
0
0
6
0
10
105
237
255
62
0
4
0
2
5
0
14
8
0
0
0
0
0
0
0
0
0
0
0
0
0
1
0
2
205
255
239
0
7
0
10
0
3
6
0
1
4
0
0
0
0
0
0
0
0
0
0
0
0
9
0
111
244
208
57
3
0
0
0
0
0
0
0
0
0
0
0
0
0
0
0
0
0
0
0
0
0
0
28
213
255
196
3
0
2
0
0
0
0
0
0
0
0
0
0
0
0
0
0
0
0
0
0
0
0
21
0
0
2
9
0
0
3
0
0
0
0
0
0
0
0
0
0
0
0
0
0
0
0
0
0
0
0
0
0
0
0
0
1
0
6
0
0
0
0
0
0
0
0
0
0
0
0
