7
0
0
0
0
0
0
0
0
1
0
0
0
1
1
0
0
0
6
10
3
0
1
1
0
0
0
0
0
0
0
0
0
0
0
0
0
0
0
2
2
0
2
9
16
0
0
0
0
0
5
7
7
0
0
0
0
0
0
0
0
0
0
0
0
2
0
0
0
0
0
0
0
6
3
4
6
3
0
0
0
0
0
0
0
0
0
0
0
0
0
0
0
0
0
2
4
6
6
4
3
0
0
0
0
1
0
0
0
0
0
0
0
0
0
0
0
0
0
0
0
0
0
3
0
0
0
0
5
6
4
0
0
0
11
7
0
0
0
0
0
0
0
0
0
0
0
0
0
11
3
0
0
0
3
3
1
0
4
9
4
0
0
0
0
0
0
0
0
0
0
0
0
0
0
0
0
0
0
1
5
6
4
0
0
8
0
0
0
0
0
0
11
0
0
0
0
0
0
0
0
0
0
0
0
199
238
255
248
194
152
149
164
148
60
0
0
13
5
0
4
0
0
0
0
0
0
0
0
0
0
0
0
228
254
255
242
255
251
255
249
255
178
0
0
0
0
0
2
0
0
0
0
0
0
0
0
0
0
0
0
98
181
253
252
255
241
255
255
245
226
8
0
9
0
0
0
0
0
0
0
0
0
0
0
0
0
0
0
0
9
28
23
38
43
47
35
211
245
1
0
10
0
4
0
0
0
0
0
0
0
0
0
0
0
0
0
9
0
5
4
0
0
0
7
204
222
0
0
1
0
7
3
0
0
0
0
0
0
0
0
0
0
0
0
0
0
11
10
0
0
0
22
241
182
3
6
0
1
1
2
0
0
0
0
0
0
0
0
0
0
0
0
12
8
0
0
0
14
0
24
255
135
4
8
0
3
0
3
0
0
0
0
0
0
0
0
0
0
0
0
0
4
10
3
0
5
1
102
255
107
0
0
3
0
0
4
0
0
0
0
0
0
0
0
0
0
0
0
1
0
0
5
2
0
13
189
248
110
0
0
16
0
0
1
0
0
0
0
0
0
0
0
0
0
0
0
0
0
13
0
0
1
0
214
255
31
0
3
5
0
9
0
0
0
0
0
0
0
0
0
0
0
0
0
0
12
0
0
27
0
27
241
179
2
0
0
6
0
8
0
0
0
0
0
0
0
0
0
0
0
0
0
0
6
2
0
1
0
139
242
106
0
2
0
6
0
3
0
0
0
0
0
0
0
0
0
0
0
0
0
0
0
10
17
0
13
255
255
57
3
9
0
1
0
1
0
0
0
0
0
0
0
0
0
0
0
0
0
7
0
0
5
0
33
253
193
14
0
2
0
0
1
3
0
0
0
0
0
0
0
0
0
0
0
0
0
11
0
3
0
0
119
247
66
0
0
1
0
3
3
0
0
0
0
0
0
0
0
0
0
0
0
0
0
0
0
11
0
47
237
249
19
1
3
4
8
3
0
0
0
0
0
0
0
0
0
0
0
0
0
0
0
0
9
0
0
110
247
133
0
0
0
0
6
0
0
3
5
0
0
0
0
0
0
0
0
0
0
0
0
0
4
0
36
246
248
7
0
0
0
0
0
0
0
0
0
0
0
0
0
0
0
0
0
0
0
0
0
0
4
5
153
255
139
1
5
0
0
0
0
0
0
0
0
0
0
0
0
0
0
0
0
0
0
0
0
0
0
33
220
240
54
0
0
0
0
0
0
0
0
0
0
0
0
0
0
0
0
0
0
0
0
0
0
0
5
9
11
0
0
13
0
0
0
0
0
0
0
0
0
0
0
0
0
