9
0
0
0
0
0
0
0
0
3
0
1
3
6
0
0
0
2
0
3
4
0
1
12
0
0
0
0
0
0
0
0
0
0
0
0
0
2
7
0
0
0
0
6
11
16
0
0
0
5
0
0
5
0
0
0
0
0
0
0
0
0
0
0
0
0
0
8
5
11
2
0
0
0
0
12
8
0
0
7
3
0
0
0
0
0
0
0
0
0
0
0
0
0
0
22
0
0
8
2
4
18
21
0
0
10
0
7
0
0
0
0
0
0
0
0
0
0
0
0
0
10
1
0
15
0
8
0
1
0
18
0
0
9
5
0
0
0
0
0
0
0
0
0
0
0
0
0
0
0
1
0
1
209
249
255
63
22
0
26
11
0
22
5
0
0
0
0
0
0
0
0
0
0
0
0
0
0
3
27
177
246
252
254
255
247
43
0
6
0
0
0
2
0
0
0
0
0
0
0
0
0
0
0
0
0
18
201
242
255
183
187
255
255
227
44
0
19
0
0
1
0
0
0
0
0
5
0
0
5
7
0
0
0
127
255
251
202
32
145
255
239
255
81
0
8
0
0
0
0
0
0
0
0
5
1
0
0
0
0
9
120
232
255
162
19
6
170
255
255
255
156
0
14
0
0
7
0
0
0
0
0
4
1
0
0
0
4
28
239
249
184
16
0
0
153
253
235
240
90
0
0
0
12
0
0
0
0
0
0
0
0
3
4
0
9
38
250
255
13
0
3
5
181
250
255
241
39
21
0
0
5
0
0
0
0
0
0
0
0
3
8
0
4
27
242
251
126
98
54
115
213
251
239
146
7
0
0
3
0
22
0
0
0
0
1
1
0
0
5
0
0
6
114
232
255
246
250
247
255
255
255
183
2
5
0
7
0
6
0
0
0
0
0
4
1
0
2
0
0
0
0
92
172
208
225
255
149
237
237
217
2
5
0
5
7
0
0
0
0
0
0
6
5
0
1
1
0
4
4
3
6
0
1
16
15
86
253
244
124
0
1
0
7
0
0
0
0
0
0
0
0
0
0
0
0
0
26
76
21
0
7
0
7
3
225
255
232
46
0
0
5
0
0
0
0
0
0
0
0
0
0
0
0
0
69
255
194
47
2
0
0
10
94
237
249
121
0
19
0
9
0
0
0
0
0
0
0
0
0
0
0
0
8
135
241
239
174
31
5
0
4
214
251
237
2
0
6
0
0
0
0
0
0
0
0
0
0
0
0
0
2
21
88
241
255
236
121
0
0
47
251
255
31
3
0
4
0
0
0
0
0
0
0
0
0
0
0
0
0
2
0
39
217
246
237
234
104
33
241
252
147
1
4
4
0
0
0
0
0
0
0
0
0
0
0
0
19
0
0
3
0
157
255
248
255
220
248
249
255
5
9
0
0
0
0
0
0
0
0
0
0
0
0
0
0
0
6
0
6
2
107
239
246
255
255
232
255
120
0
10
0
0
0
0
0
0
0
0
0
0
0
0
0
0
8
6
0
0
4
19
104
241
243
255
251
212
6
0
0
0
0
0
0
0
0
0
0
0
0
0
0
0
0
0
0
0
0
0
0
25
78
177
217
104
0
2
0
0
0
0
0
0
0
0
0
0
0
0
0
0
0
0
0
0
0
0
0
0
0
0
20
0
0
2
0
0
0
0
0
0
0
0
0
0
0
0
0
0
0
0
0
0
0
0
0
16
8
0
0
6
6
9
0
0
0
0
0
0
0
0
0
0
0
0
0
0
0
0
0
0
0
0
0
0
2
2
0
0
0
0
0
0
0
0
