5
0
0
0
0
0
0
0
0
4
0
0
0
0
0
3
0
5
0
4
0
7
5
0
0
0
0
0
0
0
0
0
0
0
0
0
0
0
10
0
6
10
0
1
11
5
0
6
7
8
0
8
15
0
0
0
0
0
0
0
0
0
0
0
0
0
0
0
4
4
0
4
0
0
13
0
2
0
0
0
0
0
0
0
0
0
0
0
0
0
0
0
0
13
0
6
10
0
1
10
0
5
5
0
11
16
0
13
0
0
0
0
0
0
0
0
0
0
0
0
0
0
0
17
0
0
18
0
2
0
0
0
43
225
51
0
1
0
0
0
0
0
0
0
0
0
0
0
0
2
9
0
0
65
70
0
15
43
80
195
254
184
23
9
0
0
0
0
0
0
0
0
0
0
0
0
0
0
0
5
105
244
255
215
231
227
246
242
206
47
7
0
0
0
0
0
0
0
0
0
0
0
0
0
0
5
0
37
196
255
240
255
249
255
203
103
0
3
3
0
5
0
0
0
0
0
0
0
0
0
0
0
0
3
0
204
255
176
62
61
67
59
37
0
0
5
7
0
10
0
0
0
0
0
0
0
0
0
0
0
0
0
46
241
221
58
9
10
0
1
0
7
5
0
2
0
1
0
0
0
0
0
0
0
0
0
0
0
0
0
165
246
95
0
0
34
144
96
2
0
8
0
0
0
2
0
0
0
0
0
0
0
0
0
0
0
0
35
231
255
120
129
209
255
252
245
105
0
2
1
0
1
1
0
0
0
0
0
0
0
0
0
0
0
0
47
248
250
233
255
255
252
253
255
214
45
2
0
6
6
0
0
0
0
0
0
0
0
0
0
0
0
0
43
255
248
255
174
89
81
201
250
255
95
7
0
2
0
0
0
0
0
0
0
0
0
0
0
0
0
0
4
136
151
114
4
0
18
13
234
255
161
8
4
0
0
4
0
0
0
0
0
0
0
0
0
0
0
0
2
0
9
0
22
0
0
3
188
253
243
5
0
8
5
0
0
0
0
0
0
0
0
0
0
0
0
0
4
0
4
5
0
0
0
0
120
255
217
0
0
6
10
0
0
0
0
0
0
0
0
0
0
0
0
0
0
14
2
0
16
18
0
10
95
237
254
69
0
0
0
0
0
0
0
0
0
0
0
0
0
0
0
0
10
0
1
0
0
0
2
0
16
254
255
4
0
26
0
8
0
0
0
0
0
0
0
0
0
0
0
0
6
0
43
46
16
0
0
5
107
253
243
9
0
1
2
1
0
0
0
0
0
0
0
0
0
0
0
0
0
27
200
215
94
54
115
102
214
255
169
16
1
0
0
2
0
0
0
0
0
0
0
0
0
0
0
0
11
127
255
255
255
255
247
245
255
244
44
0
0
12
0
8
0
0
0
0
0
0
0
0
0
0
0
0
2
94
243
255
249
236
255
255
240
98
0
22
0
0
7
0
0
0
0
0
0
0
0
0
0
0
0
0
3
0
98
148
180
156
147
99
37
0
9
0
4
0
11
0
0
0
0
0
0
0
0
0
0
0
0
0
0
0
0
0
0
0
0
0
0
0
0
0
0
0
0
0
0
0
0
0
0
0
0
0
0
0
0
0
0
0
0
0
0
0
0
0
0
0
0
0
0
0
0
0
0
0
0
0
0
0
0
0
0
0
0
0
0
0
0
0
0
0
0
0
0
0
0
0
0
0
0
0
0
0
0
0
0
0
0
0
0
0
0
0
0
0
0
0
0
0
0
0
0
0
0
0
0
0
0
0
0
0
0
0
