6
0
0
0
0
0
0
0
0
0
8
0
0
14
0
1
2
0
0
0
0
0
0
0
0
0
0
0
0
0
0
0
0
0
0
0
0
0
17
0
0
0
26
0
0
0
0
0
0
0
0
0
0
0
0
0
0
0
0
0
0
0
0
0
0
8
0
30
9
39
152
246
65
4
3
1
0
0
0
0
0
0
0
0
0
0
0
0
0
0
0
0
0
0
10
0
48
236
255
255
211
6
4
2
0
0
0
0
1
0
0
0
0
0
0
0
0
0
0
0
0
13
4
2
206
248
253
129
124
6
4
2
0
0
0
0
1
0
0
0
0
0
0
0
0
0
0
0
0
4
0
158
255
253
152
8
2
4
3
1
0
0
0
0
0
0
0
0
0
0
0
0
0
0
0
0
0
10
25
255
252
248
32
0
4
0
0
0
0
0
0
0
0
0
0
0
0
0
0
0
0
0
0
0
0
0
145
255
236
114
1
12
0
0
0
0
0
0
0
0
0
0
0
0
0
0
0
0
0
0
0
0
0
15
239
248
254
36
0
10
0
0
4
0
6
0
13
5
0
0
0
0
0
0
0
0
0
0
0
0
0
1
255
255
140
10
0
4
3
5
0
0
0
0
0
0
0
0
0
0
0
0
0
0
0
0
0
0
0
8
252
255
67
8
0
0
12
5
0
3
0
14
0
2
4
0
0
0
0
0
0
0
0
0
0
0
0
117
254
246
37
4
15
0
0
0
7
7
0
0
0
1
1
0
0
0
0
0
0
0
0
0
0
0
0
112
245
255
24
0
2
0
2
1
6
0
5
5
13
0
0
0
0
0
0
0
0
0
0
0
0
0
0
131
255
250
30
12
0
0
24
61
110
154
162
71
19
0
9
0
0
0
0
0
0
0
0
0
0
0
0
34
239
255
130
0
33
153
255
255
246
253
255
247
217
121
0
0
0
0
0
0
0
0
0
0
0
0
0
3
227
243
225
24
187
255
246
180
150
155
155
214
255
191
2
0
0
0
0
0
0
0
0
0
0
0
0
0
138
249
255
197
255
245
92
0
15
0
4
47
247
255
8
0
0
0
0
0
0
0
0
0
0
0
0
4
42
255
255
240
255
147
20
12
0
1
33
214
251
198
0
0
0
0
0
0
0
0
0
0
0
0
0
0
51
255
242
255
249
59
0
0
14
126
223
249
255
84
19
0
0
0
0
0
0
0
0
0
0
0
0
0
0
117
255
255
255
183
153
181
255
255
248
225
129
0
0
0
0
0
0
0
0
0
0
0
0
0
0
3
25
1
149
255
253
251
255
255
230
242
90
12
0
2
13
0
0
0
0
0
0
0
0
0
0
0
0
0
0
0
27
98
141
199
141
153
152
30
7
0
0
16
0
0
0
0
0
0
0
0
0
0
0
0
0
12
14
1
0
14
0
0
7
0
0
2
12
0
1
9
0
0
0
0
0
0
0
0
0
0
0
0
0
0
4
0
7
0
11
6
0
3
1
0
2
7
0
0
4
0
0
0
0
0
0
0
0
0
0
0
0
0
0
0
0
0
0
0
0
0
0
0
0
0
0
0
0
0
0
0
0
0
0
0
0
0
0
0
0
0
0
0
0
0
0
0
0
0
0
0
0
0
0
0
0
0
0
0
0
0
0
0
0
0
0
0
0
0
0
0
0
0
0
0
0
0
0
0
0
0
0
0
0
0
0
0
0
0
0
0
0
0
0
0
0
0
0
0
0
0
0
0
0
0
0
0
0
0
0
0
0
0
0
0
0
