1
0
0
0
0
0
0
0
0
0
0
0
0
0
0
0
0
0
10
1
0
0
9
0
5
0
0
0
0
0
0
0
0
0
0
0
0
0
0
0
0
0
0
0
0
0
11
1
4
1
0
0
10
0
0
0
0
0
0
0
0
0
0
0
0
0
0
0
0
0
0
0
0
9
0
0
5
8
1
11
0
0
0
0
0
0
0
0
0
0
0
0
0
0
0
0
0
0
0
0
0
0
0
7
4
1
0
0
6
0
0
0
0
0
0
0
0
0
0
0
0
0
0
0
0
0
0
0
0
2
5
2
0
1
8
0
8
0
0
0
0
0
0
0
0
0
0
0
0
0
0
0
0
0
0
0
0
0
31
214
249
42
8
37
0
0
0
0
0
0
0
0
0
0
0
0
0
0
0
0
0
0
0
0
0
16
188
253
246
84
0
0
8
0
0
0
0
0
0
0
0
0
0
0
0
0
0
0
0
0
0
0
0
65
252
249
255
94
0
2
1
0
0
0
0
0
0
0
0
0
0
0
0
0
13
0
0
7
4
0
40
205
255
249
221
9
7
5
0
0
0
0
0
0
0
0
0
0
0
0
0
4
4
0
2
3
0
14
88
243
255
255
167
11
0
0
11
0
0
0
0
0
0
0
0
0
0
0
0
3
0
0
0
11
4
0
120
255
252
229
67
6
0
0
3
0
0
0
0
0
0
0
0
0
0
0
0
0
12
10
0
0
3
3
225
247
255
201
3
0
6
4
0
0
0
0
0
0
0
0
0
0
0
0
0
0
4
0
0
0
0
95
252
255
255
162
3
0
0
8
1
0
0
0
0
0
0
0
0
0
0
0
0
9
9
0
12
16
2
227
250
255
183
60
1
4
0
3
0
0
0
0
0
0
0
0
0
0
0
0
0
0
0
0
0
0
51
251
255
229
68
0
0
6
5
0
0
0
0
0
0
0
0
0
0
0
0
0
0
7
0
4
15
118
255
250
245
179
8
0
13
0
0
0
6
0
0
0
0
0
7
0
4
0
10
4
0
0
0
12
13
246
249
252
162
0
0
0
0
0
0
0
0
0
0
0
0
7
0
5
0
2
0
0
9
10
0
22
168
246
255
255
96
0
0
0
0
0
0
0
0
0
0
0
0
3
0
5
0
0
6
0
5
0
7
20
245
254
249
131
15
0
0
0
0
0
0
0
0
0
0
0
0
0
0
0
8
0
64
0
0
0
9
70
246
255
236
14
0
0
0
0
0
0
0
0
0
0
0
0
0
0
2
0
10
0
75
6
0
7
0
155
255
249
161
8
1
0
0
0
0
0
0
0
0
0
0
0
0
8
0
0
0
4
19
0
7
0
35
217
255
220
43
12
0
0
0
0
0
0
0
0
0
0
0
0
0
3
0
0
0
0
0
0
5
0
131
249
252
209
0
0
0
0
0
0
0
0
0
0
0
0
0
0
0
0
12
0
9
0
2
0
0
2
163
248
247
182
0
0
5
0
0
0
0
0
0
0
0
0
0
0
0
0
0
0
0
0
0
0
0
0
26
197
241
62
0
22
0
0
0
0
0
0
0
0
0
0
0
0
0
0
0
0
0
0
0
0
0
15
0
3
15
0
0
1
0
0
0
0
0
0
0
0
0
0
0
0
0
0
0
0
0
0
0
0
0
0
4
0
0
7
2
0
16
0
0
0
0
0
0
0
0
0
0
0
0
0
0
0
0
0
0
0
0
0
0
4
6
0
0
0
0
0
0
0
0
0
0
0
0
0
0
0
0
