8
0
0
0
0
0
0
0
0
0
0
10
0
9
6
0
0
0
3
6
3
0
0
0
0
0
0
0
0
0
0
0
0
0
0
0
0
1
0
6
0
0
0
0
2
2
0
0
0
5
7
5
3
0
0
0
0
0
0
0
0
0
0
0
0
2
0
0
5
14
1
12
3
1
2
5
6
0
0
0
0
0
0
0
0
0
0
0
0
0
0
0
0
7
0
0
2
0
0
4
0
2
0
0
2
10
7
4
4
0
0
0
0
0
0
0
0
0
0
0
0
0
5
2
0
0
0
5
5
1
2
2
0
0
0
0
4
0
0
0
0
0
0
0
0
0
0
0
0
0
0
0
0
4
14
0
0
0
0
0
0
0
4
2
0
0
0
0
0
0
0
0
0
0
0
0
0
9
0
0
0
2
14
0
36
95
152
182
136
59
10
0
0
0
0
0
0
0
0
0
0
0
0
0
0
0
0
12
0
0
36
59
224
255
252
238
238
253
228
128
22
0
0
0
0
0
12
0
5
0
4
0
1
38
144
149
231
233
243
245
228
42
38
15
23
69
173
255
227
100
0
12
0
11
0
2
0
23
3
22
193
255
246
239
224
141
193
251
87
17
0
0
6
17
0
45
231
253
51
0
0
0
4
0
7
0
0
209
241
206
84
14
7
0
65
248
13
1
0
14
5
0
7
5
41
241
164
1
8
0
5
0
5
0
0
224
242
17
3
10
0
0
170
205
0
11
0
0
0
4
0
0
95
255
205
0
0
0
6
0
2
0
7
172
247
41
7
0
6
12
27
85
8
0
12
1
0
22
85
194
255
199
57
0
0
0
6
1
0
0
0
107
252
211
0
12
12
0
0
13
0
5
0
57
180
233
250
230
114
21
0
6
7
9
0
10
0
28
6
0
201
255
188
0
3
12
25
0
103
184
253
255
205
144
54
0
9
0
26
0
0
0
4
7
0
2
0
16
5
185
255
210
13
12
119
234
249
188
121
52
0
5
14
0
5
0
0
8
0
0
11
0
0
0
0
2
5
16
176
255
195
208
238
165
50
0
0
0
0
0
0
0
0
0
0
0
0
0
0
0
4
8
15
1
0
8
140
249
255
226
60
0
9
0
0
0
0
0
0
0
0
0
0
0
0
3
1
0
0
0
0
0
40
158
255
144
178
255
87
15
0
0
0
0
0
0
0
0
0
0
0
0
0
0
1
0
4
0
5
14
185
201
71
7
85
255
211
11
5
0
0
0
0
0
0
0
0
0
0
0
0
1
1
0
5
13
6
14
255
55
0
10
0
152
255
55
6
0
0
0
0
0
0
0
0
0
0
0
0
4
5
0
0
4
0
9
253
84
7
0
2
113
254
144
0
0
0
0
0
0
0
0
0
0
0
0
0
0
0
9
1
0
0
30
179
233
35
16
0
38
255
204
0
0
0
0
0
0
0
0
0
0
0
0
0
5
0
8
0
0
3
0
12
214
251
167
101
170
255
142
9
0
0
0
0
0
0
0
0
0
0
0
0
0
0
0
0
0
0
0
0
18
162
247
255
255
207
75
0
0
0
0
0
0
0
0
0
0
0
0
0
0
0
0
0
0
0
0
0
0
17
26
45
59
18
0
9
0
0
0
0
0
0
0
0
0
0
0
0
0
0
0
0
0
0
0
0
0
0
0
3
11
0
0
13
0
0
0
0
0
0
0
0
0
0
0
0
0
0
0
0
0
0
0
0
0
6
8
0
0
6
5
0
0
0
0
0
0
0
0
0
0
0
0
0
