9
0
0
0
0
0
0
0
0
11
0
0
9
0
6
4
0
0
0
0
3
0
0
7
0
0
0
0
0
0
0
0
0
0
0
0
0
0
14
0
0
1
8
0
0
3
4
0
0
0
0
1
3
0
0
0
0
0
0
0
0
0
0
0
0
15
0
0
12
0
0
0
16
0
0
0
0
5
2
0
2
0
0
0
0
0
0
0
0
0
0
0
0
1
0
2
8
0
6
11
0
2
2
0
0
4
11
0
0
0
0
0
0
0
0
0
0
0
0
0
0
0
7
0
0
11
1
0
13
2
1
8
0
0
6
0
5
0
0
0
0
0
0
0
0
0
0
0
0
0
3
9
0
9
0
0
0
0
0
9
7
0
2
0
3
0
0
0
0
0
0
0
0
0
0
0
0
0
0
8
0
52
176
253
204
92
0
1
12
2
4
0
0
0
0
0
0
0
0
0
0
0
0
0
0
12
0
6
99
237
255
255
254
247
60
0
0
0
4
0
7
0
0
0
0
0
0
0
0
0
0
0
0
0
3
80
249
255
255
129
236
255
150
0
9
2
0
4
0
0
0
0
0
0
0
0
0
0
0
0
0
0
41
209
255
255
90
6
21
255
225
22
2
0
4
6
0
0
0
0
0
0
0
0
0
0
0
0
0
0
164
255
239
60
0
9
47
249
255
62
0
0
9
0
0
0
0
0
0
0
0
0
0
0
0
0
0
52
255
239
150
17
2
0
150
248
255
84
0
2
2
0
8
0
0
0
0
0
0
0
0
0
0
0
0
170
254
254
22
2
23
146
246
255
241
101
0
2
0
0
9
0
0
0
0
0
0
0
0
0
0
0
0
175
243
211
13
131
224
255
248
255
238
99
0
0
6
0
0
0
0
0
0
0
0
0
0
0
0
0
0
168
255
255
247
243
255
234
246
255
252
54
0
0
6
0
0
0
0
0
0
0
0
0
0
0
0
0
0
31
225
255
255
255
131
39
78
252
255
0
1
3
0
0
4
0
0
0
0
4
0
0
0
2
1
1
3
2
0
8
3
0
6
0
60
255
252
3
3
0
7
0
8
0
0
0
0
0
0
0
4
3
0
0
0
4
0
5
0
0
0
18
149
254
251
0
0
0
2
3
1
0
0
0
0
0
0
1
3
1
0
0
5
0
0
2
4
0
0
11
181
255
247
6
2
0
0
11
0
0
0
0
0
2
0
0
0
0
0
10
24
0
0
0
1
12
0
0
163
255
215
5
0
0
1
5
0
0
0
0
0
2
0
0
0
0
0
10
24
2
7
0
0
7
0
1
172
247
180
0
0
0
7
0
7
0
0
0
0
0
0
1
3
1
0
0
5
0
9
4
0
2
0
5
177
255
197
2
3
2
8
0
9
0
0
0
0
0
0
0
4
3
0
0
0
0
1
4
2
5
0
0
165
255
245
4
10
0
1
0
1
0
0
0
0
4
0
0
0
2
1
1
3
8
0
0
0
4
0
5
169
248
255
0
5
0
0
7
0
0
0
0
0
0
0
0
0
0
0
0
0
0
0
5
0
7
0
19
164
255
244
0
12
0
0
6
0
0
0
0
0
0
0
0
0
0
0
0
0
7
0
2
0
5
0
0
64
209
176
13
2
0
0
3
9
0
0
0
0
0
0
0
0
0
0
0
0
3
0
4
0
4
14
0
0
1
0
0
0
9
4
0
1
0
0
0
0
0
0
0
0
0
0
0
0
0
0
11
0
0
14
4
0
6
0
15
5
6
0
0
0
0
0
0
0
