4
0
0
0
0
0
0
0
0
12
3
0
3
0
10
0
2
0
4
0
0
9
3
0
0
0
0
0
0
0
0
0
0
0
0
0
0
0
0
14
1
0
6
0
3
0
0
5
5
0
0
9
9
0
0
0
0
0
0
0
0
0
0
0
0
3
7
0
7
10
0
10
3
5
0
0
6
9
10
2
0
0
0
0
0
0
0
0
0
0
0
0
0
2
8
0
0
0
0
9
0
0
6
0
0
1
1
0
14
0
0
0
0
0
0
0
0
0
0
0
0
0
0
21
9
0
3
0
2
2
0
3
0
2
11
0
7
0
0
0
0
0
0
0
0
0
0
0
0
6
0
0
125
122
20
1
7
14
0
14
12
0
0
0
0
0
0
0
0
0
0
0
0
0
0
0
0
4
0
2
216
232
110
24
0
1
0
11
0
0
12
0
13
0
0
0
0
0
0
0
0
0
0
0
0
0
2
134
242
253
255
44
3
0
4
0
18
172
177
24
0
0
0
0
0
0
14
1
0
9
0
0
4
0
59
242
251
241
197
14
0
1
6
0
84
255
255
167
3
0
0
0
0
11
0
0
0
0
11
13
0
8
177
250
255
250
140
0
0
0
20
4
208
239
254
117
20
0
0
0
0
4
0
8
4
0
0
0
9
156
247
255
242
53
0
11
4
11
0
111
255
255
211
33
0
0
0
0
0
0
0
5
0
11
0
5
152
247
255
245
197
9
11
6
0
0
9
203
251
255
123
21
0
0
0
0
0
0
0
5
0
11
0
5
152
252
255
253
173
0
3
0
8
23
183
241
255
157
1
3
0
0
0
0
0
4
0
8
4
0
0
0
9
150
255
255
242
241
182
85
92
103
255
242
253
57
0
6
12
0
0
0
0
11
0
0
0
0
11
13
0
5
83
164
210
243
237
255
251
238
255
255
222
20
7
0
0
0
0
0
0
0
14
1
0
9
0
0
4
4
0
10
0
76
133
206
255
255
235
254
231
23
0
8
1
0
0
0
0
0
0
0
0
0
0
0
0
0
6
0
0
11
0
94
245
255
242
231
164
6
3
0
7
0
0
0
0
0
0
0
0
0
0
0
0
0
0
9
0
9
61
230
255
238
37
0
9
0
20
0
0
0
0
0
0
0
0
0
0
0
0
0
0
0
5
0
1
0
150
255
249
235
0
1
6
0
0
0
20
0
0
0
0
0
0
0
0
0
0
0
0
0
4
0
0
71
237
255
249
173
0
0
0
16
13
3
0
0
0
0
0
0
0
0
0
0
0
0
0
6
0
6
12
207
255
255
172
15
0
2
0
0
0
0
0
0
0
0
0
0
0
0
0
0
0
0
0
4
0
0
96
255
255
229
53
0
17
0
5
3
7
3
1
0
0
0
0
0
0
0
0
0
0
0
0
0
2
20
209
255
255
152
15
0
0
0
1
0
0
0
5
0
0
0
0
0
0
0
0
0
0
0
0
3
0
88
251
253
208
28
0
11
0
11
5
0
7
0
0
0
0
0
0
0
0
0
0
0
0
0
0
0
0
9
128
241
153
11
0
0
0
0
0
0
0
0
0
0
0
0
0
0
0
0
0
0
0
0
0
6
1
0
0
23
8
0
7
0
0
0
0
0
0
0
0
0
0
0
0
0
0
0
0
0
0
0
0
8
7
11
0
0
0
9
0
0
0
0
0
0
0
0
0
0
0
0
0
0
0
0
0
0
0
0
0
0
0
0
3
0
2
5
0
0
0
0
0
0
0
0
0
0
0
0
0
