5
0
0
0
0
0
0
0
0
2
2
1
0
3
9
0
2
0
5
6
0
0
11
1
1
0
0
0
0
0
0
0
0
0
0
0
0
6
0
0
7
0
0
0
8
5
0
0
0
18
0
0
1
0
0
0
0
0
0
0
0
0
0
0
0
0
0
0
21
0
0
1
0
0
0
3
12
1
0
5
8
0
0
0
0
0
0
0
0
0
0
0
0
0
13
0
2
0
2
8
2
0
11
0
10
0
0
0
6
0
0
0
0
0
0
0
0
0
0
0
0
0
4
0
2
8
2
0
0
0
11
0
3
14
15
4
0
0
0
0
0
0
0
0
0
0
0
0
0
7
0
28
82
135
147
169
240
254
238
255
249
249
240
220
31
0
0
0
0
0
0
0
0
0
0
0
0
0
6
165
244
255
249
238
255
255
244
255
255
248
255
230
21
0
0
0
0
0
0
0
0
0
0
0
0
1
16
222
255
251
253
255
251
247
253
132
140
149
115
28
1
0
0
0
0
2
0
0
0
1
2
3
2
0
23
255
243
250
149
98
100
34
0
0
4
2
2
2
6
0
0
0
0
1
0
0
0
1
1
1
1
2
79
255
242
247
29
10
1
12
2
17
17
0
0
0
1
0
0
0
0
0
0
1
1
1
0
0
0
0
165
246
255
234
0
9
0
0
0
0
0
0
20
1
0
0
0
0
0
0
0
2
2
0
0
0
0
0
230
246
255
137
0
0
0
8
6
7
22
0
0
0
0
0
0
0
0
0
0
2
2
0
0
0
1
71
255
248
225
45
18
13
46
31
6
0
0
22
0
17
0
0
0
0
0
0
1
3
1
0
0
2
6
137
230
255
255
221
248
238
245
221
200
23
49
0
34
0
0
0
0
0
0
0
2
3
1
0
0
5
11
232
255
253
243
247
248
255
244
255
254
177
2
6
0
6
11
0
0
0
0
0
2
3
0
0
0
8
15
135
238
255
255
244
168
153
110
194
248
225
0
0
8
0
0
0
0
0
0
0
8
0
6
0
0
0
8
0
16
33
0
24
6
0
3
80
246
251
104
13
0
0
0
0
0
0
0
0
4
0
0
0
1
0
1
13
0
0
0
4
0
0
5
31
226
248
57
1
0
0
6
0
0
0
0
1
2
2
0
0
0
0
0
6
0
7
7
2
0
0
0
59
255
244
81
0
0
8
0
0
0
0
0
6
0
8
1
0
0
1
6
0
0
7
0
0
1
5
13
160
255
252
84
0
0
5
0
0
0
0
0
4
0
9
10
0
0
0
0
5
5
1
0
3
0
0
36
228
230
217
3
5
5
0
9
0
0
0
0
4
0
6
8
0
21
5
6
0
2
0
8
2
0
17
139
246
255
97
0
0
6
0
10
0
0
0
0
4
0
0
3
0
114
117
112
35
34
30
32
14
41
108
229
247
253
2
15
0
0
8
0
0
0
0
0
0
2
0
3
28
226
255
255
255
251
254
253
225
254
253
255
241
96
2
6
0
0
11
0
0
0
0
0
6
0
3
0
9
122
240
255
254
255
253
246
254
255
231
167
51
17
0
0
5
0
0
8
0
0
0
0
4
0
10
6
0
0
8
0
0
0
3
2
0
8
5
0
15
0
0
2
4
0
0
0
0
0
0
0
3
0
0
9
6
6
12
9
3
0
0
4
0
0
4
14
0
0
1
5
3
0
0
0
0
0
0
0
12
2
0
0
2
0
0
0
13
0
0
6
0
0
0
0
0
4
6
1
0
0
2
3
0
0
0
0
