8
0
0
0
0
0
0
0
0
4
0
7
0
6
0
0
4
2
10
0
0
2
0
0
5
0
0
0
0
0
0
0
0
0
0
0
0
0
14
0
13
0
9
1
5
0
0
0
3
9
2
0
1
0
0
0
0
0
0
0
0
0
0
0
0
10
0
0
5
0
0
16
0
10
3
2
0
0
1
5
0
0
0
0
0
0
0
0
0
0
0
0
0
0
6
1
0
29
0
0
23
0
0
11
8
0
0
10
0
0
0
0
0
0
0
0
0
0
0
0
0
4
0
0
11
0
14
0
0
16
0
0
10
4
0
4
0
0
0
0
0
0
0
0
0
0
0
0
0
7
0
12
5
0
106
212
251
186
76
0
0
0
4
0
0
0
0
0
0
0
0
0
0
0
0
0
0
0
12
0
38
228
255
255
243
255
199
87
10
0
3
1
0
0
0
0
0
0
0
0
0
0
0
0
0
0
5
12
198
255
234
240
155
176
254
234
104
12
0
2
0
0
0
0
0
0
0
0
0
0
0
0
0
8
0
96
242
255
209
29
0
0
90
241
251
196
12
0
0
0
0
0
0
0
0
0
0
0
0
0
0
0
0
192
255
211
53
9
0
0
0
182
249
249
78
0
5
0
0
0
0
0
0
0
0
0
0
0
0
20
0
250
255
102
0
0
10
14
1
35
255
249
55
18
0
0
0
0
0
0
0
0
0
0
0
0
0
0
9
255
198
7
10
9
0
0
63
216
246
247
75
0
0
0
0
0
0
0
0
0
0
0
0
0
0
2
10
207
236
107
7
0
6
59
218
255
255
244
38
0
9
0
0
0
0
0
0
0
0
0
0
0
0
7
0
51
255
232
70
47
121
255
245
233
255
63
6
12
0
0
0
0
0
0
0
0
0
0
0
0
0
0
18
0
148
255
255
245
255
251
255
206
85
12
0
0
6
0
0
0
0
0
0
0
0
0
0
0
0
5
0
1
0
211
249
255
247
253
128
13
0
0
5
0
1
0
0
0
0
0
0
0
0
0
0
0
0
0
7
14
184
255
245
255
253
244
84
0
0
21
0
0
0
0
0
0
0
0
0
0
0
0
0
0
0
11
135
255
237
243
248
88
147
249
194
19
0
0
0
12
1
0
0
0
0
0
0
0
0
0
0
0
0
55
247
254
254
146
46
22
4
168
255
99
18
7
0
3
0
0
0
0
0
0
0
0
0
0
0
0
0
76
240
254
138
0
0
0
3
124
255
159
0
0
0
0
14
0
0
0
0
0
0
0
0
0
0
0
0
66
255
137
4
0
14
0
51
200
255
123
0
13
17
0
0
0
0
0
0
0
0
0
0
0
0
0
0
31
242
130
0
6
6
79
230
245
255
96
15
0
0
0
5
0
0
0
0
0
0
0
0
0
0
0
0
0
181
250
223
218
221
255
250
255
144
0
0
0
11
11
0
0
0
0
0
0
0
0
0
0
0
0
0
2
15
185
245
253
255
248
234
124
0
4
9
3
0
0
5
0
0
0
0
0
0
0
0
0
0
0
0
2
0
22
119
217
227
135
37
0
0
0
0
0
0
0
0
0
0
0
0
0
0
0
0
0
0
0
0
0
2
3
0
0
0
1
8
0
0
0
0
0
0
0
0
0
0
0
0
0
0
0
0
0
0
0
0
7
5
3
2
1
0
0
0
0
0
0
0
0
0
0
0
0
0
0
0
0
0
0
0
0
0
0
0
0
0
0
2
5
4
0
0
0
0
0
0
0
0
0
0
0
0
0
0
