1
0
0
0
0
0
0
0
0
2
0
0
0
0
3
0
4
6
0
1
18
0
0
6
0
0
0
0
0
0
0
0
0
0
0
0
0
0
2
7
2
2
1
0
0
0
0
0
9
6
0
2
0
0
0
0
0
0
0
0
0
0
0
0
0
0
6
0
0
4
2
0
0
0
15
0
0
9
0
4
3
0
0
0
0
0
0
0
0
0
0
0
0
5
3
0
0
6
0
3
5
0
2
15
0
0
0
5
2
0
0
0
0
0
0
0
0
0
0
0
0
0
0
1
20
4
0
0
0
18
0
13
0
0
6
0
0
0
0
0
0
0
0
0
0
0
0
0
0
15
4
0
0
0
52
194
249
140
9
0
2
2
3
0
1
0
0
0
0
0
0
0
0
0
0
0
0
0
0
2
6
0
92
246
255
247
105
0
0
1
0
0
5
0
0
0
0
0
0
0
0
0
0
0
0
1
2
0
1
0
126
255
241
255
170
4
0
6
0
3
0
0
0
0
0
0
0
0
0
0
0
0
0
0
6
8
0
0
255
245
255
255
158
0
6
2
8
0
0
0
0
0
0
0
0
0
0
0
0
0
0
1
3
0
0
23
252
248
255
251
7
14
0
0
12
5
4
0
0
0
0
0
0
0
0
0
0
0
0
0
0
0
2
100
255
253
247
255
94
7
1
16
0
2
0
0
0
0
0
0
0
0
0
0
0
0
0
0
0
5
12
163
255
255
247
255
159
7
4
0
2
5
0
0
0
0
0
0
0
0
0
0
0
0
0
5
0
0
0
174
240
255
255
246
179
0
0
0
5
5
0
0
0
0
0
0
0
0
0
0
0
0
0
0
0
0
0
177
243
254
255
245
128
0
0
20
0
0
0
0
0
0
0
0
0
0
0
0
0
0
0
0
0
5
6
176
255
250
251
255
0
17
0
0
10
3
0
0
0
0
0
0
0
0
0
0
0
0
0
8
0
0
0
156
255
251
255
250
13
0
0
6
1
0
1
0
0
0
0
0
0
0
0
0
0
0
0
0
3
7
0
156
255
254
254
255
0
0
5
5
0
1
1
0
0
0
0
0
0
0
0
0
0
0
0
3
0
6
4
170
255
249
255
233
7
4
3
0
0
2
0
0
0
0
0
0
0
0
0
0
0
0
0
2
0
0
2
168
250
248
255
151
0
9
0
0
4
3
0
0
0
0
0
0
0
0
0
0
0
0
0
0
5
2
4
172
255
255
249
86
0
5
0
0
8
0
0
0
0
0
0
0
0
0
0
0
0
0
0
5
0
0
0
167
239
252
255
82
1
7
0
4
5
0
0
0
0
0
0
0
0
0
0
0
0
0
0
0
0
19
87
255
255
252
248
88
8
0
0
0
0
0
9
0
0
0
0
0
0
0
0
0
0
0
0
6
1
0
24
194
241
248
252
72
0
0
0
0
0
0
9
0
0
0
0
0
0
0
0
0
0
0
0
0
13
0
5
174
247
255
227
59
0
0
9
0
3
0
0
0
0
0
0
0
0
0
0
0
0
0
0
0
1
12
0
167
255
231
59
0
0
0
0
0
0
0
0
0
0
0
0
0
0
0
0
0
0
0
0
0
0
0
0
8
3
11
0
0
0
0
0
0
0
0
0
0
0
0
0
0
0
0
0
0
0
0
0
12
7
0
13
0
0
0
6
0
0
0
0
0
0
0
0
0
0
0
0
0
0
0
0
0
0
0
0
0
2
0
7
0
14
0
0
0
0
0
0
0
0
0
0
0
0
0
0
