6
0
0
0
0
0
0
0
0
0
2
5
4
5
0
0
0
11
0
19
0
0
10
0
7
0
0
0
0
0
0
0
0
0
0
0
0
8
0
0
0
0
0
1
6
0
20
0
11
0
0
0
0
0
0
0
0
0
0
0
0
0
0
0
0
6
0
0
5
1
0
0
0
18
0
2
0
21
6
0
3
0
0
0
0
0
0
0
0
0
0
0
0
0
0
8
10
0
0
4
0
0
0
12
7
0
1
2
0
0
0
0
0
0
0
0
0
0
0
0
0
0
3
4
0
0
3
9
2
8
47
194
77
0
0
0
1
0
0
0
0
0
0
0
0
0
0
0
0
1
4
0
0
2
0
0
7
121
235
248
245
33
0
9
7
0
0
0
0
0
0
0
0
0
0
0
0
0
4
0
1
11
0
18
96
247
255
252
166
49
0
0
2
0
0
0
0
0
0
0
0
0
0
0
0
0
6
0
0
7
0
77
238
255
255
197
16
0
7
2
0
0
0
0
0
0
0
0
0
0
0
0
0
0
10
2
0
10
15
203
255
251
144
14
0
0
0
6
0
0
0
0
0
0
0
0
0
0
0
0
0
3
0
0
21
1
171
255
245
238
48
0
0
20
4
0
7
0
0
0
0
0
0
0
0
0
0
0
0
0
13
7
0
112
249
255
238
40
10
11
0
0
0
0
10
0
0
0
0
0
0
0
0
0
0
0
0
0
8
0
0
251
249
240
222
108
46
0
23
5
0
10
0
0
0
0
0
0
0
0
0
0
0
0
0
0
3
0
158
255
252
255
255
248
239
57
0
0
4
0
2
0
0
0
0
0
0
0
0
0
0
0
0
0
8
14
255
247
255
244
235
255
240
125
0
5
1
0
0
0
0
0
0
0
0
0
0
0
0
0
0
7
0
43
241
253
228
102
78
71
255
208
0
0
8
0
13
0
0
0
0
0
0
0
0
0
0
0
0
2
0
150
255
242
167
0
0
48
250
133
1
0
2
0
0
0
0
0
0
0
0
0
0
0
0
0
0
3
0
151
255
241
16
11
0
172
244
148
0
1
0
3
0
0
0
0
0
0
0
0
0
0
0
0
0
0
30
255
223
146
6
0
43
251
253
109
6
0
0
10
3
0
0
0
0
0
0
0
0
0
0
0
0
0
51
235
255
157
0
0
116
255
180
26
0
0
0
2
0
0
0
0
0
0
0
0
0
0
0
0
0
2
29
254
255
138
18
198
246
255
99
0
2
3
7
0
0
0
0
0
0
0
0
0
0
0
0
0
0
1
35
250
253
172
225
251
255
228
46
4
0
4
1
0
7
0
0
0
0
0
0
0
0
0
0
0
0
12
31
255
238
245
248
255
252
115
0
3
0
1
0
0
1
0
0
0
0
0
0
0
0
0
0
0
0
0
0
128
255
255
255
255
96
13
0
0
8
6
7
3
1
0
0
0
0
0
0
0
0
0
0
0
0
0
13
1
127
243
124
83
6
0
17
0
5
0
0
7
0
0
0
0
0
0
0
0
0
0
0
0
0
0
0
0
0
0
0
0
0
0
0
0
0
0
0
0
0
0
0
0
0
0
0
0
0
0
0
0
0
0
0
0
0
0
0
0
0
0
0
0
0
0
0
0
0
0
0
0
0
0
0
0
0
0
0
0
0
0
0
0
0
0
0
0
0
0
0
0
0
0
0
0
0
0
0
0
0
0
0
0
0
0
0
0
0
0
0
0
0
0
0
0
0
0
0
0
0
0
0
0
0
0
0
0
0
