7
0
0
0
0
0
0
0
0
3
10
0
2
9
0
2
0
0
2
4
4
1
0
0
0
0
0
0
0
0
0
0
0
0
0
0
0
0
0
15
1
0
4
0
6
2
0
0
0
0
0
0
0
0
0
0
0
0
0
0
0
0
0
0
0
10
6
1
0
0
0
10
4
3
1
0
2
3
2
0
0
0
0
0
0
0
0
0
0
0
0
0
0
0
0
4
3
0
6
0
0
0
0
0
0
0
0
2
2
0
0
0
0
0
0
0
0
0
0
0
0
2
15
0
9
2
0
18
8
11
10
7
2
0
0
1
6
0
0
0
0
0
0
0
0
0
0
0
0
0
15
0
0
7
0
3
0
0
0
0
3
2
0
0
0
0
0
0
0
0
0
0
0
0
0
0
0
0
71
246
243
255
255
81
54
22
13
2
0
0
1
1
0
0
0
0
0
0
0
0
0
0
0
0
0
12
209
248
254
255
233
255
244
216
163
88
28
0
0
0
3
0
0
0
0
0
0
0
0
0
0
0
0
78
255
255
239
255
250
239
255
255
251
255
205
31
6
0
11
0
0
0
0
0
0
0
0
0
0
0
0
126
242
254
255
226
255
255
243
247
252
255
250
214
27
0
0
0
0
0
0
0
0
0
0
0
0
0
0
179
239
250
251
255
227
242
255
255
246
254
241
255
138
0
0
0
0
0
0
0
0
0
0
0
0
0
0
71
255
248
244
255
255
255
251
254
246
255
255
239
198
13
0
0
0
0
0
0
0
0
0
0
0
0
0
0
176
255
255
247
246
245
252
253
253
251
255
255
106
16
0
0
0
0
0
0
0
0
0
0
0
0
0
18
0
63
90
182
106
55
155
254
252
245
233
255
83
0
11
0
0
0
0
0
0
0
0
0
0
0
0
0
0
0
7
11
0
18
196
246
252
255
255
246
100
0
0
0
0
0
0
0
0
0
0
0
0
0
0
3
4
3
0
0
29
211
255
255
255
247
252
169
0
9
0
0
0
0
0
0
0
0
0
0
0
0
0
11
0
0
10
0
197
255
245
249
255
252
255
90
3
0
0
0
0
0
0
0
0
0
0
0
0
0
0
0
9
0
0
90
255
242
255
254
253
215
47
0
0
15
0
0
0
0
0
0
0
0
0
0
0
0
0
0
4
9
14
232
252
254
251
253
246
127
0
0
20
1
0
0
0
0
0
0
0
0
0
0
0
0
0
1
5
9
161
255
248
255
241
255
207
5
8
0
7
0
3
0
0
0
0
0
0
0
0
0
0
0
0
0
5
98
255
252
246
255
252
255
131
0
0
11
0
10
4
0
0
0
0
0
0
0
0
0
0
0
0
1
42
236
248
255
249
252
255
214
16
0
0
8
0
0
0
0
0
0
0
0
0
0
0
0
0
0
0
0
119
255
255
240
255
232
255
210
0
5
5
0
14
0
21
0
0
0
0
0
0
0
0
0
0
0
0
0
144
245
248
254
247
255
250
164
0
12
0
0
2
7
0
0
0
0
0
0
0
0
0
0
0
0
0
0
9
171
247
255
237
255
188
29
12
0
0
3
2
0
0
0
0
0
0
0
0
0
0
0
0
0
0
5
0
72
147
227
195
146
48
11
1
0
0
3
2
0
0
0
0
0
0
0
0
0
0
0
0
0
0
0
1
8
0
8
0
0
9
0
0
0
0
3
1
0
0
0
0
0
0
0
0
0
0
0
0
0
0
7
7
0
0
21
12
0
0
0
0
2
4
2
0
0
0
0
0
0
0
