1
0
0
0
0
0
0
0
0
1
0
0
9
0
17
0
0
0
0
0
12
0
2
6
0
0
0
0
0
0
0
0
0
0
0
0
0
1
0
0
10
0
2
9
13
1
3
0
11
0
3
2
0
0
0
0
0
0
0
0
0
0
0
0
0
4
0
0
1
3
0
5
0
0
3
0
5
0
3
0
0
0
0
0
0
0
0
0
0
0
0
0
0
0
10
0
0
1
5
0
17
5
0
0
0
0
3
0
3
0
0
0
0
0
0
0
0
0
0
0
0
0
11
8
0
0
3
5
177
34
0
0
0
0
2
0
4
0
0
0
0
0
0
0
0
0
0
0
0
4
0
0
8
1
0
3
255
83
6
4
0
1
0
0
1
0
0
0
0
0
0
0
0
0
0
0
0
10
0
0
7
4
0
33
248
125
7
3
1
1
0
0
0
0
0
0
0
0
0
0
0
0
0
0
0
0
0
12
0
0
6
103
255
146
2
0
1
0
0
1
0
0
0
0
0
0
0
0
0
0
0
0
0
2
5
0
0
5
0
173
255
150
0
10
3
2
0
1
0
0
0
0
0
0
0
0
0
0
0
0
0
0
6
0
0
2
2
199
255
141
0
0
0
1
0
5
0
0
0
0
0
0
0
0
0
0
0
0
0
0
5
2
0
5
21
230
255
139
0
1
0
3
3
3
0
0
0
0
0
0
0
0
0
0
0
0
0
0
1
0
1
6
41
248
249
114
6
3
0
4
3
0
0
0
0
0
0
0
0
0
0
0
0
0
0
5
0
0
1
0
61
255
255
61
0
0
0
1
2
0
4
0
0
0
0
0
0
0
0
0
0
0
0
1
0
3
0
0
105
255
254
29
0
1
0
2
0
0
6
0
0
0
0
0
0
0
0
0
0
0
0
0
0
1
2
20
185
252
203
16
6
5
3
3
0
0
4
0
0
0
0
0
0
0
0
0
0
0
0
3
0
0
6
56
255
246
141
0
0
0
0
1
2
0
8
0
0
0
0
0
0
0
0
0
0
0
0
0
13
0
0
122
254
253
17
0
0
0
0
0
0
0
0
0
0
0
0
0
0
0
0
0
0
0
0
0
0
5
18
210
248
236
5
0
0
0
0
0
0
0
0
0
0
0
0
0
0
0
0
0
0
0
0
0
0
0
94
254
255
167
0
0
0
0
0
0
0
0
0
0
0
0
0
0
0
0
0
0
0
0
0
0
8
0
137
250
253
88
0
0
0
0
0
0
0
0
0
0
0
0
0
0
0
0
0
0
0
0
0
0
0
11
128
255
247
51
0
0
0
0
0
0
0
0
0
0
0
0
0
0
0
0
0
0
0
0
0
0
0
2
139
255
247
30
0
0
0
0
0
0
0
0
0
0
0
0
0
0
0
0
0
0
0
0
0
0
5
0
153
246
190
6
2
0
0
0
0
0
0
0
0
0
0
0
0
0
0
0
0
0
0
0
0
1
0
6
135
255
93
0
0
0
0
0
0
0
0
0
0
0
0
0
0
0
0
0
0
0
0
0
0
0
0
0
0
0
0
0
0
0
0
0
0
0
0
0
0
0
0
0
0
0
0
0
0
0
0
0
0
0
0
0
0
0
0
0
0
0
0
0
0
0
0
0
0
0
0
0
0
0
0
0
0
0
0
0
0
0
0
0
0
0
0
0
0
0
0
0
0
0
0
0
0
0
0
0
0
0
0
0
0
0
0
0
0
0
0
0
0
0
0
0
0
0
0
0
0
0
0
0
0
0
0
0
0
