4
0
0
0
0
0
0
0
0
0
3
0
1
8
0
6
0
4
2
0
8
12
0
1
0
0
0
0
0
0
0
0
0
0
0
0
0
0
5
0
0
2
0
14
0
0
1
15
0
0
0
3
2
0
0
0
0
0
0
0
0
0
0
0
0
0
3
0
0
0
2
8
0
19
0
0
22
1
0
21
0
0
0
0
0
0
0
0
0
0
0
0
0
2
0
0
2
0
4
2
0
0
0
7
0
8
16
0
11
0
0
0
0
0
0
0
0
0
0
0
0
0
0
0
0
1
0
0
13
18
3
0
4
2
0
0
0
0
0
0
0
0
0
0
0
0
0
0
0
0
1
5
0
21
0
0
2
0
0
5
3
0
2
0
1
0
0
0
0
0
0
0
0
0
0
0
0
0
0
2
0
110
95
25
0
3
8
12
0
157
199
0
17
0
0
0
0
0
0
0
0
0
0
0
0
2
0
0
13
222
229
108
9
0
8
0
194
238
30
0
0
0
0
0
0
0
0
0
0
0
0
0
0
8
0
0
101
252
255
254
77
0
0
106
255
97
0
14
0
0
0
0
0
0
0
0
0
0
0
0
0
0
7
23
180
254
239
208
19
9
11
199
238
34
7
0
0
0
0
0
0
0
0
0
0
0
0
0
0
11
0
112
244
248
255
198
35
4
37
243
255
0
1
16
3
0
0
0
0
0
0
0
0
0
0
0
0
1
2
219
255
192
203
240
183
0
161
255
190
0
12
0
0
0
0
0
0
0
0
0
0
0
0
0
0
0
139
254
240
93
17
153
204
95
202
255
80
0
7
5
10
0
0
0
0
0
0
0
0
0
0
0
0
60
236
255
255
192
82
7
19
118
255
254
57
119
19
0
0
0
0
0
0
0
0
0
0
0
0
0
0
203
255
235
238
255
252
109
81
252
255
240
225
234
2
0
5
0
0
0
0
0
0
0
0
0
0
0
0
205
250
255
255
251
249
255
203
247
255
191
39
0
5
2
0
0
0
0
0
0
0
0
0
0
0
0
0
5
0
2
57
169
234
255
252
255
255
252
192
0
4
0
2
0
0
0
0
0
0
0
0
0
0
0
0
14
5
8
0
1
16
87
254
255
247
154
30
0
0
14
0
0
0
0
0
0
0
0
0
0
0
0
0
0
0
0
0
0
0
43
254
255
176
24
0
0
0
3
0
0
0
0
0
0
0
0
0
0
0
0
0
0
0
4
6
5
4
92
255
246
71
0
21
4
0
4
0
0
0
0
0
0
0
0
0
0
0
0
0
3
3
7
0
0
0
160
245
200
9
13
0
0
0
23
0
0
0
0
0
0
0
0
0
0
0
0
0
4
0
0
3
16
39
244
255
127
3
13
0
0
8
0
0
0
0
0
0
0
0
0
0
0
0
0
0
4
0
7
0
0
64
255
255
58
3
0
9
2
17
0
7
0
0
0
0
0
0
0
0
0
0
0
0
0
5
10
0
8
117
253
208
18
0
7
0
2
0
4
2
0
0
0
0
0
0
0
0
0
0
0
0
6
6
0
0
12
105
252
184
0
0
0
0
0
0
0
0
0
0
0
0
0
0
0
0
0
0
0
0
0
0
26
19
0
98
239
90
0
0
0
0
0
0
0
0
0
0
0
0
0
0
0
0
0
0
0
0
9
5
0
0
10
0
0
0
0
0
0
0
0
0
0
0
0
0
0
0
0
0
0
0
0
0
0
0
0
0
0
0
12
3
0
13
0
0
0
0
0
0
0
0
0
0
0
0
