3
0
0
0
0
0
0
0
0
9
0
0
18
0
5
11
0
0
0
0
0
0
0
0
0
0
0
0
0
0
0
0
0
0
0
0
0
4
1
11
0
4
0
0
0
0
0
0
0
0
0
0
0
0
0
0
0
0
0
0
0
0
0
0
0
0
0
0
3
7
3
0
18
0
0
0
0
0
0
0
0
0
0
0
0
0
0
0
0
0
0
0
0
0
9
7
0
0
0
6
0
0
0
0
0
0
0
0
0
0
0
0
0
0
0
0
0
0
0
0
0
0
134
251
255
215
52
10
0
0
0
0
0
0
0
0
0
0
0
0
0
0
0
0
0
0
0
0
0
101
255
220
251
255
228
113
0
0
0
0
0
0
0
0
0
0
0
0
0
0
0
0
0
0
0
0
0
60
216
76
42
75
229
239
43
0
0
0
0
0
0
0
0
0
0
0
0
0
0
0
0
0
0
0
0
6
19
0
0
14
41
254
137
0
0
0
0
0
0
0
0
0
0
0
0
0
0
0
0
0
0
0
0
0
4
0
0
8
0
169
221
0
1
1
0
0
1
2
2
0
0
0
0
0
0
0
0
0
0
0
0
1
0
8
0
0
3
51
255
1
5
2
0
0
5
3
0
0
0
0
0
0
0
0
0
0
0
0
0
0
8
0
0
0
5
125
175
0
0
1
8
0
0
0
15
0
0
0
0
0
0
0
0
0
0
0
0
6
2
3
0
21
13
193
184
12
0
0
0
8
7
0
0
0
0
0
0
0
0
0
0
0
0
0
0
7
0
11
0
0
55
255
55
0
4
8
0
0
8
8
0
0
0
0
0
0
0
0
0
0
0
0
0
0
24
0
174
173
223
211
113
13
0
0
2
0
0
0
12
0
0
0
0
0
0
0
0
0
0
0
0
0
0
197
236
255
255
254
247
167
64
0
0
18
10
0
0
0
0
0
0
0
0
0
0
0
0
0
0
0
3
81
161
75
64
92
195
255
197
83
0
0
0
6
0
0
0
0
0
0
0
0
0
0
0
0
0
3
0
5
5
2
0
2
0
121
242
139
22
0
0
9
1
0
0
0
0
0
0
0
0
0
0
0
0
2
14
0
0
0
8
0
0
0
176
221
51
0
10
3
0
0
0
0
0
0
0
0
0
0
0
0
0
0
12
4
3
8
0
0
17
2
85
245
82
3
12
0
0
0
0
0
0
0
0
0
0
0
0
0
0
7
2
0
0
13
1
1
0
0
0
220
109
7
0
0
3
0
0
0
0
0
0
0
0
0
0
0
0
0
1
0
28
0
0
7
0
8
40
229
85
0
1
13
0
0
0
0
0
0
0
0
0
0
0
0
0
0
6
19
174
69
56
24
43
22
140
224
56
0
0
0
4
0
0
0
0
0
0
0
0
0
0
0
0
10
0
4
244
247
255
222
244
255
217
97
0
0
13
4
0
0
0
0
0
0
0
0
0
0
0
0
0
0
2
0
103
134
161
200
232
118
53
3
7
0
0
0
0
0
0
0
0
0
0
0
0
0
0
0
0
0
0
0
0
0
0
0
0
0
0
0
0
0
0
0
0
0
0
0
0
0
0
0
0
0
0
0
0
0
0
0
0
0
0
0
0
0
0
0
0
0
0
0
0
0
0
0
0
0
0
0
0
0
0
0
0
0
0
0
0
0
0
0
0
0
0
0
0
0
0
0
0
0
0
0
0
0
0
0
0
0
0
0
0
0
0
0
0
0
0
0
0
0
0
0
0
0
0
0
0
0
0
0
0
