1
0
0
0
0
0
0
0
0
0
9
0
0
0
0
0
0
0
0
1
5
6
4
0
0
0
0
0
0
0
0
0
0
0
0
0
0
0
0
0
5
7
2
4
5
0
0
3
0
0
0
8
7
0
0
0
0
0
0
0
0
0
0
0
0
1
0
0
8
1
0
0
2
8
0
0
6
0
0
0
4
0
0
0
0
0
0
0
0
0
0
0
0
8
0
2
2
0
0
0
0
0
0
0
22
0
10
0
0
0
0
0
0
0
0
0
0
0
0
0
0
2
0
9
0
0
10
2
4
0
18
8
0
0
7
10
5
0
0
0
0
0
0
0
0
0
0
0
0
0
0
14
0
0
6
0
12
194
227
175
13
0
0
12
0
0
0
0
0
0
0
0
0
0
0
0
0
0
0
10
0
0
0
0
59
255
255
167
2
0
0
2
1
0
0
0
0
0
0
0
0
0
0
0
0
0
0
2
0
5
0
9
128
245
236
81
0
0
17
0
12
0
0
0
0
0
0
0
0
0
0
0
0
0
0
5
1
0
7
49
219
242
154
3
10
0
0
0
1
0
0
0
0
0
0
0
0
0
0
0
0
12
7
1
0
19
0
211
252
255
81
0
0
7
0
0
7
0
0
0
0
0
0
0
0
0
0
0
0
0
0
0
4
0
10
226
255
241
16
0
0
11
0
0
1
0
0
0
0
0
0
0
0
0
0
0
0
0
16
3
0
10
7
236
236
128
0
14
0
0
2
0
0
0
0
0
0
0
0
0
0
0
0
0
0
0
11
1
0
0
112
246
223
11
0
8
0
0
5
4
0
0
0
0
0
0
0
0
0
0
0
0
0
9
0
4
3
0
255
243
158
0
7
0
0
0
3
0
6
0
0
0
0
0
0
0
0
0
0
0
0
4
2
5
13
117
254
255
59
4
10
0
4
1
1
0
3
0
0
0
0
0
0
0
0
0
0
0
0
0
6
0
11
160
252
195
27
0
0
3
0
0
2
0
1
0
0
0
0
0
0
0
0
0
0
0
0
1
5
0
49
255
246
171
8
0
0
0
0
0
0
0
0
0
0
0
0
0
0
0
0
0
0
0
0
1
0
11
96
250
255
54
0
0
0
0
0
0
0
0
0
0
0
0
0
0
0
0
0
0
0
0
0
2
6
4
162
255
255
23
4
0
0
0
0
0
0
0
0
0
0
0
0
0
0
0
0
0
0
0
0
0
10
11
199
255
222
29
2
0
0
0
0
0
0
0
0
0
0
0
0
0
0
0
0
0
0
0
0
1
0
72
236
253
153
5
0
0
0
0
0
0
0
0
0
0
0
0
0
0
0
0
0
0
0
0
0
11
0
84
255
249
55
6
0
0
0
0
0
0
0
0
0
0
0
0
0
0
0
0
0
0
0
0
0
0
8
48
255
244
24
11
0
0
0
0
0
0
0
0
0
0
0
0
0
0
0
0
0
0
0
0
0
0
5
69
253
255
101
0
0
0
0
0
0
0
0
0
0
0
0
0
0
0
0
0
0
0
0
0
0
0
0
81
248
248
81
0
0
0
0
0
0
0
0
0
0
0
0
0
0
0
0
0
0
0
0
0
0
6
0
0
2
2
0
0
6
0
0
0
0
0
0
0
0
0
0
0
0
0
0
0
0
0
0
0
0
0
10
3
2
2
3
10
0
0
0
0
0
0
0
0
0
0
0
0
0
0
0
0
0
0
0
0
0
2
0
0
0
0
0
0
2
0
0
0
0
0
0
0
0
0
0
0
0
