0
0
0
0
0
0
0
0
0
4
0
2
6
0
0
0
0
5
0
12
0
0
10
6
0
0
0
0
0
0
0
0
0
0
0
0
0
0
4
0
0
2
4
0
1
7
0
0
0
9
0
0
13
0
0
0
0
0
0
0
0
0
0
0
0
0
1
0
0
0
0
0
2
0
16
22
0
3
1
0
0
0
0
0
0
0
0
0
0
0
0
0
0
0
0
3
15
8
2
2
0
0
0
0
3
16
6
0
21
0
0
0
0
0
0
0
0
0
0
0
0
0
7
13
0
0
0
7
0
1
0
0
19
0
5
0
0
0
0
0
0
0
0
0
0
0
0
0
0
0
0
0
0
39
15
82
255
254
255
216
120
0
0
18
2
0
0
0
0
0
0
0
0
0
0
0
0
8
0
19
5
0
103
248
242
239
252
255
235
126
0
0
4
0
0
0
0
0
0
0
0
0
0
0
0
0
17
0
0
128
246
255
252
255
244
252
255
239
62
0
0
0
0
0
0
0
3
6
1
0
2
2
0
6
1
0
18
205
255
247
255
255
133
118
255
255
148
13
0
0
0
0
0
0
4
3
0
0
0
0
0
0
3
0
189
251
247
255
237
238
42
10
125
249
248
53
6
0
0
0
0
2
3
0
0
0
1
1
0
4
0
108
249
244
255
236
255
255
31
0
0
255
255
128
0
0
0
0
0
1
0
0
0
2
5
4
2
8
0
219
255
255
190
72
226
248
117
9
7
212
255
195
1
0
0
0
0
0
0
0
2
4
2
0
0
0
127
255
248
232
95
13
37
199
134
0
0
138
247
226
5
0
0
0
0
0
0
1
3
0
0
0
0
50
230
236
255
127
0
4
3
1
0
0
1
163
255
208
0
0
0
0
0
0
0
2
3
0
0
1
11
109
250
255
170
14
1
4
0
9
6
0
1
140
238
125
0
0
0
0
0
0
0
2
3
0
0
12
29
248
253
255
57
2
7
0
9
4
0
3
9
255
252
133
0
0
0
0
0
0
0
6
2
1
0
24
111
248
255
212
22
0
2
7
0
1
0
0
48
245
241
62
0
0
0
0
0
3
0
3
0
0
0
3
131
255
248
244
13
9
1
0
13
4
0
4
161
255
147
0
0
0
0
0
0
0
0
0
0
2
0
0
189
249
247
243
53
2
0
2
0
0
21
82
248
236
18
4
0
0
0
0
0
0
1
0
1
4
1
0
238
253
255
42
0
5
8
0
0
3
46
250
255
94
6
0
9
0
0
0
0
0
5
2
0
0
0
0
234
248
250
0
0
0
2
10
4
79
207
253
235
0
10
0
0
0
0
0
0
0
3
3
0
0
0
4
193
255
244
24
7
19
0
30
207
255
234
216
35
16
0
3
0
0
0
0
0
0
0
2
0
4
3
11
122
236
255
199
118
125
199
250
254
251
183
37
0
11
0
11
0
0
0
0
0
6
0
0
0
2
0
0
51
234
253
255
255
249
252
255
236
104
18
0
3
0
0
2
0
0
0
0
0
0
0
0
0
0
0
0
0
69
181
255
251
244
237
151
34
0
0
0
0
0
0
0
0
0
0
0
0
0
0
0
0
0
0
0
0
0
0
0
4
4
0
0
0
0
0
0
0
0
0
0
0
0
0
0
0
0
0
0
0
0
0
0
0
4
0
0
0
0
0
0
9
0
0
0
0
0
0
0
0
0
0
0
0
0
0
0
0
0
0
0
0
0
9
11
1
0
8
5
0
0
0
0
0
0
0
0
0
0
0
0
0
