1
0
0
0
0
0
0
0
0
3
0
0
0
0
1
1
0
0
4
6
7
0
0
6
0
0
0
0
0
0
0
0
0
0
0
0
0
0
2
5
4
4
0
0
4
0
0
0
0
0
0
3
4
0
0
0
0
0
0
0
0
0
0
0
0
0
2
1
0
2
0
0
4
3
5
1
0
2
0
0
5
0
0
0
0
0
0
0
0
0
0
0
0
1
1
0
0
0
2
0
0
0
6
8
0
1
2
0
2
0
0
0
0
0
0
0
0
0
0
0
0
0
0
10
7
1
8
10
0
0
0
5
0
0
8
0
1
0
0
0
0
0
0
0
0
0
0
0
0
9
0
0
0
0
98
219
255
37
0
5
0
0
9
0
0
0
0
0
0
0
0
0
0
0
0
0
0
0
0
11
1
3
129
255
255
113
11
0
7
0
5
0
1
0
0
0
0
0
0
0
0
0
0
0
0
9
0
6
0
2
140
255
240
157
7
0
7
1
1
0
10
0
0
0
0
0
0
0
0
0
0
0
0
2
0
2
0
0
144
254
252
175
9
3
0
0
10
0
2
0
0
0
0
0
0
0
0
0
0
0
0
2
0
2
0
0
144
254
252
248
36
1
0
2
2
0
2
0
0
0
0
0
0
0
0
0
0
0
0
2
0
2
0
0
144
254
252
248
30
0
0
0
1
0
3
0
0
0
0
0
0
0
0
0
0
0
0
2
0
2
0
0
144
254
252
176
6
0
0
0
6
6
0
0
0
0
0
0
0
0
0
0
0
0
0
2
0
2
0
0
144
254
252
145
5
4
6
0
4
5
0
0
0
0
0
0
0
0
0
0
0
0
0
2
0
2
0
0
144
254
252
137
7
0
3
4
0
0
0
0
0
0
0
0
0
0
0
0
0
0
0
2
0
2
0
0
144
254
252
81
0
0
0
3
0
0
6
0
0
0
0
0
0
0
0
0
0
0
0
2
0
2
0
0
144
254
252
13
0
15
0
0
0
0
2
0
0
0
0
0
0
0
0
0
0
0
0
0
0
0
3
0
155
254
243
13
3
0
0
2
2
1
1
0
0
0
0
0
0
0
0
0
0
0
0
19
0
0
12
0
137
248
255
9
2
0
0
2
1
0
1
0
0
0
0
0
0
0
0
0
0
0
0
0
4
11
2
0
167
239
153
4
0
0
1
1
0
0
2
0
0
0
0
0
0
0
0
0
0
0
0
12
0
0
0
23
223
255
127
0
0
0
2
1
0
0
3
0
0
0
0
0
0
0
0
0
0
0
0
0
5
15
10
27
237
255
96
0
0
0
2
1
0
0
3
0
0
0
0
0
0
0
0
0
0
0
0
0
10
0
0
27
253
246
29
4
0
0
1
1
0
0
2
0
0
0
0
0
0
0
0
0
0
0
0
0
0
0
9
0
153
239
208
9
2
0
0
2
1
0
1
0
0
0
0
0
0
0
0
0
0
0
0
5
0
0
7
0
147
251
255
13
3
0
0
2
2
1
1
0
0
0
0
0
0
0
0
0
0
0
0
7
0
0
0
0
80
177
190
0
0
0
0
0
0
0
0
0
0
0
0
0
0
0
0
0
0
0
0
0
0
11
10
0
3
21
0
0
0
0
0
0
0
0
0
0
0
0
0
0
0
0
0
0
0
0
0
9
0
0
0
0
0
1
0
0
0
0
0
0
0
0
0
0
0
0
0
0
0
0
0
0
0
0
0
4
1
0
0
8
8
6
9
0
0
0
0
0
0
0
0
0
0
0
0
