8
0
0
0
0
0
0
0
0
0
0
0
8
1
2
0
0
1
0
0
0
0
1
6
0
0
0
0
0
0
0
0
0
0
0
0
0
7
5
0
0
0
0
6
6
1
0
7
11
2
0
0
3
0
0
0
0
0
0
0
0
0
0
0
0
0
0
6
0
20
0
0
0
4
1
0
0
0
0
3
4
0
0
0
0
0
0
0
0
0
0
0
0
6
0
0
0
0
0
5
7
0
4
3
0
2
6
0
0
0
0
0
0
0
0
0
0
0
0
0
0
0
0
4
4
0
8
11
0
13
6
0
0
11
6
0
0
0
0
0
0
0
0
0
0
0
0
0
0
5
7
0
0
68
188
255
255
193
125
31
0
3
3
0
8
0
0
0
0
0
0
0
0
0
0
0
0
0
0
0
32
205
246
244
243
255
255
158
40
0
1
0
0
0
0
0
0
0
0
0
0
0
0
0
0
7
0
0
48
255
139
16
0
49
207
232
92
0
0
8
0
0
0
0
0
0
0
0
0
0
0
0
0
0
0
0
148
245
108
4
81
239
186
51
102
1
8
0
4
0
0
0
0
0
0
0
0
0
0
0
0
4
14
0
115
247
141
0
10
186
249
50
56
7
0
2
0
0
0
0
0
0
0
0
0
0
0
0
0
2
0
0
133
247
113
9
52
225
251
24
0
5
0
4
0
0
0
0
0
0
0
0
0
0
0
0
0
0
0
17
20
233
245
64
212
250
130
1
0
0
8
0
3
0
0
0
0
0
0
0
0
0
0
0
0
4
0
0
0
164
255
248
255
129
7
2
11
0
4
0
11
0
0
0
0
0
0
0
0
0
0
0
0
2
0
13
0
120
245
233
160
4
0
0
2
0
3
0
0
0
0
0
0
0
0
0
0
0
0
0
0
0
5
0
1
114
243
255
11
0
13
0
0
2
3
5
0
0
0
0
0
0
0
0
0
0
0
0
0
3
0
0
13
170
255
246
124
5
0
0
16
0
0
0
2
0
0
0
0
0
0
0
0
0
0
0
0
13
0
13
94
252
213
244
197
0
14
0
0
4
0
2
4
0
0
0
0
0
0
0
0
0
0
0
0
0
0
0
136
255
113
125
208
19
2
0
0
3
0
0
0
0
0
0
0
0
0
0
0
0
0
0
0
6
14
0
131
255
95
96
240
104
3
0
3
2
2
0
1
0
0
0
0
0
0
0
0
0
0
0
0
0
6
0
128
255
119
97
255
198
10
0
2
0
5
0
8
0
0
0
0
0
0
0
0
0
0
0
0
0
0
16
94
248
93
33
255
247
5
0
0
0
2
0
4
0
0
0
0
0
0
0
0
0
0
0
0
5
4
0
25
241
148
17
188
253
0
0
4
0
3
0
0
0
0
0
0
0
0
0
0
0
0
0
0
0
0
0
2
201
242
123
151
248
0
0
7
3
2
2
0
0
0
0
0
0
0
0
0
0
0
0
0
6
0
5
0
78
228
251
248
245
2
0
1
0
0
3
0
0
0
0
0
0
0
0
0
0
0
0
0
2
2
0
0
9
78
179
255
207
9
0
12
0
2
0
9
0
0
0
0
0
0
0
0
0
0
0
0
0
0
1
1
0
0
4
9
13
0
7
0
0
13
1
2
0
0
0
0
0
0
0
0
0
0
0
0
10
4
0
0
4
4
0
0
0
3
14
0
6
10
0
0
0
0
0
0
0
0
0
0
0
0
0
0
0
0
0
0
0
0
4
8
12
6
0
0
14
0
0
7
0
0
0
0
