0
0
0
0
0
0
0
0
0
0
0
0
0
0
0
0
0
0
0
2
2
0
0
0
0
0
0
0
0
0
0
0
0
0
0
0
0
2
5
4
0
2
9
9
3
7
0
0
0
0
2
2
0
0
0
0
0
0
0
0
0
0
0
0
0
5
0
0
7
1
0
0
5
0
1
13
12
3
0
0
4
0
0
0
0
0
0
0
0
0
0
0
0
7
0
0
0
9
10
5
2
10
1
0
0
0
0
0
0
0
0
0
0
0
0
0
0
0
0
0
0
0
12
16
0
0
1
8
0
0
0
1
2
1
0
1
2
0
0
0
0
0
0
0
0
0
0
0
0
3
0
0
12
26
24
15
10
3
3
1
0
0
0
1
6
0
0
0
0
0
0
0
0
0
0
0
0
6
0
34
144
238
255
246
235
146
100
41
3
0
0
0
0
0
0
0
0
0
0
0
0
0
0
0
0
7
117
227
255
255
248
251
251
255
255
233
156
59
0
0
8
0
0
0
0
0
13
0
0
0
9
0
4
104
250
254
255
255
241
227
255
253
249
254
255
238
109
13
0
0
7
0
0
8
0
0
5
0
10
7
148
253
246
252
254
146
35
116
183
255
252
246
244
255
237
226
79
5
3
0
3
12
0
0
6
0
0
5
207
245
255
221
79
0
9
1
17
76
31
40
162
255
252
240
179
1
0
2
1
0
0
0
5
2
11
107
243
255
246
24
0
5
0
0
7
0
9
0
0
56
253
255
255
17
0
12
0
0
11
0
0
1
22
230
255
247
161
0
0
0
6
23
0
0
0
9
14
0
158
253
245
108
4
4
0
0
14
0
1
0
21
255
248
216
7
15
3
2
9
0
0
0
1
1
0
4
56
244
255
227
10
0
0
0
0
0
8
6
90
255
255
178
1
0
0
7
0
11
8
0
5
0
0
28
0
193
254
255
6
0
2
3
0
5
0
0
150
243
253
151
0
7
11
0
2
0
0
3
0
14
0
0
5
204
251
245
0
8
3
0
2
0
0
5
241
255
244
59
2
3
0
8
0
0
6
5
0
2
6
0
17
220
255
196
18
0
1
1
1
9
9
0
255
229
255
65
9
16
0
0
5
13
0
0
2
1
0
21
159
255
250
92
0
0
3
0
0
4
0
4
154
255
243
177
8
0
9
20
0
0
0
13
0
0
1
107
255
246
142
7
0
4
4
11
0
7
7
0
109
255
250
255
124
24
0
0
0
11
5
0
11
25
123
249
240
176
5
0
5
1
0
3
5
0
0
31
2
243
255
249
244
171
73
11
1
3
3
54
103
255
242
251
240
71
1
0
12
0
0
0
0
0
0
0
10
51
237
245
255
245
247
226
186
177
218
238
248
246
248
126
26
0
18
0
4
0
1
4
10
7
0
11
0
0
112
206
250
246
255
250
246
245
248
255
255
172
88
0
0
3
0
0
0
6
5
0
0
5
0
0
14
3
0
5
122
209
249
186
162
162
146
105
30
2
2
0
0
0
3
7
0
6
0
0
0
0
0
0
0
0
0
0
2
5
7
7
5
2
0
0
0
0
0
0
0
0
0
0
0
0
0
0
0
0
0
0
0
0
0
0
0
2
4
4
2
0
0
0
0
0
0
0
0
0
0
0
0
0
0
0
0
0
0
0
0
0
0
0
0
0
0
0
0
0
0
0
0
0
0
0
0
0
0
0
0
0
0
0
0
0
0
0
0
0
0
0
0
0
0
0
0
0
0
0
0
0
0
0
0
0
0
0
0
0
0
