0
0
0
0
0
0
0
0
0
0
8
0
0
9
1
0
2
8
0
0
4
10
0
0
2
0
0
0
0
0
0
0
0
0
0
0
0
0
4
2
1
0
0
5
0
0
6
0
3
0
6
0
16
0
0
0
0
0
0
0
0
0
0
0
0
0
0
6
1
0
0
10
11
5
6
3
0
11
12
6
0
0
0
0
0
0
0
0
0
0
0
0
0
0
0
0
4
16
7
0
0
0
0
15
8
0
0
10
0
0
0
0
0
0
0
0
0
0
0
0
0
2
8
2
0
0
0
9
109
255
255
241
215
9
0
0
6
0
0
0
0
0
0
0
0
0
0
0
0
4
0
0
6
55
86
131
255
243
244
244
233
55
9
0
4
0
0
0
0
0
0
0
0
0
0
0
0
2
0
49
125
211
254
232
251
255
242
255
246
192
69
6
0
0
0
0
0
0
0
0
0
0
0
0
0
0
41
186
253
249
255
248
252
248
254
247
255
251
119
5
6
0
0
0
0
0
8
0
12
15
0
0
5
2
43
247
252
248
246
240
255
242
247
255
246
255
227
75
0
0
0
0
0
4
13
0
0
0
12
0
29
37
239
255
239
255
255
255
254
255
203
255
245
255
240
82
0
0
0
0
0
0
0
0
18
1
2
1
172
253
255
243
246
251
175
155
166
153
73
200
243
253
252
87
0
0
0
0
0
5
2
4
0
0
0
7
164
254
241
238
198
131
4
31
0
5
0
106
253
245
252
86
0
0
0
0
0
0
3
6
0
15
5
87
219
251
252
212
34
0
1
0
19
0
4
15
255
249
247
78
6
0
0
0
0
3
0
2
3
7
0
133
247
239
229
16
0
17
0
0
0
6
5
0
242
255
252
74
10
0
0
0
0
0
2
0
0
8
93
248
255
255
209
0
1
0
5
2
10
0
3
63
237
255
255
76
2
0
0
0
0
3
0
7
8
0
88
238
255
244
207
7
1
5
0
2
0
3
54
227
255
242
250
81
0
0
0
0
0
2
5
0
9
7
31
191
251
254
223
82
0
0
6
3
1
4
164
239
249
246
255
68
8
0
0
0
0
0
0
0
1
0
2
138
242
241
255
227
90
9
0
0
53
157
235
255
243
255
248
86
2
0
0
0
0
1
3
0
15
8
13
111
255
249
242
248
224
214
212
201
238
247
244
254
255
250
138
29
0
0
0
0
0
2
5
0
0
0
0
15
162
255
255
243
243
248
255
255
234
255
250
252
245
160
12
0
12
0
0
0
0
0
0
0
2
8
12
5
107
220
255
248
255
249
230
255
243
236
255
255
230
108
9
0
0
0
0
0
0
8
8
7
0
0
0
0
10
231
232
244
250
244
246
253
253
255
226
136
98
10
0
10
9
0
0
0
0
0
0
1
0
2
4
4
0
206
248
255
254
245
254
255
248
157
90
15
21
0
0
0
0
0
0
0
0
11
0
7
0
0
0
16
0
27
54
101
254
246
77
37
41
18
1
0
5
0
8
1
0
0
0
0
0
0
0
0
0
0
0
0
0
0
0
0
0
0
0
0
0
0
0
0
0
0
0
0
0
0
0
0
0
0
0
0
0
0
0
0
0
0
0
0
0
0
0
0
0
0
0
0
0
0
0
0
0
0
0
0
0
0
0
0
0
0
0
0
0
0
0
0
0
0
0
0
0
0
0
0
0
0
0
0
0
0
0
0
0
0
0
0
0
0
0
0
0
0
0
0
0
0
0
0
0
0
0
0
0
0
0
0
0
0
0
0
0
