1
0
0
0
0
0
0
0
0
0
0
0
0
0
0
0
0
0
13
0
10
0
0
0
2
0
0
0
0
0
0
0
0
0
0
0
0
0
0
0
0
0
0
0
0
18
0
11
0
12
6
0
0
0
0
0
0
0
0
0
0
0
0
0
0
0
0
0
0
0
0
0
0
0
21
0
0
0
0
2
1
0
0
0
0
0
0
0
0
0
0
0
0
0
0
0
0
0
0
0
0
2
3
0
20
0
0
16
0
0
0
0
0
0
0
0
0
0
0
0
0
0
0
0
0
0
0
0
0
1
10
255
241
159
16
0
0
0
0
0
0
0
0
0
0
0
0
0
0
0
0
0
0
0
0
0
0
0
90
255
244
246
101
7
18
0
0
0
0
0
0
0
0
0
0
0
0
0
0
0
0
0
0
0
0
77
255
254
253
255
105
0
0
0
0
0
0
0
0
0
0
0
0
0
0
0
0
0
0
0
0
0
0
219
244
241
255
249
95
11
2
0
0
0
0
0
0
0
0
0
0
0
0
3
0
2
6
0
0
0
117
235
255
241
250
175
46
0
12
0
0
0
0
0
0
0
0
0
0
0
0
0
0
3
3
0
17
4
178
255
254
249
255
125
0
12
0
0
0
0
0
0
0
0
0
0
0
0
0
11
0
7
0
22
2
124
235
244
255
241
248
141
0
0
11
0
0
0
0
0
0
0
0
0
0
0
0
0
5
0
6
24
122
250
255
255
254
255
240
94
10
0
1
0
0
0
0
0
0
0
0
0
0
0
0
0
0
15
0
57
254
255
240
235
255
164
116
6
2
5
0
0
0
0
0
0
0
0
0
0
0
0
0
14
0
4
19
167
255
251
253
255
228
6
0
0
0
0
6
0
0
0
0
0
0
0
0
0
0
0
0
0
1
12
159
236
252
255
249
255
109
0
10
1
0
15
0
0
0
0
0
0
0
0
0
0
0
0
0
0
8
168
246
255
239
252
131
77
0
23
0
0
12
0
6
0
0
0
0
0
9
0
0
11
0
0
5
6
0
231
251
255
255
252
80
0
0
0
0
0
0
0
0
0
0
0
0
6
0
0
4
0
4
7
0
14
198
255
240
255
252
228
68
0
0
0
0
0
0
0
0
0
0
0
0
4
0
0
7
0
3
3
36
183
252
253
255
198
203
104
0
0
0
0
0
0
0
0
0
0
0
0
0
0
11
0
4
4
0
0
129
250
252
247
255
194
0
6
0
0
0
0
0
0
0
0
0
0
0
0
0
0
13
0
2
0
1
57
200
249
255
239
220
100
0
0
0
0
0
0
0
0
0
0
0
0
0
0
0
4
0
3
6
0
52
187
239
250
248
255
93
0
0
17
7
0
0
0
0
0
0
0
0
0
0
0
0
4
0
5
5
0
78
255
255
254
245
65
0
0
5
0
0
0
0
0
0
0
0
0
0
0
0
0
0
3
2
3
0
7
58
248
248
242
91
6
0
15
0
0
10
0
0
0
0
0
0
0
0
0
0
0
0
0
0
0
0
0
0
0
0
0
0
0
0
0
0
0
0
0
0
0
0
0
0
0
0
0
0
0
0
0
0
0
0
0
0
0
0
0
0
0
0
0
0
0
0
0
0
0
0
0
0
0
0
0
0
0
0
0
0
0
0
0
0
0
0
0
0
0
0
0
0
0
0
0
0
0
0
0
0
0
0
0
0
0
0
0
0
0
0
0
0
0
0
0
0
0
0
0
0
0
0
0
0
0
0
0
0
0
0
0
0
0
0
