9
0
0
0
0
0
0
0
0
0
2
3
2
1
1
2
3
0
0
0
0
0
0
0
0
0
0
0
0
0
0
0
0
0
0
0
0
2
0
0
0
0
0
0
0
0
3
7
4
0
0
0
3
0
0
0
0
0
0
0
0
0
0
0
0
5
2
0
0
2
2
0
0
1
0
0
0
2
5
4
3
0
0
0
0
0
0
0
0
0
0
0
0
0
0
0
0
1
2
3
4
5
1
0
0
0
0
0
0
0
0
0
0
0
0
0
0
0
0
0
0
3
5
5
2
0
0
0
0
0
0
3
2
0
0
2
7
0
0
0
0
0
0
0
0
0
0
0
0
0
0
0
1
2
3
7
10
10
4
0
0
4
4
0
0
0
0
0
0
0
0
0
0
0
0
0
0
4
0
0
0
2
3
0
0
0
0
0
0
2
3
1
0
0
0
0
0
0
0
0
0
0
0
0
0
0
5
37
93
160
216
249
255
248
255
252
184
84
11
0
4
0
0
0
0
0
0
0
13
0
6
0
0
3
26
159
255
251
253
240
255
254
252
254
238
255
54
2
3
0
0
0
0
2
7
0
0
0
9
0
0
105
255
242
244
255
226
202
87
69
112
226
255
255
43
1
0
0
0
0
0
0
6
0
0
0
5
2
71
249
235
255
235
100
0
0
1
27
114
242
248
155
20
7
0
0
0
0
0
0
0
0
8
7
0
14
181
238
255
180
63
0
10
2
19
157
228
255
218
23
0
1
0
0
0
0
0
0
2
0
4
3
0
29
247
255
180
3
0
0
8
0
108
244
255
255
179
0
0
0
0
0
0
0
0
0
7
0
0
1
7
52
255
235
174
6
0
12
0
0
196
254
246
243
80
0
2
13
0
0
0
0
0
0
3
1
0
2
13
47
245
255
250
154
164
126
130
242
241
255
255
236
0
0
0
17
0
0
0
0
0
2
0
4
2
0
0
12
218
255
237
255
243
255
253
242
255
254
251
223
6
9
0
0
6
0
0
0
0
0
0
0
0
0
0
0
0
160
245
252
255
255
241
232
244
250
254
129
12
0
3
7
0
0
0
0
0
0
0
0
0
0
0
0
0
12
16
52
118
73
26
79
255
254
235
60
0
0
1
0
0
0
0
0
0
0
0
0
0
0
0
0
0
5
0
0
14
10
21
148
255
255
198
4
0
2
0
0
4
0
0
0
0
0
0
0
0
0
0
0
0
0
5
0
0
2
0
205
249
254
133
0
4
9
0
0
8
0
0
0
0
0
0
0
0
0
0
0
0
0
1
6
0
11
34
238
255
240
54
1
4
3
0
0
0
0
0
0
0
0
0
0
0
0
0
0
0
3
1
5
0
0
193
255
245
204
4
2
0
0
1
6
0
0
0
0
0
0
0
0
0
0
0
0
0
7
0
0
12
0
245
240
255
128
0
2
0
0
3
4
0
0
0
0
0
0
0
0
0
0
0
0
0
0
0
0
4
6
255
255
247
52
0
2
9
0
0
0
2
0
0
0
0
0
0
0
0
0
0
0
0
3
10
0
0
110
232
255
225
15
9
2
0
0
1
0
0
0
0
0
0
0
0
0
0
0
0
0
0
0
0
3
2
82
255
255
100
8
4
0
0
0
1
1
0
0
0
0
0
0
0
0
0
0
0
0
0
2
0
9
0
60
240
252
53
0
0
0
0
0
0
0
0
0
0
0
0
0
0
0
0
0
0
0
0
11
0
0
6
0
0
4
11
0
0
0
0
0
0
0
0
0
0
0
0
