7
9
0
2
1
0
5
0
0
0
1
8
2
0
1
6
0
0
0
0
0
0
0
0
0
0
0
0
0
0
2
0
10
1
1
8
10
0
0
0
2
0
1
5
0
0
0
0
0
0
0
0
0
0
0
0
0
4
17
0
0
0
0
0
0
11
0
0
5
1
0
2
0
0
0
0
0
0
0
0
0
0
0
0
0
0
7
0
14
9
18
0
8
1
0
0
0
0
1
7
1
0
0
0
0
0
0
0
0
0
0
0
0
1
1
7
0
0
0
0
12
2
3
6
0
0
0
2
0
0
0
0
0
0
0
0
0
0
0
0
0
7
0
2
0
0
9
4
0
0
0
0
3
1
9
14
5
0
0
0
0
0
0
0
0
0
0
0
0
5
0
0
11
8
0
28
0
13
0
0
6
6
0
0
0
0
0
0
0
0
0
0
0
0
0
0
0
0
6
0
1
9
32
245
255
243
184
153
152
121
63
25
14
0
0
0
0
0
0
0
0
0
0
0
0
0
1
4
0
0
31
148
255
248
255
255
247
255
255
236
192
140
23
0
7
0
0
21
0
0
0
0
0
2
0
0
7
3
0
5
23
82
95
108
121
148
190
230
253
255
203
104
0
10
10
0
7
0
0
0
0
4
0
0
0
0
0
0
0
8
5
5
4
0
0
23
58
151
222
255
97
0
7
0
6
0
0
0
0
0
1
7
3
0
0
7
14
0
0
0
5
4
0
0
7
15
48
224
240
29
1
8
0
0
0
0
0
1
3
2
0
0
2
0
0
8
0
0
0
5
6
1
0
0
0
130
255
50
0
0
1
0
0
0
0
4
1
0
0
0
7
7
3
0
0
0
0
0
4
6
3
0
11
127
244
22
0
1
0
0
0
0
0
0
0
4
9
5
0
0
0
0
2
4
2
0
0
0
0
9
0
150
255
40
1
3
0
0
0
0
0
13
0
0
0
0
0
0
4
4
0
0
1
4
0
1
6
0
41
236
251
29
2
2
0
0
0
0
0
0
0
0
0
0
0
0
0
0
0
12
0
2
9
0
6
0
109
250
206
13
5
0
4
0
0
0
0
0
0
0
0
0
0
0
0
0
7
0
24
0
4
1
0
33
184
255
90
0
0
3
7
0
0
0
0
0
0
0
0
0
0
0
0
5
0
0
0
6
0
6
14
131
255
221
5
0
0
4
2
0
0
0
0
0
0
0
0
0
0
0
0
0
2
0
0
0
13
0
113
245
255
114
0
3
12
0
2
0
0
0
0
0
0
0
0
0
0
0
0
0
0
6
5
0
1
25
214
255
162
4
0
0
0
0
5
0
0
0
0
0
0
0
0
0
0
0
0
7
0
5
0
0
12
180
255
147
37
0
10
1
0
14
0
0
0
0
0
0
0
0
0
0
0
0
0
7
9
0
13
39
146
255
193
31
0
0
13
11
0
14
0
0
0
0
0
0
0
0
0
0
0
0
0
0
0
5
0
149
255
248
45
0
5
6
0
0
0
0
3
0
0
0
0
0
0
0
0
0
0
0
0
0
3
10
145
240
255
75
0
0
0
0
0
0
0
0
0
0
0
0
0
0
0
0
0
0
0
0
0
13
1
19
240
226
65
0
11
0
0
0
0
0
0
0
0
0
0
0
0
0
0
0
0
0
0
0
0
0
0
41
242
183
2
0
0
0
0
0
0
0
0
0
0
0
0
0
0
0
0
0
0
0
0
0
0
8
0
0
17
0
0
12
4
0
0
0
0
0
0
0
0
0
0
0
0
