8
0
0
0
0
0
0
0
0
10
1
0
0
1
0
0
3
0
4
0
0
3
2
9
0
0
0
0
0
0
0
0
0
0
0
0
0
0
2
0
0
0
9
7
0
1
8
7
6
0
0
0
3
0
0
0
0
0
0
0
0
0
0
0
0
0
0
5
14
2
0
0
0
2
0
0
0
1
3
0
2
0
0
0
0
0
0
0
0
0
0
0
0
8
6
0
0
0
14
16
4
2
0
6
1
2
9
0
1
0
0
0
0
0
0
0
0
0
0
0
0
0
0
2
8
2
0
0
0
0
1
7
0
0
0
0
5
0
0
0
0
0
0
0
0
0
0
0
0
5
1
2
4
0
0
0
7
7
0
0
2
11
0
2
0
0
0
0
0
0
0
0
0
0
0
0
0
0
0
0
27
136
253
255
237
110
91
60
106
91
9
2
0
0
0
0
0
0
0
0
0
0
0
0
0
4
0
30
166
255
255
242
255
252
253
230
255
177
6
0
4
0
0
0
0
0
0
0
0
0
0
0
0
3
4
58
231
240
167
194
255
255
251
241
255
184
2
5
0
0
0
0
0
0
0
0
0
0
0
0
0
1
0
78
255
247
204
252
239
245
255
241
227
54
1
0
7
0
0
0
0
0
0
0
0
0
0
0
0
10
0
0
206
246
255
222
99
255
247
243
42
15
0
0
8
0
0
0
0
0
0
0
0
0
0
0
0
0
10
15
178
255
237
43
216
255
230
48
13
0
8
0
0
0
0
0
0
0
0
0
0
0
0
0
0
12
0
0
173
255
235
164
255
230
42
3
0
4
1
0
0
0
0
0
0
0
0
0
0
0
0
0
0
0
7
11
39
229
255
240
248
72
0
0
7
0
0
5
0
0
0
0
0
0
0
0
0
0
0
0
0
6
11
0
6
191
238
255
167
0
0
26
0
0
26
0
5
0
0
0
0
0
0
0
0
0
0
0
0
0
0
11
0
112
248
240
127
6
1
0
11
18
0
9
0
0
0
0
0
0
0
0
0
0
0
0
0
2
0
59
255
252
237
255
245
1
0
2
3
0
1
0
0
0
0
0
0
0
0
0
0
0
0
0
0
5
0
43
204
255
246
255
252
0
0
4
0
0
2
0
3
0
0
0
0
0
0
0
0
0
0
0
0
1
1
13
83
245
249
253
252
18
1
3
0
3
2
0
7
0
0
0
0
0
0
0
0
0
0
0
0
0
4
0
0
200
250
252
251
89
0
0
1
2
0
0
2
0
0
0
0
0
0
0
0
0
0
0
0
1
1
0
9
199
255
254
255
183
2
0
10
0
0
7
0
0
0
0
0
0
0
0
0
0
0
0
0
4
0
7
61
235
255
246
255
247
15
0
10
0
0
9
0
0
0
0
0
0
0
0
0
0
0
0
0
2
0
3
58
249
250
247
255
255
38
4
0
6
0
1
0
0
0
0
0
0
0
0
0
0
0
0
0
2
8
0
18
237
245
255
255
245
56
14
0
12
0
0
8
0
0
0
0
0
0
0
0
0
0
0
0
0
0
3
58
255
251
241
255
132
7
0
7
0
4
0
2
0
0
0
0
0
0
0
0
0
0
0
0
5
0
7
64
222
195
134
106
69
0
0
5
0
8
0
0
0
0
0
0
0
0
0
0
0
0
0
0
3
5
0
0
14
0
0
12
10
0
4
0
0
9
0
0
0
0
0
0
0
0
0
0
0
0
0
0
0
2
8
9
10
0
0
0
0
0
7
0
0
4
0
4
0
0
0
0
