0
0
0
0
0
0
0
0
0
10
0
10
6
0
0
11
0
3
10
0
1
2
0
0
5
0
0
0
0
0
0
0
0
0
0
0
0
0
12
0
0
6
1
0
1
0
0
0
17
0
20
18
0
0
0
0
0
0
0
0
0
0
0
0
0
0
19
0
8
3
0
0
5
1
14
3
6
6
0
0
8
0
0
0
0
0
0
0
0
0
0
0
0
10
0
0
4
0
6
11
0
0
0
0
0
5
8
6
0
0
0
0
0
0
0
0
0
0
0
0
0
0
0
9
0
49
163
240
255
255
250
156
12
2
0
3
0
0
0
0
0
0
0
0
0
0
0
0
0
1
9
0
4
157
248
249
233
242
255
251
214
12
0
5
4
0
0
0
0
0
0
0
0
0
0
0
0
0
0
0
127
255
217
90
0
0
43
219
247
255
41
0
0
0
0
0
0
0
0
0
0
0
0
0
0
0
6
36
249
244
58
4
0
6
0
0
136
250
155
0
10
0
0
0
0
0
0
0
0
0
0
0
0
8
0
28
253
114
6
7
0
0
16
0
0
214
255
91
0
0
0
0
0
0
0
0
0
0
0
0
0
0
0
129
255
97
0
4
0
0
0
5
13
83
239
139
0
0
0
0
0
0
0
0
0
0
0
0
0
0
27
224
244
49
0
0
0
4
0
0
2
3
236
145
2
0
0
0
0
0
0
0
0
0
0
0
0
12
96
255
199
3
15
0
6
3
4
0
0
21
241
132
4
0
0
0
0
0
0
0
0
0
0
0
0
4
155
255
129
0
9
0
4
0
0
9
1
89
253
141
1
0
0
0
0
0
0
0
0
0
0
0
0
0
171
240
51
15
0
0
2
0
9
0
5
194
255
109
0
0
0
0
0
0
0
0
0
0
0
0
0
39
203
219
4
13
0
4
2
0
19
0
74
255
229
33
3
0
0
0
0
0
0
0
0
0
0
0
0
144
255
213
0
0
5
0
0
5
0
6
196
245
140
0
10
0
0
0
0
0
2
0
0
4
0
3
19
248
255
177
0
17
0
19
0
4
0
120
250
222
13
13
0
0
0
0
0
2
3
0
0
0
0
0
14
250
245
61
16
0
0
0
11
0
49
200
218
110
1
0
2
0
0
0
0
0
0
0
2
5
0
6
35
247
238
0
0
0
6
0
0
36
200
255
154
13
0
0
1
0
0
0
0
0
0
0
5
9
2
16
50
250
229
0
0
16
11
4
3
110
255
196
43
0
0
13
6
0
0
0
0
4
1
0
1
2
0
2
31
255
205
12
15
0
0
34
193
255
240
118
11
2
0
1
0
0
0
0
0
3
4
0
0
0
0
0
15
252
255
142
29
71
165
235
255
220
44
14
0
1
0
0
7
0
0
0
0
0
4
0
0
2
3
2
9
134
205
255
242
255
238
252
246
123
0
5
6
5
0
0
4
0
0
0
0
0
7
2
0
1
4
0
0
0
94
151
240
252
235
129
37
1
5
2
0
2
0
7
0
0
0
0
0
0
0
0
0
0
0
0
0
0
0
0
0
0
0
0
0
0
0
0
0
0
0
0
0
0
0
0
0
0
0
0
0
0
0
0
0
0
0
0
0
0
0
0
0
0
0
0
0
0
0
0
0
0
0
0
0
0
0
0
0
0
0
0
0
0
0
0
0
0
0
0
0
0
0
0
0
0
0
0
0
0
0
0
0
0
0
0
0
0
0
0
0
0
0
0
0
0
0
0
0
0
0
0
0
0
0
0
0
0
0
0
0
