8
0
0
0
0
0
0
0
0
0
16
0
8
2
3
0
0
0
1
8
0
0
9
0
5
0
0
0
0
0
0
0
0
0
0
0
0
12
0
0
0
0
17
0
14
0
15
0
0
14
0
0
4
0
0
0
0
0
0
0
0
0
0
0
0
0
0
17
3
0
0
0
0
0
0
0
17
0
6
9
0
0
0
0
0
0
0
0
0
0
0
0
0
10
0
0
8
10
0
11
5
5
0
0
2
0
19
0
8
0
0
0
0
0
0
0
0
0
0
0
0
2
0
19
9
0
9
0
0
0
1
7
6
0
4
3
0
0
0
0
0
0
0
0
0
0
0
0
0
0
14
39
167
189
159
255
255
255
178
28
0
14
0
6
10
0
0
0
0
0
0
0
0
0
0
0
0
0
15
237
235
255
255
154
57
71
236
201
8
8
13
0
8
0
0
0
0
0
0
0
0
0
0
0
0
6
0
228
255
236
47
0
1
10
58
255
127
0
4
0
0
0
0
0
0
0
0
0
0
0
0
0
0
0
3
123
249
185
0
0
5
5
0
168
171
0
4
9
0
0
0
0
0
0
0
0
0
0
0
0
0
9
0
7
240
198
4
11
0
0
6
120
235
0
0
2
0
0
0
0
0
0
0
0
0
0
0
0
0
0
2
0
92
255
58
13
0
8
0
184
162
6
10
0
0
0
0
0
0
0
0
0
0
0
0
0
0
0
4
0
18
207
198
0
10
0
56
255
33
5
6
4
0
0
0
0
0
0
0
0
0
0
0
0
0
1
0
0
0
47
255
116
0
8
189
182
7
0
0
13
0
0
0
0
0
0
0
0
0
0
0
0
0
0
1
21
0
0
122
242
56
144
232
47
5
4
0
0
1
0
0
0
0
0
0
0
0
0
0
0
0
3
0
0
19
15
0
180
219
238
121
0
0
9
7
0
2
0
0
0
0
0
0
0
0
0
0
0
0
1
0
5
0
3
3
125
255
186
1
0
8
0
0
9
0
0
0
0
0
0
0
0
0
0
0
0
0
2
9
0
4
8
24
224
255
198
21
0
7
1
0
0
3
0
0
0
0
0
0
0
0
0
0
0
0
5
0
12
0
2
248
193
85
255
79
0
0
1
2
1
2
0
0
0
0
0
0
0
0
0
0
0
0
10
0
12
0
178
232
8
23
254
155
9
0
3
0
3
0
0
0
0
0
0
0
0
0
0
0
0
0
0
0
0
48
236
70
0
12
145
206
9
3
2
0
3
0
0
0
0
0
0
0
0
0
0
0
0
0
16
8
0
177
126
2
27
0
67
239
0
3
0
0
8
0
0
0
0
0
0
0
0
0
0
0
0
0
0
0
26
242
15
0
0
9
125
250
5
4
0
3
8
0
0
0
0
0
0
0
0
0
0
0
0
0
9
3
77
254
0
9
3
23
215
185
7
4
4
0
3
0
0
0
0
0
0
0
0
0
0
0
0
0
1
0
0
255
179
153
152
226
238
83
0
0
4
0
1
6
0
0
0
0
0
0
0
0
0
0
0
0
1
0
11
92
200
255
237
188
29
12
0
0
3
2
0
0
0
0
0
0
0
0
0
0
0
0
0
0
6
2
0
0
0
4
0
0
11
1
0
0
3
2
0
0
0
0
0
0
0
0
0
0
0
0
0
0
0
0
3
0
0
1
9
13
0
0
0
0
3
1
0
0
0
0
0
0
0
0
0
0
0
0
0
0
2
2
1
3
5
2
0
0
0
0
2
4
2
0
0
0
0
0
0
0
