8
0
0
0
0
7
2
0
2
4
3
3
3
1
0
0
0
0
3
0
0
4
4
0
5
0
0
0
0
2
0
0
0
0
0
0
0
0
0
0
1
2
0
0
12
16
4
0
0
8
0
0
0
0
0
0
0
2
0
2
0
0
0
3
0
7
2
0
0
0
0
0
0
0
0
7
3
0
0
3
7
0
0
0
0
0
0
2
3
0
0
6
0
0
0
2
1
8
17
9
0
6
0
0
2
5
4
0
0
0
0
0
0
0
0
0
4
1
0
0
0
0
1
3
0
0
0
0
8
0
5
0
0
0
0
5
5
0
0
0
0
0
1
0
0
4
0
0
19
29
4
42
159
255
255
255
245
255
238
245
255
253
111
3
0
0
0
0
0
0
8
0
0
6
0
6
69
255
242
240
255
250
229
233
255
243
255
244
229
254
204
75
0
0
0
0
0
0
12
0
0
9
0
22
115
246
251
252
249
252
255
255
248
250
251
242
255
246
100
0
12
0
0
0
0
5
0
0
3
0
0
54
248
249
255
248
238
255
255
239
255
242
255
243
254
243
97
10
0
0
0
0
0
0
0
1
4
1
0
19
162
246
250
255
255
240
249
255
251
253
219
140
132
157
35
0
4
0
0
0
0
0
4
2
1
2
3
0
83
255
230
242
255
252
240
250
251
228
75
4
1
0
0
38
0
0
0
0
0
0
5
0
0
0
5
0
65
251
255
248
241
251
255
255
234
71
7
0
0
0
0
11
0
0
0
0
0
0
5
0
0
0
0
6
72
247
254
241
247
248
248
255
237
8
0
5
6
14
4
7
0
0
0
0
0
1
6
0
9
0
0
1
55
250
255
250
255
254
243
255
221
203
211
126
0
0
0
0
11
0
0
0
0
0
7
0
10
0
0
0
24
110
242
248
235
255
244
251
255
252
251
241
115
15
0
4
0
0
0
0
0
0
6
0
3
0
1
0
4
103
255
250
247
243
38
4
225
251
245
255
251
239
109
0
1
0
0
0
0
0
0
1
3
0
0
15
40
217
251
250
255
92
8
4
18
207
209
255
242
253
122
5
7
0
0
0
0
4
0
0
2
0
0
3
17
108
247
248
246
238
54
9
0
0
44
213
247
255
250
116
4
0
0
0
0
5
0
0
2
3
0
0
0
43
192
255
249
255
110
85
0
4
0
107
243
234
255
248
56
0
0
0
0
2
0
0
4
7
3
0
0
10
112
255
246
231
255
255
125
85
9
72
255
255
235
255
24
0
0
0
0
0
0
0
3
3
1
1
3
0
42
176
253
255
255
245
244
237
142
183
243
239
255
255
50
0
0
0
0
0
1
2
0
0
0
0
2
3
5
62
177
255
234
235
255
252
240
254
239
247
250
241
44
0
0
0
0
0
0
0
0
0
0
0
0
0
1
0
38
189
255
255
247
242
255
250
253
255
252
220
62
0
0
0
0
0
0
0
0
1
4
3
0
2
0
3
0
44
34
42
250
251
242
255
235
250
251
114
0
0
0
0
0
0
0
0
0
0
0
0
0
1
0
0
0
0
2
6
9
12
27
112
128
35
5
25
0
0
0
0
0
0
0
0
0
0
0
0
0
1
0
0
0
0
1
5
7
4
0
3
11
0
0
8
0
0
0
0
0
0
0
0
0
0
0
0
0
0
0
0
0
0
1
2
3
3
3
0
0
1
4
0
5
0
0
0
0
0
0
0
0
0
0
0
0
0
0
1
1
1
0
0
0
0
13
10
5
11
0
0
1
0
0
0
0
