5
0
0
0
0
0
0
0
0
0
6
1
1
0
0
1
0
0
0
0
0
12
0
6
0
0
0
0
0
0
0
0
0
0
0
0
0
5
0
0
0
5
10
12
5
21
0
6
2
0
0
6
0
0
0
0
0
0
0
0
0
0
0
0
0
0
0
4
5
1
0
0
0
0
0
2
1
0
14
4
0
0
0
0
0
0
0
0
0
0
0
0
0
9
1
2
0
0
6
4
11
1
12
0
0
0
0
0
15
0
0
0
0
0
0
0
0
0
0
0
0
0
0
8
0
0
8
0
0
0
0
0
10
6
0
7
0
0
0
0
0
0
0
0
0
0
0
0
0
13
2
31
69
163
255
255
252
254
248
255
255
243
255
254
65
0
0
0
0
0
0
0
0
0
0
0
0
0
93
232
250
239
255
243
255
251
255
246
242
254
238
255
57
0
0
0
0
0
0
0
0
0
0
0
0
18
129
255
255
242
255
245
255
245
255
236
255
252
72
79
13
0
0
0
0
0
6
14
0
0
3
0
7
33
179
246
233
107
17
75
199
204
54
7
11
16
17
0
2
0
0
0
0
10
0
5
9
0
9
2
115
254
237
188
108
2
0
0
9
11
0
10
15
0
0
0
9
0
0
0
0
6
1
0
0
18
0
108
242
252
250
23
0
23
8
0
0
0
0
0
0
0
3
3
0
0
0
0
0
0
18
0
11
0
116
252
255
241
255
42
4
0
0
29
0
0
10
0
0
3
0
0
0
0
0
0
0
0
0
4
5
131
207
158
235
255
234
104
57
1
0
8
6
0
8
0
0
3
1
4
0
0
0
0
0
13
0
0
0
215
78
0
141
248
254
255
222
63
0
15
0
4
5
2
0
0
11
7
0
0
0
0
0
0
0
0
14
39
0
3
3
138
240
255
228
226
197
135
21
0
0
15
14
0
0
0
1
0
0
0
0
2
0
5
0
5
3
1
4
3
0
169
224
243
255
247
253
128
10
0
0
1
11
0
6
0
0
0
0
0
1
2
0
0
0
1
2
0
0
0
43
204
239
255
252
252
114
0
2
3
2
0
0
0
0
0
0
0
0
1
0
0
0
0
0
11
3
6
0
44
203
255
241
245
236
174
81
0
7
2
3
0
0
0
0
0
0
0
0
1
0
0
0
0
4
8
0
0
27
63
232
248
255
255
112
32
0
7
0
0
0
0
0
1
0
0
0
2
0
0
0
14
0
2
7
12
1
0
70
218
233
255
255
238
67
0
0
0
0
0
0
2
0
0
1
2
0
0
3
1
12
0
0
4
7
0
3
90
242
226
255
255
212
78
0
0
0
0
0
3
0
0
2
1
0
2
12
21
19
0
17
0
15
24
17
0
244
255
253
246
252
118
0
0
0
0
0
3
0
0
3
0
0
5
21
255
239
122
77
173
255
238
255
254
255
237
253
255
213
82
8
0
0
0
0
2
0
1
4
0
0
7
27
109
124
229
230
255
254
248
249
252
241
255
246
119
92
0
2
0
0
0
0
0
0
0
0
0
0
0
0
0
6
42
49
74
189
255
243
239
87
40
64
16
0
6
0
0
0
0
0
0
0
0
0
0
0
0
0
12
0
10
9
0
0
12
0
20
0
0
11
0
0
8
1
0
0
0
0
0
0
0
0
0
0
0
0
0
0
0
11
5
0
3
4
0
4
9
0
1
1
0
2
0
0
0
0
0
0
0
0
0
0
0
0
7
11
5
0
0
0
0
0
11
20
5
0
3
0
0
7
0
0
0
0
