2
0
0
0
0
0
0
0
0
0
11
5
0
1
0
0
6
0
7
0
6
0
0
1
8
0
0
0
0
0
0
0
0
0
0
0
0
8
0
0
3
0
11
21
0
0
11
0
0
20
4
0
0
0
0
0
0
0
0
0
0
0
0
0
0
3
0
0
0
3
0
0
7
3
0
16
0
0
0
13
8
0
0
0
0
0
0
0
0
0
0
0
0
0
12
1
0
5
0
0
9
7
0
0
0
0
12
1
0
0
0
0
0
0
0
0
0
0
0
0
0
0
0
5
0
0
15
21
0
6
20
29
143
255
247
32
0
0
0
0
0
0
0
0
0
0
0
0
0
3
0
0
12
0
0
4
32
99
234
255
228
242
251
44
0
0
0
0
0
0
0
0
0
0
0
0
0
2
0
0
10
9
0
42
171
255
250
255
255
250
193
5
3
0
0
0
0
0
0
0
0
0
0
0
0
5
0
2
0
0
45
172
255
255
245
242
224
246
194
0
0
0
0
0
0
0
6
0
2
8
0
3
0
5
0
0
23
0
180
252
253
253
198
47
104
255
165
9
1
0
0
0
0
0
14
6
0
0
0
6
0
0
3
8
0
0
192
255
239
149
25
7
82
255
255
29
0
0
0
0
0
8
0
0
1
4
1
9
0
4
0
9
6
7
55
84
68
12
0
0
120
247
215
13
2
0
0
0
0
3
0
8
15
0
0
3
5
2
0
7
0
0
0
9
11
0
8
32
202
244
69
0
7
0
0
0
0
0
0
0
0
0
3
2
0
1
5
0
4
5
3
0
3
20
0
168
247
207
4
1
2
0
0
0
0
20
0
0
3
11
0
0
17
0
10
6
52
66
57
14
0
0
112
255
221
89
10
0
0
0
0
0
0
0
0
0
0
10
2
11
92
107
198
234
254
255
233
135
11
63
255
213
112
0
6
0
1
0
0
0
0
0
16
2
2
123
236
241
252
244
255
241
237
246
249
255
234
252
240
88
0
5
0
0
9
0
0
0
0
0
1
0
0
218
242
253
254
118
71
57
7
76
193
247
252
255
148
9
0
0
1
2
1
0
0
0
0
11
0
1
41
242
255
255
255
147
106
102
90
163
255
255
242
247
239
19
1
14
0
0
5
0
0
0
0
0
0
0
22
165
220
240
239
255
250
255
251
242
255
200
161
233
255
148
7
0
0
0
0
0
0
0
0
7
0
0
0
0
1
81
192
183
195
207
182
108
72
10
0
85
231
255
68
0
13
11
0
0
0
0
0
0
8
3
0
0
4
0
0
0
0
3
12
0
0
0
0
0
252
255
143
0
1
0
8
0
0
0
0
10
0
0
19
5
0
0
24
15
5
1
5
0
4
7
9
12
165
255
203
22
0
0
10
0
0
0
0
0
2
0
0
0
15
1
0
0
0
4
3
0
0
0
0
1
7
239
244
75
18
3
0
0
0
0
0
0
4
0
0
0
0
0
7
8
0
4
0
6
0
14
0
1
6
164
226
63
0
2
0
0
0
0
0
0
0
0
0
0
0
0
0
0
0
0
0
0
0
0
0
0
0
0
0
0
0
0
0
0
0
0
0
0
0
0
0
0
0
0
0
0
0
0
0
0
0
0
0
0
0
0
0
0
0
0
0
0
0
0
0
0
0
0
0
0
0
0
0
0
0
0
0
0
0
0
0
0
0
0
0
0
0
0
0
0
0
0
0
0
0
0
0
0
0
0
0
0
0
0
0
0
0
0
0
0
0
0
0
0
0
0
0
0
0
0
0
