2
0
1
0
5
0
0
1
0
0
0
0
7
0
10
0
0
0
0
0
0
0
0
0
0
0
0
0
0
2
0
4
8
0
1
15
0
8
11
5
0
0
0
0
8
0
0
0
0
0
0
0
0
0
0
0
0
0
15
0
0
13
7
0
0
0
0
0
0
13
1
0
0
0
0
0
0
0
0
0
0
0
0
0
0
10
0
0
5
0
0
2
14
0
27
9
0
0
0
5
0
0
0
0
0
0
0
0
0
0
0
0
0
0
9
0
0
14
0
22
157
254
178
69
34
0
0
0
6
0
0
0
0
0
0
0
0
0
0
0
0
2
0
6
5
0
0
91
255
255
255
255
187
52
15
0
0
0
0
0
0
0
0
0
0
0
0
0
0
0
6
4
0
12
0
48
246
180
53
151
255
240
111
14
0
0
0
0
0
0
0
0
0
0
0
0
0
3
0
0
0
12
0
0
129
234
5
16
68
219
255
167
8
0
0
0
0
0
0
0
0
0
0
0
0
0
0
0
0
0
0
0
0
28
0
10
0
81
227
251
128
4
0
8
0
0
2
0
0
0
0
0
0
0
0
0
0
0
0
0
0
0
0
0
7
0
46
210
255
81
6
0
1
3
0
0
1
0
0
0
0
0
0
0
0
0
0
0
0
7
0
0
3
3
0
52
241
186
36
0
2
9
0
0
4
0
0
0
0
0
0
0
0
0
0
0
0
0
0
9
0
3
2
0
194
255
81
0
0
8
0
0
3
0
0
0
0
0
0
0
0
0
0
0
0
0
0
0
11
0
0
21
93
255
135
6
0
2
0
5
0
0
0
0
0
0
0
0
0
0
0
0
0
12
0
2
10
5
6
0
5
241
188
14
0
0
0
5
0
0
0
0
0
0
0
0
0
0
0
0
0
0
0
15
0
5
5
0
31
198
229
13
0
0
0
2
0
0
0
0
0
0
0
0
0
0
0
0
0
0
3
0
0
13
0
12
0
171
252
8
1
0
0
0
0
0
0
0
0
0
0
0
0
0
0
0
0
0
9
5
0
4
0
12
11
186
247
19
2
3
0
6
0
0
0
0
0
0
0
0
0
0
0
0
0
1
2
0
0
1
1
0
13
227
251
0
6
0
0
7
0
0
0
0
0
0
0
0
0
0
0
0
0
8
0
16
57
141
66
19
93
250
253
3
9
6
8
5
0
0
0
0
0
0
0
0
0
0
0
0
0
0
7
102
234
250
238
182
253
225
119
0
0
6
0
0
0
0
0
0
0
0
0
0
0
0
0
0
0
0
0
177
255
253
248
255
242
220
21
13
0
2
16
0
3
0
0
0
0
0
0
0
0
0
0
0
0
3
3
97
229
251
255
220
219
245
222
32
0
0
0
33
0
0
0
0
0
0
0
0
0
0
0
0
0
3
0
0
55
135
71
10
22
168
245
231
113
125
85
0
2
0
0
0
0
0
0
0
0
0
0
0
0
0
1
3
11
0
0
8
0
9
79
212
201
170
15
0
5
0
0
0
0
0
0
0
0
0
0
0
0
0
0
0
0
0
0
0
0
0
0
0
0
0
0
0
0
0
0
0
0
0
0
0
0
0
0
0
0
0
0
0
0
0
0
0
0
0
0
0
0
0
0
0
0
0
0
0
0
0
0
0
0
0
0
0
0
0
0
0
0
0
0
0
0
0
0
0
0
0
0
0
0
0
0
0
0
0
0
0
0
0
0
0
0
0
0
0
0
0
0
0
0
0
0
0
0
0
0
0
0
0
0
0
0
