3
0
0
0
0
0
0
0
0
1
2
3
0
0
1
5
0
0
2
0
0
2
9
1
0
0
0
0
0
0
0
0
0
0
0
0
0
0
0
0
2
3
3
2
0
3
10
7
0
0
0
0
4
0
0
0
0
0
0
0
0
0
0
0
0
7
7
0
0
0
0
0
9
0
0
0
4
2
0
0
5
0
0
0
0
0
0
0
0
0
0
0
0
0
0
0
1
11
6
0
0
3
0
0
2
1
2
3
0
0
0
0
0
0
0
0
0
0
0
0
0
5
10
2
0
0
5
4
0
11
4
6
3
0
0
6
0
0
0
0
0
0
0
0
0
0
0
0
0
0
0
8
6
0
0
9
7
0
0
0
8
0
0
5
0
0
0
0
0
0
0
0
0
0
0
0
0
16
0
36
149
230
255
236
171
70
8
0
6
2
0
4
0
0
0
0
0
0
0
0
0
0
0
0
0
0
66
207
254
151
93
159
229
236
94
1
0
0
0
4
0
0
0
0
0
4
0
0
6
11
0
0
0
42
255
190
44
5
4
0
40
212
185
10
3
0
9
0
0
0
0
0
0
0
8
5
0
0
2
1
7
137
232
46
14
0
1
10
0
53
250
33
0
0
11
0
8
0
0
0
0
0
6
8
0
1
11
0
20
234
102
0
0
20
1
0
0
10
255
56
12
2
0
4
0
0
0
0
0
5
0
6
0
9
0
0
91
255
130
0
5
0
0
10
7
110
236
36
9
1
0
11
0
0
0
0
0
3
0
9
1
0
0
12
152
254
87
0
8
3
18
0
9
235
186
21
0
8
8
0
3
0
0
0
0
1
0
0
0
2
0
5
82
233
20
18
0
7
0
17
187
244
65
0
0
10
3
0
0
0
0
0
0
1
0
0
0
11
8
0
0
37
10
3
95
138
208
235
250
193
32
0
10
0
0
1
1
0
0
0
0
0
1
0
5
2
0
0
2
10
98
242
255
255
252
241
182
244
213
86
5
0
3
0
0
0
0
0
0
0
0
0
0
0
0
0
0
16
173
255
237
190
108
28
9
29
159
247
67
0
20
0
3
0
0
0
0
0
0
0
0
0
0
0
0
0
18
14
0
6
6
0
1
0
33
226
156
7
0
23
7
0
0
0
0
0
0
0
0
0
0
0
0
9
9
0
0
5
5
0
2
2
0
153
252
3
0
10
0
0
0
0
0
0
0
0
0
0
0
0
0
0
0
4
9
1
0
0
0
6
0
45
255
38
9
1
1
0
0
0
0
0
0
0
0
0
0
0
0
2
0
0
0
0
3
12
4
5
0
9
230
106
3
3
10
0
0
0
0
0
0
0
0
0
0
0
0
2
5
9
3
0
1
1
0
3
0
57
255
104
0
0
0
0
0
0
0
0
0
0
0
0
0
0
0
0
1
4
0
0
0
1
7
0
15
147
244
41
11
0
5
0
0
0
0
0
0
0
0
0
0
0
0
2
1
0
0
9
3
0
0
6
49
247
171
0
1
3
0
0
0
0
0
0
0
0
0
0
0
0
0
9
0
0
0
3
0
0
1
80
230
202
43
0
5
0
3
0
0
0
0
0
0
0
0
0
0
0
0
0
1
14
8
0
7
68
131
255
188
62
0
0
11
0
0
0
0
0
0
0
0
0
0
0
0
0
0
9
0
0
0
0
0
0
0
0
0
0
18
4
0
0
0
0
0
0
0
0
0
0
0
0
0
0
0
7
0
0
2
9
7
1
0
13
0
0
0
0
4
15
0
0
0
0
0
