0
0
0
0
0
0
0
0
0
0
9
0
1
0
13
0
0
0
11
0
0
8
2
0
0
0
0
0
0
0
0
0
0
0
0
0
0
13
0
0
0
0
5
6
8
4
0
2
3
0
0
18
0
0
0
0
0
0
0
0
0
0
0
0
0
0
3
12
6
0
0
2
0
4
0
6
2
3
0
0
11
0
0
0
0
0
0
0
0
0
0
0
0
4
12
0
9
5
10
0
0
6
0
7
1
0
3
11
0
0
0
0
0
0
0
0
0
0
0
0
0
0
0
136
246
253
255
235
255
255
255
168
19
11
0
0
12
0
0
0
0
0
0
0
0
0
0
0
0
11
0
255
255
237
255
255
254
224
253
250
175
103
6
2
0
0
0
0
0
0
0
0
0
0
0
0
0
0
36
246
238
249
216
221
151
161
209
238
255
243
104
54
0
0
0
0
0
0
0
0
0
0
0
0
0
58
197
255
255
207
0
16
0
0
5
51
153
254
246
210
3
0
0
0
0
0
6
9
0
6
1
0
12
102
255
240
255
210
10
0
3
7
0
11
0
255
247
218
6
0
4
1
5
5
0
0
0
8
0
4
32
255
255
244
255
43
0
12
0
0
8
7
2
202
255
247
142
0
0
0
7
3
0
2
0
12
0
0
38
255
229
255
253
26
16
10
0
3
0
1
0
185
255
237
150
10
0
0
5
0
0
16
0
0
0
0
74
243
250
255
117
0
0
0
11
3
4
11
0
100
234
255
238
47
6
0
0
0
0
10
0
0
22
16
211
251
255
206
70
14
3
0
0
0
0
0
16
64
255
254
242
71
9
0
0
15
0
0
0
0
0
10
213
254
240
55
0
0
0
0
4
5
6
3
7
81
232
250
255
72
0
0
3
0
0
0
15
15
38
161
255
255
255
0
0
6
7
0
9
9
0
6
3
239
255
255
232
71
0
0
6
3
12
0
0
2
56
255
246
243
248
0
4
0
0
8
0
4
0
4
0
255
245
238
255
79
0
0
6
4
0
0
2
12
66
254
252
248
244
5
4
0
5
0
10
0
16
21
170
251
238
255
150
0
0
0
0
0
11
12
0
0
69
251
250
255
253
0
0
11
3
0
0
11
0
104
249
255
255
229
78
0
0
0
0
3
0
0
4
5
17
175
245
239
252
14
0
1
2
0
14
0
29
226
250
255
248
209
3
0
0
0
0
0
7
8
0
0
7
147
246
255
253
63
0
0
14
0
0
1
222
243
239
245
166
47
0
0
0
0
0
4
3
2
0
0
9
131
255
243
255
199
92
0
0
5
46
136
251
254
250
192
5
0
5
0
0
0
0
12
0
0
13
11
0
46
176
245
252
252
220
201
217
206
231
255
253
236
227
20
0
8
8
0
0
0
0
0
0
14
0
0
1
0
24
183
255
255
247
255
255
246
253
241
235
164
46
0
3
0
0
0
0
0
0
8
0
1
0
2
16
0
3
36
196
194
178
242
250
255
247
148
70
0
0
5
2
0
1
0
0
0
0
0
0
0
0
0
0
0
0
0
0
0
0
0
0
0
0
0
0
0
0
0
0
0
0
0
0
0
0
0
0
0
0
0
0
0
0
0
0
0
0
0
0
0
0
0
0
0
0
0
0
0
0
0
0
0
0
0
0
0
0
0
0
0
0
0
0
0
0
0
0
0
0
0
0
0
0
0
0
0
0
0
0
0
0
0
0
0
0
0
0
0
0
0
0
0
0
0
0
0
0
0
0
0
0
0
0
0
0
0
0
0
0
