2
0
0
0
0
0
0
0
0
8
0
0
0
3
0
0
4
9
0
2
0
0
0
2
5
0
0
0
0
0
0
0
0
0
0
0
0
0
0
11
10
0
0
0
4
0
7
0
14
4
0
0
0
0
0
0
0
0
0
0
0
0
0
0
0
14
8
0
0
0
3
0
0
6
0
0
0
0
17
0
13
0
0
0
0
0
0
0
0
0
0
0
0
0
0
0
6
7
4
2
3
0
16
0
8
14
0
0
0
0
0
0
0
0
0
0
0
0
0
0
0
14
0
0
0
0
0
0
1
0
20
79
54
64
72
21
0
0
0
0
0
0
0
0
0
0
0
0
0
0
0
4
10
3
0
11
35
102
215
255
255
255
247
174
8
0
0
0
0
0
0
0
0
0
0
0
0
0
6
5
0
1
67
165
236
252
244
187
126
121
244
156
0
0
0
0
0
0
0
0
0
0
0
0
0
1
0
4
50
150
247
255
245
254
168
5
0
39
237
178
8
0
0
0
0
0
0
0
0
0
0
0
1
2
0
101
252
222
229
244
255
135
6
0
3
150
255
99
9
0
0
0
0
0
0
0
0
0
0
0
0
0
75
208
255
189
250
254
158
5
0
13
34
252
222
10
0
0
0
0
0
0
0
0
0
0
0
0
0
9
208
255
250
253
213
67
14
3
0
2
143
245
76
4
8
0
0
0
0
0
0
1
1
1
0
0
0
0
63
136
158
80
29
0
0
1
8
52
239
186
13
0
0
0
0
0
0
0
0
1
1
1
0
0
0
1
11
0
0
10
8
0
15
0
43
226
229
7
0
23
2
0
0
0
0
0
0
0
0
0
1
2
3
4
3
0
0
0
0
0
0
45
199
255
115
13
0
0
8
0
0
0
0
1
0
0
0
0
1
5
7
0
0
19
54
60
77
83
52
240
248
91
3
10
0
15
0
0
0
0
0
1
0
0
0
0
2
6
9
85
160
231
253
255
251
249
248
244
188
9
0
0
2
0
1
0
0
0
0
0
4
0
5
11
0
79
226
237
214
152
123
92
201
253
252
255
185
33
0
6
5
0
0
0
0
0
0
0
12
0
0
2
69
235
217
47
0
0
15
81
217
240
118
118
245
230
14
0
0
11
0
0
0
0
0
5
0
0
6
56
255
204
14
0
0
15
82
242
250
136
0
21
138
255
122
9
0
2
2
0
0
0
0
2
0
29
65
250
186
0
11
0
49
189
252
205
47
0
0
0
58
248
197
0
1
0
0
0
0
0
0
0
0
0
132
228
35
10
71
163
246
255
132
17
0
8
0
0
16
213
199
17
0
0
1
0
0
0
0
14
0
0
255
230
135
217
234
255
200
62
0
3
4
0
6
8
0
153
254
43
2
0
10
0
0
0
0
0
13
1
96
251
255
231
171
41
0
0
28
0
0
8
7
0
16
131
231
4
4
9
0
0
0
0
0
3
2
0
11
59
36
0
3
5
6
0
0
0
2
0
0
0
2
14
55
10
0
10
0
0
0
0
0
0
0
0
0
0
0
0
0
0
0
0
0
0
0
0
0
0
0
0
0
0
0
0
0
0
0
0
0
0
0
0
0
0
0
0
0
0
0
0
0
0
0
0
0
0
0
0
0
0
0
0
0
0
0
0
0
0
0
0
0
0
0
0
0
0
0
0
0
0
0
0
0
0
0
0
0
0
0
0
0
0
0
0
0
0
0
0
0
0
0
0
0
0
0
0
0
0
0
0
0
0
0
0
0
0
0
0
0
0
0
0
0
