1
0
0
0
0
0
0
0
0
0
0
0
0
0
0
0
0
0
5
0
2
0
0
9
0
0
0
0
0
0
0
0
0
0
0
0
0
0
0
0
0
0
0
0
0
2
0
10
0
9
0
3
4
0
0
0
0
0
0
0
0
0
0
0
0
0
0
0
0
0
0
0
0
0
5
0
1
0
0
3
0
0
0
0
0
0
0
0
0
0
0
0
0
0
0
0
0
0
0
0
0
0
0
19
20
0
2
0
0
0
0
0
0
0
0
0
0
0
0
0
0
0
0
0
0
0
0
0
0
5
24
167
97
7
11
0
5
0
0
0
0
0
0
0
0
0
0
0
0
0
0
0
0
0
0
0
0
0
165
247
211
7
0
0
5
0
0
0
0
0
0
0
0
0
0
0
0
0
0
0
0
0
0
0
0
21
255
243
191
0
0
5
0
0
0
0
0
0
0
0
0
0
0
0
0
0
0
0
0
0
0
0
0
91
255
255
52
1
11
0
0
0
0
0
0
0
0
0
0
0
0
0
0
1
0
13
0
0
11
0
3
100
255
239
2
16
0
4
1
0
0
0
0
0
0
0
0
0
0
0
0
0
6
0
0
16
0
0
0
185
242
192
0
7
0
0
0
0
0
0
0
0
0
0
0
0
0
0
0
0
20
0
8
12
0
4
103
255
255
120
0
11
8
4
8
0
0
0
0
0
0
0
0
0
0
0
0
0
1
0
9
0
0
0
208
241
253
28
0
0
0
0
0
0
0
0
0
0
0
0
0
0
0
0
0
5
0
0
6
0
0
33
240
251
168
9
4
7
10
0
10
0
0
0
0
0
0
0
0
0
0
0
0
7
2
7
0
15
0
139
255
223
18
7
0
0
0
0
0
0
0
0
0
0
0
0
0
0
0
0
0
0
0
4
0
0
25
222
247
134
0
16
0
3
5
7
2
0
0
0
0
0
0
0
0
0
0
0
0
1
0
10
6
0
125
255
217
8
9
0
0
0
0
0
0
0
0
0
0
0
0
0
0
0
0
0
0
0
7
0
24
89
251
255
80
0
0
0
0
0
0
0
0
0
0
0
0
0
0
0
0
0
0
0
0
7
0
0
90
235
255
163
3
0
0
0
0
0
0
0
0
0
0
0
0
0
0
0
0
0
0
0
0
1
0
5
220
255
255
93
7
0
0
0
0
0
0
0
0
0
0
0
0
0
0
0
0
0
0
0
0
11
0
0
254
246
255
58
5
0
0
0
0
0
0
0
0
0
0
0
0
0
0
0
0
0
0
0
0
0
19
125
250
255
145
0
4
0
0
0
0
0
0
0
0
0
0
0
0
0
0
0
0
0
0
0
0
10
38
230
255
235
66
0
0
0
0
0
0
0
0
0
0
0
0
0
0
0
0
0
0
0
0
0
0
3
45
255
251
91
0
9
20
0
0
0
0
0
0
0
0
0
0
0
0
0
0
0
0
0
0
0
0
0
37
190
129
17
0
1
0
0
0
0
0
0
0
0
0
0
0
0
0
0
0
0
0
0
0
0
0
0
0
0
0
0
0
0
0
0
0
0
0
0
0
0
0
0
0
0
0
0
0
0
0
0
0
0
0
0
0
0
0
0
0
0
0
0
0
0
0
0
0
0
0
0
0
0
0
0
0
0
0
0
0
0
0
0
0
0
0
0
0
0
0
0
0
0
0
0
0
0
0
0
0
0
0
0
0
0
0
0
0
0
0
0
0
0
0
0
0
0
0
0
0
0
0
0
0
0
0
0
0
0
0
