4
0
0
0
0
0
0
0
0
2
7
0
12
0
0
0
2
2
0
4
2
0
0
9
0
0
0
0
0
0
0
0
0
0
0
0
0
1
0
0
0
0
21
6
0
2
19
0
0
11
21
0
6
0
0
0
0
0
0
0
0
0
0
0
0
0
1
11
2
0
0
0
0
0
0
0
14
0
0
2
0
0
0
0
0
0
0
0
0
0
0
0
0
1
4
0
6
11
0
19
0
12
2
8
0
14
4
2
0
0
0
0
0
0
0
0
0
0
0
0
0
0
2
0
0
0
8
0
0
0
0
2
8
0
6
0
2
0
0
0
0
0
0
0
0
0
0
0
0
2
0
18
0
36
107
0
0
11
0
3
0
229
138
15
0
0
0
0
0
0
0
0
0
0
0
0
0
17
0
0
55
189
255
67
6
0
0
11
171
255
210
0
0
0
0
0
0
0
0
0
0
0
0
0
0
0
23
0
155
255
252
66
0
8
0
90
240
255
144
0
9
0
0
0
0
10
0
3
6
0
4
0
0
4
0
5
169
240
255
68
0
0
1
157
255
244
78
0
0
0
0
0
0
0
6
8
0
0
3
2
5
0
0
41
216
255
252
72
13
1
76
241
248
184
11
13
0
0
0
0
0
0
12
0
0
10
7
0
0
8
30
223
254
246
218
18
0
15
195
251
255
23
0
0
9
0
0
0
0
4
3
0
3
11
0
3
0
6
20
255
252
255
135
0
18
158
255
255
190
8
27
11
0
0
0
0
0
3
0
3
9
0
0
12
9
0
137
255
255
223
45
45
100
255
255
250
78
0
0
0
0
0
0
0
0
1
0
10
4
0
3
0
0
137
255
247
251
255
240
250
245
245
252
245
145
60
54
0
9
0
0
0
0
5
0
7
0
9
8
0
62
255
254
252
254
252
242
236
255
255
255
255
249
255
217
51
0
0
0
0
0
8
0
10
0
4
0
15
227
255
239
255
252
243
193
244
244
251
255
184
188
194
183
39
3
0
0
0
0
0
0
0
10
0
0
12
255
252
255
204
92
59
8
204
251
249
90
23
0
1
0
0
0
0
0
0
0
1
6
0
2
0
6
39
235
252
191
4
6
0
105
255
255
242
42
0
0
0
2
15
0
0
0
0
0
0
5
0
9
2
8
0
55
52
11
1
5
31
202
251
234
126
0
0
8
0
0
5
0
0
0
0
0
0
8
0
0
0
10
0
0
0
0
19
0
24
252
255
248
46
8
9
0
11
9
0
0
0
0
0
0
0
13
0
4
0
0
13
12
0
18
0
7
162
255
255
125
0
0
9
0
4
0
0
11
0
0
0
0
0
0
3
13
0
0
0
0
7
0
0
37
255
242
255
143
96
0
6
11
0
0
6
3
0
0
0
0
7
0
0
0
2
10
9
5
2
0
15
146
237
255
250
255
241
47
0
0
0
9
15
0
0
0
0
0
0
0
8
0
0
1
0
0
0
5
0
189
252
253
255
218
102
7
5
2
2
0
0
2
0
0
0
0
0
0
0
0
0
0
0
0
0
9
0
34
211
255
162
34
0
0
0
0
0
0
0
0
0
0
0
0
0
0
0
0
0
0
0
0
0
10
4
0
9
0
0
1
0
0
0
0
0
0
0
0
0
0
0
0
0
0
0
0
0
0
0
0
7
2
2
1
16
0
0
1
0
0
0
0
0
0
0
0
0
0
0
0
0
0
0
0
0
0
0
0
0
0
0
0
0
8
10
0
0
0
0
0
0
0
0
0
0
0
0
0
