0
0
0
0
0
0
0
0
0
0
1
5
6
0
0
0
4
0
0
0
0
0
3
4
2
0
0
0
0
0
0
0
0
0
0
0
0
0
0
0
0
0
2
5
3
6
7
6
3
0
0
0
0
0
0
0
0
0
0
0
0
0
0
0
0
0
7
10
4
2
4
0
0
0
0
3
0
0
0
0
5
0
0
0
0
0
0
0
0
0
0
0
0
3
0
0
0
2
5
4
2
6
0
0
3
10
9
0
0
0
0
0
0
0
0
0
0
0
0
0
0
1
0
0
4
2
0
0
6
2
0
0
0
0
0
2
13
0
0
0
0
0
0
0
0
0
0
0
0
0
2
7
0
0
7
67
126
133
80
24
0
0
2
0
0
0
0
0
0
0
0
0
0
0
0
0
0
0
0
0
0
29
116
209
255
237
234
214
159
76
10
0
11
0
0
0
0
0
0
0
0
0
0
0
0
3
0
1
54
164
254
250
195
255
248
254
255
238
156
51
0
0
0
0
0
0
2
1
0
0
19
0
0
3
0
32
225
255
255
149
0
178
114
255
255
255
252
230
13
0
0
0
0
1
0
0
9
0
0
0
2
0
47
238
226
255
161
8
9
0
20
114
242
208
255
240
114
0
0
0
0
5
0
0
11
0
0
5
0
13
193
255
255
111
29
0
0
0
2
0
47
30
201
255
240
0
0
0
0
6
2
0
1
0
10
0
6
144
243
251
153
0
0
23
0
6
0
6
0
0
206
253
251
0
0
0
0
2
5
0
0
0
14
0
66
249
255
186
5
9
0
1
0
7
0
6
1
0
213
238
197
0
0
0
0
0
0
0
6
0
0
26
161
255
247
43
0
19
0
0
4
0
6
0
0
79
227
249
67
0
0
0
0
0
0
1
1
1
3
135
235
249
102
10
0
6
0
3
9
4
13
0
30
186
246
226
20
0
0
0
0
1
5
3
0
5
26
240
255
223
22
3
0
1
7
0
0
0
2
8
166
255
226
76
0
0
0
0
0
2
15
0
15
0
222
255
215
61
1
0
0
16
0
0
6
1
0
86
242
255
159
7
0
0
0
0
0
0
0
0
11
13
255
224
139
0
0
8
0
0
13
8
0
3
111
255
248
221
51
0
4
0
0
0
0
0
17
15
0
148
255
230
34
12
0
4
10
0
0
4
62
252
241
236
236
30
0
2
0
0
0
0
0
12
0
0
7
254
247
76
0
5
0
0
7
0
27
112
239
234
255
153
0
21
0
0
4
0
0
0
0
0
6
11
0
255
255
98
4
0
8
5
17
77
208
252
255
219
140
1
0
2
9
0
0
0
0
0
0
4
0
1
4
211
247
252
172
177
178
194
221
255
255
199
134
0
0
5
11
0
0
14
0
0
0
0
0
0
0
4
0
41
249
249
255
255
238
255
251
190
81
11
12
27
0
0
0
9
0
0
9
0
0
0
0
0
9
0
2
14
107
151
220
217
153
99
29
19
7
1
0
0
5
13
0
0
13
0
7
0
0
0
0
0
0
0
0
0
1
1
1
0
0
0
0
0
0
0
0
0
0
0
0
0
0
0
0
0
0
0
0
0
0
0
0
0
1
1
1
0
0
0
0
0
0
0
0
0
0
0
0
0
0
0
0
0
0
0
0
0
0
0
0
0
0
1
1
0
0
0
0
0
0
0
0
0
0
0
0
0
0
0
0
0
0
0
0
0
0
0
0
0
0
0
0
0
0
0
0
0
0
0
0
0
0
0
0
0
0
0
0
0
0
0
0
