9
0
0
0
0
0
0
0
0
0
0
0
0
4
8
5
0
0
2
4
1
0
2
0
0
0
0
0
0
0
0
0
0
0
0
0
0
9
5
1
0
0
0
0
4
11
0
0
0
0
0
0
5
0
0
0
0
0
0
0
0
0
0
0
0
2
0
0
3
7
3
3
9
0
0
0
0
0
0
0
0
0
0
0
0
0
0
0
0
0
0
0
0
0
0
0
1
0
0
0
0
0
12
16
2
0
1
3
0
0
0
0
0
0
0
0
0
0
0
0
0
0
8
12
0
0
0
4
5
0
0
0
0
0
4
8
7
0
0
0
0
0
0
0
0
0
0
0
0
0
1
0
0
4
10
4
0
15
0
0
5
12
2
0
0
0
0
0
0
0
0
0
0
0
0
0
0
9
0
0
0
0
0
0
4
0
4
5
0
0
0
6
8
0
0
0
0
0
0
0
0
0
0
0
0
1
0
9
13
0
0
60
142
229
253
208
88
3
0
5
0
0
0
0
0
0
0
0
0
0
0
0
0
0
0
7
0
0
125
236
254
255
245
251
239
84
7
7
0
0
0
0
0
0
0
0
0
0
0
0
0
11
2
15
127
255
255
213
130
66
30
229
246
130
0
0
7
0
0
0
0
0
0
0
0
0
0
0
0
0
30
189
255
205
36
22
9
40
118
255
174
29
7
1
2
0
0
0
0
0
0
0
0
0
0
0
0
20
151
255
169
0
11
1
0
98
255
255
99
0
9
0
3
0
0
0
0
0
0
0
0
0
0
0
0
0
194
248
0
10
0
0
0
150
255
238
26
9
0
7
0
0
0
0
0
0
0
0
0
0
0
0
0
17
247
141
7
0
0
1
133
238
255
233
0
0
2
20
0
0
0
0
0
0
0
0
0
0
0
0
0
0
255
242
175
113
117
180
250
255
231
123
13
0
4
0
4
0
0
0
0
0
0
0
0
0
0
0
0
5
197
246
251
241
254
212
153
249
235
25
0
17
0
0
10
0
0
0
0
0
0
0
0
0
0
0
0
2
0
45
146
156
95
10
147
250
162
5
0
15
0
9
0
0
0
0
0
0
0
0
0
0
0
0
0
2
0
0
8
0
0
170
255
194
10
0
22
0
0
5
8
0
0
0
0
0
0
0
0
0
0
0
0
0
0
6
15
0
2
206
235
79
0
1
3
0
10
0
8
0
0
0
0
0
0
0
0
0
0
0
0
8
0
0
0
0
140
234
154
0
29
1
0
12
8
0
0
0
0
0
0
0
0
0
0
0
0
0
0
0
7
3
0
43
255
254
63
0
4
0
13
8
0
14
0
0
0
0
0
0
0
0
0
0
0
0
0
0
13
0
97
242
235
116
0
12
0
0
14
0
0
8
0
0
0
0
0
0
0
0
0
0
0
0
0
6
0
0
178
255
87
0
8
3
6
10
0
0
12
0
2
0
0
0
0
0
0
0
0
0
0
0
0
0
1
120
255
169
3
6
0
0
4
0
0
7
3
0
4
0
0
0
0
0
0
0
0
0
0
0
0
2
72
241
240
44
4
5
0
0
0
0
0
0
0
0
0
0
0
0
0
0
0
0
0
0
0
0
0
0
172
255
164
0
0
0
5
0
0
0
0
0
0
0
0
0
0
0
0
0
0
0
0
0
0
0
0
2
138
206
25
9
1
18
0
0
0
0
0
0
0
0
0
0
0
0
0
0
0
0
0
0
0
0
0
13
0
7
3
7
0
0
4
0
0
0
0
0
0
0
0
0
0
0
0
