3
0
0
6
3
0
2
1
0
0
1
3
0
0
4
2
0
2
0
0
2
3
9
8
0
0
0
0
0
9
6
0
0
0
0
0
0
3
4
1
0
0
0
1
2
8
0
2
4
0
0
3
7
0
0
0
0
3
0
0
0
1
1
0
0
0
0
0
6
7
1
0
0
0
0
0
8
0
0
0
3
0
0
0
0
6
0
0
5
6
0
0
0
13
5
0
0
0
0
0
4
2
0
0
4
2
4
3
0
0
0
0
0
0
0
0
0
0
0
0
5
0
0
0
0
1
2
1
2
8
6
4
0
0
3
10
0
0
0
0
0
3
10
13
7
1
0
0
0
14
7
0
0
0
6
1
0
0
0
5
2
0
0
7
0
0
0
0
0
0
0
0
0
0
16
32
33
92
114
138
151
148
118
54
0
13
0
0
6
3
0
0
0
0
0
0
0
1
5
3
12
68
159
231
255
255
255
248
239
250
255
242
208
99
30
0
0
2
0
0
2
0
0
0
0
1
0
0
12
196
252
219
154
82
60
66
45
45
62
102
219
249
148
10
0
4
0
7
0
0
0
0
0
0
15
14
0
14
0
0
0
0
11
18
0
10
18
0
39
252
234
0
0
14
5
0
14
0
0
0
0
0
0
0
0
7
0
2
18
8
0
0
0
9
0
18
190
249
94
2
8
0
0
16
0
0
0
0
0
12
2
0
11
0
0
0
0
48
113
25
90
139
119
240
255
206
29
6
3
0
0
0
15
0
0
0
0
0
0
0
15
0
8
3
2
188
255
254
250
250
255
251
122
5
15
0
1
3
15
6
0
0
0
0
0
4
2
0
0
0
12
3
0
76
161
216
255
239
244
255
187
104
19
1
14
0
0
5
0
0
0
0
0
0
10
11
7
0
0
2
13
6
0
19
0
13
132
205
237
255
239
195
13
1
10
13
0
0
0
0
0
0
0
0
0
7
2
0
0
2
2
0
7
2
0
16
23
84
204
243
243
166
26
0
0
0
0
0
0
0
0
8
3
0
12
0
13
5
0
0
1
1
3
4
0
2
0
106
147
239
230
140
23
0
0
0
0
0
0
0
14
50
97
12
0
0
13
5
0
5
3
0
0
4
7
0
0
62
188
255
237
0
0
0
0
1
19
11
0
22
209
238
181
77
5
0
10
2
0
2
8
7
0
4
6
0
43
243
242
0
0
0
0
0
0
0
3
0
25
94
246
255
255
221
166
148
104
35
4
37
87
27
79
97
200
255
234
0
0
0
0
19
0
1
16
0
4
11
9
71
121
208
250
240
252
255
230
250
241
240
248
255
236
171
29
0
0
0
0
0
9
0
0
1
3
0
1
7
3
0
15
37
33
74
162
206
234
180
175
126
84
0
3
0
0
0
0
10
0
2
4
0
3
12
0
0
0
2
3
0
4
8
0
0
2
13
0
0
0
20
1
0
0
0
0
0
0
0
4
9
0
0
12
4
2
0
0
3
2
0
2
6
0
0
16
3
0
0
0
0
0
0
0
0
0
0
0
0
0
0
0
0
0
0
0
0
0
0
0
0
0
0
0
0
0
0
0
0
0
0
0
0
0
0
0
0
0
0
0
0
0
0
0
0
0
0
0
0
0
0
0
0
0
0
0
0
0
0
0
0
0
0
0
0
0
0
0
0
0
0
0
0
0
0
0
0
0
0
0
0
0
0
0
0
0
0
0
0
0
0
0
0
0
0
0
0
0
0
0
0
0
0
0
0
0
0
0
0
0
0
0
0
0
0
0
