9
0
0
0
0
0
0
0
0
0
7
9
1
0
0
0
0
6
0
0
0
0
0
0
3
0
0
0
0
0
0
0
0
0
0
0
0
0
0
0
0
2
7
4
0
0
0
0
3
5
2
0
0
0
0
0
0
0
0
0
0
0
0
0
0
2
2
2
4
2
0
0
4
0
0
0
0
2
4
0
0
0
0
0
0
0
0
0
0
0
0
0
0
0
0
0
3
0
0
0
6
1
4
1
0
0
0
1
0
0
0
0
0
0
0
0
0
0
0
0
0
7
1
0
0
1
0
0
0
0
5
7
2
0
1
3
4
0
0
0
0
0
0
0
0
0
0
0
0
0
0
7
3
0
1
7
12
0
0
1
6
4
0
0
1
0
0
0
0
0
0
0
0
0
0
0
0
3
6
0
0
0
4
0
0
13
0
0
1
4
0
0
0
0
0
0
0
0
0
0
0
0
0
0
0
6
0
0
57
168
255
255
218
48
14
0
0
4
0
0
8
0
0
0
0
0
0
0
0
0
0
0
0
8
7
152
254
245
255
255
242
248
59
0
8
2
2
0
8
0
0
0
0
0
0
0
0
0
0
0
0
5
133
255
242
112
0
10
101
228
255
101
0
0
5
3
0
0
0
0
0
0
0
0
0
0
0
0
0
16
232
255
89
14
0
0
0
140
255
237
108
1
1
3
16
0
0
0
0
0
0
0
0
0
0
0
0
119
255
164
10
0
0
17
58
255
229
216
146
8
0
0
0
0
0
0
0
0
0
0
0
0
0
0
0
152
255
115
1
4
5
0
106
255
174
31
10
0
0
13
0
0
0
0
0
0
0
0
0
0
0
0
0
124
249
124
11
8
0
0
186
249
122
18
0
8
7
0
2
0
0
0
0
0
0
0
0
0
0
0
0
34
235
252
70
0
14
108
242
250
19
6
0
0
16
0
0
0
0
0
0
0
0
0
0
0
0
0
0
0
62
230
247
226
210
252
252
214
7
0
4
6
0
10
1
0
0
0
0
0
0
0
0
0
0
0
0
7
0
49
173
203
206
237
255
155
0
1
0
2
0
8
0
0
0
0
0
0
0
0
0
0
0
0
0
4
0
0
13
0
5
121
241
142
0
3
0
1
0
8
0
0
0
0
0
0
0
0
0
0
0
0
0
0
13
0
2
0
0
129
255
114
0
5
0
0
0
7
0
0
0
0
0
0
0
0
0
0
0
0
0
0
5
0
0
3
4
160
250
75
0
4
2
1
0
5
0
0
0
0
0
0
0
0
0
0
0
0
0
8
0
2
1
0
14
219
252
34
0
2
3
2
0
3
0
0
0
0
0
0
0
0
0
0
0
0
0
0
0
2
11
4
37
252
204
6
0
0
1
2
0
2
0
0
0
0
0
0
0
0
0
0
0
0
0
17
0
3
0
5
42
249
146
0
4
0
0
0
0
2
0
0
0
0
0
0
0
0
0
0
0
0
0
0
0
5
0
3
35
240
126
0
12
0
0
0
0
2
0
0
0
0
0
0
0
0
0
0
0
0
0
6
0
0
0
0
2
208
131
0
0
2
4
2
0
0
2
0
0
0
0
0
0
0
0
0
0
0
0
0
0
8
0
0
2
127
243
36
10
0
0
5
2
0
0
0
0
0
0
0
0
0
0
0
0
0
0
0
0
2
3
1
2
19
179
52
14
0
0
6
0
0
3
0
0
0
0
0
0
0
0
0
0
0
0
8
3
0
16
0
0
0
15
17
4
0
4
3
0
0
9
0
0
0
0
