1
0
0
0
0
0
0
0
0
4
0
0
12
0
0
9
0
3
2
0
0
0
0
5
0
0
0
0
0
0
0
0
0
0
0
0
0
0
9
1
0
2
20
0
2
0
4
10
6
0
0
0
4
0
0
0
0
0
0
0
0
0
0
0
0
0
11
0
0
8
0
0
9
7
0
0
0
6
14
0
0
0
0
0
0
0
0
0
0
0
0
0
0
0
6
0
13
4
0
7
0
0
7
4
2
0
0
0
16
0
0
0
0
0
0
0
0
0
0
0
0
6
0
0
0
0
7
8
10
0
12
0
7
11
7
0
0
0
0
0
0
0
0
0
0
0
0
0
0
11
0
14
0
2
0
0
145
255
203
23
0
0
4
5
1
0
0
0
0
0
0
0
0
0
0
0
0
6
0
13
3
4
0
24
252
255
224
31
12
2
0
4
0
0
0
0
0
0
0
0
0
0
0
0
0
0
8
0
1
0
9
126
246
243
210
0
1
6
0
14
0
0
0
0
0
0
0
0
0
0
0
0
0
1
11
0
7
0
11
119
250
250
100
5
0
0
6
12
0
0
0
0
0
0
0
0
0
0
0
0
0
0
1
0
0
4
0
159
253
255
82
5
2
1
0
2
0
0
0
0
0
0
0
0
0
0
0
0
0
6
0
6
0
15
0
220
255
234
36
0
0
6
0
0
2
0
0
0
0
0
0
0
0
0
0
0
0
1
0
0
0
0
50
249
255
181
0
0
0
5
0
0
4
0
0
0
0
0
0
0
0
0
0
0
0
6
0
0
7
0
152
255
250
124
0
16
0
3
0
0
0
0
0
0
0
0
0
0
0
0
0
0
0
9
0
3
15
0
233
255
249
56
0
17
0
0
2
4
0
0
0
0
0
0
0
0
0
0
0
0
0
0
0
0
0
1
245
241
239
9
0
4
0
0
4
5
3
0
0
0
0
0
0
0
0
0
0
0
0
1
0
7
1
33
246
248
251
4
2
2
1
0
3
0
1
0
0
0
0
0
0
0
0
0
0
0
0
4
0
0
8
17
219
255
244
0
0
0
0
0
0
0
0
0
0
0
0
0
0
0
0
0
0
0
0
0
0
4
0
85
255
255
222
0
0
0
0
0
0
0
0
0
0
0
0
0
0
0
0
0
0
0
0
6
2
9
0
148
252
233
94
0
0
0
0
0
0
0
0
0
0
0
0
0
0
0
0
0
0
0
0
2
0
0
65
216
247
255
11
0
0
0
0
0
0
0
0
0
0
0
0
0
0
0
0
0
0
0
0
0
0
0
103
253
251
230
0
0
0
0
0
0
0
0
0
0
0
0
0
0
0
0
0
0
0
0
0
2
5
0
83
251
250
132
0
0
0
0
0
0
0
0
0
0
0
0
0
0
0
0
0
0
0
0
0
0
0
4
78
255
255
115
18
0
0
0
0
0
0
0
0
0
0
0
0
0
0
0
0
0
0
0
0
0
0
0
92
251
251
132
0
0
0
0
0
0
0
0
0
0
0
0
0
0
0
0
0
0
0
0
0
7
0
13
136
250
207
72
0
0
0
0
0
0
0
0
0
0
0
0
0
0
0
0
0
0
0
0
0
0
0
0
1
15
0
0
9
0
0
0
0
0
0
0
0
0
0
0
0
0
0
0
0
0
0
0
0
0
11
0
0
3
5
0
12
0
0
0
0
0
0
0
0
0
0
0
0
0
0
0
0
0
0
0
0
0
1
0
0
2
4
0
0
0
0
0
0
0
0
0
0
0
0
0
0
