5
0
0
0
0
0
0
0
0
4
0
8
0
0
8
0
10
0
3
3
0
0
4
4
0
0
0
0
0
0
0
0
0
0
0
0
0
0
2
18
0
4
2
2
0
3
0
5
1
0
2
0
4
0
0
0
0
0
0
0
0
0
0
0
0
11
0
0
3
0
0
19
0
3
0
2
2
2
1
0
6
0
0
0
0
0
0
0
0
0
0
0
0
0
17
0
9
19
1
0
11
8
3
0
0
3
4
8
3
0
0
0
0
0
0
0
0
0
0
0
0
2
0
26
0
0
9
20
0
0
14
0
18
42
45
56
7
0
0
0
0
0
0
0
0
0
0
0
0
8
7
7
16
4
156
89
0
70
123
141
200
251
255
253
179
0
0
0
0
0
0
0
0
0
0
0
0
0
4
4
0
182
255
255
255
255
255
255
250
255
245
186
124
0
0
0
0
0
0
0
0
0
0
0
0
1
0
79
233
255
249
247
252
235
169
132
56
35
50
0
0
0
0
0
0
0
0
0
0
0
0
0
0
2
50
235
255
240
207
138
78
10
6
1
0
0
7
0
2
0
0
0
0
0
0
0
0
0
0
0
0
7
177
234
246
255
127
30
12
0
0
0
12
11
0
0
0
0
0
0
0
0
0
0
0
0
0
0
0
0
242
255
233
255
254
241
185
48
0
16
0
8
0
0
28
0
0
0
0
0
0
0
0
0
0
0
0
0
104
212
220
223
252
255
246
243
172
30
0
0
4
8
0
0
0
0
0
0
0
0
0
0
0
0
0
21
0
3
0
19
67
116
239
255
248
209
74
0
2
0
20
0
0
0
0
0
0
0
0
0
0
0
0
0
8
1
0
0
7
1
22
146
255
255
245
91
21
0
0
0
0
0
0
0
0
0
0
0
0
0
0
6
7
0
18
0
0
8
0
1
59
255
254
245
43
13
9
0
0
0
0
0
0
0
0
0
0
0
0
0
4
0
6
0
10
0
3
5
2
61
255
246
136
0
0
0
0
0
0
4
8
1
3
104
69
0
7
0
0
0
3
1
1
2
0
3
5
16
186
245
170
2
0
0
0
0
0
5
0
0
0
252
154
31
0
0
1
11
10
0
0
4
1
0
0
28
251
243
168
0
0
0
0
0
0
6
0
16
0
252
233
30
7
7
0
0
2
0
0
4
9
54
134
253
246
245
68
9
10
0
0
0
0
0
13
0
0
236
255
193
104
25
4
13
43
57
88
162
230
244
250
255
248
86
9
0
0
0
0
0
0
2
7
0
9
71
242
252
252
238
224
233
254
255
255
252
245
241
255
210
73
9
0
6
15
0
0
0
0
0
0
4
7
22
71
253
251
255
255
248
234
237
253
232
183
130
45
0
14
0
0
0
0
0
0
0
0
11
0
1
3
0
0
8
4
79
118
136
96
41
23
15
0
0
5
0
5
3
14
0
6
0
0
0
0
0
9
4
0
4
12
0
0
0
0
7
7
0
0
1
1
10
0
0
0
4
0
0
1
0
0
0
0
0
0
0
0
0
0
0
0
0
0
0
0
0
0
0
0
0
0
0
0
0
0
0
0
0
0
0
0
0
0
0
0
0
0
0
0
0
0
0
0
0
0
0
0
0
0
0
0
0
0
0
0
0
0
0
0
0
0
0
0
0
0
0
0
0
0
0
0
0
0
0
0
0
0
0
0
0
0
0
0
0
0
0
0
0
0
0
0
0
0
0
0
0
0
0
0
0
0
0
0
0
0
0
0
0
0
0
0
0
0
0
0
