0
0
0
0
0
0
0
0
0
0
2
0
0
1
6
1
0
0
0
1
3
2
1
1
1
0
0
0
0
0
0
0
0
0
0
0
0
1
3
2
0
0
0
6
12
6
3
0
0
0
0
1
5
0
0
0
0
0
0
0
0
0
0
0
0
0
0
0
0
0
0
0
5
0
0
1
1
1
0
0
0
0
0
0
0
0
0
0
0
0
0
0
0
9
1
0
4
8
2
0
0
0
0
1
6
9
8
4
1
0
0
0
0
0
0
0
0
0
0
0
0
0
0
0
0
0
0
3
7
8
4
0
0
0
0
0
0
0
0
0
0
0
0
0
0
0
0
0
0
1
11
16
9
0
0
0
0
0
0
0
2
8
11
10
7
0
0
0
0
0
0
0
0
0
0
0
0
0
0
0
0
0
14
24
22
22
12
0
0
0
0
0
0
0
0
0
0
0
0
0
0
0
0
0
0
6
4
0
20
90
182
239
252
254
207
136
68
22
1
0
0
0
0
0
0
0
12
0
2
0
11
8
0
0
9
43
187
255
255
252
255
255
250
254
250
214
32
5
0
0
0
0
0
0
12
0
1
13
0
0
9
28
154
233
255
255
223
252
255
180
56
105
235
236
247
21
0
0
0
0
0
4
0
2
0
0
2
18
22
173
248
255
206
225
255
245
255
51
5
0
10
212
255
105
11
0
0
0
0
0
0
5
5
6
0
73
214
255
221
132
26
103
229
44
117
6
0
0
3
39
189
255
41
0
0
0
0
11
0
2
0
5
164
255
255
205
17
0
0
38
209
46
0
0
15
0
1
0
120
253
189
0
0
0
0
0
6
4
0
128
248
240
215
24
0
14
0
6
45
0
1
1
0
8
0
2
7
224
255
0
0
0
0
0
0
6
0
211
255
165
25
0
2
11
0
0
0
3
9
0
14
0
17
0
5
234
252
0
0
0
0
10
0
0
0
255
199
43
0
5
0
0
9
0
17
0
0
6
0
0
10
0
55
253
255
0
0
0
0
0
11
1
0
236
186
0
0
0
6
0
0
0
0
7
3
0
10
0
0
52
242
255
238
0
0
0
0
5
0
0
0
252
187
25
10
1
0
0
0
0
5
0
0
0
6
19
89
248
243
220
31
0
0
0
0
0
0
14
12
196
255
219
85
46
22
22
7
17
34
11
8
85
113
226
255
232
208
39
0
0
0
0
0
22
0
0
3
16
137
242
255
246
223
240
227
240
255
222
219
246
255
231
207
113
2
13
0
0
0
0
0
0
2
0
26
0
0
42
134
202
196
237
238
251
255
220
215
195
110
92
7
19
0
0
0
0
0
0
0
2
12
2
0
3
1
0
0
0
0
21
19
24
34
11
11
2
0
0
3
0
15
3
4
0
0
0
0
4
0
7
7
0
0
14
0
4
3
2
0
0
0
0
1
1
10
0
9
0
0
11
0
0
0
0
0
1
5
0
5
0
9
0
6
0
3
0
3
3
0
5
0
0
0
1
6
0
9
0
0
0
0
0
0
0
0
0
0
0
0
0
0
0
0
0
0
0
0
0
0
0
0
0
0
0
0
0
0
0
0
0
0
0
0
0
0
0
0
0
0
0
0
0
0
0
0
0
0
0
0
0
0
0
0
0
0
0
0
0
0
0
0
0
0
0
0
0
0
0
0
0
0
0
0
0
0
0
0
0
0
0
0
0
0
0
0
0
0
0
0
0
0
0
0
0
0
0
0
0
0
0
0
0
0
0
0
0
0
0
0
0
0
0
0
0
0
