7
0
0
0
0
0
0
0
0
0
0
0
0
0
0
0
0
0
0
0
0
0
0
0
0
0
0
0
0
0
0
0
0
0
0
0
0
0
0
0
0
0
0
0
0
0
0
0
0
0
0
0
0
0
0
0
0
0
0
0
0
0
0
0
0
0
0
0
0
0
0
0
0
0
0
0
0
0
0
0
0
0
0
0
0
0
0
0
0
0
0
0
0
0
0
0
0
0
0
0
0
0
0
0
0
0
0
0
0
0
0
0
0
0
0
0
0
0
0
0
0
0
0
0
0
0
0
0
0
0
0
0
0
0
0
0
0
0
0
0
0
0
0
0
0
0
0
0
0
0
0
0
0
0
0
0
0
0
0
0
0
0
0
0
0
0
0
0
0
0
0
0
0
0
0
0
0
0
0
0
0
0
0
0
0
0
0
0
0
0
0
0
0
0
0
0
0
0
0
0
0
0
0
0
0
0
0
0
0
0
0
0
0
0
0
0
0
0
0
0
0
0
0
0
0
0
2
0
93
251
233
138
41
6
22
19
0
1
0
6
3
4
0
0
4
13
0
0
0
0
0
0
0
4
0
11
131
248
254
248
255
255
255
241
207
158
149
138
140
147
144
144
29
0
0
12
0
0
0
0
0
0
21
0
20
159
255
251
249
255
243
255
252
242
255
255
255
254
247
255
231
6
3
16
0
0
0
0
0
11
0
0
0
31
153
205
238
255
205
255
223
255
248
244
207
242
255
244
240
116
0
4
10
0
0
0
0
0
7
5
8
13
8
0
63
64
10
69
37
76
70
65
29
68
148
249
246
117
0
0
0
0
0
0
0
10
2
6
0
0
4
6
0
7
0
8
1
0
9
0
0
2
56
255
255
23
0
2
18
0
0
0
0
0
5
3
2
15
0
0
8
2
3
1
5
0
0
0
4
0
86
254
244
106
16
0
0
0
0
0
0
2
7
2
0
5
0
15
0
0
0
0
0
14
0
3
0
4
177
243
255
52
0
7
7
0
0
0
0
0
0
0
0
0
0
0
0
0
7
0
6
1
7
0
6
102
255
248
214
17
0
5
0
0
0
0
0
0
0
0
0
0
0
0
0
0
10
0
0
0
11
0
2
181
250
255
102
0
0
0
8
0
0
0
0
0
0
0
0
0
0
0
0
0
5
5
0
0
3
1
68
255
255
232
31
11
0
0
1
0
0
0
0
0
0
0
0
0
0
0
0
3
0
7
6
0
0
44
191
243
254
106
3
7
0
5
0
0
0
0
0
0
0
0
0
0
0
0
0
5
0
4
5
0
2
98
255
255
219
18
0
0
0
0
2
0
0
0
0
0
0
0
0
0
0
0
0
2
0
2
0
0
17
139
255
255
136
14
0
2
2
0
0
0
0
0
0
0
0
0
0
0
0
0
0
1
0
0
0
0
12
157
246
204
19
2
0
6
5
1
3
0
0
0
0
0
0
0
0
0
0
0
0
2
0
0
15
0
0
162
254
199
0
3
4
0
0
15
0
0
0
0
0
0
0
0
0
0
0
0
0
0
1
3
0
3
18
241
254
86
4
7
0
0
0
0
1
0
0
0
0
0
0
0
0
0
0
0
0
0
0
2
0
0
13
207
252
80
0
4
0
0
0
1
2
0
0
0
0
0
0
0
0
0
0
0
0
3
0
0
2
0
6
156
251
74
0
2
0
0
2
2
3
0
0
0
0
0
0
0
0
0
0
0
0
5
0
0
4
0
2
112
254
71
0
1
0
1
1
0
0
0
0
0
0
