4
0
0
0
0
0
0
0
0
6
10
0
4
0
1
0
7
0
0
0
2
12
0
11
0
0
0
0
0
0
0
0
0
0
0
0
0
0
0
0
10
3
0
36
0
0
2
17
2
0
8
0
11
0
0
0
0
0
0
0
0
0
0
0
0
3
12
7
0
4
2
0
0
1
0
0
0
0
18
0
0
0
0
0
0
0
0
0
0
0
0
0
0
0
1
0
12
0
0
6
12
0
11
0
13
0
0
4
16
0
0
0
0
0
0
0
0
0
0
0
0
0
0
13
0
0
0
0
0
9
0
5
0
0
1
11
0
0
0
0
0
0
0
0
0
0
0
0
0
1
0
0
21
0
49
253
40
0
29
214
120
0
3
3
10
0
0
0
0
0
0
0
0
0
0
0
0
0
0
0
0
0
142
251
39
0
25
255
203
0
11
0
0
0
0
0
0
0
0
0
0
0
0
0
0
0
7
6
40
40
232
211
16
10
8
245
225
0
1
4
5
0
0
0
0
0
9
4
0
0
0
2
6
0
2
86
242
201
239
72
0
0
32
254
226
2
0
6
0
0
0
0
0
0
0
0
0
4
3
4
1
7
0
145
250
251
233
0
4
0
33
232
209
0
2
9
0
0
0
0
0
7
0
0
1
0
0
0
0
7
10
125
255
226
25
0
0
10
72
255
229
0
1
0
0
0
0
0
0
3
0
8
2
0
0
1
0
0
0
225
255
210
1
0
22
0
82
250
224
0
3
0
4
0
0
0
0
0
0
11
0
0
10
0
0
18
176
253
255
200
0
15
0
0
98
242
210
4
11
0
2
0
0
0
0
3
0
5
0
0
4
0
11
143
255
244
255
123
0
10
13
0
120
255
209
13
4
0
4
0
0
0
0
7
0
5
0
0
0
9
115
245
245
250
252
107
24
3
40
57
157
249
166
0
0
0
10
0
0
0
0
0
0
10
3
3
0
64
252
255
255
255
241
255
230
218
255
244
255
252
120
0
7
3
0
0
0
0
0
0
13
0
0
5
7
171
255
255
249
255
252
252
255
250
255
252
255
253
113
0
11
0
0
0
0
0
0
0
8
0
1
5
0
87
130
222
255
184
214
199
143
197
149
122
215
244
47
3
0
5
0
0
0
0
0
0
1
0
2
5
0
10
13
21
36
2
15
10
0
17
0
27
220
242
9
11
0
5
0
0
0
0
0
0
0
2
0
4
3
0
0
5
0
10
0
0
12
0
8
34
254
217
14
3
1
0
0
0
0
0
0
0
0
5
0
0
13
1
2
1
8
0
3
1
0
0
0
94
255
172
9
0
5
0
0
0
0
0
0
0
2
4
1
0
6
0
4
0
8
0
7
8
0
14
0
156
249
161
0
2
0
6
0
0
0
0
0
0
6
0
5
0
0
0
0
3
0
6
0
0
3
0
0
173
254
179
0
11
0
2
0
0
0
0
0
0
7
0
7
0
3
3
1
1
0
2
0
0
3
0
3
146
254
184
0
4
1
0
3
0
0
0
0
0
0
0
0
0
0
0
0
0
0
0
0
0
0
0
0
36
241
134
0
12
0
0
11
0
0
0
0
0
0
0
0
0
0
0
0
0
0
0
0
0
0
0
0
2
21
0
6
0
0
20
0
0
0
0
0
0
0
0
0
0
0
0
0
0
0
0
0
0
0
0
0
1
0
0
12
8
0
2
0
0
0
0
0
0
0
0
0
0
0
0
0
0
0
0
0
0
0
0
0
0
23
9
0
11
2
0
13
0
0
0
0
