4
0
0
0
0
0
0
0
0
3
0
6
0
2
0
0
0
0
0
12
1
0
0
4
0
0
0
0
0
0
0
0
0
0
0
0
0
9
0
0
3
11
2
0
7
9
0
0
7
0
0
0
8
0
0
0
0
0
0
0
0
0
0
0
0
0
0
0
0
0
0
0
0
0
7
0
3
2
0
9
0
0
0
0
0
0
0
0
0
0
0
0
0
0
13
0
0
0
1
9
0
1
4
0
0
15
0
4
0
0
0
0
0
0
0
0
0
0
0
0
0
0
0
0
0
1
1
4
0
3
0
0
126
144
32
0
1
0
0
0
0
0
0
0
0
0
0
0
0
1
0
18
0
8
0
0
0
0
4
0
246
255
128
8
0
0
0
0
0
0
0
0
0
0
0
0
0
7
63
145
42
10
2
5
5
0
11
0
226
244
111
13
2
0
0
0
0
0
0
0
0
0
0
0
0
0
134
255
68
0
0
10
0
0
0
12
226
255
52
0
0
0
0
0
0
3
3
0
8
0
0
3
2
57
255
175
5
8
0
5
0
9
0
13
233
246
51
0
6
0
0
0
0
0
3
0
8
0
7
0
0
110
240
100
0
0
0
10
4
0
19
0
235
234
9
2
0
0
0
0
0
0
6
0
2
0
7
0
0
212
208
11
0
0
0
0
0
9
0
84
252
167
0
0
0
0
0
0
0
2
6
0
0
0
2
0
40
224
149
0
11
5
4
1
0
0
17
223
255
83
7
0
0
0
0
0
0
0
0
0
7
5
0
5
108
255
95
0
0
0
12
1
0
5
170
255
252
39
0
3
0
0
0
0
0
0
0
0
9
3
0
2
153
209
10
0
12
12
0
0
49
202
245
231
255
21
8
0
0
0
0
0
0
0
4
1
0
0
0
23
204
156
0
0
0
0
12
124
239
247
133
228
255
13
12
0
2
0
0
0
0
0
6
0
0
0
13
68
255
136
13
0
1
75
199
250
191
30
0
248
212
19
0
6
0
0
0
0
0
0
5
0
8
0
0
151
252
92
0
90
208
251
242
111
0
8
0
239
230
13
0
3
0
0
0
0
0
2
9
0
0
0
0
187
229
75
255
255
218
137
7
0
3
0
7
251
251
30
19
0
0
0
0
0
0
0
2
0
1
2
10
233
255
252
233
104
12
6
0
0
6
4
0
217
245
31
4
0
9
0
0
0
0
4
0
0
6
0
0
129
173
115
7
19
5
0
22
0
0
0
0
180
255
47
0
1
0
0
0
0
0
9
0
0
1
8
0
0
20
7
0
0
1
0
0
8
0
0
5
106
250
38
0
20
0
0
0
0
0
0
5
0
0
6
26
0
0
0
19
0
6
1
0
6
0
6
1
21
254
100
0
3
1
0
0
0
0
0
5
7
0
0
3
0
7
7
0
0
11
4
3
0
2
1
0
4
218
224
21
0
0
0
0
0
0
6
0
0
5
9
0
6
0
0
9
1
0
2
5
0
3
2
0
0
64
229
14
18
0
0
0
0
0
0
0
0
0
0
0
0
0
0
0
0
0
0
0
0
0
0
0
0
0
0
0
0
0
0
0
0
0
0
0
0
0
0
0
0
0
0
0
0
0
0
0
0
0
0
0
0
0
0
0
0
0
0
0
0
0
0
0
0
0
0
0
0
0
0
0
0
0
0
0
0
0
0
0
0
0
0
0
0
0
0
0
0
0
0
0
0
0
0
0
0
0
0
0
0
0
0
0
0
0
0
0
0
0
0
0
0
0
0
0
0
0
