0
0
0
0
0
0
0
0
0
0
0
2
0
0
1
4
4
7
0
3
7
0
0
16
0
0
0
0
0
0
0
0
0
0
0
0
0
8
0
0
1
3
0
0
0
0
0
0
0
24
9
0
13
0
0
0
0
0
0
0
0
0
0
0
0
0
0
0
8
9
4
3
6
3
15
2
0
0
8
12
0
0
0
0
0
0
0
0
0
0
0
0
0
0
5
9
0
0
0
0
0
0
2
0
3
8
0
1
0
0
0
0
0
0
0
0
0
0
0
0
0
16
0
0
2
2
14
86
172
255
57
8
6
0
2
0
15
0
0
0
0
0
0
0
0
0
0
0
0
0
5
6
26
124
244
255
237
247
210
22
0
18
0
6
0
0
0
0
0
0
0
0
0
0
0
0
0
0
47
146
233
255
248
247
255
251
254
241
84
0
15
0
14
0
0
0
0
0
0
0
0
0
0
0
0
96
190
255
255
246
255
255
242
255
246
249
255
160
29
1
0
0
0
0
0
0
10
0
1
2
0
7
27
217
250
255
247
248
255
255
246
255
242
255
249
248
165
4
5
0
4
0
1
1
0
0
9
7
0
1
217
252
254
245
138
166
192
72
100
112
231
234
255
252
255
108
1
1
7
0
0
5
5
0
0
0
0
43
255
245
241
65
0
22
0
1
0
12
0
72
207
246
251
245
22
0
2
1
0
0
2
0
0
7
27
194
242
253
122
4
0
0
0
10
10
0
5
4
24
250
252
248
123
2
0
2
0
4
0
0
13
1
72
255
255
199
0
0
2
0
24
0
0
0
4
6
0
102
245
255
235
42
0
5
0
2
11
0
7
0
166
246
246
85
5
0
7
0
0
2
3
14
0
10
0
6
151
234
253
105
5
6
0
0
8
0
1
0
255
247
239
0
0
13
5
0
0
0
2
0
0
15
0
8
102
255
255
148
1
3
0
4
0
1
2
0
255
246
232
10
0
0
2
0
5
14
0
1
4
0
7
0
20
238
248
159
0
0
4
0
0
0
8
0
222
248
240
10
0
0
2
0
0
8
0
5
0
0
11
0
71
255
247
149
2
0
0
11
0
0
1
0
140
240
241
32
0
0
7
2
0
0
0
0
24
0
0
0
161
237
250
125
5
2
1
0
6
1
0
7
126
255
254
100
16
0
0
3
13
0
1
0
2
0
29
209
251
253
255
77
3
4
0
0
13
2
0
10
77
224
252
237
133
52
7
0
0
0
12
4
74
144
240
249
246
243
151
25
0
1
0
2
1
0
8
0
0
108
255
255
255
240
191
115
106
113
175
187
255
255
242
255
249
173
12
0
0
0
0
1
0
0
10
0
0
32
181
240
255
247
255
255
255
240
236
255
236
247
255
154
87
0
0
0
2
0
6
3
4
3
0
0
0
0
22
170
244
241
255
241
242
252
255
251
255
223
20
1
0
9
8
3
4
0
11
4
0
2
9
0
0
5
0
0
100
143
249
255
255
251
247
255
146
19
16
0
1
2
0
5
0
0
11
0
0
0
0
0
0
0
0
0
0
0
0
0
0
0
0
0
0
0
0
0
0
0
0
0
0
0
0
0
0
0
0
0
0
0
0
0
0
0
0
0
0
0
0
0
0
0
0
0
0
0
0
0
0
0
0
0
0
0
0
0
0
0
0
0
0
0
0
0
0
0
0
0
0
0
0
0
0
0
0
0
0
0
0
0
0
0
0
0
0
0
0
0
0
0
0
0
0
0
0
0
0
0
0
0
0
0
0
0
0
0
0
