8
0
0
0
0
0
0
0
0
6
0
0
0
7
1
0
0
9
0
1
0
0
4
2
0
0
0
1
0
0
0
0
0
0
0
0
0
0
0
0
8
0
0
0
1
0
0
10
11
0
0
3
4
13
10
0
0
0
0
0
0
0
0
0
0
13
9
0
0
0
10
3
5
16
0
0
0
0
5
4
0
0
0
6
5
0
0
0
0
0
0
0
0
0
0
8
9
0
0
0
0
0
0
5
11
0
0
5
6
27
0
0
0
0
0
0
0
0
0
0
0
4
0
2
0
2
0
3
0
1
0
0
9
4
0
6
0
0
0
9
0
0
0
0
0
0
0
0
0
0
0
0
0
3
1
2
3
15
19
33
106
151
142
120
64
12
7
4
0
0
0
0
0
0
0
0
0
5
11
0
13
0
43
98
176
255
255
241
255
253
235
255
249
190
134
0
0
0
0
0
0
0
0
0
0
0
10
16
148
179
255
238
255
248
255
246
255
243
202
213
193
208
192
1
5
4
0
0
3
2
0
2
15
81
141
222
255
255
248
253
203
177
148
97
243
135
3
0
1
0
0
0
0
0
0
0
4
2
0
11
28
242
255
241
207
157
46
53
11
12
0
157
255
89
4
14
0
0
0
0
0
0
0
2
4
0
0
12
31
252
255
244
193
31
0
0
4
0
149
240
151
79
0
8
5
0
0
0
0
1
0
2
2
0
0
4
16
151
240
255
249
182
44
9
1
129
255
255
1
0
4
0
6
0
0
0
0
2
0
0
1
0
0
0
1
0
0
126
237
229
255
166
178
255
248
166
3
0
16
1
8
0
0
0
0
1
0
0
1
4
4
1
0
4
0
0
12
161
246
252
250
255
187
24
0
15
0
0
0
0
0
0
0
0
0
1
1
2
2
2
1
9
0
0
7
100
246
255
249
254
76
2
0
0
19
2
7
0
0
0
0
0
3
4
0
0
0
0
2
0
6
30
124
253
252
255
248
247
84
0
17
3
3
0
0
0
0
0
0
3
0
0
0
0
1
0
1
0
6
136
254
255
249
238
222
255
147
18
0
3
0
9
0
0
0
0
0
0
0
9
3
10
0
0
2
29
198
247
232
255
171
19
128
242
175
0
0
7
0
1
0
0
0
0
0
2
0
8
0
6
0
0
109
252
251
252
255
173
14
0
63
255
254
17
3
0
0
1
13
0
0
0
0
3
0
2
0
0
10
41
239
249
236
250
120
0
0
23
75
244
243
35
12
1
3
1
0
0
0
0
0
0
0
2
7
0
5
155
255
255
226
76
0
42
29
125
213
255
176
17
0
1
7
0
0
0
0
0
0
0
0
0
11
0
0
255
240
242
195
198
173
207
218
245
255
219
81
5
0
3
0
0
12
0
0
0
0
4
3
0
0
0
0
225
248
255
253
237
255
255
252
240
146
40
0
1
7
15
0
0
8
0
0
0
0
0
6
1
0
1
3
79
255
249
255
252
250
154
144
87
0
2
7
12
0
0
8
0
0
0
0
0
0
0
0
0
0
0
2
5
8
18
17
14
11
7
3
1
0
0
0
0
0
0
0
0
0
0
0
0
0
0
0
0
0
0
2
4
6
2
2
1
1
0
0
0
0
0
0
0
0
0
0
0
0
0
0
0
0
1
0
0
0
0
1
2
4
0
0
0
0
0
0
1
1
0
0
0
0
0
0
0
0
0
0
0
0
2
1
0
0
0
0
0
1
2
2
2
1
1
1
1
1
0
0
0
0
0
0
0
0
0
0
0
0
