5
0
0
0
0
0
0
0
0
0
7
1
9
0
2
0
0
3
0
0
14
0
1
4
0
0
0
0
0
0
0
0
0
0
0
0
0
14
0
0
0
3
10
1
20
0
23
8
0
0
9
0
3
0
0
0
0
0
0
0
0
0
0
0
0
0
0
16
0
0
0
0
0
0
0
2
3
0
0
0
0
0
0
0
0
0
0
0
0
0
0
0
0
4
0
15
0
1
7
5
4
11
15
0
0
18
0
5
5
0
0
0
0
0
0
0
0
0
0
0
0
0
67
220
229
170
95
66
83
67
77
121
166
160
189
255
126
0
0
0
0
0
0
0
0
0
0
0
0
10
116
255
255
236
255
255
250
251
255
251
255
251
238
252
148
0
0
0
0
0
0
0
0
0
0
0
0
0
129
248
158
79
165
193
186
200
136
100
87
26
20
34
0
0
0
0
0
0
0
0
0
0
0
0
0
2
127
247
152
0
4
0
8
0
1
10
0
0
20
0
2
0
0
0
0
0
0
0
0
0
0
0
0
0
130
253
141
1
6
3
0
0
0
7
3
5
0
5
0
0
0
0
0
0
0
0
0
0
0
0
0
2
118
245
171
0
0
1
2
4
6
0
8
0
0
1
8
0
0
0
0
0
0
0
0
0
0
0
0
0
142
255
133
43
83
127
78
3
8
0
0
11
8
14
0
0
0
0
0
0
0
0
0
0
0
0
0
6
149
254
219
255
248
253
255
217
126
11
0
5
0
7
12
0
0
0
0
0
0
0
0
0
0
0
0
0
196
255
255
241
224
156
173
255
252
160
39
3
0
8
0
0
0
0
0
0
0
0
0
0
0
0
0
96
246
255
208
76
2
0
10
107
255
255
173
7
19
0
19
0
0
0
0
0
0
0
0
0
0
0
0
118
255
241
75
2
0
25
0
10
78
255
252
242
42
0
5
0
0
0
0
0
0
0
0
0
0
0
0
22
128
55
0
17
2
0
0
4
0
69
212
255
200
10
0
0
0
0
0
0
14
0
2
2
0
9
0
3
0
0
4
0
0
0
0
0
0
8
44
252
236
23
0
0
0
0
0
13
0
0
0
0
5
3
1
6
0
0
7
1
0
0
9
11
0
1
21
240
255
59
5
0
0
0
0
0
11
0
0
20
10
6
0
0
0
2
6
2
0
0
0
0
6
4
6
156
247
166
0
0
0
0
0
14
6
0
0
150
231
80
4
1
11
3
0
0
7
9
4
12
3
0
5
165
255
129
27
0
0
0
0
0
14
0
8
157
255
190
30
0
0
0
0
8
6
0
0
0
0
5
159
243
251
132
0
0
0
0
0
21
0
13
0
64
242
255
163
56
30
0
2
15
0
0
28
44
137
207
255
245
187
9
0
0
0
0
0
0
0
6
11
0
73
229
255
255
243
195
172
180
176
193
241
252
245
250
235
109
4
0
21
0
0
0
0
8
4
0
5
2
0
63
152
204
252
255
253
255
254
226
222
234
158
127
37
1
3
0
0
0
0
0
0
0
0
0
0
0
0
0
0
0
0
0
0
0
0
0
0
0
0
0
0
0
0
0
0
0
0
0
0
0
0
0
0
0
0
0
0
0
0
0
0
0
0
0
0
0
0
0
0
0
0
0
0
0
0
0
0
0
0
0
0
0
0
0
0
0
0
0
0
0
0
0
0
0
0
0
0
0
0
0
0
0
0
0
0
0
0
0
0
0
0
0
0
0
0
0
0
0
0
0
0
0
0
0
0
0
0
0
0
0
0
0
0
