8
0
0
0
0
0
0
0
0
0
11
0
0
8
5
0
0
0
2
8
0
0
1
1
4
0
0
0
0
0
0
0
0
0
0
0
0
10
0
0
0
0
2
0
7
8
0
0
0
2
1
0
9
0
0
0
0
0
0
0
0
0
0
0
0
8
0
12
4
0
1
0
0
8
0
6
3
2
3
0
0
0
0
0
0
0
0
0
0
0
0
0
0
0
0
7
0
0
3
10
0
0
0
8
0
0
14
3
3
0
0
0
0
0
0
0
0
0
0
0
0
0
14
0
0
11
0
0
8
0
0
5
3
0
0
0
2
0
0
0
0
0
0
0
0
0
0
0
0
13
0
0
100
246
255
255
242
214
102
0
4
31
5
6
0
0
0
0
0
0
0
0
0
0
0
0
0
0
3
150
222
255
250
250
255
255
230
173
207
141
0
0
4
0
0
0
0
0
0
0
0
0
0
0
0
0
5
228
255
244
255
252
247
251
255
233
255
182
4
1
0
0
0
0
0
0
0
0
0
0
0
0
0
1
0
216
254
237
54
72
58
220
249
255
246
186
0
6
0
0
0
0
0
0
0
0
0
0
0
0
0
0
17
223
255
221
14
0
0
220
248
255
255
98
0
0
0
0
0
0
0
0
0
0
0
0
0
0
0
0
0
114
249
252
93
0
1
200
255
234
242
73
0
11
7
0
0
0
0
0
0
0
0
0
0
0
0
0
15
98
255
243
127
28
128
251
247
195
3
0
0
9
0
0
0
0
0
0
0
0
0
0
0
0
0
0
0
10
174
255
255
184
254
243
188
4
2
0
23
3
0
0
0
0
0
0
0
0
0
0
0
0
0
11
0
4
51
233
255
254
255
254
57
0
10
0
0
0
14
0
0
0
0
0
0
0
0
0
0
0
0
3
2
6
0
188
249
255
243
104
0
0
9
0
0
23
0
0
0
0
0
0
0
0
0
0
0
0
0
0
5
1
5
169
249
255
255
231
56
9
0
11
0
0
9
0
0
0
0
0
0
0
0
0
0
0
0
0
0
11
58
251
252
251
255
251
147
0
5
0
0
4
4
0
0
0
0
0
0
0
0
0
0
0
0
7
0
5
159
255
170
182
248
255
230
4
8
9
5
0
0
0
0
0
0
0
0
0
0
0
0
0
0
4
1
89
255
235
33
35
228
237
255
133
0
0
1
3
11
0
0
0
0
0
0
0
0
0
0
0
0
0
10
187
240
126
12
0
122
255
252
116
27
0
0
0
0
0
0
0
0
0
0
0
0
0
0
0
0
8
50
242
248
29
0
10
88
255
240
255
0
0
12
18
0
0
0
0
0
0
0
0
0
0
0
0
0
0
138
240
249
56
34
62
169
247
255
184
0
7
2
0
0
0
0
0
0
0
0
0
0
0
0
0
0
0
185
255
243
212
242
243
255
255
251
206
0
3
0
0
10
0
0
0
0
0
0
0
0
0
0
0
0
6
45
235
255
255
240
255
246
252
150
30
0
0
5
7
0
0
0
0
0
0
0
0
0
0
0
0
0
0
10
108
211
245
254
218
137
26
14
2
0
1
4
1
0
0
0
0
0
0
0
0
0
0
0
0
0
7
0
0
7
0
4
17
0
9
3
0
0
1
4
1
0
0
0
0
0
0
0
0
0
0
0
0
0
4
0
6
4
0
0
0
0
0
0
0
0
2
2
0
0
0
0
0
0
0
0
0
0
0
0
0
0
0
0
0
0
7
7
3
4
0
0
3
3
2
0
0
0
0
0
0
0
