4
0
0
0
0
0
0
0
0
0
0
0
0
0
0
0
0
6
0
0
5
0
1
3
0
0
0
0
0
0
0
0
0
0
0
0
0
0
0
0
0
0
0
0
0
0
5
13
0
0
3
8
0
0
0
0
0
0
0
0
0
0
0
0
0
0
0
0
0
0
0
0
0
6
0
0
3
19
0
0
10
0
0
0
0
0
0
0
0
0
0
0
0
0
0
0
0
0
0
0
0
1
8
0
0
0
8
7
0
0
0
0
0
0
0
0
0
0
0
0
0
0
0
0
0
0
0
0
0
0
9
0
23
0
11
15
4
0
0
0
0
0
0
0
0
0
0
0
0
0
0
0
0
0
0
0
0
186
126
0
0
0
0
0
0
0
0
0
0
0
0
0
0
0
0
0
0
0
0
0
0
0
0
0
0
85
224
153
19
3
1
6
7
0
0
0
0
0
0
0
0
0
0
0
0
0
0
0
0
0
0
0
0
77
255
203
0
9
0
0
6
0
0
0
0
5
0
4
10
9
47
227
75
0
4
0
0
2
3
4
0
99
243
252
78
0
6
5
0
0
0
0
0
0
8
0
0
0
165
255
85
0
0
0
6
0
0
0
2
79
246
255
157
6
0
0
1
0
0
0
0
8
0
0
18
59
248
249
76
4
0
0
5
8
6
5
8
65
254
255
243
56
0
0
1
0
0
0
0
0
1
7
0
83
255
255
91
0
0
4
0
0
4
0
0
1
220
243
255
133
8
1
0
0
0
0
0
0
1
3
16
138
231
255
157
67
4
0
0
11
3
0
20
5
226
255
249
168
0
10
3
0
0
0
0
5
4
0
129
243
255
254
254
255
255
208
68
0
3
0
0
1
211
255
241
177
0
7
8
0
0
0
0
0
13
0
142
255
255
210
213
255
230
255
255
239
170
55
13
0
170
254
255
159
10
0
0
0
0
0
0
3
0
0
148
255
171
21
14
47
131
241
244
242
255
237
226
161
240
255
239
86
2
0
8
0
0
0
0
0
3
8
12
12
8
3
0
0
1
38
86
130
194
248
255
248
254
255
189
5
5
2
0
0
0
0
0
0
0
2
3
3
2
0
0
5
0
0
21
22
0
33
172
214
255
255
134
4
0
0
9
0
0
0
0
0
0
0
0
0
0
0
0
0
0
3
0
0
0
0
0
13
196
252
103
11
19
0
0
0
0
0
0
3
1
0
0
0
0
1
3
1
0
10
8
0
12
22
0
1
101
250
204
0
0
9
6
0
0
0
0
1
1
2
2
2
2
1
1
0
8
0
0
5
0
0
16
0
105
255
214
24
1
4
0
0
0
0
0
0
0
1
2
2
1
0
0
0
4
0
0
8
14
0
0
0
0
244
255
125
0
0
0
0
0
0
0
0
0
0
0
0
0
0
0
9
0
0
13
0
0
9
11
0
17
254
229
169
12
0
2
0
0
0
0
2
2
1
0
0
1
2
2
0
9
0
0
6
5
0
0
5
0
250
255
158
3
0
0
0
0
0
0
0
0
0
0
0
0
0
0
0
0
0
0
0
0
0
0
0
14
143
214
104
4
0
0
0
0
0
0
0
0
0
0
0
0
0
0
0
0
0
0
0
0
0
0
7
0
9
18
0
0
5
3
0
0
0
0
0
0
0
0
0
0
0
0
0
0
0
0
0
0
0
0
0
2
0
0
0
9
0
0
0
0
0
0
0
0
0
0
0
0
0
0
0
0
0
0
0
0
0
0
0
10
6
6
14
0
0
7
0
0
0
0
