8
1
1
1
0
0
0
0
0
0
14
0
0
0
0
7
0
0
0
0
1
5
2
0
3
0
0
0
0
1
1
1
0
0
0
0
0
0
6
6
0
2
14
5
0
4
7
8
0
0
0
0
0
0
0
0
0
1
1
0
0
0
0
0
0
15
0
3
0
0
0
0
4
0
0
7
3
3
6
22
0
0
0
0
0
0
0
0
0
0
0
0
0
3
0
4
3
0
1
0
8
0
14
2
0
18
0
0
9
0
0
0
0
0
0
0
0
0
0
0
0
0
3
0
0
0
7
18
0
8
0
0
3
6
0
3
0
0
0
0
0
0
0
0
0
0
0
1
1
16
0
0
73
131
176
242
246
116
37
1
1
0
8
21
0
0
0
0
0
0
0
0
0
0
1
1
1
0
0
90
223
255
254
250
244
247
232
90
2
0
2
0
20
0
0
0
0
0
0
0
0
0
1
1
1
170
181
248
255
237
254
255
254
247
255
243
168
11
0
0
0
0
0
0
0
0
15
0
1
11
0
34
211
251
255
254
246
255
246
255
238
249
255
252
255
61
1
1
0
0
0
0
0
5
9
9
7
3
24
152
242
245
255
252
251
255
242
151
9
190
255
248
247
149
0
0
10
0
0
0
0
0
5
0
0
0
10
255
255
255
239
156
179
217
113
2
20
177
243
250
255
115
14
1
0
0
0
0
0
18
0
17
2
10
74
255
243
243
255
100
0
2
10
0
61
236
250
255
184
0
4
2
0
0
0
0
0
0
7
0
0
6
16
193
255
249
255
235
186
99
89
152
255
255
255
215
57
3
0
0
11
0
0
0
0
0
1
21
0
0
1
74
240
255
249
255
255
249
255
254
247
242
219
49
0
15
0
0
0
0
0
0
0
6
3
0
4
14
0
0
22
227
239
255
240
255
255
241
245
253
188
32
39
5
0
9
0
0
0
0
0
1
0
9
2
0
0
11
0
10
54
197
255
255
242
254
255
255
241
255
243
133
3
10
0
0
0
0
0
0
0
0
0
0
0
0
0
7
0
194
252
255
255
248
248
255
252
247
255
251
144
0
2
0
0
0
0
0
0
0
0
0
0
0
0
0
0
188
255
244
211
43
141
176
251
254
255
255
249
31
3
0
0
0
0
0
0
0
0
0
0
0
0
6
0
186
255
247
166
9
8
0
95
255
239
250
244
6
0
0
0
0
0
0
0
0
0
0
0
0
0
6
0
181
232
255
242
67
0
13
0
150
247
252
255
0
22
0
0
0
0
0
0
0
0
0
0
0
0
0
0
69
250
251
255
217
8
0
54
240
249
255
157
0
0
0
0
0
0
0
0
0
0
0
0
0
0
0
0
10
127
255
255
229
175
138
255
252
255
231
107
9
2
0
0
0
0
0
0
0
0
0
0
0
0
12
0
0
37
228
228
255
254
255
255
239
249
198
11
0
5
0
0
0
0
0
0
0
0
0
0
0
0
0
0
11
0
174
255
241
250
255
238
255
179
6
0
0
5
0
0
0
0
0
0
0
0
0
0
0
0
0
6
0
0
73
200
255
251
250
184
93
23
0
0
0
3
0
0
0
0
0
0
0
0
0
0
0
0
10
9
0
0
0
1
0
0
14
4
0
0
2
4
0
0
0
0
0
0
0
0
0
0
0
0
0
0
0
0
1
14
10
0
0
8
0
0
0
0
1
4
6
6
0
0
0
0
0
0
0
0
0
0
0
0
5
6
0
0
0
0
0
0
1
3
3
2
0
0
0
0
0
0
0
0
