7
6
2
2
5
2
0
0
1
0
0
3
0
0
0
4
10
0
6
0
3
0
0
6
0
0
0
0
0
1
0
0
2
4
2
2
5
4
5
0
7
1
5
0
0
11
6
0
3
8
0
6
0
0
0
0
0
2
0
0
0
1
0
0
0
0
0
0
2
0
11
2
6
0
0
0
0
5
0
4
0
0
0
0
0
2
0
0
0
0
0
0
0
4
9
0
11
0
2
0
8
0
11
8
0
0
0
5
0
0
0
0
0
0
0
4
2
0
1
4
7
0
0
0
10
0
0
0
0
0
0
0
0
0
0
4
6
0
0
0
0
0
2
3
0
0
0
0
0
12
0
0
0
8
4
4
4
8
0
1
8
11
3
0
0
0
0
0
0
3
2
0
0
1
7
4
0
3
0
8
0
10
0
0
3
0
0
8
0
0
3
1
12
0
0
0
0
2
0
0
3
21
36
33
21
140
166
235
240
255
220
246
255
255
255
217
79
0
0
0
0
0
0
0
0
9
0
13
0
77
255
242
210
254
250
251
251
250
255
255
247
250
255
250
168
0
3
0
1
0
0
0
0
0
0
0
10
89
226
255
247
254
244
251
255
246
227
210
193
139
150
249
249
81
4
0
5
0
0
0
0
7
18
0
0
0
54
167
205
124
97
86
81
54
20
1
0
0
0
161
247
144
0
0
1
0
0
0
0
0
2
0
9
15
0
20
0
8
0
0
0
0
0
4
10
2
0
149
255
214
10
15
1
0
0
0
0
9
0
0
0
8
0
4
0
7
3
7
7
1
4
6
0
0
15
146
255
243
0
0
0
0
0
0
0
0
0
16
6
0
0
9
12
0
0
2
1
0
2
3
0
0
1
135
254
240
0
2
10
0
0
0
0
14
0
0
0
0
4
1
0
7
0
0
0
0
0
3
1
9
0
168
239
172
3
0
0
0
0
0
0
2
6
0
16
0
0
5
0
5
0
0
10
3
0
0
5
0
2
244
255
118
14
0
5
0
0
0
0
0
0
0
0
0
0
0
0
6
0
1
7
0
0
0
9
0
89
255
255
39
0
1
0
0
0
0
0
0
0
0
0
0
0
0
0
0
15
0
0
9
8
3
0
17
202
243
185
0
0
5
8
0
0
0
0
0
0
0
0
0
0
0
0
0
12
0
0
5
0
3
4
30
250
255
144
4
3
0
0
0
0
0
0
0
0
0
0
0
0
0
0
10
0
4
8
0
0
0
3
137
243
255
81
0
2
5
0
0
0
0
0
0
0
0
0
0
0
0
0
0
0
13
0
5
12
0
27
246
255
201
25
0
0
0
4
0
0
0
0
0
0
0
0
0
0
0
0
0
1
4
0
11
0
0
155
255
253
97
7
3
8
0
0
0
0
0
0
0
0
0
0
0
0
0
0
1
5
0
0
1
0
102
255
253
169
10
0
0
8
3
6
0
0
0
0
0
0
0
0
0
0
0
0
0
4
0
5
0
75
239
245
251
53
0
2
0
3
2
0
0
0
0
0
0
0
0
0
0
0
0
0
7
0
12
0
4
243
255
253
173
17
0
8
0
0
0
7
0
0
0
0
0
0
0
0
0
0
0
0
0
1
13
0
135
251
246
232
49
0
3
6
0
9
0
0
0
0
0
0
0
0
0
0
0
0
0
0
11
12
0
16
228
255
242
195
0
0
14
0
0
7
1
0
0
0
0
0
0
0
0
0
0
0
0
0
0
8
2
0
12
0
3
5
8
1
6
0
0
3
0
2
0
0
0
0
