2
0
0
0
0
0
0
0
0
6
0
0
3
9
0
0
0
7
0
1
1
2
3
5
0
0
0
0
0
0
0
0
0
0
0
0
0
0
0
20
0
0
2
0
5
0
10
0
0
0
0
0
10
0
0
0
0
0
0
0
0
0
0
0
0
0
3
0
12
0
0
28
0
15
2
3
6
2
0
0
0
0
0
0
0
0
0
0
0
0
0
0
0
6
0
0
0
15
124
240
255
121
0
5
0
0
2
5
0
0
0
0
0
0
0
0
0
0
0
0
0
0
5
3
0
42
248
125
203
255
123
0
0
0
0
12
1
0
0
0
0
0
0
0
0
0
0
0
0
0
0
0
12
220
209
0
3
225
252
0
6
8
0
0
1
0
0
0
0
0
0
0
0
0
0
0
0
20
0
24
0
246
5
7
5
50
251
35
0
9
0
0
2
0
0
0
0
0
0
0
0
0
0
0
0
0
11
0
79
93
0
0
0
1
255
164
6
6
0
7
0
0
0
0
0
0
0
0
0
0
0
0
0
0
10
0
118
0
6
7
0
0
253
169
4
0
8
0
3
0
0
0
0
0
0
0
0
0
0
0
0
13
0
0
14
0
0
7
0
0
249
176
0
0
1
0
2
0
0
0
0
0
0
0
0
0
0
0
0
1
0
20
0
3
0
0
3
2
255
174
5
0
1
1
0
0
0
0
0
0
0
0
0
0
0
0
0
0
0
1
2
7
18
0
0
3
255
123
3
2
3
2
0
0
0
0
0
0
0
0
0
0
0
0
0
8
10
0
7
0
0
0
2
44
255
48
0
0
0
0
0
0
0
0
0
0
0
0
0
0
0
0
0
0
0
0
11
9
1
14
3
154
254
13
0
0
0
0
3
0
0
0
0
0
0
0
0
0
0
0
0
1
14
9
0
2
5
0
0
243
182
3
8
0
3
2
1
0
0
0
0
0
0
0
0
0
0
0
0
190
255
231
89
1
0
0
120
253
82
0
2
0
5
7
0
0
0
0
0
0
10
0
0
4
0
0
5
253
86
133
232
227
125
0
255
198
0
0
10
0
13
0
0
0
0
0
0
0
1
0
1
12
2
16
75
247
15
1
0
111
248
252
255
31
2
5
0
0
11
0
0
0
0
0
0
5
0
2
0
2
0
0
105
197
0
0
7
0
145
252
253
238
126
3
2
19
0
0
0
0
0
0
0
3
0
6
0
10
0
6
121
222
7
3
0
28
251
255
91
178
255
130
0
0
0
5
6
0
0
0
0
2
0
7
0
8
7
0
71
255
3
0
23
230
225
29
4
0
4
7
4
0
0
15
0
0
0
0
0
5
0
6
0
0
0
0
3
246
110
84
255
255
41
12
1
3
8
0
0
8
0
0
0
0
0
0
0
0
0
2
2
2
10
10
5
98
210
255
183
8
19
0
0
11
0
0
1
0
6
16
0
0
0
0
0
3
0
0
4
0
0
8
0
0
9
0
0
9
0
0
13
0
14
1
2
4
0
0
0
0
0
0
0
0
0
0
0
0
0
0
0
0
0
0
0
0
0
0
0
0
0
0
0
0
0
0
0
0
0
0
0
0
0
0
0
0
0
0
0
0
0
0
0
0
0
0
0
0
0
0
0
0
0
0
0
0
0
0
0
0
0
0
0
0
0
0
0
0
0
0
0
0
0
0
0
0
0
0
0
0
0
0
0
0
0
0
0
0
0
0
0
0
0
0
0
0
0
0
0
0
0
0
0
0
0
0
0
0
0
0
0
0
0
0
0
