9
0
0
0
0
0
0
0
0
7
0
1
10
0
0
4
0
0
3
0
0
0
3
10
0
0
0
0
0
0
0
0
0
0
0
0
0
0
11
0
0
0
7
3
0
0
4
4
4
0
0
0
0
0
0
0
0
0
0
0
0
0
0
0
0
0
0
0
9
9
0
0
0
0
0
0
0
3
0
0
6
0
0
0
0
0
0
0
0
0
0
0
0
0
14
5
0
0
2
2
4
4
0
0
0
4
7
0
5
0
0
0
0
0
0
0
0
0
0
0
0
0
9
0
0
17
0
0
16
3
1
11
0
1
8
0
0
0
0
0
0
0
0
0
0
0
0
0
0
18
0
0
6
0
3
17
0
0
0
12
5
0
2
0
3
0
0
0
0
0
0
0
0
0
0
0
0
0
0
10
8
54
209
255
171
59
0
0
2
0
3
0
6
0
0
0
0
0
0
0
0
0
0
0
0
0
14
0
47
209
255
247
251
154
16
0
1
0
9
0
0
0
0
0
0
0
0
0
0
0
0
0
0
3
4
0
162
241
229
208
244
248
30
10
14
0
0
0
0
0
0
0
0
0
0
0
0
0
0
0
0
0
7
21
245
215
79
42
252
255
166
0
0
5
11
1
11
0
0
0
0
0
0
0
0
0
0
0
0
1
0
240
161
15
0
32
255
242
255
33
0
1
0
0
1
0
0
0
0
0
0
0
0
0
0
0
0
4
108
239
170
8
2
53
245
255
255
138
3
2
0
2
0
0
0
0
0
0
0
0
0
0
0
0
0
27
248
251
60
0
47
216
198
246
240
178
0
0
4
13
0
0
0
0
0
0
0
0
0
0
0
0
0
181
255
249
18
42
214
197
9
167
244
190
6
2
0
0
0
0
0
0
0
0
0
0
0
0
0
0
0
156
253
251
46
216
255
161
0
128
255
240
45
10
0
0
8
0
0
0
0
0
0
0
0
0
0
0
0
175
255
245
236
250
248
74
0
152
244
255
33
0
2
6
0
0
0
0
0
0
0
0
0
0
0
0
0
62
255
249
255
254
98
21
2
151
235
255
43
0
0
7
0
0
0
0
0
0
0
0
0
0
0
0
0
23
159
245
255
161
34
7
0
214
255
247
37
0
5
5
0
0
0
0
0
0
0
0
0
0
0
0
0
0
15
102
110
20
0
11
32
242
255
241
36
5
4
1
0
0
0
0
0
0
0
0
0
0
0
0
0
6
0
6
9
0
0
0
14
199
254
247
40
3
0
0
6
0
0
0
0
0
0
0
0
0
0
0
0
1
7
0
1
9
2
0
0
150
243
254
38
0
0
0
4
0
0
0
0
0
0
0
0
0
0
0
0
0
1
0
0
0
0
17
2
143
249
255
30
0
6
1
0
0
0
0
0
0
0
0
0
0
0
0
0
1
4
5
11
2
0
5
0
147
255
255
27
0
8
0
0
0
0
0
0
0
0
0
0
0
0
0
0
0
7
0
0
4
4
0
12
140
251
255
31
0
1
0
2
0
0
0
0
0
0
0
0
0
0
0
0
0
0
0
0
0
0
0
0
133
255
254
112
10
0
0
0
0
0
0
0
0
0
0
0
0
0
0
0
0
0
0
0
0
0
0
0
1
186
241
105
0
0
8
0
0
0
0
0
0
0
0
0
0
0
0
0
0
0
0
0
0
0
0
0
0
10
3
0
6
0
0
4
0
0
0
0
0
0
0
0
0
0
0
0
0
0
0
0
0
0
0
0
0
1
0
0
4
0
0
12
0
0
0
0
