5
0
0
0
0
0
0
0
0
0
8
5
0
0
1
0
0
0
0
2
9
1
0
1
1
10
0
5
2
0
0
0
0
0
0
0
0
7
1
0
0
0
2
4
5
12
5
0
0
0
6
8
0
0
10
0
14
0
0
0
0
0
0
0
0
3
0
0
6
0
0
0
0
0
0
0
4
2
1
1
0
0
0
0
0
0
0
0
0
0
0
0
0
0
0
9
11
0
0
2
0
5
2
1
6
4
0
0
6
14
0
26
5
0
0
0
0
0
0
0
0
0
2
2
0
0
4
11
5
0
2
0
0
2
1
0
0
0
10
0
0
0
0
0
0
0
0
0
0
0
4
0
0
4
5
0
0
11
63
61
21
32
80
120
145
193
228
14
7
0
0
0
0
0
0
0
0
0
6
0
0
13
0
0
26
132
217
255
251
255
255
245
244
239
206
0
0
0
0
0
0
0
0
0
0
0
11
0
0
6
0
18
121
251
255
252
246
252
212
155
139
80
0
0
9
0
0
0
0
0
0
0
0
10
0
0
1
10
0
127
255
255
227
126
21
2
5
0
7
0
0
0
0
0
0
0
0
0
0
0
0
7
0
15
0
4
156
255
248
236
65
0
2
0
3
5
0
0
0
0
0
0
0
0
0
0
0
0
0
0
14
0
3
166
247
241
76
124
17
0
5
5
1
0
0
0
0
0
0
0
0
0
0
0
0
0
0
6
5
0
122
250
240
51
6
0
6
16
0
0
4
0
5
0
0
0
0
0
0
0
0
0
0
0
0
6
0
27
222
237
58
16
0
3
0
0
0
0
8
9
0
0
0
0
0
0
0
0
0
0
0
0
0
0
0
101
252
80
0
0
21
2
7
10
0
2
6
0
1
0
0
0
0
0
0
0
0
0
0
0
0
0
16
65
251
239
143
79
0
0
5
7
0
2
1
0
15
0
0
0
0
0
0
0
0
0
0
0
0
0
3
30
240
255
255
225
209
92
0
0
12
0
0
5
0
0
0
0
0
0
6
0
1
11
0
10
0
4
0
2
33
33
97
199
153
147
0
7
0
11
0
0
0
0
0
0
0
4
8
0
0
1
0
0
0
0
14
0
0
6
10
0
0
149
0
10
0
0
1
13
0
0
0
0
0
0
2
0
0
3
3
20
28
0
10
7
8
0
0
6
107
252
43
13
7
0
0
6
0
0
0
0
0
0
0
2
0
0
17
155
194
43
8
0
0
2
0
77
239
199
22
0
0
3
0
0
2
0
0
0
0
7
0
4
2
0
2
226
255
190
108
50
19
6
93
212
156
31
0
1
0
0
3
0
4
0
0
0
0
2
0
3
15
2
0
191
234
255
251
73
48
217
249
133
6
0
4
12
0
10
4
0
1
0
0
0
0
5
0
0
0
0
10
151
255
243
255
199
249
252
133
0
6
6
0
0
0
7
2
0
8
0
0
0
0
0
10
0
0
0
5
71
250
255
255
241
214
22
17
0
2
0
0
10
4
0
5
9
0
0
0
0
0
0
8
0
0
4
0
16
135
178
157
102
34
0
0
4
0
0
0
0
0
0
0
0
0
0
0
0
0
0
9
0
0
13
6
0
17
5
11
6
0
0
3
7
1
0
0
0
0
0
0
0
0
0
0
0
0
0
9
2
0
1
8
0
0
0
0
0
0
0
1
1
0
0
0
0
0
0
0
0
0
0
0
0
0
0
0
6
4
0
0
4
12
13
8
4
4
1
0
0
2
0
0
0
0
0
0
0
0
0
0
0
0
