9
0
0
0
0
0
0
0
0
0
0
0
1
1
0
0
0
3
0
0
1
0
17
0
6
0
0
0
0
0
0
0
0
0
0
0
0
3
5
4
0
0
0
4
13
5
0
4
18
0
0
16
0
0
0
0
0
0
0
0
0
0
0
0
0
3
0
0
0
9
10
0
0
2
6
0
0
0
0
5
4
0
0
0
0
0
0
0
0
0
0
0
0
0
2
2
0
0
0
2
8
0
2
0
0
14
15
0
8
0
0
0
0
0
0
0
0
0
0
0
0
0
0
2
5
7
4
0
0
7
9
0
20
0
0
4
13
0
0
0
0
0
0
0
0
0
0
0
0
0
0
0
0
0
0
1
2
0
25
0
6
8
0
14
0
0
0
0
0
0
0
0
0
0
0
0
0
0
5
6
0
0
38
103
156
220
235
124
4
9
0
0
3
0
0
0
0
0
0
0
0
0
0
0
0
6
0
0
44
130
207
243
250
224
222
252
49
4
4
0
6
0
0
0
0
7
0
0
0
12
0
7
3
0
6
93
144
251
244
236
24
1
13
238
112
63
0
0
7
0
0
0
0
0
0
3
19
0
2
3
0
12
95
250
121
34
32
13
14
0
1
236
255
255
140
0
0
0
0
0
0
10
4
0
5
0
2
1
2
13
147
68
0
7
3
3
0
16
13
232
235
250
233
6
0
0
0
0
0
0
0
17
0
0
6
53
151
10
5
0
10
0
0
4
0
0
215
250
255
255
252
11
7
0
0
0
0
27
0
10
0
0
117
139
216
157
0
0
11
0
11
44
120
210
245
251
253
254
205
53
0
0
0
0
0
0
2
0
0
16
22
251
132
0
25
0
0
10
14
144
255
236
255
250
255
199
6
19
0
0
0
0
0
9
0
5
20
0
148
152
94
12
0
0
10
83
200
255
244
255
247
253
207
31
5
0
2
0
0
0
0
0
4
11
0
5
42
10
0
12
61
149
214
234
254
255
255
253
252
255
49
7
0
3
5
0
0
0
0
4
0
6
5
0
182
163
197
221
249
244
255
252
169
255
246
255
162
56
2
0
6
8
0
0
0
0
0
1
5
6
0
11
193
254
255
247
255
209
107
12
61
255
227
134
40
0
5
9
0
0
10
0
0
0
0
0
9
3
0
10
100
182
173
71
41
18
0
0
195
255
144
18
0
0
1
6
0
0
0
0
0
0
0
0
1
0
1
0
0
24
4
2
0
4
5
96
255
242
168
0
5
13
0
0
14
14
0
0
0
0
0
6
0
1
9
0
0
0
0
0
14
0
17
220
254
204
14
3
0
0
3
0
0
2
0
0
0
0
0
2
2
1
0
0
22
2
9
0
0
0
121
248
249
150
0
6
0
0
3
0
0
0
3
0
0
0
0
0
3
0
0
0
7
0
0
10
0
50
248
255
206
32
0
1
0
4
2
0
2
6
0
0
0
0
0
2
3
0
5
12
0
0
6
0
7
84
243
250
78
0
7
1
0
0
5
0
0
3
2
0
0
0
0
0
0
0
0
0
0
0
0
0
6
123
255
202
0
7
0
0
0
0
0
0
0
0
0
0
0
0
0
0
0
0
0
0
0
0
0
5
0
35
233
158
24
0
8
0
0
0
0
0
0
0
0
0
0
0
0
0
0
0
0
0
0
0
0
3
0
0
8
0
0
7
0
0
0
0
0
0
0
0
0
0
0
0
0
0
0
0
0
0
0
0
0
0
0
25
0
20
0
10
0
0
0
0
0
0
0
0
0
0
0
0
0
