6
0
0
0
0
0
0
0
0
1
0
13
0
0
0
5
2
0
1
2
0
0
0
13
3
0
0
0
0
0
0
0
0
0
0
0
0
0
11
0
0
16
0
0
2
14
0
0
1
24
0
10
0
0
0
0
0
0
0
0
0
0
0
0
0
0
14
0
1
3
0
1
6
0
8
3
0
0
0
15
2
0
0
0
0
0
0
0
0
0
0
0
0
4
0
0
13
0
5
1
0
22
141
220
237
72
0
0
19
0
0
0
0
0
0
0
0
0
0
0
0
10
0
0
13
1
2
0
29
176
255
251
131
0
0
1
0
0
0
0
0
0
0
0
0
0
0
0
0
0
6
0
1
2
0
32
184
233
120
52
0
7
0
8
7
0
0
0
0
0
0
0
0
0
0
0
0
0
15
0
0
0
13
160
255
83
10
5
0
12
0
0
0
0
0
0
0
0
0
0
0
0
0
0
0
2
1
0
9
4
76
255
209
17
0
1
6
0
14
0
2
0
0
0
0
0
0
0
0
0
0
0
0
10
0
0
0
44
240
214
25
0
0
0
10
2
3
7
0
0
0
0
0
0
0
0
0
0
0
0
0
0
6
16
0
154
246
69
0
10
6
1
0
0
0
0
8
0
0
0
0
0
0
0
0
0
0
0
0
6
0
0
79
232
172
6
1
0
8
0
0
7
22
5
0
0
0
0
0
0
0
0
0
0
0
0
0
0
9
36
244
224
8
0
9
13
4
0
2
0
0
0
8
0
0
0
0
0
0
0
0
0
0
0
0
1
0
83
255
144
0
6
6
0
0
0
8
0
1
5
0
0
0
0
0
0
0
0
0
0
0
0
0
4
8
250
233
3
4
0
0
2
0
6
4
0
0
8
5
0
0
0
0
0
0
0
0
0
0
0
0
3
23
246
166
73
174
205
217
185
103
3
0
16
7
0
0
0
0
0
0
0
0
0
0
0
0
0
0
0
139
255
210
255
165
89
74
144
255
202
36
0
3
0
7
0
0
0
0
0
0
0
0
0
0
0
0
0
151
255
144
37
0
0
8
0
118
254
159
5
0
0
9
0
0
0
0
0
0
0
0
0
0
0
0
4
148
198
22
0
3
0
0
6
13
145
222
0
0
5
0
0
0
0
0
0
0
0
0
0
0
0
0
1
149
205
0
0
9
0
0
0
4
40
255
66
0
12
3
0
0
0
0
0
0
0
0
0
0
0
0
8
143
219
0
0
0
5
11
2
0
99
218
0
17
0
7
0
0
0
0
0
0
0
0
0
0
0
0
0
143
255
49
0
6
19
0
43
98
255
98
0
0
12
9
0
0
0
0
0
0
0
0
0
0
0
0
0
34
205
250
197
89
115
192
245
250
94
0
0
12
0
0
0
0
0
0
0
0
0
0
0
0
0
0
16
0
28
143
231
255
250
203
93
19
8
8
0
13
0
9
0
0
0
0
0
0
0
0
0
0
0
0
0
10
0
10
0
1
7
0
6
0
3
0
0
0
6
0
0
0
0
0
0
0
0
0
0
0
0
0
0
0
0
0
0
0
0
0
0
0
0
0
0
0
0
0
0
0
0
0
0
0
0
0
0
0
0
0
0
0
0
0
0
0
0
0
0
0
0
0
0
0
0
0
0
0
0
0
0
0
0
0
0
0
0
0
0
0
0
0
0
0
0
0
0
0
0
0
0
0
0
0
0
0
0
0
0
0
0
0
0
0
0
0
0
0
0
0
0
0
0
0
0
0
0
0
0
0
0
0
0
0
0
0
