3
0
0
0
0
0
0
0
0
0
0
6
0
11
0
1
0
0
2
0
0
4
2
6
0
0
0
0
0
0
0
0
0
0
0
0
0
8
0
0
0
0
0
4
6
1
0
3
4
0
0
0
13
0
0
0
0
0
0
0
0
0
0
0
0
2
0
1
11
0
0
0
0
2
0
1
0
8
11
0
9
0
0
0
0
0
0
0
0
0
0
0
0
0
1
5
5
0
1
7
7
0
7
11
0
7
2
2
0
0
0
0
0
0
0
0
0
0
0
0
0
0
9
0
0
14
72
115
134
255
255
209
128
82
0
1
5
0
0
0
0
0
0
0
0
0
0
0
0
0
9
2
10
129
210
255
255
251
255
253
255
245
104
0
0
0
0
0
0
0
0
0
0
0
0
0
0
0
1
9
55
241
255
246
215
115
90
108
241
255
197
8
9
0
0
0
0
0
0
0
0
0
0
0
0
3
0
0
57
255
226
119
42
9
0
52
236
255
255
0
0
0
0
0
0
0
0
0
0
0
0
0
0
10
0
1
39
233
62
0
0
0
0
99
255
245
243
20
0
0
0
0
0
0
0
0
0
0
0
0
0
0
12
0
13
6
11
0
7
10
89
255
249
246
150
3
0
0
0
0
0
0
0
0
0
0
0
0
0
0
6
3
0
15
5
0
2
129
255
246
246
255
78
0
3
0
0
0
0
0
0
0
0
0
0
0
0
10
0
5
6
0
0
37
95
255
243
254
247
69
12
18
0
0
0
0
0
0
0
0
0
0
0
0
0
5
0
4
0
38
93
177
247
243
255
213
78
0
0
6
3
0
0
0
0
0
0
0
0
0
0
0
0
0
6
0
63
242
254
252
255
249
194
39
0
10
4
15
0
0
0
0
0
0
0
0
0
0
0
0
0
11
0
0
181
248
255
250
230
255
119
0
4
0
12
0
7
0
0
0
0
0
0
0
0
0
0
0
0
0
0
1
129
255
231
255
255
247
247
64
0
7
0
3
0
0
0
0
0
0
9
0
2
10
1
0
5
11
0
0
16
17
26
31
26
248
255
61
11
0
0
8
0
0
0
0
0
4
0
0
0
0
3
11
4
0
7
11
0
11
0
0
193
247
255
71
0
2
2
0
6
0
0
0
0
6
5
0
0
0
4
3
0
1
0
0
14
8
0
122
255
255
223
56
1
0
6
0
3
0
0
0
0
0
0
0
9
6
42
8
48
24
0
16
0
0
141
255
238
255
119
17
15
0
2
6
0
0
0
0
0
15
4
54
170
144
255
193
254
83
63
40
63
160
233
247
255
173
34
0
13
0
3
5
0
0
0
0
0
0
0
229
255
255
229
246
255
245
252
233
255
252
247
218
53
41
7
0
0
0
10
0
5
0
0
0
0
6
5
118
244
240
255
246
244
234
254
255
245
251
189
59
12
0
0
6
0
2
8
0
5
0
0
0
0
0
4
0
18
96
137
179
245
145
147
132
127
51
0
13
0
6
0
1
2
0
0
6
0
0
0
0
0
0
0
0
0
0
0
0
0
0
0
0
0
0
0
0
0
0
0
0
0
0
0
0
0
0
0
0
0
0
0
0
0
0
0
0
0
0
0
0
0
0
0
0
0
0
0
0
0
0
0
0
0
0
0
0
0
0
0
0
0
0
0
0
0
0
0
0
0
0
0
0
0
0
0
0
0
0
0
0
0
0
0
0
0
0
0
0
0
0
0
0
0
0
0
0
0
0
0
0
0
0
0
0
0
0
0
0
0
0
0
0
0
