9
0
0
0
0
0
0
0
0
0
5
0
0
1
5
0
0
0
0
4
4
0
5
5
0
0
0
0
0
0
0
0
0
0
0
0
0
0
0
3
10
3
0
0
5
20
0
0
0
0
0
6
8
0
0
0
0
0
0
0
0
0
0
0
0
4
4
0
0
0
8
13
0
0
0
7
14
4
0
0
3
0
0
0
0
0
0
0
0
0
0
0
0
0
0
3
16
0
0
0
0
7
8
0
0
2
6
0
0
0
0
0
0
0
0
0
0
0
0
0
0
5
3
1
0
0
6
9
0
0
3
0
0
5
1
0
6
0
0
0
0
0
0
0
0
0
0
0
0
0
8
7
0
3
0
0
0
0
2
0
0
11
0
0
9
0
0
0
0
0
0
0
0
0
0
0
0
7
0
25
131
231
210
147
140
143
116
39
0
0
16
4
0
0
0
0
0
0
0
0
0
0
0
0
0
37
194
255
247
252
255
248
253
241
255
209
62
0
0
1
0
0
0
0
0
0
4
0
0
11
3
7
99
243
242
255
255
249
246
255
255
254
254
253
108
0
0
1
0
0
0
0
0
0
2
6
0
0
1
122
251
255
255
248
234
208
187
182
182
255
255
247
181
6
11
0
2
0
0
0
0
0
0
0
0
3
34
202
253
242
255
192
74
7
0
0
0
253
250
247
248
33
9
0
2
0
0
0
0
1
7
0
0
0
42
254
255
255
154
15
0
10
13
0
2
252
242
255
255
54
0
0
0
0
0
0
0
1
0
0
3
0
23
236
254
253
161
31
0
2
0
0
57
253
253
255
243
43
0
8
0
0
0
0
0
6
0
0
13
3
2
169
247
255
255
187
69
27
59
148
252
247
255
246
190
8
5
1
0
0
0
0
0
0
3
8
7
0
0
99
236
244
255
247
251
255
252
238
255
246
255
240
120
0
0
0
0
0
0
0
0
0
4
0
0
7
0
0
65
211
255
255
247
245
244
242
253
254
255
252
69
8
0
1
2
0
0
0
0
0
0
0
0
0
0
0
0
41
102
185
246
171
75
41
239
255
251
246
80
0
0
10
0
0
0
0
0
0
0
0
0
0
0
0
0
0
0
12
31
3
0
11
226
253
252
250
81
0
0
5
0
0
0
0
0
0
0
0
0
0
0
0
0
7
3
2
0
0
10
46
241
253
255
254
78
5
0
5
0
0
0
0
0
0
0
0
0
0
0
0
0
0
0
6
0
0
11
77
255
255
255
242
56
5
0
5
1
0
0
0
0
0
0
0
0
0
0
0
0
0
0
8
0
0
0
98
255
254
250
216
19
0
0
1
0
0
0
0
0
0
0
0
0
0
0
0
0
1
0
1
9
2
0
129
235
255
250
204
0
0
0
1
2
0
0
0
0
0
0
0
0
0
0
0
0
5
0
0
0
0
6
205
255
255
255
208
0
3
0
1
5
0
0
0
0
0
0
0
0
0
0
0
0
0
8
0
9
0
0
219
244
250
255
212
0
6
0
0
2
0
0
0
0
0
0
0
0
0
0
0
0
0
19
0
0
0
14
197
254
255
254
103
0
2
0
2
0
0
0
0
0
0
0
0
0
0
0
0
0
5
1
0
14
13
0
80
244
255
223
75
0
1
0
5
2
0
0
0
0
0
0
0
0
0
0
0
0
3
0
5
2
0
16
0
3
0
9
0
0
18
0
0
0
0
0
0
0
0
0
0
0
0
0
0
0
6
0
11
5
0
21
0
0
6
10
0
2
0
0
0
8
0
0
0
0
