8
0
0
0
0
0
0
0
0
0
8
2
0
1
0
0
2
0
9
0
0
0
0
9
0
0
0
0
0
0
0
0
0
0
0
0
0
0
5
0
0
11
0
1
4
4
0
7
8
16
0
12
0
0
0
0
0
0
0
0
0
0
0
0
0
4
0
7
0
0
0
7
0
6
4
0
0
0
0
8
0
0
0
0
0
0
0
0
0
0
0
0
0
0
6
4
1
4
2
0
11
0
22
0
2
4
9
0
5
0
0
0
0
0
0
0
0
0
0
0
0
0
3
0
54
120
144
132
250
193
113
14
0
0
2
5
0
0
0
0
0
0
0
0
0
0
0
0
0
0
0
92
249
255
255
226
255
255
255
237
213
0
0
10
0
0
0
0
0
0
0
0
0
0
0
0
0
10
4
165
255
239
252
255
252
237
248
255
255
60
0
0
1
0
0
0
0
0
0
0
0
0
0
0
0
2
120
255
248
255
255
255
252
255
191
251
246
255
8
0
7
0
0
0
0
0
0
0
0
0
0
0
0
0
190
255
255
247
255
63
1
8
61
253
255
251
13
0
2
0
0
0
0
0
0
0
0
0
0
0
0
0
255
255
221
133
6
0
7
120
255
248
255
196
0
6
0
0
0
0
0
0
0
0
0
0
0
0
0
4
242
252
255
145
8
129
254
255
231
250
196
9
0
13
4
0
0
0
0
0
0
0
0
0
0
0
0
10
255
251
255
171
113
255
255
248
255
134
24
0
0
13
0
0
0
0
0
0
0
0
0
0
0
0
0
0
113
255
255
255
255
255
252
130
7
0
0
0
12
0
14
0
0
0
0
0
0
0
0
0
0
0
0
0
69
255
248
251
255
250
62
0
2
7
4
0
18
2
0
0
0
0
0
0
0
0
0
0
0
0
0
3
59
243
253
251
255
250
132
4
0
0
8
4
0
0
10
0
0
0
0
0
0
0
0
0
0
0
0
0
254
255
250
255
248
255
255
194
0
8
0
0
9
0
4
0
0
0
0
3
0
0
3
3
4
0
0
187
255
252
62
74
188
249
250
245
201
61
0
2
2
5
0
0
0
0
0
0
8
5
0
0
6
14
0
255
243
255
0
0
5
212
255
255
240
189
76
0
0
0
10
0
0
0
0
6
0
0
4
15
9
0
153
250
255
66
0
13
0
0
190
231
255
255
252
7
6
0
10
0
0
0
0
1
6
0
14
0
0
22
178
255
154
18
0
5
1
0
3
206
255
245
255
181
6
10
0
0
0
0
0
6
0
0
0
12
19
0
251
255
123
6
18
4
1
1
4
0
240
255
255
255
6
0
14
0
0
0
0
0
15
3
3
0
18
107
255
234
255
253
180
114
120
147
177
255
255
252
239
251
8
0
6
0
0
0
0
7
0
1
0
0
0
14
190
255
252
255
254
255
255
241
255
255
255
246
192
9
5
0
4
0
0
0
0
0
4
0
0
8
1
0
0
129
125
253
252
254
247
255
249
247
130
62
10
0
0
5
0
0
0
0
0
0
0
0
0
0
0
0
0
0
0
0
0
0
0
0
0
0
0
0
0
0
0
0
0
0
0
0
0
0
0
0
0
0
0
0
0
0
0
0
0
0
0
0
0
0
0
0
0
0
0
0
0
0
0
0
0
0
0
0
0
0
0
0
0
0
0
0
0
0
0
0
0
0
0
0
0
0
0
0
0
0
0
0
0
0
0
0
0
0
0
0
0
0
0
0
0
0
0
0
0
0
0
0
0
0
0
0
0
0
0
0
0
