2
2
2
3
3
4
3
1
0
1
1
8
8
0
0
4
3
0
2
5
5
1
0
0
2
0
0
0
0
0
2
0
0
0
0
1
0
1
0
0
0
0
5
4
0
15
0
0
0
0
4
12
0
0
0
0
0
0
0
0
9
9
0
0
10
3
7
10
7
0
0
0
3
0
1
12
0
12
0
2
7
0
0
0
0
5
1
0
3
1
0
0
0
2
0
0
0
5
7
0
0
0
0
4
0
6
0
1
0
0
0
0
0
0
11
8
0
0
14
15
0
0
9
6
1
3
0
0
7
14
1
13
0
0
0
15
4
0
0
0
0
0
0
0
6
2
0
0
0
0
9
0
0
5
0
0
0
0
14
0
0
21
15
0
5
0
0
0
0
12
0
0
9
3
0
21
69
100
93
80
122
212
254
241
234
255
231
95
14
0
5
0
11
0
0
0
0
0
9
4
0
8
97
200
255
251
255
252
245
255
255
241
255
252
246
255
219
21
0
13
0
0
0
0
0
0
0
2
1
0
232
249
241
189
209
198
197
197
81
69
56
73
239
243
255
38
0
5
9
0
0
0
0
3
0
0
2
19
181
121
37
14
0
9
11
0
18
0
3
16
206
255
255
27
12
0
0
0
0
0
0
7
3
0
5
0
29
7
0
0
0
0
0
12
0
12
5
121
255
239
245
48
0
9
12
0
0
0
0
1
0
0
9
3
0
0
7
9
10
0
4
0
3
0
113
253
248
193
90
0
5
3
0
0
0
0
0
0
9
2
0
15
5
8
0
0
14
0
1
0
20
86
230
255
244
70
0
30
1
0
5
0
0
0
0
0
8
7
0
0
0
5
9
0
16
0
0
19
66
241
252
222
30
10
3
7
0
0
4
0
0
0
0
5
0
0
1
15
0
0
0
13
0
1
0
25
215
255
233
89
0
0
5
0
0
27
0
0
0
0
0
4
0
14
0
0
3
4
1
0
0
10
0
137
255
246
111
10
0
6
0
0
12
0
8
0
0
0
0
0
0
0
0
0
0
0
0
0
8
0
20
244
255
195
14
5
0
5
1
0
6
0
1
0
6
0
0
0
0
0
0
0
0
0
0
0
10
2
205
255
203
14
13
0
4
3
1
0
0
0
1
26
0
5
17
0
0
0
0
0
0
0
0
7
0
154
254
251
173
1
0
3
0
13
0
45
126
144
197
171
13
0
0
0
0
0
0
0
0
0
0
0
30
255
249
194
22
0
10
0
68
98
163
241
255
238
200
97
0
0
9
0
0
0
0
0
0
0
0
0
152
243
255
191
80
127
203
219
224
255
243
255
242
82
8
0
0
7
14
0
0
0
0
0
0
0
0
18
145
255
251
247
252
255
255
248
255
225
141
64
9
5
5
5
25
0
0
0
0
0
0
0
0
0
0
0
6
219
247
255
255
236
193
80
51
40
0
0
20
1
8
0
2
1
0
0
0
0
0
0
0
0
0
5
4
4
104
87
95
72
1
3
1
8
1
0
7
2
0
9
0
9
0
0
0
0
0
0
0
0
0
0
0
0
0
0
0
0
0
0
0
0
0
0
0
0
0
0
0
0
0
0
0
0
0
0
0
0
0
0
0
0
0
0
0
0
0
0
0
0
0
0
0
0
0
0
0
0
0
0
0
0
0
0
0
0
0
0
0
0
0
0
0
0
0
0
0
0
0
0
0
0
0
0
0
0
0
0
0
0
0
0
0
0
0
0
0
0
0
0
0
0
0
0
0
0
0
0
0
0
0
0
0
0
0
