4
0
0
0
0
0
0
0
0
0
0
10
0
7
6
0
3
0
0
0
15
0
0
25
0
0
0
0
0
0
0
0
0
0
0
0
0
0
0
6
0
0
2
3
1
6
0
2
0
10
1
0
8
0
0
0
0
0
0
0
0
0
0
0
0
0
2
0
2
0
0
6
0
3
0
15
0
5
0
0
9
0
0
0
0
0
0
0
0
0
0
0
0
0
0
2
10
0
1
0
0
5
5
0
0
2
3
10
0
0
0
0
0
0
0
0
0
0
0
0
0
5
0
7
0
0
8
1
1
0
0
3
11
0
0
0
0
0
0
0
0
0
0
0
0
0
0
0
0
1
2
2
0
10
3
4
0
8
0
158
139
9
13
5
13
0
0
0
0
0
0
0
0
0
0
0
0
0
2
0
52
110
0
1
0
0
50
248
126
0
0
0
0
0
0
0
0
0
0
0
0
0
0
0
0
1
0
0
148
227
0
0
4
5
191
246
2
13
6
0
1
0
0
0
0
0
0
0
0
0
0
0
0
2
0
7
220
173
4
0
9
53
246
191
0
2
9
0
0
0
0
0
0
0
0
0
0
0
0
0
0
0
2
114
252
98
0
10
0
203
244
45
0
0
0
0
10
0
0
0
0
0
0
0
0
0
0
0
0
0
9
238
229
16
9
0
41
249
199
1
8
0
8
12
0
0
0
0
0
0
0
0
0
0
0
0
0
0
98
241
162
9
0
2
126
249
85
8
0
0
4
0
2
0
0
0
0
0
0
0
0
0
0
0
0
3
149
252
98
17
39
22
222
255
153
180
68
0
0
0
10
0
0
0
0
0
0
0
0
0
0
0
0
66
236
251
237
255
255
246
255
250
240
248
108
0
4
15
0
0
0
0
0
0
0
0
0
0
0
0
0
147
241
208
157
132
123
195
245
166
98
47
13
0
0
3
0
0
0
0
0
0
0
0
0
0
0
0
0
115
137
5
0
7
7
177
255
36
0
5
0
10
3
0
5
0
0
0
0
0
0
0
0
0
0
0
0
0
1
8
0
8
92
254
186
0
0
0
0
0
0
0
0
0
0
0
0
0
0
0
0
0
0
0
0
0
0
0
0
5
158
255
78
0
0
0
0
0
0
0
0
0
0
0
0
0
0
0
0
0
0
0
0
12
2
0
2
15
221
246
12
0
0
0
0
0
0
0
0
0
0
0
0
0
0
0
0
0
0
0
0
3
0
0
0
59
239
168
0
0
0
0
0
0
0
0
0
0
0
0
0
0
0
0
0
0
0
0
0
0
0
8
0
158
255
83
4
0
0
0
0
0
0
0
0
0
0
0
0
0
0
0
0
0
0
0
0
4
7
0
2
229
255
33
3
0
0
0
0
0
0
0
0
0
0
0
0
0
0
0
0
0
0
0
0
0
1
0
49
242
192
0
0
0
0
0
0
0
0
0
0
0
0
0
0
0
0
0
0
0
0
0
0
0
4
9
148
255
137
0
5
0
0
0
0
0
0
0
0
0
0
0
0
0
0
0
0
0
0
0
0
0
0
13
206
219
39
5
0
0
0
0
0
0
0
0
0
0
0
0
0
0
0
0
0
0
0
0
0
0
11
0
5
11
0
17
0
0
0
0
0
0
0
0
0
0
0
0
0
0
0
0
0
0
0
0
0
6
0
0
0
0
0
0
7
0
0
0
0
0
0
0
0
0
0
0
0
0
0
0
0
0
0
0
0
1
0
16
8
4
9
0
3
0
0
0
0
0
0
0
0
0
0
0
0
