6
0
0
0
0
0
0
0
0
0
1
0
12
0
10
0
15
2
8
0
5
0
7
4
0
0
0
0
0
0
0
0
0
0
0
0
0
7
2
0
0
7
2
14
0
0
0
4
10
0
0
0
0
0
0
0
0
0
0
0
0
0
0
0
0
0
0
14
0
0
11
0
20
19
0
1
3
0
2
6
13
0
0
0
0
0
0
0
0
0
0
0
0
0
2
4
0
0
13
18
190
129
11
8
0
0
0
0
0
0
0
0
0
0
0
0
0
0
0
0
0
0
7
0
0
15
0
153
255
151
6
0
0
10
8
3
15
0
0
0
0
0
0
0
0
0
0
0
0
1
0
5
14
0
62
244
244
124
18
0
5
3
0
0
0
0
0
0
0
0
0
0
0
0
0
0
0
12
0
10
4
18
198
255
219
29
0
0
5
0
2
2
10
0
0
0
0
0
0
0
0
0
0
0
0
0
2
0
0
143
248
237
60
0
9
0
4
0
6
2
0
0
0
0
0
0
0
0
0
0
0
0
0
12
0
0
50
241
255
182
17
2
0
11
0
12
6
0
9
0
0
0
0
0
0
0
0
0
0
0
0
0
18
15
179
255
235
54
4
0
6
0
2
5
0
16
0
0
0
0
0
0
0
0
0
0
0
0
0
10
0
35
246
251
179
2
0
6
0
10
10
0
0
9
0
0
0
0
0
0
0
0
0
0
0
0
0
6
0
191
255
250
0
0
34
72
156
245
146
42
0
2
0
0
0
0
0
0
0
0
0
0
0
0
0
8
78
248
241
153
0
88
226
255
255
255
255
195
0
0
11
0
0
0
0
0
0
0
0
0
0
0
0
0
128
239
255
80
198
255
238
251
249
253
252
230
45
1
0
0
0
0
0
0
0
0
0
0
0
0
0
9
242
255
165
174
247
255
158
54
13
94
231
255
120
5
0
0
0
0
0
0
0
0
0
0
0
0
0
115
253
255
238
255
255
199
32
0
0
62
255
234
60
3
0
0
0
0
0
0
0
0
0
0
0
0
0
114
244
255
255
243
233
21
7
3
0
82
250
226
9
0
0
0
0
0
0
0
0
0
0
0
0
0
0
126
250
241
246
249
201
0
0
5
59
231
255
147
0
5
0
0
0
0
0
0
0
0
0
0
0
0
0
95
255
255
241
252
123
0
106
160
246
246
203
86
0
19
6
0
0
0
0
0
0
0
0
0
0
0
0
120
238
255
255
255
194
175
232
255
243
198
0
0
0
0
0
0
0
0
0
0
0
0
0
0
0
0
0
39
197
255
244
253
244
255
255
255
116
0
11
13
6
2
1
0
0
0
0
0
0
0
0
0
0
0
0
0
48
175
255
252
248
251
136
54
6
25
0
0
0
0
12
0
0
0
0
0
0
0
0
0
0
0
0
19
0
12
124
245
238
146
39
0
19
0
4
10
1
0
8
0
0
0
0
0
0
0
0
0
0
0
0
0
8
5
0
4
4
0
0
9
0
0
9
0
0
12
0
0
0
0
0
0
0
0
0
0
0
0
0
0
0
0
0
0
0
0
0
0
0
0
0
0
0
0
0
0
0
0
0
0
0
0
0
0
0
0
0
0
0
0
0
0
0
0
0
0
0
0
0
0
0
0
0
0
0
0
0
0
0
0
0
0
0
0
0
0
0
0
0
0
0
0
0
0
0
0
0
0
0
0
0
0
0
0
0
0
0
0
0
0
0
0
0
0
0
0
0
0
0
0
0
0
0
0
0
0
0
0
0
0
0
0
0
