4
0
0
0
0
0
0
0
0
0
0
0
0
0
0
0
0
0
4
2
8
0
0
13
0
0
0
0
0
0
0
0
0
0
0
0
0
0
0
0
0
0
0
0
0
8
0
0
0
0
3
0
0
0
0
0
0
0
0
0
0
0
0
0
0
0
0
0
0
0
0
0
0
0
0
14
6
0
7
11
1
0
0
0
0
0
0
0
0
0
0
0
0
0
0
0
0
0
0
0
0
0
11
0
0
5
0
0
0
0
0
0
0
0
0
0
0
0
0
0
0
0
0
0
0
0
0
0
0
0
0
16
6
30
187
208
11
0
0
0
0
0
0
0
0
0
0
0
0
0
0
0
0
0
0
0
0
17
0
0
28
188
248
98
1
0
0
0
0
0
0
0
0
0
0
0
0
0
0
0
0
0
0
0
0
0
0
1
120
234
154
17
0
0
0
0
0
0
0
0
0
0
0
0
0
0
0
0
0
0
0
0
0
1
20
41
235
206
0
0
12
0
0
0
0
0
0
0
0
0
0
0
0
0
18
0
0
17
0
0
3
6
0
147
252
100
0
0
1
0
0
0
0
0
0
0
0
0
0
0
0
6
0
0
6
0
4
26
0
0
68
217
225
7
0
4
1
0
0
0
0
0
0
0
0
0
0
0
0
0
5
23
8
5
0
0
0
2
146
255
145
13
0
6
0
0
0
0
0
0
0
0
0
0
0
0
0
13
138
234
43
7
1
4
5
99
246
188
8
0
0
0
10
0
0
0
0
0
0
0
0
0
0
0
0
9
108
255
15
0
0
10
0
173
255
97
6
0
21
0
0
0
0
0
0
0
0
0
0
0
0
0
0
0
126
249
8
17
0
2
57
255
200
10
12
0
0
11
14
0
0
0
0
0
0
0
0
0
0
0
0
33
255
247
15
0
0
9
159
248
133
67
78
44
0
2
0
0
0
0
0
0
0
0
0
0
0
0
0
179
250
73
6
0
4
38
249
255
239
227
162
40
10
1
1
0
0
0
0
0
4
13
0
2
8
1
82
255
191
15
43
126
207
238
253
235
126
23
0
5
4
0
2
0
0
0
0
0
1
1
0
7
0
28
207
241
255
175
255
225
84
213
251
59
16
0
0
6
0
0
6
0
0
0
0
0
1
0
0
16
0
53
255
251
255
160
88
0
61
255
175
7
0
1
8
4
0
0
1
0
0
0
0
0
5
1
0
11
1
36
165
174
60
0
0
0
206
254
58
9
2
0
0
0
0
0
2
0
0
0
0
3
3
6
0
0
0
1
20
0
14
3
0
37
226
191
12
0
0
0
0
1
8
4
0
0
0
0
0
7
0
1
4
0
0
1
0
6
8
0
0
181
255
79
0
2
6
8
7
4
2
0
0
0
0
0
0
0
0
0
3
0
1
10
4
2
0
0
49
237
224
13
6
0
0
0
0
0
0
1
8
0
0
0
0
0
9
0
0
3
0
0
0
0
13
4
203
255
114
0
0
4
0
0
1
3
1
0
1
0
0
0
0
0
0
0
0
0
0
0
0
0
0
0
0
0
0
0
0
0
0
0
0
0
0
0
0
0
0
0
0
0
0
0
0
0
0
0
0
0
0
0
0
0
0
0
0
0
0
0
0
0
0
0
0
0
0
0
0
0
0
0
0
0
0
0
0
0
0
0
0
0
0
0
0
0
0
0
0
0
0
0
0
0
0
0
0
0
0
0
0
0
0
0
0
0
0
0
0
0
0
0
0
0
0
0
0
0
0
0
0
0
0
0
0
