8
0
0
0
0
0
0
0
0
0
0
1
6
0
1
7
3
0
0
0
0
8
0
3
0
0
0
5
3
0
0
0
0
0
0
0
0
8
7
0
0
3
0
0
3
7
6
6
7
0
0
11
0
6
6
4
0
0
0
0
0
0
0
0
0
0
0
5
2
0
0
0
0
0
0
0
2
6
3
9
0
0
0
0
0
0
0
0
0
0
0
0
0
4
0
4
10
0
5
21
0
5
16
0
0
13
0
0
6
0
2
0
0
0
0
0
0
0
0
0
0
7
0
0
6
3
0
0
3
0
2
0
0
0
0
10
0
4
10
4
0
0
0
0
0
0
0
0
0
0
15
0
0
26
4
60
223
255
255
255
166
16
27
111
77
0
0
7
7
0
0
0
0
0
0
0
0
1
4
8
105
243
255
229
255
254
242
255
247
207
236
248
150
31
0
0
15
0
0
0
0
0
0
0
0
0
85
206
255
251
253
255
248
246
255
252
248
255
252
255
250
131
25
0
6
4
0
7
4
0
4
0
0
97
204
255
248
255
231
238
226
235
220
255
241
255
255
255
253
255
39
3
12
1
0
2
0
1
1
1
38
255
255
255
246
226
74
0
8
0
62
227
255
241
248
240
247
213
41
0
0
0
5
0
0
6
0
3
71
245
243
249
255
198
53
26
0
59
240
237
249
255
255
255
236
29
0
0
9
0
2
1
0
4
0
2
53
236
242
250
247
248
152
47
71
241
243
255
255
230
248
223
63
0
0
7
12
3
0
6
2
0
3
0
5
4
235
255
244
255
255
255
252
248
255
254
237
255
170
43
0
16
17
0
0
5
0
8
5
0
5
0
0
12
157
254
252
246
255
236
255
242
255
255
191
147
12
0
0
0
0
0
0
2
0
4
0
0
2
1
21
76
250
255
248
253
250
248
255
255
230
245
99
0
0
0
9
5
9
10
0
0
4
0
0
5
0
2
65
252
255
251
255
238
255
255
239
251
253
114
0
0
5
0
0
0
0
5
0
0
11
0
6
0
1
0
16
248
255
248
246
255
246
255
223
249
226
56
1
2
3
0
0
0
0
0
0
0
0
6
0
5
4
13
151
255
255
255
241
255
191
86
206
255
235
61
6
0
7
0
12
0
0
0
0
0
0
0
5
0
0
152
254
255
255
255
239
69
40
237
255
247
254
167
20
5
0
1
0
0
0
0
0
0
3
0
7
0
0
215
255
255
233
228
32
16
107
210
244
255
255
219
11
6
0
11
0
0
0
0
0
4
0
6
0
11
8
151
250
255
255
210
60
70
112
243
255
255
248
198
40
3
0
0
4
0
0
0
0
0
1
5
0
0
12
188
255
239
255
248
228
242
250
255
254
253
255
229
58
12
1
2
0
0
0
0
0
0
7
0
5
0
2
209
243
255
252
255
255
251
255
249
249
255
231
170
12
0
0
16
0
0
0
0
0
6
0
3
3
4
0
83
192
255
251
252
250
255
241
254
255
218
114
0
0
5
4
0
4
0
0
0
0
0
0
0
0
0
0
0
0
82
192
247
250
255
221
134
93
0
0
0
0
0
0
0
0
0
0
0
0
0
0
0
0
0
0
0
0
0
22
12
0
5
5
0
0
0
0
0
0
0
0
0
0
0
0
0
0
0
0
0
0
0
0
0
0
0
0
0
0
3
0
0
3
0
0
0
0
0
0
0
0
0
0
0
0
0
0
0
0
0
0
0
0
7
0
0
8
9
3
0
0
0
0
0
0
0
0
0
0
0
0
0
0
