0
0
0
0
0
0
0
0
0
3
0
0
10
0
0
6
0
2
5
0
3
2
0
3
1
0
0
0
0
0
0
0
0
0
0
0
0
4
0
2
6
0
7
0
6
0
2
0
0
17
0
0
8
0
0
0
0
0
0
0
0
0
0
0
0
0
0
0
0
0
9
0
0
5
5
7
2
0
3
5
0
0
0
0
0
0
0
0
0
0
0
0
0
0
16
0
3
1
15
0
1
0
0
0
23
0
15
0
0
0
0
0
0
0
0
0
0
0
0
0
0
0
15
0
0
0
0
0
0
0
18
8
0
0
3
0
16
0
0
0
0
0
0
0
0
0
0
0
0
210
248
255
252
251
246
255
251
248
41
14
8
8
0
17
0
0
0
0
0
0
0
0
0
0
0
0
0
117
163
255
253
252
251
248
254
247
255
205
32
0
4
0
5
0
0
0
0
0
0
0
0
0
0
0
0
0
54
251
239
249
255
239
255
255
239
249
193
29
11
0
7
0
0
0
0
0
1
6
0
0
3
0
2
159
219
246
255
254
244
255
249
255
232
254
255
201
10
0
4
0
0
0
0
7
0
0
0
6
1
1
40
221
251
243
250
250
155
2
0
152
255
255
239
255
190
19
1
0
0
0
0
7
0
0
6
0
0
54
174
245
249
255
231
255
3
0
7
1
153
247
236
246
233
57
0
0
0
0
0
4
0
2
4
0
0
94
255
249
255
233
255
114
0
0
0
3
51
253
255
249
252
138
6
0
0
0
0
6
0
0
0
2
7
92
249
255
228
252
119
0
14
17
0
3
47
255
241
246
250
148
1
0
0
0
0
0
2
2
0
4
14
99
255
245
251
248
87
3
1
0
0
0
42
210
255
247
254
143
9
0
0
0
0
0
5
8
0
0
5
91
255
253
250
134
11
6
0
0
14
3
0
102
255
250
255
144
0
0
0
0
0
0
5
0
0
6
0
45
190
254
250
155
0
0
14
0
0
0
15
95
246
249
245
150
10
0
0
0
0
0
11
1
0
3
0
0
157
246
255
161
0
7
0
12
3
0
44
224
248
244
255
142
12
0
0
0
0
0
7
0
0
3
5
10
145
255
255
238
150
4
0
0
0
0
42
252
255
254
255
138
0
0
0
0
0
4
2
0
0
0
1
0
84
229
240
255
241
134
0
0
9
9
63
245
239
255
224
169
0
0
0
0
0
4
0
4
2
0
0
0
16
212
255
241
247
255
0
2
0
0
43
255
255
246
255
162
0
0
0
0
0
1
0
4
4
5
4
0
0
22
248
255
250
249
202
209
63
1
221
236
245
249
198
37
3
0
0
0
0
6
0
1
0
1
0
6
0
11
215
251
231
255
255
240
255
255
255
255
255
255
158
2
0
0
0
0
0
6
0
2
0
0
0
4
0
0
28
182
255
245
249
255
240
251
238
255
242
172
0
0
10
0
0
0
0
0
0
3
0
9
0
8
0
0
7
44
182
255
255
231
255
254
255
238
173
20
0
10
0
0
0
0
0
0
0
0
0
0
0
0
0
5
0
5
38
39
47
135
246
255
251
161
37
0
6
11
0
0
0
0
0
0
0
0
0
0
0
0
0
8
0
0
1
5
3
6
14
0
0
0
0
0
3
1
1
0
0
0
0
0
0
0
0
0
0
0
0
0
1
1
0
0
5
0
0
11
6
0
3
7
0
0
4
0
0
0
0
0
0
0
0
0
0
0
0
1
1
4
4
0
0
5
21
0
0
0
0
1
6
3
4
0
0
0
0
