3
0
0
0
0
0
0
0
0
0
9
0
0
6
0
3
0
2
0
0
0
1
3
0
2
0
0
0
0
0
0
0
0
0
0
0
0
0
2
0
8
7
0
5
4
2
8
8
0
0
0
0
9
0
0
0
0
0
0
0
0
0
0
0
0
0
0
0
9
0
0
3
1
0
0
0
0
11
8
0
0
0
0
0
0
0
0
0
0
0
0
0
0
3
0
0
3
0
0
7
0
12
8
0
0
5
2
5
5
0
0
0
0
0
0
0
0
0
0
0
0
0
0
2
0
0
9
3
0
0
0
0
13
0
0
0
0
0
0
0
0
0
0
0
0
0
0
0
0
0
1
5
0
0
0
0
13
5
2
6
38
34
36
51
0
0
0
0
0
0
0
0
0
0
0
0
0
3
2
3
0
1
0
23
121
117
131
175
242
250
239
173
0
0
0
0
0
0
0
0
0
0
0
0
0
3
0
0
0
15
17
86
254
255
251
250
255
245
254
199
0
0
0
0
0
1
2
2
1
0
0
0
0
8
0
6
0
5
37
213
253
255
242
255
255
234
255
201
0
0
0
0
0
0
0
0
1
2
3
4
6
0
2
1
0
0
60
158
198
151
175
234
255
255
249
154
4
0
0
0
0
1
0
0
0
0
0
0
0
0
0
0
7
0
0
6
74
89
189
255
240
242
247
126
14
0
0
0
0
4
3
1
1
0
0
0
0
14
0
0
42
131
119
153
237
238
248
255
243
253
223
53
0
0
0
0
0
1
0
0
0
2
4
3
1
0
3
0
101
251
255
249
244
255
242
252
255
255
229
60
11
0
0
0
0
2
0
0
0
0
0
0
0
0
14
0
131
240
255
255
255
246
246
255
254
241
219
54
0
0
0
0
0
3
0
0
0
3
5
2
0
0
1
8
128
160
159
139
165
160
166
184
247
255
223
41
5
0
0
0
0
0
0
0
9
21
30
32
31
7
0
0
4
1
3
0
4
0
138
214
254
253
194
23
2
0
0
0
0
0
13
11
28
239
250
241
255
122
129
132
129
129
131
129
124
157
246
251
255
255
99
8
0
0
0
0
0
1
0
0
145
231
255
255
245
255
250
240
241
250
255
255
253
250
255
249
209
206
22
0
4
0
0
0
0
0
7
9
255
251
247
254
251
251
251
254
255
253
247
246
251
246
254
242
255
1
0
10
0
0
0
0
0
0
5
0
186
255
252
255
253
252
255
255
250
250
255
255
254
255
249
117
0
0
0
0
0
0
0
0
0
0
5
6
94
212
232
249
245
255
255
252
250
255
255
208
150
59
56
0
0
0
11
5
13
0
0
0
0
4
2
0
0
5
68
120
139
112
122
125
123
125
109
52
0
15
0
0
7
6
0
0
0
0
0
0
0
0
0
0
10
0
16
0
0
5
6
4
0
0
0
2
3
0
0
15
0
10
0
9
3
0
0
0
0
1
6
0
5
0
0
0
19
4
0
0
6
6
0
0
1
0
0
0
0
0
2
0
0
0
0
0
0
0
0
0
0
0
0
0
0
0
0
0
0
0
0
0
0
0
0
0
0
0
0
0
0
0
0
0
0
0
0
0
0
0
0
0
0
0
0
0
0
0
0
0
0
0
0
0
0
0
0
0
0
0
0
0
0
0
0
0
0
0
0
0
0
0
0
0
0
0
0
0
0
0
0
0
0
0
0
0
0
0
0
0
0
0
0
0
0
0
0
0
0
0
0
0
0
0
0
0
0
0
0
0
0
0
0
0
0
0
0
0
0
