1
0
0
0
0
0
0
0
0
1
0
0
13
0
0
22
0
2
3
0
0
7
7
0
0
0
0
0
0
0
0
0
0
0
0
0
0
0
8
8
0
6
0
0
15
0
5
7
1
7
8
0
4
0
0
0
0
0
0
0
0
0
0
0
0
6
0
6
4
8
9
5
0
0
0
0
0
0
0
0
0
0
0
0
0
0
0
0
0
0
0
0
0
0
12
0
0
0
0
9
15
14
4
0
3
3
0
3
3
0
0
0
0
0
0
0
0
0
0
0
0
24
0
0
33
3
11
0
0
0
0
0
16
16
0
0
5
0
0
0
0
0
0
0
0
0
0
0
0
0
0
3
0
0
3
17
248
255
168
16
0
2
6
4
0
0
0
0
0
0
0
0
0
0
0
0
0
11
1
20
2
0
21
127
255
248
237
105
15
1
0
2
10
0
0
0
0
0
0
0
0
0
0
0
0
0
0
0
0
8
54
255
246
251
255
118
6
1
0
6
0
0
0
0
0
0
0
0
0
0
0
0
0
0
6
0
0
8
184
255
251
243
255
120
6
0
0
3
0
0
0
0
0
0
0
0
0
0
0
0
0
0
1
0
0
0
188
255
254
255
225
90
6
2
0
1
2
0
0
0
0
0
0
0
0
0
0
0
0
2
0
4
0
18
207
255
252
238
114
25
0
0
1
0
4
0
0
0
0
0
0
0
0
0
0
0
0
0
0
8
0
86
236
255
248
191
15
0
0
0
4
0
1
0
0
0
0
0
0
0
0
0
0
0
0
0
0
4
0
165
255
252
249
186
0
0
5
0
6
0
0
0
0
0
0
0
0
0
0
0
0
0
0
3
0
0
14
219
255
249
254
193
0
9
4
0
1
0
1
0
0
0
0
0
0
0
0
0
0
0
0
3
0
0
76
244
255
251
255
190
2
0
0
2
0
0
2
0
0
0
0
0
0
0
0
0
0
0
0
0
0
6
135
254
254
253
251
194
9
0
0
17
1
0
0
0
0
0
0
0
0
0
0
0
0
0
0
0
4
0
140
250
255
250
255
184
6
0
3
0
12
0
6
0
0
0
0
0
0
0
0
0
0
0
0
0
4
0
129
243
243
250
252
105
0
0
5
0
10
0
0
0
0
0
0
0
0
0
0
0
0
0
0
4
4
0
137
255
255
255
200
25
0
3
4
0
4
1
0
0
0
0
0
0
0
0
0
0
0
0
0
0
0
1
169
250
255
242
108
0
4
4
0
0
0
6
0
0
0
0
0
0
0
0
0
0
0
0
0
7
10
43
233
253
255
255
71
0
9
0
0
0
0
5
0
0
0
0
0
0
0
0
0
0
0
0
0
0
0
11
200
232
248
249
13
1
0
0
4
6
0
2
0
0
0
0
0
0
0
0
0
0
0
0
0
2
0
0
149
255
254
253
0
3
0
0
3
0
3
1
0
0
0
0
0
0
0
0
0
0
0
0
0
0
11
0
119
255
243
249
3
7
0
9
0
0
3
4
0
0
0
0
0
0
0
0
0
0
0
0
0
3
7
0
43
255
255
243
1
0
0
0
0
0
0
0
0
0
0
0
0
0
0
0
0
0
0
0
0
0
11
0
0
4
0
23
0
0
0
0
0
0
0
0
0
0
0
0
0
0
0
0
0
0
0
0
0
6
2
2
15
0
0
0
9
0
0
0
0
0
0
0
0
0
0
0
0
0
0
0
0
0
0
0
0
3
0
0
0
6
13
0
0
0
0
0
0
0
0
0
0
0
0
0
0
