7
0
0
0
0
0
0
0
0
0
1
5
3
0
0
0
6
0
5
0
0
3
0
0
6
0
0
0
0
0
0
0
0
0
0
0
0
0
0
0
4
8
6
0
0
0
1
13
0
11
6
18
0
0
0
0
0
0
0
0
0
0
0
0
0
8
0
0
0
0
3
8
9
8
0
0
0
0
0
7
5
0
0
0
0
0
0
0
0
0
0
0
0
0
0
3
2
0
0
0
0
0
4
7
4
0
16
0
0
0
0
0
0
0
0
0
0
0
0
0
0
0
0
2
3
4
5
7
8
0
0
8
0
2
0
0
18
0
0
0
0
0
0
0
0
0
0
0
0
7
1
0
0
0
0
0
0
12
0
18
0
17
4
0
0
0
0
0
0
0
0
0
0
0
0
0
0
0
0
3
2
0
1
6
11
31
138
223
111
0
5
13
0
0
0
0
0
0
0
0
0
0
0
0
0
1
3
0
0
5
64
155
225
255
252
255
218
0
6
0
7
0
0
0
0
0
0
0
0
0
0
0
0
7
43
134
115
180
255
233
170
78
72
210
196
0
5
0
7
0
0
0
0
0
0
0
0
0
0
0
0
0
83
232
240
218
173
76
0
2
6
218
165
0
0
2
0
0
0
0
0
0
0
0
0
0
0
0
0
0
0
49
37
11
1
3
2
0
76
255
114
0
5
11
4
0
0
0
0
0
0
0
0
0
0
0
0
16
0
0
0
0
0
0
0
13
207
231
35
0
1
0
9
0
0
0
0
0
0
0
0
0
0
0
0
0
0
0
2
3
12
8
6
75
253
113
0
4
4
0
0
0
0
0
0
0
0
0
0
0
0
0
0
0
12
12
2
0
0
0
10
207
209
20
6
3
5
8
0
0
0
0
0
0
0
0
0
0
0
0
0
1
0
0
0
0
7
4
123
255
96
0
5
0
0
7
0
0
0
0
0
0
0
0
0
0
0
0
0
0
0
2
2
3
2
25
227
210
0
19
0
0
4
1
2
0
0
0
0
4
0
1
0
0
6
1
6
0
0
2
15
0
11
117
250
95
18
0
4
0
0
4
0
0
0
0
0
1
0
1
12
7
0
0
0
21
82
93
135
172
214
255
235
23
0
0
6
0
0
10
3
0
0
0
0
3
7
0
0
0
6
97
163
231
250
237
255
244
235
246
118
0
0
8
8
0
0
10
0
0
0
0
0
0
11
0
5
0
6
104
160
90
57
23
0
20
183
205
14
3
2
6
1
0
3
7
0
0
0
0
0
0
13
0
6
6
0
19
1
2
0
1
0
78
255
159
0
4
0
0
0
0
1
4
0
0
0
0
0
0
12
0
0
0
0
9
0
5
6
0
10
160
225
33
4
0
0
0
5
3
0
0
9
0
0
0
0
0
1
3
1
0
0
2
3
0
11
0
47
245
194
14
0
0
4
5
6
6
0
0
4
0
0
0
0
4
0
0
3
4
1
0
0
6
1
2
120
255
58
0
10
4
6
0
0
4
6
0
0
0
0
0
0
0
0
0
0
0
0
0
0
3
0
22
255
199
0
9
0
0
0
0
0
0
0
0
0
0
0
0
0
0
0
0
0
0
0
0
0
9
0
43
241
185
4
0
20
0
0
0
0
0
0
0
0
0
0
0
0
0
0
0
0
0
0
0
0
0
1
0
15
0
0
0
0
0
0
0
0
0
0
0
0
0
0
0
0
0
0
0
0
0
0
0
0
0
6
5
0
1
14
1
0
0
0
0
0
0
0
0
0
0
0
0
0
