4
0
0
0
0
0
0
0
0
7
0
0
0
0
3
2
0
0
0
0
0
0
0
0
0
0
0
0
0
0
0
0
0
0
0
0
0
0
7
8
0
0
2
6
3
0
0
0
0
0
0
0
0
0
0
0
0
0
0
0
0
0
0
0
0
0
0
0
7
8
0
0
4
0
0
0
0
0
0
0
0
0
0
0
0
0
0
0
0
0
0
0
0
2
0
0
0
11
3
0
7
0
0
0
0
0
0
0
0
0
0
0
0
0
0
0
0
0
0
0
0
6
14
4
0
0
0
0
0
0
0
0
0
0
0
0
0
0
0
0
0
0
0
0
0
0
0
0
0
0
0
5
18
8
1
9
11
0
0
0
0
0
0
0
0
0
0
0
0
0
0
0
0
0
0
0
0
18
0
0
6
0
0
6
0
0
0
0
0
0
0
0
0
0
0
0
0
0
0
0
0
0
0
0
0
0
1
8
0
42
189
255
198
0
0
0
0
0
0
0
0
0
0
0
0
0
4
0
10
0
0
8
0
1
16
0
144
255
248
208
161
0
9
0
16
0
4
0
3
0
15
0
1
0
0
0
0
22
0
0
5
0
41
202
245
255
89
0
12
18
0
5
0
0
0
0
0
8
0
0
8
0
3
2
0
6
0
16
0
99
203
255
255
57
6
0
0
0
7
2
0
0
81
229
255
167
7
3
10
2
0
1
11
0
0
8
50
226
255
219
29
3
0
5
4
0
14
0
1
22
244
244
228
149
0
0
12
10
0
5
0
4
1
0
209
255
216
32
0
8
0
6
0
4
0
2
38
255
255
229
53
9
0
6
0
0
7
2
0
10
0
118
255
249
30
3
8
0
12
0
5
1
0
3
167
255
241
41
0
0
16
8
0
0
16
0
0
1
73
255
234
90
3
0
0
20
3
0
4
0
14
58
245
249
126
0
0
0
0
0
1
6
0
2
0
14
196
255
204
1
0
5
43
67
91
91
86
80
90
254
254
234
2
0
8
3
0
11
0
0
10
0
0
14
132
255
229
111
180
245
255
253
254
255
255
255
250
253
255
212
4
0
0
0
0
0
0
3
1
0
7
0
28
179
254
255
245
219
189
174
166
144
118
82
255
255
212
13
3
0
14
0
0
0
0
2
2
0
14
0
0
5
4
30
14
0
0
0
6
5
0
119
246
234
46
0
8
10
0
0
0
0
0
0
18
1
0
0
2
15
0
0
0
2
3
0
0
0
0
177
255
196
13
0
0
3
16
0
0
0
0
0
2
1
8
9
0
0
0
3
0
0
2
6
3
2
5
218
255
61
0
0
20
0
0
0
0
0
0
11
0
0
0
11
10
6
13
4
0
0
0
0
0
0
0
255
254
6
0
11
0
0
0
0
0
0
0
0
7
12
0
0
0
0
0
0
0
8
6
1
0
2
5
255
255
0
10
0
3
0
11
0
0
0
0
5
0
0
3
3
4
1
3
0
2
1
0
0
3
2
0
175
235
13
3
0
10
4
0
0
0
0
0
0
0
0
0
0
0
0
0
0
0
0
0
0
0
0
0
32
126
0
0
5
0
4
1
0
0
0
0
0
0
0
0
0
0
0
0
0
0
0
0
0
0
0
0
0
40
0
2
0
1
2
1
0
0
0
0
0
0
0
0
0
0
0
0
0
0
0
0
0
0
0
0
0
0
0
9
0
2
0
0
0
0
0
0
0
0
0
0
0
0
0
0
0
0
0
0
0
0
0
0
15
0
11
3
0
0
0
1
0
0
0
0
