6
0
0
0
0
0
0
0
0
0
4
1
2
0
9
0
6
0
7
0
0
2
2
0
3
0
0
0
0
0
0
0
0
0
0
0
0
17
0
8
0
13
7
13
0
16
0
0
14
6
0
0
0
0
0
0
0
0
0
0
0
0
0
0
0
0
0
6
0
0
0
0
6
0
8
0
0
0
3
0
5
0
0
0
0
0
0
0
0
0
0
0
0
2
10
0
15
6
14
35
151
255
104
2
2
0
0
7
0
0
0
0
0
0
0
0
0
0
0
0
0
130
39
7
0
0
9
129
255
252
152
29
0
8
8
0
0
0
0
0
0
0
0
0
0
0
0
0
0
13
0
13
4
2
124
249
255
234
60
0
3
4
0
6
0
0
0
0
0
0
0
0
0
0
0
0
0
0
4
9
0
15
213
255
241
43
14
0
2
2
0
0
0
0
0
0
0
0
0
0
0
0
0
0
0
7
0
0
6
148
247
242
198
30
0
0
9
0
0
11
0
0
0
0
0
0
0
0
0
0
0
0
0
0
0
12
43
249
251
218
26
0
5
0
0
6
0
0
8
0
0
0
0
0
0
0
0
0
0
0
0
0
13
0
121
255
255
186
0
0
3
0
0
4
0
0
4
0
0
0
0
0
0
0
0
0
0
0
0
0
2
0
190
248
255
143
19
10
2
0
0
0
5
3
0
0
0
0
0
0
0
0
0
0
0
0
0
12
0
73
247
254
247
60
0
0
0
8
6
0
0
0
0
0
0
0
0
0
0
0
0
0
0
0
0
1
1
161
255
237
149
12
0
7
4
0
0
3
4
1
3
0
0
0
0
0
0
0
0
0
0
0
0
0
1
161
255
247
74
8
0
0
35
62
67
50
1
0
0
0
0
0
0
0
0
0
0
0
0
0
0
8
0
145
250
255
70
1
0
68
175
255
255
204
71
0
24
0
0
0
0
0
0
0
0
0
0
0
0
0
12
198
247
200
19
24
177
241
255
245
255
255
139
7
0
0
0
0
0
0
0
0
0
0
0
0
0
0
33
243
255
221
43
196
248
223
174
137
252
255
147
0
13
0
0
0
0
0
0
0
0
0
0
0
0
5
16
238
247
252
241
253
246
70
38
194
255
214
29
14
0
0
0
0
0
0
0
0
0
0
0
0
0
1
6
145
250
255
245
234
69
88
133
255
253
152
0
2
5
0
0
0
0
0
0
0
0
0
0
0
0
0
14
23
179
255
255
224
231
250
255
241
168
33
4
4
0
0
0
0
0
0
0
0
0
0
0
0
0
12
0
0
55
242
252
255
255
242
226
106
0
9
2
0
6
0
0
0
0
0
0
0
0
0
0
0
0
4
0
0
39
255
128
53
127
127
44
10
0
0
0
24
0
0
0
0
0
0
0
0
0
0
0
0
0
7
0
0
12
107
226
31
5
14
0
0
5
5
0
0
0
0
0
0
0
0
0
0
0
0
0
0
0
0
0
12
0
0
3
0
0
1
0
20
0
4
0
12
0
0
0
0
0
0
0
0
0
0
0
0
0
0
0
0
0
0
0
0
0
0
0
0
0
0
0
0
0
0
0
0
0
0
0
0
0
0
0
0
0
0
0
0
0
0
0
0
0
0
0
0
0
0
0
0
0
0
0
0
0
0
0
0
0
0
0
0
0
0
0
0
0
0
0
0
0
0
0
0
0
0
0
0
0
0
0
0
0
0
0
0
0
0
0
0
0
0
0
0
0
0
0
0
0
0
0
0
0
0
0
0
0
0
0
0
0
