9
0
0
0
0
0
0
0
0
0
5
0
0
0
0
0
3
0
0
4
0
2
0
0
4
0
0
0
0
0
0
0
0
0
0
0
0
5
5
0
0
9
7
0
0
0
6
3
0
0
4
0
0
0
0
0
0
0
0
0
0
0
0
0
0
0
0
3
1
0
0
2
14
10
2
0
2
12
2
0
7
0
0
0
0
0
0
0
0
0
0
0
0
14
4
1
2
1
3
0
0
0
0
0
0
7
0
0
5
0
0
0
0
0
0
0
0
0
0
0
0
0
0
0
7
0
1
7
0
0
13
4
0
2
0
6
0
0
0
0
0
0
0
0
0
0
0
0
0
8
0
4
4
0
0
7
0
10
14
0
1
8
0
0
0
0
0
0
0
0
0
0
0
0
0
0
0
0
0
23
74
108
142
153
127
115
86
6
0
2
0
12
0
0
0
0
0
0
0
0
0
0
0
0
0
10
79
196
255
248
243
255
255
253
242
106
1
5
60
79
1
0
0
0
0
14
0
0
12
0
5
1
78
200
243
253
247
189
193
126
100
190
241
105
0
97
248
219
0
0
0
0
0
0
3
0
5
4
18
170
239
241
255
225
97
0
8
7
0
2
74
212
48
210
255
227
11
0
0
0
0
0
9
0
0
0
143
243
255
255
109
14
0
11
0
0
7
0
117
245
255
248
241
216
0
0
0
0
0
3
0
0
6
0
243
253
235
61
5
0
0
1
0
0
0
8
98
249
253
255
226
61
2
0
0
0
0
0
0
0
9
9
205
255
223
16
0
0
4
0
9
6
0
0
31
255
239
255
189
1
0
0
0
0
0
2
2
1
0
0
224
255
220
13
0
5
7
0
13
5
0
47
207
246
255
217
91
0
2
0
0
0
0
1
0
3
0
0
205
247
251
201
55
5
9
0
0
33
89
183
240
255
246
82
0
10
0
0
0
0
0
4
0
0
3
0
0
195
255
255
225
226
143
127
161
244
248
255
244
253
255
20
2
7
3
0
0
0
0
0
0
2
11
0
0
52
138
252
255
245
244
255
255
249
212
170
250
246
253
25
11
0
4
0
0
0
0
15
0
0
5
6
0
0
10
30
144
173
172
164
86
27
26
62
241
255
254
22
0
1
0
0
0
0
0
0
0
0
0
0
4
0
0
5
17
0
0
1
0
1
2
43
255
255
218
23
0
18
0
0
0
0
0
0
9
12
0
0
0
5
8
0
0
0
8
5
4
6
0
70
255
234
159
9
0
5
0
0
0
0
0
3
3
4
3
3
1
0
0
1
18
6
0
10
0
0
15
62
251
247
139
1
0
0
5
0
0
0
0
0
0
0
0
2
1
2
6
7
0
0
0
1
10
0
5
54
255
255
135
0
11
3
7
0
0
0
0
8
9
6
0
0
0
0
3
6
0
18
15
0
0
6
0
53
254
243
152
6
2
0
0
0
0
0
0
0
0
0
0
2
11
6
0
1
0
4
0
0
10
0
0
51
255
255
220
54
0
0
6
0
0
0
0
0
0
0
0
0
0
0
0
0
0
0
0
0
0
0
0
46
234
243
242
162
3
0
0
0
0
0
0
0
0
0
0
0
0
0
0
0
0
0
0
0
0
0
0
14
3
195
141
0
3
0
15
0
0
0
0
0
0
0
0
0
0
0
0
0
0
0
0
0
0
0
0
0
6
7
0
3
4
0
0
0
0
0
0
0
0
0
0
0
0
0
0
0
0
0
0
0
0
0
0
0
27
0
0
13
1
1
2
0
0
0
0
