5
0
0
0
0
0
0
0
0
0
0
0
0
0
0
0
0
0
0
0
0
0
0
0
0
0
0
0
0
0
0
0
0
0
0
0
0
0
0
0
0
0
0
0
0
0
0
0
0
0
0
0
0
0
0
0
0
0
0
0
0
0
0
0
0
0
0
0
0
0
0
0
0
0
0
0
0
0
0
0
0
0
0
0
0
0
0
0
0
0
0
0
0
0
0
0
0
0
0
0
0
0
0
0
0
0
0
0
0
0
0
0
0
0
0
0
0
0
0
0
0
0
0
0
0
0
0
0
0
0
0
0
0
0
0
0
0
0
0
0
0
0
0
0
0
0
0
0
0
0
0
0
0
0
0
0
0
0
0
0
0
0
0
0
0
0
0
0
0
0
0
0
0
0
0
0
0
0
0
0
0
0
0
0
0
0
0
0
0
0
0
0
0
0
0
0
0
0
0
0
0
0
0
0
0
0
0
0
0
0
0
0
0
0
0
0
0
0
0
0
0
0
0
0
0
1
0
8
0
0
18
0
0
6
0
12
133
168
94
84
93
97
79
103
161
193
193
188
184
141
84
7
0
0
6
5
0
23
0
5
6
0
129
225
252
244
254
255
251
255
255
255
255
251
255
244
213
201
119
14
0
5
0
8
2
0
7
7
31
203
255
255
241
255
235
178
141
134
142
128
81
45
42
27
0
0
2
0
0
0
1
0
0
0
2
74
241
249
239
196
100
22
3
0
1
0
1
7
3
0
0
10
6
1
11
12
9
0
3
5
0
12
0
243
255
207
48
0
15
0
0
11
0
6
0
0
7
0
0
0
0
5
0
0
0
1
0
7
0
0
18
240
231
241
153
55
12
5
1
0
0
2
0
0
3
1
4
5
0
0
0
17
9
0
13
0
0
4
0
56
249
255
255
244
240
195
70
5
7
11
0
0
1
0
4
6
0
9
0
0
0
0
5
0
4
3
0
0
8
83
102
155
228
235
255
248
94
25
1
0
5
0
0
0
6
2
0
7
5
0
0
0
0
0
0
0
0
0
1
0
27
71
171
248
255
194
45
0
1
2
0
9
0
0
0
0
0
0
0
0
0
0
0
0
0
0
6
4
0
1
21
60
174
248
229
30
0
6
0
0
0
0
0
0
0
0
0
0
0
0
0
0
0
4
4
1
0
0
0
0
14
172
250
135
0
2
5
2
0
0
0
0
0
0
0
0
0
0
0
0
0
134
135
0
0
17
0
0
1
118
228
177
7
0
1
6
0
0
0
0
0
0
0
0
0
0
0
0
0
77
255
117
10
0
0
11
131
225
255
84
4
5
0
0
3
0
0
0
0
0
0
0
0
0
0
0
0
7
139
244
245
130
205
255
255
255
151
10
0
8
0
0
4
0
0
0
0
0
0
0
0
0
0
0
0
8
1
82
185
235
255
238
223
117
0
9
0
0
4
0
1
0
0
0
0
0
0
0
0
0
0
0
0
1
1
7
0
9
36
69
3
0
4
3
5
0
10
0
0
0
0
0
0
0
0
0
0
0
0
0
0
0
0
0
0
0
0
0
0
0
0
0
0
0
0
0
0
0
0
0
0
0
0
0
0
0
0
0
0
0
0
0
0
0
0
0
0
0
0
0
0
0
0
0
0
0
0
0
0
0
0
0
0
0
0
0
0
0
0
0
0
0
0
0
0
0
0
0
0
0
0
0
0
0
0
0
0
0
0
0
0
0
0
0
0
0
0
0
0
0
0
0
0
0
0
0
0
0
0
0
0
0
0
0
0
