5
0
0
0
0
0
0
0
0
0
4
0
0
6
3
0
3
1
0
0
0
0
1
0
5
0
0
0
0
0
0
0
0
0
0
0
0
9
5
5
0
0
0
3
6
0
3
11
5
2
6
0
0
0
0
0
0
0
0
0
0
0
0
0
0
1
0
0
7
1
6
6
0
1
0
0
0
0
0
6
5
0
0
0
0
0
0
0
0
0
0
0
0
5
0
0
4
6
6
4
0
15
0
0
9
1
0
2
0
0
0
0
0
0
0
0
0
0
0
0
0
0
4
0
0
5
0
0
13
0
1
6
9
0
0
17
1
0
0
0
0
0
0
0
0
0
0
0
0
11
0
0
34
103
147
191
247
254
255
240
251
255
255
218
70
0
0
0
0
0
0
0
0
0
0
0
0
0
0
70
194
250
255
255
252
248
255
255
249
235
255
255
151
0
0
0
0
0
0
0
0
0
0
0
0
4
0
133
255
255
237
255
249
253
252
242
255
255
233
191
64
0
0
0
0
0
0
0
0
0
0
0
0
1
0
230
255
227
157
113
44
39
52
41
50
37
37
6
2
0
0
0
0
0
0
0
0
0
0
0
0
0
49
255
190
6
13
0
0
7
1
0
15
2
0
0
0
0
0
0
0
0
0
0
0
0
0
0
0
4
232
254
251
114
12
10
1
0
0
0
0
0
16
9
0
0
0
0
0
0
0
0
0
0
0
0
0
65
239
249
244
240
250
167
41
0
0
8
6
0
0
6
7
0
0
0
0
0
0
0
0
0
0
0
0
129
240
255
255
255
255
223
255
111
26
0
0
12
0
0
7
0
0
0
0
0
0
0
0
0
0
0
0
64
255
171
238
255
247
255
255
252
142
31
0
20
12
0
0
0
0
0
0
0
0
0
0
0
0
0
0
3
28
0
43
14
27
125
196
255
244
145
5
0
0
0
2
0
0
0
0
0
0
0
0
0
0
0
0
0
0
12
0
11
0
4
79
238
254
164
15
1
3
3
0
0
0
0
0
0
3
0
8
0
12
0
8
0
0
6
7
0
1
5
0
37
255
243
25
0
2
0
6
0
0
0
0
0
3
0
9
0
0
1
0
7
0
0
0
0
0
7
0
10
198
247
28
0
18
5
0
0
0
0
0
0
2
0
6
3
0
51
19
0
0
10
15
7
6
9
3
30
204
248
33
0
0
13
1
0
0
0
0
2
4
0
0
1
2
129
116
18
0
0
0
0
0
0
6
177
255
158
3
15
0
13
0
0
0
0
0
1
8
0
0
0
4
186
211
79
28
0
0
22
85
186
255
255
255
96
5
2
0
0
10
0
0
0
0
0
4
0
3
5
13
204
255
255
199
159
179
218
246
252
243
240
117
14
0
0
27
0
0
0
0
0
0
0
1
0
6
10
12
175
255
242
250
255
252
241
250
255
251
95
14
8
3
0
9
0
6
0
0
0
0
5
5
0
0
0
0
126
214
255
255
249
246
255
255
197
101
0
0
0
0
12
0
0
6
0
0
0
0
0
0
1
4
0
0
12
37
190
235
255
228
134
46
3
0
0
0
0
0
0
0
0
0
0
0
0
0
3
0
0
2
0
0
1
15
0
0
1
4
5
4
4
4
0
0
0
0
0
0
0
0
0
0
0
0
6
0
0
1
2
0
0
0
18
8
0
0
0
0
0
0
0
0
0
0
0
0
0
0
0
0
0
0
5
0
0
2
5
1
0
0
0
0
3
6
3
1
2
6
0
0
0
0
0
0
0
0
0
0
0
0
