7
0
0
0
0
0
0
0
0
0
7
5
1
8
0
0
8
0
0
10
3
0
6
0
0
0
0
0
0
0
0
0
0
0
0
0
0
10
0
0
0
0
10
11
0
5
0
1
0
0
14
6
3
0
0
0
0
0
0
0
0
0
0
0
0
0
11
10
0
0
0
0
0
0
0
7
6
7
0
0
0
0
0
0
0
0
0
0
0
0
0
0
0
0
8
0
0
18
11
0
7
0
0
0
0
5
0
0
13
0
0
0
0
0
0
0
0
0
0
0
0
3
4
0
3
12
0
0
6
0
8
0
0
0
8
4
0
0
0
0
0
0
0
0
0
0
0
0
0
12
0
0
9
0
0
7
0
8
3
1
10
0
0
14
10
0
0
0
0
0
0
0
0
0
0
0
0
0
4
3
0
5
10
2
0
1
0
0
8
0
0
17
0
0
0
0
0
0
0
0
0
0
0
0
0
91
251
255
172
136
73
57
154
213
246
255
255
248
255
192
6
0
0
0
0
0
7
0
0
11
0
39
151
209
247
255
246
255
247
255
250
253
255
250
251
244
252
249
2
0
0
0
0
0
15
6
0
0
1
85
213
230
236
250
206
216
228
208
177
128
228
216
255
255
233
140
0
0
0
0
0
5
0
0
6
18
0
0
5
0
5
61
18
0
8
0
2
2
0
27
222
252
255
32
4
0
0
0
0
13
0
0
0
0
1
6
8
2
0
22
11
0
3
0
7
0
11
200
244
255
150
4
3
0
0
0
0
0
0
13
13
0
0
0
0
7
0
0
0
0
0
1
0
0
131
248
248
239
39
7
0
0
0
0
0
12
0
0
0
1
15
18
7
0
18
3
6
0
1
0
0
97
230
249
247
97
0
0
14
0
0
0
0
0
1
2
0
0
0
0
0
2
9
0
0
5
5
0
33
217
255
255
90
0
9
7
0
0
0
0
0
0
4
2
1
4
0
0
5
0
0
2
8
0
0
33
207
244
255
170
0
1
5
0
10
0
0
0
0
0
0
0
0
0
0
0
0
0
0
0
5
0
9
214
241
252
210
14
0
1
0
11
0
0
0
0
0
0
0
0
0
0
0
0
0
0
8
2
6
0
128
255
255
231
56
0
1
8
6
0
0
0
0
0
0
0
0
0
0
0
0
0
0
1
0
2
0
75
255
245
255
114
0
8
0
0
10
0
0
0
0
0
0
0
0
0
0
0
0
0
0
0
4
0
60
240
247
243
135
0
1
17
0
0
0
2
0
0
0
0
0
0
0
0
0
0
0
0
0
0
7
50
225
246
255
144
4
0
19
0
0
9
1
0
1
0
0
0
0
0
0
0
0
0
0
0
0
0
0
177
255
231
218
0
0
6
0
0
7
0
11
0
0
0
0
0
0
0
0
0
0
0
0
0
0
0
97
244
227
251
27
0
2
2
0
10
6
0
3
10
0
0
0
0
0
0
0
0
0
0
0
0
0
24
243
239
255
124
0
10
0
4
0
0
3
14
0
12
0
0
0
0
0
3
0
0
0
14
1
0
91
231
248
255
178
17
0
23
0
0
0
0
0
0
0
0
0
0
0
0
0
0
0
15
0
0
0
13
124
250
255
205
76
13
5
0
0
0
0
0
0
0
0
0
0
0
0
0
0
1
0
9
0
0
0
5
63
250
243
113
0
0
2
0
13
0
0
0
0
0
0
0
0
0
0
0
0
9
0
0
0
5
8
0
0
8
6
0
0
10
9
0
0
0
0
0
0
0
0
0
0
0
0
0
0
