0
0
0
0
0
0
0
0
0
12
0
0
15
0
4
7
0
7
0
1
0
0
6
0
6
0
0
0
0
0
0
0
0
0
0
0
0
0
0
20
0
1
1
4
0
0
3
1
14
6
0
4
0
0
0
0
0
0
0
0
0
0
0
0
0
9
13
0
0
6
3
0
7
9
0
0
0
5
7
0
4
0
0
0
0
0
0
0
0
0
0
0
0
0
0
11
10
4
0
13
128
255
132
1
0
0
1
0
15
0
0
0
0
0
0
0
0
0
0
0
0
3
21
0
0
3
0
193
248
250
119
5
81
0
8
9
0
0
0
0
0
0
0
0
0
0
0
0
0
0
0
11
0
12
191
245
255
191
8
238
254
144
0
18
4
0
0
0
0
0
0
0
0
0
0
0
0
0
7
0
3
60
255
255
242
9
0
255
255
104
30
0
0
0
0
0
0
0
0
0
0
0
0
0
0
0
0
0
64
255
254
186
11
2
0
137
252
255
0
0
13
0
0
0
0
0
0
0
0
0
0
0
0
0
0
20
171
255
255
119
2
1
0
70
247
255
189
0
9
0
0
0
0
0
0
0
0
0
0
0
0
7
0
60
255
248
185
7
3
5
2
8
253
248
246
13
0
0
0
0
0
0
0
0
0
0
0
0
0
0
11
255
251
255
62
4
0
0
0
0
255
255
238
11
0
0
0
0
0
0
0
0
0
0
0
0
0
6
0
255
245
255
7
0
0
0
17
0
253
255
255
9
8
0
0
0
0
0
0
0
0
0
0
0
0
5
49
255
255
205
0
0
13
0
8
6
126
254
255
38
0
0
0
0
0
0
0
0
0
0
0
0
0
0
204
254
234
0
5
0
1
0
0
2
123
255
255
18
0
0
0
0
0
0
0
0
0
0
0
0
0
117
255
255
151
0
0
11
0
1
18
0
255
248
255
0
20
0
0
0
0
0
0
0
0
0
0
0
0
137
251
250
122
4
0
9
0
0
0
11
251
255
195
0
0
0
0
0
0
9
0
1
13
0
1
5
0
255
255
249
143
0
15
0
0
10
0
52
255
249
130
10
0
0
0
0
0
7
8
11
0
0
1
0
3
254
250
255
0
20
7
0
10
0
67
255
255
255
0
0
7
0
0
0
0
0
0
0
0
9
0
14
119
255
255
175
13
0
0
0
8
134
255
243
255
143
0
4
0
0
0
0
0
0
4
2
1
7
0
9
124
245
255
255
3
0
13
60
119
248
255
255
187
0
7
2
11
0
0
0
0
2
4
6
0
0
4
0
7
255
252
249
189
113
255
255
255
255
255
198
0
0
0
0
4
0
0
0
0
0
0
0
0
0
10
0
0
186
255
255
255
251
253
242
255
245
126
0
18
17
0
13
0
0
0
0
0
14
0
4
9
0
0
0
16
70
121
255
250
255
255
187
126
8
5
3
0
0
20
3
0
0
0
0
0
0
2
3
0
4
7
0
0
4
0
5
6
0
0
7
0
0
0
0
3
0
5
0
9
0
0
0
0
0
0
0
0
0
0
0
0
0
0
0
0
0
0
0
0
0
0
0
0
0
0
0
0
0
0
0
0
0
0
0
0
0
0
0
0
0
0
0
0
0
0
0
0
0
0
0
0
0
0
0
0
0
0
0
0
0
0
0
0
0
0
0
0
0
0
0
0
0
0
0
0
0
0
0
0
0
0
0
0
0
0
0
0
0
0
0
0
0
0
0
0
0
0
0
0
0
0
0
0
0
0
0
0
0
0
0
0
0
0
0
0
