6
0
0
0
0
0
0
0
0
0
5
0
4
12
0
0
0
0
12
0
0
28
0
2
3
0
0
0
0
0
0
0
0
0
0
0
0
0
14
1
0
0
0
11
4
6
0
7
3
0
7
0
0
0
0
0
0
0
0
0
0
0
0
0
0
3
6
0
1
0
2
8
0
1
0
0
0
0
4
0
6
0
0
0
0
0
0
0
0
0
0
0
0
4
0
0
8
5
2
4
0
0
18
0
91
249
88
0
4
0
0
0
0
0
0
0
0
0
0
0
0
0
0
6
1
0
0
4
9
12
0
82
229
220
31
15
0
0
0
0
0
0
0
0
0
0
0
0
0
0
6
5
0
0
9
0
0
40
168
255
255
99
0
0
7
0
0
0
0
0
0
0
0
0
0
0
0
3
1
0
0
13
6
0
34
195
255
203
107
0
3
10
4
0
0
0
0
0
0
0
0
0
0
0
0
0
0
0
4
8
0
15
166
253
226
29
0
15
0
0
0
0
0
0
0
0
0
0
0
0
0
0
0
4
0
0
3
0
25
54
255
209
42
0
2
0
7
0
0
0
0
0
0
0
0
0
0
0
0
0
0
0
14
8
9
0
116
255
242
88
0
0
1
0
5
0
9
0
0
0
0
0
0
0
0
0
0
0
0
3
0
4
0
129
243
245
112
2
0
7
2
0
5
0
4
0
0
0
0
0
0
0
0
0
0
0
0
0
4
0
181
242
211
111
6
0
0
11
0
0
9
0
0
0
0
0
0
0
0
0
0
0
0
0
0
3
20
71
236
255
117
0
0
0
2
0
0
0
5
0
2
0
0
0
0
0
0
0
0
0
0
0
0
0
39
255
255
62
0
0
10
0
0
0
0
2
0
0
10
0
0
0
0
0
0
0
0
0
0
0
0
2
211
240
186
0
5
3
0
0
2
3
9
3
0
0
4
0
0
0
0
0
0
0
0
0
0
0
0
21
233
233
15
19
23
0
6
2
0
0
4
1
0
4
0
0
0
0
0
0
0
0
0
0
0
0
0
97
243
245
21
205
230
209
211
117
4
0
9
0
7
4
0
0
0
0
0
0
0
0
0
0
0
0
0
90
255
223
59
245
254
255
251
255
155
0
0
0
0
0
1
0
0
0
0
0
0
0
0
0
0
0
0
87
239
241
0
3
0
0
120
236
255
105
3
11
15
0
9
0
0
0
0
0
0
0
0
0
0
0
0
4
206
231
76
31
3
7
9
87
249
235
2
0
10
0
0
0
0
0
0
0
0
0
0
0
0
0
0
0
133
250
255
167
66
37
18
153
254
230
17
0
9
7
5
0
0
0
0
0
0
0
0
0
0
0
0
18
0
122
246
254
247
233
255
251
185
43
0
0
0
0
0
0
0
0
0
0
0
0
0
0
0
0
0
0
9
9
96
133
183
245
184
174
79
0
1
10
6
0
6
0
0
0
0
0
0
0
0
0
0
0
0
6
0
0
10
0
0
5
3
0
0
13
0
0
8
0
4
0
0
0
0
0
0
0
0
0
0
0
0
0
0
0
0
0
0
0
0
0
0
0
0
0
0
0
0
0
0
0
0
0
0
0
0
0
0
0
0
0
0
0
0
0
0
0
0
0
0
0
0
0
0
0
0
0
0
0
0
0
0
0
0
0
0
0
0
0
0
0
0
0
0
0
0
0
0
0
0
0
0
0
0
0
0
0
0
0
0
0
0
0
0
0
0
0
0
0
0
0
0
0
0
0
0
0
0
0
0
0
0
0
0
0
0
