4
0
0
0
0
0
0
0
0
1
0
0
4
8
0
8
0
5
0
10
4
0
5
0
5
0
0
0
0
0
0
0
0
0
0
0
0
0
0
0
0
0
2
1
0
0
17
0
0
8
0
5
2
0
0
0
0
0
0
0
0
0
0
0
0
0
0
5
0
0
10
0
5
0
14
0
0
13
0
5
0
0
0
0
0
0
0
0
0
0
0
0
0
1
4
3
2
3
5
0
5
10
0
1
19
0
8
3
2
0
0
0
0
0
0
0
0
0
0
0
0
3
0
0
0
5
0
0
0
0
11
4
2
0
6
0
0
0
0
0
0
0
0
0
0
0
0
0
0
1
0
20
0
1
0
6
0
14
182
87
4
2
18
8
8
0
0
0
0
0
0
0
0
0
0
0
0
0
18
139
51
2
2
1
0
11
255
164
0
0
0
0
0
0
0
0
0
0
0
0
0
0
0
0
0
0
53
255
114
8
4
0
6
18
254
233
6
5
1
0
8
0
0
0
0
0
0
0
0
0
0
0
0
4
133
253
121
10
3
0
2
14
252
255
0
3
0
8
0
0
0
0
0
0
0
0
0
0
0
0
0
9
158
245
92
0
1
9
0
25
252
252
0
0
1
0
0
0
0
0
0
0
0
0
0
0
0
0
0
0
208
204
16
0
4
0
7
30
247
250
1
0
5
0
4
0
0
0
0
0
0
0
0
0
0
0
0
13
246
172
0
12
6
0
8
23
242
255
0
0
5
0
4
0
0
0
0
0
0
0
0
0
0
0
0
94
254
170
10
4
0
12
0
19
246
255
0
2
0
4
0
0
0
0
0
0
0
0
0
0
0
0
0
97
255
165
2
1
0
7
2
23
253
252
0
4
0
7
0
0
0
0
0
0
0
0
0
0
0
0
0
29
255
176
0
5
0
0
9
26
250
205
1
0
0
3
0
0
0
0
0
0
0
0
0
0
0
0
0
0
249
215
16
0
4
7
0
23
241
159
5
0
0
0
3
0
0
0
0
0
0
0
0
0
0
0
0
6
244
254
27
0
1
39
86
197
244
227
0
0
0
8
0
0
0
0
0
0
0
0
0
0
0
0
0
0
153
250
165
131
167
243
253
237
255
206
0
4
5
0
5
0
0
0
0
0
0
0
0
0
0
0
0
0
79
211
255
246
248
231
152
146
253
211
0
0
0
0
5
0
0
0
0
0
0
0
0
0
0
0
0
9
0
22
135
148
90
18
0
32
246
249
7
3
7
0
6
0
0
0
0
0
0
0
0
0
0
0
0
0
17
0
0
0
30
5
0
17
251
254
0
0
7
6
0
0
0
0
0
0
0
0
0
0
0
0
0
3
0
0
18
0
0
0
6
30
246
249
21
0
0
0
0
0
0
0
0
0
0
0
0
0
0
0
0
0
0
0
7
0
6
7
1
24
244
255
94
2
1
1
13
0
0
0
0
0
0
0
0
0
0
0
0
0
10
0
0
7
4
0
3
10
234
246
118
0
9
0
0
0
0
0
0
0
0
0
0
0
0
0
0
0
0
0
0
0
0
0
0
0
122
251
69
0
0
7
0
0
0
0
0
0
0
0
0
0
0
0
0
0
0
0
0
0
0
0
0
4
0
27
0
0
9
0
4
0
0
0
0
0
0
0
0
0
0
0
0
0
0
0
0
0
0
0
0
7
0
0
7
0
0
0
10
0
0
0
0
0
0
0
0
0
0
0
0
0
0
0
0
0
0
0
0
0
14
1
19
0
11
0
0
0
0
0
0
