0
0
0
0
0
0
0
0
0
5
0
0
10
0
0
0
6
3
0
0
9
8
3
0
0
0
0
0
0
0
0
0
0
0
0
0
0
0
25
0
0
10
9
5
0
0
12
2
0
0
0
0
0
0
0
0
0
0
0
0
0
0
0
0
0
0
0
2
6
0
0
5
7
0
0
0
0
16
10
0
4
0
0
0
0
0
0
0
0
0
0
0
0
8
19
0
0
12
14
0
7
9
5
2
0
0
0
0
0
0
0
0
0
0
0
0
0
0
0
0
0
1
0
0
0
39
197
191
99
0
0
14
11
0
0
15
0
0
0
0
0
0
0
0
0
0
0
0
0
4
10
0
166
250
241
255
239
77
6
0
13
3
1
10
0
0
0
0
0
0
0
0
0
0
0
0
0
0
0
223
255
238
255
251
255
251
127
14
0
0
0
0
9
0
0
0
0
0
0
0
0
0
0
0
0
101
153
255
239
141
57
223
255
255
218
94
0
1
12
0
0
0
0
0
0
0
2
0
0
14
0
0
221
255
250
255
114
18
0
54
235
255
248
255
135
0
1
8
4
0
0
0
0
6
0
0
0
0
1
19
240
255
248
134
22
0
2
0
54
229
255
255
255
142
9
6
0
0
0
0
0
7
0
0
7
0
12
71
255
253
241
43
0
0
20
0
0
57
176
244
255
246
116
0
6
0
0
0
0
0
0
0
13
0
0
126
255
249
186
3
0
0
1
8
8
0
45
219
255
252
242
109
0
0
0
0
0
0
2
0
6
0
0
177
241
255
106
0
2
3
0
1
1
3
0
72
221
255
255
205
42
0
0
0
0
0
9
0
0
0
15
234
250
223
34
1
0
7
1
5
0
4
12
0
117
228
255
254
212
0
0
0
0
0
7
0
2
4
81
255
255
154
0
2
0
0
3
0
3
6
0
0
22
61
240
255
253
0
0
0
0
0
5
0
7
3
126
255
245
146
2
5
0
9
5
0
10
0
4
14
0
30
255
245
246
0
0
0
0
5
0
0
6
0
136
234
255
152
3
0
7
4
0
0
1
0
17
0
0
34
243
255
249
0
0
0
0
2
0
0
8
14
96
255
241
215
33
0
2
0
19
0
7
0
0
14
9
45
255
243
141
0
0
0
0
3
17
0
0
0
0
219
255
255
233
25
0
3
1
0
0
7
0
3
16
220
248
247
2
0
0
0
0
0
4
0
3
19
21
104
252
242
255
160
66
0
16
0
13
1
12
123
230
255
247
154
13
0
0
0
0
0
12
3
5
0
0
21
210
249
255
255
243
167
160
106
115
153
233
230
255
250
241
40
0
0
0
0
0
5
0
0
9
9
0
0
7
176
237
250
255
255
241
255
255
249
252
255
241
225
51
21
5
0
0
0
0
0
0
2
0
0
0
16
0
0
48
230
255
238
248
255
236
250
255
213
29
13
0
0
7
0
0
0
0
0
5
3
0
7
4
0
1
0
0
0
40
140
119
190
130
124
107
0
10
2
0
15
0
0
0
0
0
0
0
0
0
0
0
0
0
0
0
0
0
0
0
0
0
0
0
0
0
0
0
0
0
0
0
0
0
0
0
0
0
0
0
0
0
0
0
0
0
0
0
0
0
0
0
0
0
0
0
0
0
0
0
0
0
0
0
0
0
0
0
0
0
0
0
0
0
0
0
0
0
0
0
0
0
0
0
0
0
0
0
0
0
0
0
0
0
0
0
0
0
0
0
0
0
0
0
0
0
0
0
0
0
0
0
0
0
0
0
0
0
