9
0
0
0
0
0
0
0
0
0
2
0
0
0
1
4
3
0
0
1
0
7
0
0
12
0
0
0
0
0
0
0
0
0
0
0
0
0
0
10
10
0
0
0
0
8
0
0
0
0
7
4
0
0
0
0
0
0
0
0
0
0
0
0
0
8
0
0
0
3
9
9
7
0
0
0
7
0
0
11
0
0
0
0
0
0
0
0
0
0
0
0
0
0
1
6
6
0
0
0
0
1
1
0
9
4
0
2
1
0
0
0
0
0
0
0
0
0
0
0
0
3
1
0
0
3
7
9
7
6
12
0
0
6
0
0
4
0
0
0
0
0
0
0
0
0
0
0
0
0
0
0
0
0
5
0
0
0
0
8
0
0
5
0
3
0
0
0
0
0
0
0
0
0
0
0
0
0
11
3
0
12
96
185
232
57
0
12
7
0
5
0
4
0
0
0
0
0
0
0
0
0
0
0
0
5
0
0
29
129
235
255
248
224
16
0
1
0
12
0
4
0
0
0
0
0
1
4
0
7
13
0
0
0
5
18
156
255
255
234
255
251
122
1
4
4
0
6
0
0
0
0
0
2
0
0
4
1
0
1
5
6
3
165
255
239
222
86
142
252
254
214
46
11
6
0
8
0
0
0
0
1
2
0
9
0
0
16
0
20
170
255
247
123
42
0
135
249
255
255
109
0
1
0
13
0
0
0
0
0
8
0
0
0
3
10
0
111
236
255
135
9
0
0
148
255
248
251
165
0
0
2
0
0
0
0
0
0
7
3
0
7
3
0
59
255
255
158
0
0
10
56
243
249
255
244
137
7
5
0
0
0
0
0
0
0
0
3
0
9
0
20
177
249
74
5
0
8
58
179
253
255
245
255
67
0
1
3
4
0
0
0
0
1
1
0
2
3
0
79
250
227
15
4
56
135
239
255
255
218
251
250
31
0
0
6
0
0
0
0
0
0
7
0
1
0
9
135
255
181
148
144
254
255
255
246
92
22
255
211
0
13
2
0
0
0
0
0
0
0
0
1
5
0
20
131
255
252
255
243
244
248
156
36
0
18
240
175
0
10
4
0
5
0
0
0
0
0
7
13
2
0
0
98
227
241
255
204
98
37
4
0
5
16
255
142
2
0
0
9
2
0
0
0
0
9
0
0
1
11
0
1
24
17
27
13
0
0
4
0
0
88
255
192
0
7
0
9
0
0
0
0
0
3
1
0
1
10
1
0
0
6
0
0
0
0
0
6
11
152
244
195
0
14
1
3
0
0
0
0
0
0
7
5
0
0
0
6
24
0
0
14
11
0
0
0
0
167
252
108
11
0
1
9
0
0
0
0
0
2
2
0
0
9
7
0
0
23
1
0
2
0
0
5
10
217
254
120
2
0
5
0
3
0
0
0
0
0
5
0
0
1
2
3
14
0
0
0
13
8
0
0
28
234
246
176
0
5
6
0
4
0
0
0
0
1
2
0
0
5
0
0
0
0
13
6
0
0
7
5
0
168
246
144
1
0
0
4
0
0
0
0
0
0
0
0
0
0
0
0
0
0
0
0
0
0
0
0
0
112
254
234
36
8
0
5
0
0
0
0
0
0
0
0
0
0
0
0
0
0
0
0
0
0
0
0
0
74
245
244
43
0
0
7
0
0
0
0
0
0
0
0
0
0
0
0
0
0
0
0
0
0
0
0
0
0
11
0
0
12
15
0
4
0
0
0
0
0
0
0
0
0
0
0
0
0
0
0
0
0
0
0
0
0
9
5
12
0
0
0
5
0
0
0
0
