8
0
0
0
0
0
0
0
0
1
0
0
0
1
1
0
0
7
0
0
17
0
0
15
0
0
0
0
0
0
0
0
0
0
0
0
0
1
0
0
5
0
0
0
10
0
4
3
0
0
0
8
0
0
0
0
0
0
0
0
0
0
0
0
0
6
10
2
0
0
16
10
0
0
14
0
1
13
0
0
7
0
0
0
0
0
0
0
0
0
0
0
0
0
0
0
4
2
0
0
1
0
2
0
10
0
0
0
9
0
0
0
0
0
0
0
0
0
0
0
0
0
2
3
0
3
10
3
0
2
4
5
13
0
0
13
0
0
0
0
0
0
0
0
0
0
0
0
0
7
6
2
0
0
0
4
7
47
111
202
221
217
194
155
29
0
0
0
0
0
0
0
0
0
0
0
0
0
0
0
20
2
0
42
140
233
255
248
255
251
252
152
9
0
0
0
0
0
0
0
0
0
0
0
0
0
13
2
0
41
145
212
220
175
162
56
141
171
246
102
0
0
0
0
0
0
0
0
0
0
0
0
0
4
0
7
62
242
242
147
0
7
0
0
86
255
136
15
0
0
0
0
0
0
0
0
0
0
0
0
0
0
3
22
213
210
95
7
5
0
8
97
213
156
31
0
7
0
0
0
0
0
0
0
0
0
0
0
0
3
20
51
247
103
0
0
0
18
119
233
81
11
7
0
12
0
0
0
0
0
0
0
0
0
0
0
0
23
178
230
224
247
96
63
42
108
223
112
20
0
6
0
0
0
0
0
0
0
0
0
0
0
0
0
0
11
230
243
151
10
0
31
125
230
146
0
1
0
0
0
18
0
0
0
0
0
0
0
0
0
0
0
0
0
69
215
254
160
38
140
255
106
4
23
0
3
23
0
0
0
0
0
0
0
0
0
0
0
0
0
0
0
0
124
247
248
247
253
68
0
10
0
7
0
2
0
11
0
0
0
0
0
0
0
0
0
0
0
0
2
15
0
76
253
248
211
98
2
6
3
0
11
0
3
0
0
0
0
0
1
0
0
3
0
0
9
3
0
4
1
141
184
183
249
221
63
4
4
0
3
4
9
0
0
0
0
0
2
3
0
0
0
0
1
0
11
3
127
110
4
0
86
255
217
33
4
28
0
0
1
8
0
0
0
0
0
1
0
0
7
11
5
3
2
114
191
10
5
2
7
120
240
238
10
0
10
0
15
0
0
0
0
0
0
2
2
0
0
0
0
27
139
216
10
3
0
0
10
0
156
255
61
9
3
1
0
1
0
0
0
0
1
0
0
1
5
0
22
140
255
36
0
7
0
8
19
0
75
236
68
12
0
0
0
5
0
0
0
0
3
0
0
0
11
3
70
253
159
9
0
16
0
0
0
62
150
220
19
0
4
0
17
0
0
0
0
0
9
1
0
0
0
0
49
250
82
0
18
0
18
31
82
216
208
55
7
5
0
3
0
0
0
0
0
0
0
0
4
0
11
2
56
251
230
114
95
137
109
227
249
105
11
0
5
0
14
1
0
5
0
0
0
0
0
0
2
5
0
0
14
39
202
234
255
251
207
137
57
0
0
0
0
0
0
0
0
0
0
0
0
0
3
0
0
2
0
0
3
17
0
8
9
0
0
0
0
0
0
0
0
0
0
0
0
0
0
0
0
0
6
0
0
1
3
0
0
0
0
0
1
0
0
5
8
5
0
0
0
0
0
0
0
0
0
0
0
0
4
0
0
2
5
2
0
0
4
8
8
3
1
1
0
0
0
0
0
0
0
0
0
0
0
0
0
0
