4
0
0
0
0
0
0
0
0
0
0
0
0
0
0
0
0
0
0
0
6
0
0
0
6
0
0
0
0
0
0
0
0
0
0
0
0
0
0
0
0
0
0
0
0
15
0
21
0
7
4
0
0
0
0
0
0
0
0
0
0
0
0
0
0
0
0
0
0
0
0
0
0
0
2
0
5
3
0
11
5
0
0
0
0
0
0
0
0
0
0
0
0
0
0
0
0
0
0
0
0
0
14
4
0
3
0
3
0
0
0
0
0
0
0
0
0
0
0
0
0
0
0
0
0
0
0
0
0
4
80
216
16
8
0
0
27
0
0
0
0
0
0
0
0
0
0
0
0
0
0
0
0
0
0
0
0
7
144
222
0
0
9
0
0
0
0
0
0
0
0
0
0
0
0
0
0
0
0
0
0
0
0
0
0
43
235
181
8
0
5
15
0
0
0
0
0
0
0
0
0
0
0
0
0
0
0
0
0
0
0
0
0
144
255
183
0
5
0
0
7
0
0
0
0
0
6
7
0
0
1
0
0
8
0
8
6
0
1
10
194
252
255
115
0
0
3
0
2
0
0
0
0
6
0
0
0
0
5
5
3
4
6
0
0
23
2
195
245
255
241
50
7
9
0
0
0
0
0
0
0
6
0
0
3
3
2
0
0
0
7
0
0
7
158
244
240
251
226
0
0
0
0
12
0
0
0
0
0
0
0
5
8
0
0
3
0
1
0
10
3
79
253
228
79
250
176
0
11
0
0
2
12
0
0
0
0
0
3
3
0
0
2
11
6
0
9
12
118
242
255
57
141
248
145
6
0
1
5
4
0
0
0
0
0
0
6
0
0
3
3
0
0
2
4
188
255
196
79
0
213
255
111
13
0
0
9
3
0
0
0
0
0
0
7
0
0
15
0
0
23
41
206
254
219
19
0
15
182
246
47
0
12
22
0
0
17
0
0
0
0
0
10
0
0
11
0
17
114
246
239
214
26
37
67
69
249
255
176
161
159
151
168
156
108
0
0
0
0
0
9
0
0
0
0
146
249
255
254
225
209
240
255
248
252
254
247
255
255
239
234
163
30
0
0
0
0
0
2
0
0
9
29
173
255
252
255
231
213
188
168
255
255
206
117
72
65
33
10
5
0
0
0
0
0
4
7
0
0
0
0
13
22
28
31
9
14
0
9
249
255
46
4
0
1
0
0
1
11
0
0
0
0
3
1
0
1
16
9
14
0
0
0
3
18
3
58
255
236
0
13
13
3
2
4
0
0
0
0
0
0
0
7
0
0
0
0
3
4
4
0
0
0
0
118
238
212
0
0
0
0
0
0
0
10
0
0
0
0
0
1
4
13
1
3
0
0
0
0
19
0
13
160
234
194
8
8
5
7
11
0
0
0
0
0
0
0
10
3
0
0
0
10
0
0
6
3
4
0
4
138
255
218
0
0
0
0
0
4
8
0
0
0
0
0
0
0
0
9
0
3
0
9
0
3
0
6
1
60
224
99
2
0
3
7
1
0
2
0
0
0
0
0
0
0
0
0
0
0
0
0
0
0
0
0
0
0
0
0
0
0
0
0
0
0
0
0
0
0
0
0
0
0
0
0
0
0
0
0
0
0
0
0
0
0
0
0
0
0
0
0
0
0
0
0
0
0
0
0
0
0
0
0
0
0
0
0
0
0
0
0
0
0
0
0
0
0
0
0
0
0
0
0
0
0
0
0
0
0
0
0
0
0
0
0
0
0
0
0
0
0
0
0
0
0
0
0
0
0
0
0
0
0
0
0
