3
0
2
1
0
3
0
0
0
5
0
8
0
0
11
0
0
0
0
0
8
1
0
0
0
0
0
0
0
3
0
0
0
7
4
0
0
0
0
9
0
0
11
3
4
7
7
0
0
0
4
8
0
0
0
0
0
9
0
0
1
0
0
2
0
2
2
11
0
0
0
0
0
0
4
4
0
0
3
1
3
0
0
0
0
1
0
4
4
0
0
6
1
5
0
0
2
2
0
0
13
0
1
5
2
6
0
0
4
0
0
0
0
0
0
7
3
0
3
3
0
1
2
1
7
10
5
0
0
14
1
1
0
0
11
0
0
0
0
0
0
0
3
0
0
3
0
0
4
0
78
159
219
240
211
139
52
0
0
13
0
0
10
2
0
0
0
0
0
3
7
0
0
3
0
24
110
226
252
249
255
255
255
252
217
39
0
10
11
0
2
0
4
0
0
0
0
0
6
0
1
7
0
86
252
225
157
55
19
27
77
189
255
172
13
0
5
3
4
0
2
0
0
0
0
0
0
0
5
6
10
241
246
41
3
17
0
6
10
36
252
250
70
0
1
0
5
0
1
0
0
0
0
6
0
3
0
0
95
255
107
26
0
0
2
4
0
25
145
252
147
4
2
0
0
2
7
0
0
0
0
0
0
6
6
6
118
223
67
0
0
12
13
3
0
2
85
255
197
5
6
9
0
0
0
0
0
0
0
7
2
2
6
0
0
11
0
0
0
3
0
6
12
7
158
249
135
0
0
3
0
6
0
0
0
0
0
0
9
0
0
9
5
0
13
10
0
12
1
7
0
43
243
249
48
5
1
0
0
5
0
0
0
0
0
0
3
2
0
0
7
0
0
0
0
1
6
0
20
158
255
166
0
10
8
0
0
0
0
0
0
0
0
5
0
4
5
0
0
8
2
2
0
4
28
57
159
255
255
117
11
0
0
2
0
0
7
0
0
0
0
0
0
1
0
7
0
5
0
1
49
172
234
254
255
245
253
247
199
56
0
16
0
0
3
0
0
0
0
0
0
0
0
0
0
0
0
3
252
255
248
252
170
78
136
171
253
241
64
1
0
0
2
0
0
0
0
0
0
0
0
0
0
0
0
13
172
184
114
44
0
14
9
16
117
242
202
0
8
4
0
0
0
0
0
0
0
0
0
0
0
0
0
0
18
12
0
5
0
5
0
0
23
245
255
87
5
1
0
0
0
0
0
0
0
0
0
0
0
0
0
7
0
0
1
12
13
0
11
21
0
230
255
139
0
0
1
0
0
0
0
0
0
0
0
0
0
0
0
5
0
6
0
0
107
11
0
0
36
234
255
54
2
0
2
0
0
0
0
0
0
0
0
0
0
0
0
0
4
0
2
93
245
49
3
28
184
255
184
0
11
0
0
0
0
0
0
0
0
0
0
0
0
0
0
0
16
0
0
148
216
43
48
170
255
217
57
11
4
0
0
0
0
0
0
0
0
0
0
0
0
0
0
4
0
2
0
184
255
246
255
255
211
90
0
0
0
8
2
0
0
0
0
0
0
0
0
0
0
0
0
0
0
0
2
96
224
242
213
86
27
0
0
12
3
0
3
0
0
0
0
0
0
0
0
0
0
0
0
3
1
11
0
0
5
0
0
14
0
0
0
2
0
0
6
0
0
0
0
0
0
0
0
0
0
0
0
0
0
3
8
4
0
0
15
0
0
7
2
0
0
0
0
0
0
0
0
0
0
0
0
0
0
0
0
12
6
0
0
0
1
0
0
2
9
8
0
0
5
1
0
0
0
0
0
