3
0
0
0
0
0
0
0
0
1
7
5
0
0
7
9
0
3
0
16
0
0
18
0
0
0
0
0
0
0
0
0
0
0
0
0
0
6
0
0
15
12
0
0
2
2
0
0
16
19
0
0
5
0
0
0
0
0
0
0
0
0
0
0
0
0
16
0
0
0
12
0
5
0
19
7
0
0
0
11
0
0
0
0
0
0
0
0
0
0
0
0
0
0
10
2
1
4
0
0
13
3
0
1
0
7
9
0
0
0
0
0
0
0
0
0
0
0
0
0
0
0
4
1
0
18
68
163
243
187
237
248
124
32
0
5
4
0
0
0
0
0
0
0
0
0
0
0
0
5
0
0
46
150
244
255
253
249
250
243
252
184
10
0
0
0
0
0
0
0
0
0
0
0
0
0
0
8
0
56
218
251
255
235
248
253
245
243
255
217
25
12
3
0
0
0
0
0
0
0
0
0
0
0
0
0
0
59
255
249
220
74
2
1
0
118
250
255
72
0
0
0
0
0
0
0
0
0
0
0
0
0
0
0
0
19
9
23
0
1
0
5
0
135
245
255
26
0
3
0
0
0
0
0
0
0
0
0
0
0
0
8
0
0
10
0
7
0
0
0
53
211
255
192
0
0
4
0
0
0
0
0
0
0
0
0
0
0
0
1
0
6
4
2
4
49
73
150
193
255
254
144
19
12
0
0
0
0
0
0
0
0
0
0
0
0
0
0
25
0
0
73
229
255
255
252
254
255
200
54
0
7
1
0
0
0
0
0
0
0
0
0
0
0
0
0
0
17
39
241
255
255
234
255
255
240
161
2
0
1
0
0
0
0
0
0
0
0
0
0
0
0
0
0
0
0
88
254
255
235
255
162
241
255
170
3
15
6
0
0
0
0
0
0
0
0
0
0
0
0
0
3
6
16
0
108
99
68
0
0
172
255
172
0
0
0
10
0
0
0
0
0
0
0
0
0
0
0
0
0
0
3
1
5
0
4
2
0
160
249
169
4
7
0
1
0
0
0
0
0
13
0
0
31
98
39
0
0
9
0
5
0
0
0
13
5
243
253
156
8
6
0
0
0
0
0
0
0
0
11
0
193
244
192
0
0
5
6
0
7
11
5
0
0
249
247
185
0
0
11
0
0
0
0
0
0
9
0
19
218
255
236
114
7
0
0
3
0
0
4
0
72
247
243
169
6
0
6
3
0
0
0
0
9
2
0
0
234
248
255
217
111
16
0
15
22
0
7
0
182
251
255
92
6
0
0
7
0
0
0
0
0
4
16
3
156
250
255
244
237
241
194
242
11
7
7
127
235
255
214
20
0
9
0
0
0
0
0
0
12
0
0
4
28
213
255
255
255
251
255
243
161
146
214
255
255
223
77
0
2
2
0
1
0
0
0
0
3
0
17
0
0
49
191
255
255
234
252
247
255
255
255
239
186
100
0
0
7
0
2
3
0
0
0
0
0
16
0
0
18
0
25
65
143
196
255
255
205
159
111
68
13
0
12
2
0
0
18
0
0
0
0
0
0
0
0
0
0
0
0
0
0
0
0
0
0
0
0
0
0
0
0
0
0
0
0
0
0
0
0
0
0
0
0
0
0
0
0
0
0
0
0
0
0
0
0
0
0
0
0
0
0
0
0
0
0
0
0
0
0
0
0
0
0
0
0
0
0
0
0
0
0
0
0
0
0
0
0
0
0
0
0
0
0
0
0
0
0
0
0
0
0
0
0
0
0
0
0
0
0
0
0
0
0
0
0
0
0
0
0
0
0
0
0
0
