2
0
0
0
0
9
2
0
1
0
0
0
0
3
2
0
0
4
0
4
0
0
9
3
0
0
0
0
0
0
5
0
0
0
0
0
5
1
2
2
0
4
5
1
9
0
1
0
0
12
0
0
4
0
0
0
0
0
6
3
0
0
0
0
0
0
0
0
0
0
0
0
0
7
16
0
0
14
0
3
1
0
0
0
0
0
0
0
3
3
0
0
14
20
20
15
18
13
7
7
0
0
1
11
0
1
0
9
0
0
0
0
0
2
0
0
3
0
0
46
128
243
251
249
249
211
158
113
52
0
0
17
12
0
0
3
0
0
0
0
0
4
0
0
2
0
7
123
255
255
255
249
255
246
245
255
239
113
16
0
10
0
0
1
2
0
0
0
0
2
0
0
4
0
13
120
252
240
254
252
255
240
236
255
244
236
138
0
0
2
4
7
0
0
0
0
0
5
0
0
6
2
0
46
125
71
78
64
76
75
125
234
251
255
233
26
8
1
0
10
0
0
0
0
0
0
0
0
0
0
0
0
0
2
0
9
0
0
0
57
251
255
243
198
33
3
4
4
1
0
0
0
0
0
0
0
0
0
0
0
0
0
0
0
6
0
20
0
139
238
255
244
78
0
0
3
0
0
0
0
0
0
0
0
0
0
0
0
0
7
0
1
21
0
0
16
16
249
255
247
86
0
2
2
0
0
0
0
0
0
0
0
0
0
0
0
0
0
21
0
0
16
0
0
0
255
248
243
79
6
5
0
1
0
0
0
0
0
0
0
0
0
0
0
0
11
0
0
15
0
22
0
72
247
245
255
81
11
0
0
8
0
0
0
0
0
0
0
0
0
0
0
0
0
10
7
4
0
0
26
222
251
255
224
44
0
0
0
3
0
0
0
0
0
0
0
0
0
0
0
0
0
1
0
4
0
10
168
255
255
246
92
0
0
0
8
0
0
0
0
0
0
0
0
0
0
0
0
0
0
10
0
15
46
178
247
254
248
220
0
1
15
0
5
0
0
0
0
0
0
0
0
9
0
0
0
2
0
29
85
176
254
255
245
250
255
128
46
48
55
57
52
31
0
20
0
1
4
0
0
6
7
15
5
71
191
226
255
255
255
246
249
255
255
251
255
255
237
238
244
225
174
64
0
3
1
4
5
0
0
1
139
243
244
249
251
241
240
255
255
242
249
243
251
255
253
255
255
241
255
253
12
0
5
0
3
0
0
0
255
255
255
252
255
255
255
255
221
162
175
161
165
169
159
172
217
253
246
251
0
10
1
0
2
4
6
0
250
234
240
255
255
214
112
41
19
8
0
0
4
12
0
0
36
92
156
45
0
0
0
3
5
4
0
0
100
169
255
182
93
33
1
0
1
3
8
0
0
0
5
2
0
0
19
0
6
0
8
0
0
2
4
5
0
5
6
6
3
5
7
0
0
0
0
0
2
0
0
2
0
0
0
17
0
17
0
2
2
4
0
0
9
0
0
6
0
0
3
2
0
7
0
3
0
0
6
1
0
4
12
0
11
0
0
0
0
0
0
0
0
0
0
0
0
0
0
0
0
0
0
0
0
0
0
0
0
0
0
0
0
0
0
0
0
0
0
0
0
0
0
0
0
0
0
0
0
0
0
0
0
0
0
0
0
0
0
0
0
0
0
0
0
0
0
0
0
0
0
0
0
0
0
0
0
0
0
0
0
0
0
0
0
0
0
0
0
0
0
0
0
0
0
0
0
0
0
0
0
0
0
0
0
0
0
0
0
0
0
0
0
0
0
0
0
0
