1
0
0
0
0
0
0
0
0
5
0
22
1
0
0
11
0
0
16
0
0
5
0
5
0
0
0
0
0
0
0
0
0
0
0
0
0
5
0
5
0
6
0
0
0
6
0
14
0
0
3
5
9
0
0
0
0
0
0
0
0
0
0
0
0
0
5
0
0
12
0
0
1
0
0
5
11
4
0
1
0
0
0
0
0
0
0
0
0
0
0
0
0
0
8
0
0
5
0
5
5
9
22
0
1
0
0
14
5
0
0
0
0
0
0
0
0
0
0
0
0
0
1
1
7
0
0
1
0
0
21
0
0
10
25
0
2
0
0
0
0
0
0
0
0
0
0
0
0
5
0
0
7
0
4
0
14
176
250
42
8
5
0
10
0
0
0
0
0
0
0
0
0
0
0
0
0
3
0
0
0
5
1
0
122
253
246
159
0
0
28
0
19
0
0
0
0
0
0
0
0
0
0
0
0
0
8
5
0
5
0
5
242
248
255
175
1
0
0
4
0
0
0
0
0
0
0
0
0
0
0
0
0
2
11
0
0
3
1
0
247
255
239
247
43
0
1
0
9
0
0
0
0
0
0
0
0
0
0
0
0
0
0
1
0
0
8
42
255
250
255
232
62
2
2
0
0
0
0
0
0
0
0
0
0
0
0
0
0
0
13
0
8
9
0
129
255
243
219
100
15
0
7
4
0
0
0
0
0
0
0
0
0
0
0
0
0
7
0
13
0
0
10
163
248
255
135
0
0
0
1
2
0
0
0
0
0
0
0
0
0
0
0
0
0
0
3
0
5
5
32
247
249
224
39
0
13
5
0
0
4
0
0
0
0
0
0
0
0
0
0
0
0
9
0
18
2
5
117
255
255
154
0
0
4
0
0
7
1
0
0
0
0
0
0
0
0
0
0
0
0
0
0
0
0
4
144
255
241
138
5
10
0
0
3
1
0
0
0
0
0
0
0
0
0
0
0
0
0
4
0
6
0
10
197
255
253
87
3
0
0
6
0
0
3
0
0
0
0
0
0
0
0
0
0
0
0
0
14
0
5
25
253
241
255
2
2
0
0
0
0
0
0
0
0
0
0
0
0
0
0
0
0
0
0
10
0
0
11
154
254
247
90
2
1
0
0
0
0
0
0
0
0
0
0
0
0
0
0
0
0
0
0
0
0
2
22
234
249
255
3
2
1
0
0
0
0
0
0
0
0
0
0
0
0
0
0
0
0
0
0
0
20
0
58
241
255
213
0
1
1
0
0
0
0
0
1
0
0
0
0
0
0
0
0
0
0
0
0
0
6
0
136
245
250
91
11
1
0
0
0
0
0
1
1
0
0
0
0
0
0
0
0
0
0
0
0
14
0
0
187
255
221
0
0
0
0
0
0
0
0
1
2
0
0
0
0
0
0
0
0
0
0
0
0
0
14
74
244
231
134
0
11
0
0
0
0
0
0
1
2
0
0
0
0
0
0
0
0
0
0
0
0
0
0
14
219
255
220
90
0
0
0
0
0
0
0
2
2
0
0
0
0
0
0
0
0
0
0
0
0
0
3
0
105
248
165
7
0
0
0
0
0
0
0
0
0
0
0
0
0
0
0
0
0
0
0
0
0
0
0
0
8
4
0
0
11
0
0
0
0
0
0
0
0
0
0
0
0
0
0
0
0
0
0
0
0
11
0
11
6
0
1
20
0
0
0
0
0
0
0
0
0
0
0
0
0
0
0
0
0
0
0
0
0
0
0
0
0
6
5
0
0
0
0
0
0
0
0
0
0
0
0
0
0
