2
0
0
0
0
0
0
0
0
0
7
4
0
0
0
0
0
0
10
0
11
3
1
1
1
0
0
0
0
0
0
0
0
0
0
0
0
5
0
0
9
7
5
7
1
5
6
13
0
0
0
11
0
0
0
0
0
0
0
0
0
0
0
0
0
9
0
0
4
0
0
0
0
3
0
0
2
0
0
5
10
0
0
0
0
0
0
0
0
0
0
0
0
0
3
4
0
0
1
4
5
7
0
15
0
13
12
0
0
0
0
0
0
0
0
0
0
0
0
0
0
0
8
0
0
16
1
0
6
22
113
200
102
79
6
0
5
0
0
0
0
0
0
0
0
0
0
0
0
1
8
0
0
1
0
16
102
205
255
255
255
245
182
60
7
0
0
0
0
0
0
0
0
0
0
0
0
0
0
2
0
1
50
156
252
254
255
230
255
255
243
118
0
0
0
0
0
0
0
0
0
0
0
0
0
6
0
2
0
7
118
235
255
254
248
255
169
250
255
237
1
0
0
0
0
1
1
1
1
1
1
1
1
0
1
0
0
0
108
252
229
162
55
71
4
125
255
233
0
0
0
0
0
2
2
1
0
0
0
0
0
0
2
4
2
0
51
112
56
0
0
18
2
156
255
95
0
0
0
0
0
1
1
1
0
0
0
0
0
0
0
5
15
0
0
6
0
11
14
14
161
251
250
118
0
0
0
0
0
0
0
0
1
2
3
3
3
12
0
0
0
0
0
0
7
0
0
49
255
241
194
19
4
0
0
0
0
0
0
0
0
1
1
1
1
0
3
5
0
10
25
5
0
7
46
216
255
212
19
0
0
0
0
0
0
1
1
0
0
0
0
0
0
0
3
0
1
0
0
1
55
169
247
254
254
87
0
8
6
0
0
0
0
0
0
0
1
1
2
3
3
0
0
0
42
68
72
163
255
248
255
193
41
6
21
0
14
0
0
0
0
0
0
0
4
7
11
13
15
117
164
171
222
255
251
255
240
255
237
173
17
0
0
24
0
0
0
0
0
9
4
0
0
145
250
246
253
252
244
255
255
250
255
240
255
246
255
249
255
90
0
0
4
0
0
0
0
0
7
7
88
243
255
249
255
255
255
247
243
249
254
246
224
255
255
255
236
253
103
1
0
0
0
0
0
0
0
2
230
251
255
244
253
244
250
255
255
218
71
64
44
70
117
213
250
255
228
63
0
0
0
0
0
15
0
2
244
242
255
255
249
255
239
125
86
0
11
0
0
10
0
25
134
142
255
119
4
0
0
0
0
0
0
0
98
236
244
244
241
138
43
1
0
14
0
0
15
8
0
0
10
1
20
0
0
0
0
0
0
0
0
0
0
57
62
52
41
0
0
11
0
0
12
0
0
0
6
0
0
13
0
0
17
0
0
0
0
0
4
6
19
0
7
9
0
17
0
10
0
25
0
3
8
7
12
0
0
0
11
4
0
0
0
0
0
0
6
0
7
1
1
0
0
0
16
0
8
0
0
3
0
0
0
7
8
0
0
0
4
0
0
0
0
0
0
0
0
0
0
0
0
0
0
0
0
0
0
0
0
0
0
0
0
0
0
0
0
0
0
0
0
0
0
0
0
0
0
0
0
0
0
0
0
0
0
0
0
0
0
0
0
0
0
0
0
0
0
0
0
0
0
0
0
0
0
0
0
0
0
0
0
0
0
0
0
0
0
0
0
0
0
0
0
0
0
0
0
0
0
0
0
0
0
0
0
0
0
0
0
0
0
0
0
0
0
0
0
0
0
0
0
0
0
0
0
