6
0
0
0
0
0
0
0
0
0
0
5
11
0
0
0
6
0
3
5
0
0
12
0
3
0
0
0
0
0
0
0
0
0
0
0
0
2
7
2
0
0
12
11
0
14
6
0
11
0
0
7
0
0
0
0
0
0
0
0
0
0
0
0
0
3
1
0
0
0
0
0
0
0
5
237
255
52
3
7
0
0
0
0
0
0
0
0
0
0
0
0
0
0
0
0
8
8
0
0
6
13
102
243
250
61
5
3
0
0
0
0
0
0
0
0
0
0
0
0
0
0
5
0
0
7
10
0
0
100
230
239
183
10
15
0
11
0
0
0
0
0
0
0
0
0
0
0
0
0
4
0
0
2
0
7
56
255
232
218
8
3
0
15
0
0
0
0
0
0
0
0
0
0
0
0
0
0
0
2
12
0
0
55
190
235
246
39
3
5
3
0
12
0
0
0
0
0
0
0
0
0
0
0
0
0
9
2
0
0
20
129
255
254
136
0
5
0
1
0
0
0
0
0
0
0
0
0
0
0
0
0
0
5
0
0
1
47
179
255
241
229
35
0
0
0
4
13
0
0
0
0
0
0
0
0
0
0
0
0
0
0
11
4
32
198
255
255
255
123
0
0
12
12
0
0
8
0
0
0
0
0
0
0
0
0
0
0
0
18
0
3
74
255
251
191
137
5
0
2
0
7
7
7
0
0
0
0
0
0
0
0
0
0
0
0
0
0
12
36
226
243
248
77
1
15
4
0
0
0
0
2
0
0
0
0
0
0
0
0
0
0
0
0
0
0
3
184
255
255
38
2
0
0
0
7
20
0
0
11
3
0
0
0
0
0
0
0
0
0
0
0
0
11
94
253
236
96
0
73
145
167
177
161
97
12
1
0
0
0
0
0
0
0
0
0
0
0
0
0
0
64
244
255
169
32
185
255
255
248
242
255
255
213
116
0
0
0
0
0
0
0
0
0
0
0
0
0
0
165
255
238
105
221
255
255
225
204
206
212
242
255
206
30
0
0
0
0
0
0
0
0
0
0
0
3
5
197
246
255
207
255
249
137
43
2
5
15
189
255
255
23
1
0
0
0
0
0
0
0
0
0
0
3
4
181
255
228
255
238
128
22
0
0
4
34
238
255
233
13
12
0
0
0
0
0
0
0
0
0
0
2
4
139
240
255
255
255
104
91
79
92
94
169
254
248
116
16
0
0
0
0
0
0
0
0
0
0
0
2
2
26
164
255
244
234
249
255
255
255
243
255
255
82
4
13
0
0
0
0
0
0
0
0
0
0
0
1
1
6
21
194
255
255
250
239
253
245
233
70
11
11
14
0
9
0
0
0
0
0
0
0
0
0
0
0
0
0
0
193
250
209
18
14
23
17
16
0
0
7
0
7
0
0
0
0
0
0
0
0
1
0
0
0
0
0
7
0
3
0
15
14
0
0
5
0
20
0
3
0
8
0
0
0
0
0
0
1
1
1
0
0
0
3
0
0
0
3
12
0
5
0
0
12
0
4
0
4
0
0
0
0
0
0
0
0
0
0
0
0
0
0
0
0
0
0
0
0
0
0
0
0
0
0
0
0
0
0
0
0
0
0
0
0
0
0
0
0
0
0
0
0
0
0
0
0
0
0
0
0
0
0
0
0
0
0
0
0
0
0
0
0
0
0
0
0
0
0
0
0
0
0
0
0
0
0
0
0
0
0
0
0
0
0
0
0
0
0
0
0
0
0
0
0
0
0
0
0
0
0
0
0
0
0
0
0
0
0
0
0
0
0
0
0
0
