6
0
0
0
0
0
0
0
0
0
2
5
0
0
0
0
4
4
0
10
0
9
0
4
2
0
0
0
0
0
0
0
0
0
0
0
0
3
0
0
3
7
5
1
1
0
11
0
0
0
4
7
0
0
0
0
0
0
0
0
0
0
0
0
0
8
0
0
3
6
0
0
0
3
0
12
8
160
255
52
4
0
0
0
0
0
0
0
0
0
0
0
0
0
1
2
0
0
0
0
5
0
0
0
63
255
254
59
2
0
0
0
0
0
0
0
0
0
0
0
0
0
1
5
0
0
8
9
2
5
0
66
235
234
129
7
11
0
0
0
0
0
0
0
0
0
0
0
0
0
2
1
0
4
8
0
0
0
32
231
252
225
26
0
0
0
0
0
0
0
0
0
0
0
0
0
0
6
0
0
3
0
0
0
14
81
248
255
245
86
0
0
11
0
0
0
0
0
0
0
0
0
0
0
0
1
0
0
10
0
0
25
84
241
255
252
136
13
0
6
0
0
0
0
0
0
0
0
0
0
0
0
0
0
9
3
6
0
0
31
187
255
206
108
8
0
11
0
0
0
0
0
0
0
0
0
0
0
0
0
0
2
0
0
0
11
0
175
255
238
97
10
1
5
0
0
4
0
0
0
0
0
0
0
0
0
0
0
0
6
0
2
7
6
174
254
253
116
5
0
4
0
0
0
2
0
0
0
0
0
0
0
0
0
0
0
0
0
22
0
37
175
255
255
110
10
0
8
7
0
3
8
1
0
0
0
0
0
0
0
0
0
0
0
0
12
0
61
234
247
231
190
0
4
0
4
0
0
2
0
4
0
0
0
0
0
0
0
0
0
0
0
0
0
88
244
255
221
73
2
2
0
0
0
0
5
7
0
2
0
0
0
0
0
0
0
0
0
0
0
0
20
242
255
211
63
0
0
16
2
0
7
0
0
9
0
0
0
0
0
0
0
0
0
0
0
0
0
0
140
255
255
67
47
83
77
69
70
0
0
5
0
0
2
0
0
0
0
0
0
0
0
2
0
0
14
41
242
254
255
248
245
246
251
255
246
204
144
69
11
0
0
0
0
0
0
0
0
0
0
2
0
0
8
29
255
255
255
248
150
114
37
145
150
196
235
255
40
5
0
17
0
0
0
0
1
0
0
2
0
0
0
13
226
234
246
255
31
0
5
7
0
0
16
239
238
37
0
0
0
0
0
0
1
0
0
2
1
0
0
2
66
255
255
255
234
161
143
148
145
214
255
233
252
58
0
13
0
0
0
0
0
0
0
3
4
1
0
0
0
103
223
239
254
249
255
255
254
249
240
255
188
24
10
0
0
0
0
0
0
0
0
2
3
3
1
0
13
0
7
67
128
203
217
161
151
50
76
69
6
11
0
2
0
0
0
0
0
0
0
0
0
1
1
0
0
17
0
6
0
0
14
0
10
0
1
0
8
0
6
0
0
0
0
0
0
0
0
0
0
0
0
0
5
0
12
0
6
11
0
17
2
0
8
0
0
0
0
4
0
0
0
0
0
0
0
0
0
0
0
0
0
0
0
0
0
0
0
0
0
0
0
0
0
0
0
0
0
0
0
0
0
0
0
0
0
0
0
0
0
0
0
0
0
0
0
0
0
0
0
0
0
0
0
0
0
0
0
0
0
0
0
0
0
0
0
0
0
0
0
0
0
0
0
0
0
0
0
0
0
0
0
0
0
0
0
0
0
0
0
0
0
0
0
0
0
0
0
0
0
0
0
0
0
0
0
0
0
0
0
0
0
0
0
0
