5
0
4
4
0
0
9
0
5
0
9
0
0
7
0
0
7
0
9
0
0
10
0
3
0
0
0
0
0
0
2
2
0
0
0
0
1
6
0
1
8
0
0
13
0
0
11
2
2
11
0
7
0
0
0
0
0
0
2
0
2
0
0
0
2
4
0
8
6
0
2
9
0
0
2
0
0
0
0
0
0
0
0
0
0
2
4
0
0
2
0
9
0
0
4
3
0
0
9
4
0
14
1
0
2
2
3
3
5
0
0
0
0
0
4
0
0
4
1
0
0
20
0
0
4
0
0
0
3
0
0
5
11
7
0
0
6
0
0
0
0
0
0
5
0
4
0
0
32
113
243
192
108
200
255
239
249
255
178
67
0
0
11
0
0
0
0
0
0
1
0
10
0
2
0
9
144
255
237
242
251
240
248
255
249
243
248
188
18
2
0
1
15
0
0
0
0
10
0
10
0
0
0
43
255
241
255
255
247
255
254
227
223
223
255
209
1
0
0
1
0
0
0
0
0
0
3
8
7
4
1
216
252
255
200
123
80
88
79
30
7
18
96
103
4
7
2
0
0
0
0
0
0
14
0
0
0
0
2
188
251
195
36
4
0
0
15
0
9
0
17
0
0
0
0
2
0
0
0
0
0
0
0
2
8
0
5
176
238
255
186
190
190
191
200
119
30
14
0
25
0
0
2
6
10
0
0
0
0
0
1
7
0
0
26
243
255
252
255
245
255
255
248
255
227
198
125
0
15
8
0
0
0
0
0
0
0
13
0
0
0
0
19
255
245
245
252
246
225
143
144
249
255
255
255
228
18
2
0
5
3
0
0
0
0
4
0
0
16
2
2
233
255
255
228
119
2
11
20
4
89
158
252
245
218
131
11
0
9
0
0
0
0
0
0
0
2
0
13
156
245
196
15
0
5
0
6
0
0
0
89
214
255
222
108
1
2
0
0
0
0
0
13
0
0
1
9
0
28
42
0
0
5
0
0
1
1
2
6
27
205
255
255
103
0
0
0
0
0
0
0
0
0
0
0
0
0
3
0
10
0
6
0
0
0
0
0
4
12
243
244
248
29
0
0
0
0
0
0
0
0
0
0
0
0
0
28
3
28
0
6
0
15
0
13
0
14
177
239
255
95
2
1
0
0
0
0
0
0
0
0
0
0
19
0
163
198
27
0
0
0
1
0
0
0
62
245
255
224
6
3
0
0
0
0
0
0
0
0
0
0
0
94
255
169
0
3
13
7
0
14
1
3
7
199
241
244
9
5
1
0
0
0
0
0
0
0
0
0
41
244
245
177
0
0
13
0
2
0
1
0
10
214
243
255
9
5
1
0
0
0
0
0
0
0
0
0
30
230
248
239
162
55
0
0
2
4
0
29
99
238
255
238
6
3
0
0
0
0
0
0
0
0
0
0
2
69
219
255
254
236
215
158
117
197
118
222
255
240
255
109
2
1
0
0
0
0
0
0
0
0
0
0
0
0
25
161
240
255
255
246
249
246
255
245
248
220
90
5
0
0
0
0
0
0
0
0
0
0
0
0
3
1
0
0
32
109
197
254
254
252
253
234
167
75
11
0
0
0
0
0
0
0
0
0
0
0
0
0
0
1
3
0
0
0
0
0
0
0
2
12
9
0
0
12
0
0
0
0
0
0
0
0
0
0
0
0
6
6
3
1
3
8
8
4
13
4
0
0
0
0
0
0
0
0
0
0
0
0
0
0
0
0
0
0
2
0
0
0
0
0
0
0
0
0
0
3
9
12
7
0
0
0
0
0
