9
0
0
0
0
0
0
0
0
9
0
0
0
0
0
0
1
0
5
6
0
0
1
3
0
0
0
0
0
0
0
0
0
0
0
0
0
0
0
1
7
8
3
0
0
0
0
0
0
7
8
1
0
0
0
0
0
0
0
0
0
0
0
0
0
3
2
0
0
0
0
1
4
12
5
0
0
0
0
0
10
0
0
0
0
0
0
0
0
0
0
0
0
0
0
1
0
2
5
5
2
0
0
0
1
0
0
0
0
0
0
0
0
0
0
0
0
0
0
0
0
5
4
0
0
0
0
0
0
6
6
1
0
3
11
5
0
0
0
0
0
0
0
0
0
0
0
0
0
0
0
2
1
4
12
13
7
0
0
1
0
0
0
2
3
0
0
0
0
0
0
0
0
0
0
0
0
0
7
10
0
0
0
0
0
13
0
0
4
6
0
0
1
0
0
0
0
0
0
0
0
0
0
0
0
0
0
0
0
29
115
213
255
220
109
9
0
5
2
0
6
0
0
0
0
0
6
1
0
0
3
0
4
6
23
48
54
222
243
247
255
255
244
211
20
6
0
4
0
0
0
0
0
0
3
1
0
5
0
0
0
0
146
242
98
251
248
255
240
248
255
248
186
0
8
0
0
0
0
0
0
0
0
0
2
6
0
0
5
133
232
249
255
254
111
213
255
255
255
255
250
52
14
0
12
0
0
0
0
4
1
0
0
1
0
6
35
235
242
254
248
181
243
255
253
255
248
253
233
64
0
0
1
0
0
0
0
2
3
0
0
0
0
11
46
255
227
255
255
239
250
248
250
254
252
255
255
14
0
6
0
0
0
0
0
0
3
3
2
0
0
3
28
191
255
249
255
255
231
255
255
254
255
243
177
1
5
4
5
0
0
0
0
0
4
1
0
4
1
0
5
71
210
246
221
231
249
113
114
249
255
196
25
6
0
0
4
0
0
0
0
3
5
0
0
4
9
0
0
3
29
43
20
0
3
0
171
255
238
191
0
0
0
9
0
0
0
0
0
0
0
0
0
0
0
0
0
0
0
2
9
0
0
40
238
255
253
61
0
0
9
0
0
0
0
0
0
0
0
0
0
0
0
0
0
11
0
0
0
0
4
177
255
251
168
16
0
0
2
0
2
0
0
0
0
0
0
0
0
0
0
0
0
6
0
9
13
0
55
237
243
255
100
2
12
4
0
1
0
0
0
0
0
0
0
0
0
0
0
0
0
0
0
5
6
0
159
244
255
176
11
0
0
0
0
6
0
0
0
0
0
0
0
0
0
0
0
0
0
0
1
1
0
64
244
254
255
117
17
17
4
7
0
0
0
0
0
0
0
0
0
0
0
0
0
0
0
2
6
2
9
206
255
255
191
6
0
1
0
0
0
1
6
0
0
0
0
0
0
0
0
0
0
0
0
2
2
0
93
255
253
250
129
8
1
13
2
1
0
0
0
0
0
0
0
0
0
0
0
0
0
0
0
0
14
35
238
255
254
158
25
7
0
0
7
0
0
4
0
0
0
0
0
0
0
0
0
0
0
0
0
0
3
59
253
249
255
39
0
0
0
0
0
0
0
0
0
0
0
0
0
0
0
0
0
0
0
0
0
10
0
54
255
255
155
5
12
0
0
0
0
0
0
0
0
0
0
0
0
0
0
0
0
0
0
0
0
2
0
52
228
229
57
0
0
0
0
0
0
0
0
0
0
0
0
0
0
0
0
0
0
0
0
0
0
0
15
3
0
11
0
21
0
0
0
0
0
0
0
0
0
0
0
0
0
