0
0
0
0
0
0
0
0
0
0
0
0
0
0
0
0
0
0
12
0
0
2
0
3
0
0
0
0
0
0
0
0
0
0
0
0
0
0
0
0
0
0
0
0
0
1
0
0
0
0
0
0
9
0
0
0
0
0
0
0
0
0
0
0
0
0
0
0
0
0
0
0
0
0
7
15
1
5
21
6
0
0
0
0
0
0
0
0
0
0
0
0
0
0
0
0
0
0
0
0
0
13
0
0
3
0
0
0
14
0
0
0
0
0
0
0
0
0
0
0
0
0
0
0
0
0
0
0
0
10
0
7
9
1
2
0
0
0
0
0
0
0
0
0
0
0
0
0
0
0
0
0
0
0
0
0
0
0
7
0
0
35
113
112
7
0
0
0
0
0
0
0
0
0
0
0
0
0
0
0
0
0
0
0
0
9
58
103
195
251
255
236
114
0
0
0
0
0
0
0
0
0
0
0
0
0
0
0
0
0
0
0
0
154
226
244
255
252
239
255
190
0
0
0
0
0
0
8
1
0
13
0
4
0
0
16
0
3
31
164
204
255
250
253
249
239
255
255
112
0
0
0
0
0
0
0
2
15
0
0
0
0
9
0
2
49
243
221
255
251
240
255
255
255
244
241
36
0
0
0
0
1
1
0
2
11
0
13
5
8
0
3
207
254
230
255
246
238
199
95
209
249
255
230
12
0
0
0
0
6
0
3
3
0
0
26
0
0
71
255
246
248
255
255
173
72
0
8
237
254
251
234
0
0
0
0
0
3
0
0
1
0
11
0
0
185
244
255
248
241
163
108
2
1
0
0
219
247
255
107
4
0
0
0
0
0
14
0
0
11
2
0
116
222
255
255
222
123
13
3
0
0
45
245
245
254
166
0
2
0
0
0
0
0
13
0
0
2
0
72
243
255
255
207
98
3
0
12
0
39
234
226
255
255
67
22
0
0
0
0
0
13
0
0
1
0
13
164
255
254
214
35
6
3
2
0
9
177
242
255
244
176
31
0
0
0
0
0
0
0
3
11
1
0
89
238
255
250
87
3
0
0
0
57
166
255
248
255
191
22
0
8
0
0
0
0
0
18
0
0
0
6
231
249
255
137
12
0
6
20
113
215
255
245
255
184
2
0
0
5
4
0
0
0
0
0
0
13
0
0
255
242
223
29
8
0
45
162
255
255
255
255
175
21
0
9
22
0
5
0
0
0
0
10
0
2
9
100
255
217
49
17
67
173
247
255
255
236
186
88
7
0
11
3
0
9
4
0
0
0
0
0
0
0
0
166
239
255
202
209
235
255
255
251
232
141
9
0
0
9
0
0
0
8
2
0
0
0
0
0
7
0
19
212
255
240
255
255
255
246
250
207
74
0
13
17
14
0
12
0
17
0
0
0
0
0
0
4
0
0
0
106
255
243
247
251
255
207
103
0
0
16
0
0
0
17
0
0
0
22
0
0
0
0
0
2
0
20
2
0
203
253
125
99
84
10
0
8
3
4
1
10
10
0
1
5
3
0
5
0
0
0
0
0
0
0
0
0
0
0
0
0
0
0
0
0
0
0
0
0
0
0
0
0
0
0
0
0
0
0
0
0
0
0
0
0
0
0
0
0
0
0
0
0
0
0
0
0
0
0
0
0
0
0
0
0
0
0
0
0
0
0
0
0
0
0
0
0
0
0
0
0
0
0
0
0
0
0
0
0
0
0
0
0
0
0
0
0
0
0
0
0
0
0
0
0
0
0
0
0
0
0
0
0
0
0
0
0
0
0
0
0
0
0
0
