8
0
0
0
0
0
0
0
0
0
0
0
0
0
0
0
0
4
1
4
5
0
6
4
0
0
0
5
5
0
0
0
0
0
0
0
0
5
4
3
2
3
4
3
3
0
0
0
5
4
10
1
0
0
3
0
0
0
0
0
0
0
0
0
0
0
0
3
0
0
0
0
0
10
11
4
0
1
0
0
5
4
9
0
0
0
0
0
0
0
0
0
0
3
0
0
0
0
4
8
10
0
0
0
0
4
4
10
1
0
6
0
2
0
0
0
0
0
0
0
0
2
1
3
8
10
4
0
0
11
1
0
17
7
0
5
0
0
0
0
1
0
0
0
0
0
0
0
0
0
0
1
0
0
7
55
97
246
255
238
132
0
19
88
50
48
0
7
4
0
0
0
0
0
0
0
0
0
0
0
11
48
121
208
255
255
210
218
251
46
3
152
255
145
2
5
6
0
0
0
0
0
0
0
0
0
0
37
124
219
255
237
196
52
13
98
242
49
0
144
255
217
6
0
1
0
0
12
0
0
10
5
0
0
137
212
241
253
181
54
3
1
0
148
68
0
79
255
244
131
23
0
6
6
0
0
0
0
0
0
2
119
246
250
213
113
0
26
0
14
0
0
0
92
201
244
236
32
0
0
16
7
0
0
1
7
0
0
56
252
255
126
2
0
0
0
0
0
3
9
88
239
255
253
17
0
0
5
8
0
0
1
2
5
0
13
98
255
244
71
0
7
11
0
11
0
6
78
212
252
227
79
10
4
8
1
0
0
4
5
0
0
0
0
61
255
236
224
39
0
0
0
2
11
102
239
252
221
102
13
0
0
0
0
0
0
2
2
0
3
5
0
3
106
255
247
216
37
0
21
27
191
255
226
211
78
0
5
3
0
0
0
0
0
0
2
0
2
13
0
0
7
109
255
255
179
29
114
252
241
247
163
0
2
5
0
2
7
3
1
0
4
0
10
0
0
1
1
3
0
5
142
255
246
255
253
255
249
62
4
0
0
7
7
2
0
0
3
3
2
2
0
0
0
0
6
4
4
8
0
135
243
255
255
204
30
0
0
8
0
2
3
0
0
0
0
0
0
0
2
3
0
0
1
0
0
0
53
159
255
250
240
153
8
0
1
0
0
0
0
5
0
0
0
0
1
0
4
0
0
1
7
0
0
48
234
252
247
255
254
253
0
0
6
0
0
0
0
9
0
0
0
0
0
0
6
0
0
1
0
0
32
214
241
233
74
154
236
255
41
0
3
0
4
0
0
1
0
0
0
0
0
0
9
4
2
0
0
13
210
255
235
33
10
64
255
248
131
0
0
5
0
0
6
0
0
0
0
0
5
0
2
0
2
0
15
112
255
237
66
0
0
0
249
255
199
3
0
4
0
0
13
0
0
0
0
0
8
2
0
0
2
0
50
226
255
105
19
7
1
6
206
255
189
2
2
0
0
0
7
0
0
0
0
0
0
0
5
0
13
0
49
255
244
60
0
3
0
103
255
248
142
0
6
0
7
0
0
1
0
0
0
0
0
9
0
4
9
0
38
171
255
235
207
194
209
237
255
255
12
9
4
0
0
0
0
0
0
0
0
0
0
8
0
0
8
0
0
13
0
0
0
0
0
5
3
0
7
5
2
0
0
0
0
2
0
0
0
0
0
5
1
0
9
14
1
0
0
3
6
4
0
0
0
0
0
0
0
0
0
0
1
2
0
0
0
0
5
0
2
2
0
0
2
13
0
1
0
0
0
0
1
5
0
0
0
0
0
0
0
0
0
0
0
0
