2
0
0
0
0
0
0
0
0
3
0
2
0
0
0
8
2
0
0
0
0
4
6
2
0
0
0
0
0
0
0
0
0
0
0
0
0
3
0
0
0
9
4
0
0
8
0
0
5
4
0
0
8
0
0
0
0
0
0
0
0
0
0
0
0
0
5
3
0
0
0
2
19
0
2
7
2
0
2
2
0
0
0
0
0
0
0
0
0
0
0
0
0
2
5
0
0
6
6
0
0
3
3
0
0
0
0
0
2
0
0
0
0
0
0
0
0
0
0
0
0
0
0
0
0
0
0
4
12
1
0
0
15
17
2
0
4
0
0
0
0
0
0
0
0
0
0
0
0
2
0
13
5
8
0
5
0
0
7
3
0
0
0
3
0
0
0
0
0
0
0
0
0
0
0
0
0
13
0
4
18
78
110
168
144
108
110
82
31
0
0
6
2
0
0
0
0
0
0
0
0
0
0
0
0
0
37
199
246
255
233
255
249
255
241
250
255
188
65
0
1
0
0
0
0
0
0
0
1
0
0
0
7
53
172
255
214
196
114
118
109
103
128
199
207
255
254
106
3
0
0
0
0
6
3
0
0
2
6
0
0
90
255
128
23
0
0
7
8
1
0
0
0
80
251
247
60
0
0
0
0
0
4
5
0
0
4
5
0
49
255
176
22
5
0
0
0
1
8
0
17
0
165
255
155
0
0
0
0
1
3
1
0
0
0
0
0
6
55
176
0
0
17
0
20
4
0
3
0
4
89
244
196
0
0
0
0
7
0
0
4
11
10
5
2
0
9
10
6
1
0
18
0
0
12
0
0
0
197
255
157
0
0
0
0
0
1
7
3
0
0
0
2
0
0
0
0
0
10
0
3
0
16
3
0
8
255
241
55
0
0
0
0
0
9
7
0
0
32
59
65
67
75
61
3
13
0
0
5
15
0
0
13
150
250
196
18
0
0
0
0
1
0
0
0
91
210
255
249
255
248
255
231
219
161
77
1
0
24
23
182
255
241
51
0
0
0
0
0
4
0
2
0
212
255
238
151
146
202
236
248
255
251
253
204
159
131
237
251
207
45
11
0
0
0
0
0
0
25
0
0
254
214
29
3
0
8
7
0
49
128
225
252
255
255
245
230
39
9
0
1
0
0
0
0
0
0
0
7
204
255
109
4
0
0
6
0
8
42
149
253
250
255
243
255
72
9
13
2
0
0
0
0
13
8
11
0
105
255
252
180
121
47
54
105
203
244
241
249
162
51
159
223
241
216
45
0
0
0
0
0
0
0
0
8
3
124
250
255
255
241
255
244
255
251
138
30
0
0
0
25
29
56
3
9
0
0
0
0
0
25
0
6
0
0
53
102
107
154
186
117
61
27
16
2
0
19
5
0
0
17
0
4
0
0
0
0
0
0
0
16
0
0
15
0
0
0
2
0
8
0
0
0
0
16
0
0
20
0
13
0
0
0
0
0
2
6
0
0
8
8
0
12
0
9
0
0
6
0
17
0
0
0
13
6
0
10
0
0
0
0
0
0
0
0
0
0
0
0
0
0
0
0
0
0
0
0
0
0
0
0
0
0
0
0
0
0
0
0
0
0
0
0
0
0
0
0
0
0
0
0
0
0
0
0
0
0
0
0
0
0
0
0
0
0
0
0
0
0
0
0
0
0
0
0
0
0
0
0
0
0
0
0
0
0
0
0
0
0
0
0
0
0
0
0
0
0
0
0
0
0
0
0
0
0
0
0
0
0
0
0
0
0
0
0
0
0
0
0
0
0
0
0
0
0
