1
0
0
0
0
0
0
0
0
4
0
0
3
5
1
0
3
0
9
0
8
0
3
9
0
0
0
0
0
0
0
0
0
0
0
0
0
2
0
0
0
0
0
0
0
9
0
0
0
0
1
0
11
0
0
0
0
0
0
0
0
0
0
0
0
0
2
3
0
0
0
0
0
0
15
0
3
21
0
6
0
0
0
0
0
0
0
0
0
0
0
0
0
0
1
2
0
0
3
3
0
0
0
0
8
0
3
23
0
0
0
0
0
0
0
0
0
0
0
0
0
0
0
0
0
3
5
1
0
99
252
21
0
25
0
0
0
0
0
0
0
0
0
0
0
0
0
0
0
2
0
0
0
2
0
0
0
180
249
35
3
0
10
7
2
0
0
0
0
0
0
0
0
0
0
0
0
4
0
0
3
1
0
3
20
233
250
13
16
0
2
12
0
0
0
0
0
0
0
0
0
0
0
0
0
3
0
0
7
1
0
14
46
255
194
0
0
0
12
0
6
0
0
0
0
0
0
0
0
0
0
0
0
5
6
0
0
5
0
0
120
251
66
10
0
12
0
0
0
0
0
0
0
0
0
0
0
0
0
0
0
0
0
0
0
0
0
7
204
255
21
0
0
9
0
0
5
0
0
0
0
0
0
0
0
0
0
0
0
0
7
6
5
5
2
33
255
212
0
0
0
1
5
0
2
0
0
0
0
0
0
0
0
0
0
0
0
2
0
0
0
0
0
85
255
98
0
15
3
0
4
1
0
0
0
0
0
0
0
0
0
0
0
0
0
0
0
0
0
0
18
187
230
0
0
8
0
0
0
3
0
0
0
0
0
0
0
0
0
0
0
0
0
3
2
11
8
0
57
255
175
0
7
0
0
14
0
0
4
0
0
0
0
0
0
0
0
0
0
0
0
0
0
0
2
0
99
241
71
12
5
0
2
9
2
0
2
0
0
0
0
0
0
0
0
0
0
0
0
5
1
0
10
3
157
222
6
4
0
7
0
0
13
0
2
0
0
0
0
0
0
0
0
0
0
0
0
4
0
2
0
14
255
208
0
0
0
0
0
0
0
0
0
0
0
0
0
0
0
0
0
0
0
0
0
2
0
7
4
67
233
132
3
0
0
0
0
0
0
0
0
0
0
0
0
0
0
0
0
0
0
0
0
0
10
0
4
117
255
66
0
0
0
0
0
0
0
0
0
0
0
0
0
0
0
0
0
0
0
0
0
0
1
0
7
176
255
25
0
0
0
0
0
0
0
0
0
0
0
0
0
0
0
0
0
0
0
0
0
13
0
14
51
240
188
0
1
0
0
0
0
0
0
0
0
0
0
0
0
0
0
0
0
0
0
0
0
6
0
5
114
253
186
0
0
0
0
0
0
0
0
0
0
0
0
0
0
0
0
0
0
0
0
0
0
0
16
0
130
245
175
9
0
0
0
0
0
0
0
0
0
0
0
0
0
0
0
0
0
0
0
0
0
0
3
0
105
255
81
0
3
0
0
0
0
0
0
0
0
0
0
0
0
0
0
0
0
0
0
0
0
0
0
0
0
0
0
0
0
0
0
0
0
0
0
0
0
0
0
0
0
0
0
0
0
0
0
0
0
0
0
0
0
0
0
0
0
0
0
0
0
0
0
0
0
0
0
0
0
0
0
0
0
0
0
0
0
0
0
0
0
0
0
0
0
0
0
0
0
0
0
0
0
0
0
0
0
0
0
0
0
0
0
0
0
0
0
0
0
0
0
0
0
0
0
0
0
0
0
0
0
0
0
0
0
