0
0
0
0
0
0
0
0
0
0
6
0
0
11
2
0
5
6
0
3
0
0
12
3
0
0
0
0
0
0
0
0
0
0
0
0
0
6
2
9
0
0
0
0
0
0
26
3
7
0
0
0
5
0
0
0
0
0
0
0
0
0
0
0
0
0
0
1
4
7
9
9
6
0
0
0
0
11
15
1
3
0
0
0
0
0
0
0
0
0
0
0
0
4
17
0
0
0
0
13
0
10
0
2
0
7
0
5
0
0
0
0
0
0
0
0
0
0
0
0
0
0
2
2
8
6
0
4
8
15
138
211
238
161
19
2
5
0
0
0
0
0
0
0
0
0
0
0
0
4
0
14
0
0
13
0
59
194
248
255
255
250
199
6
0
0
0
0
0
0
0
0
0
0
0
0
0
12
0
0
17
104
162
178
255
249
254
255
236
250
255
80
12
0
0
0
0
0
0
0
0
0
0
0
0
0
18
0
119
255
255
252
248
255
244
203
204
250
246
229
0
0
0
0
0
0
13
0
1
4
0
4
0
1
0
39
253
253
242
255
254
221
37
6
45
250
240
255
78
0
0
0
0
0
3
0
4
10
0
7
0
0
12
169
235
255
255
216
140
0
7
0
0
212
255
255
96
0
0
0
0
8
0
0
5
1
0
2
0
0
49
251
236
255
197
79
10
0
0
10
62
255
255
244
85
0
0
0
0
5
0
0
4
0
0
4
3
2
156
255
255
227
70
0
0
6
0
0
71
255
249
238
4
0
0
0
0
0
0
2
0
0
8
6
0
62
248
244
255
109
6
1
9
0
21
0
109
255
255
207
0
0
0
0
0
1
0
0
0
7
10
0
0
157
252
246
250
18
0
4
0
5
0
7
206
253
243
122
0
0
0
0
0
3
3
1
0
4
0
0
48
240
246
255
192
5
7
0
0
2
0
123
255
239
255
80
0
0
0
0
0
0
4
8
0
3
0
17
140
253
255
249
79
0
0
0
5
0
39
236
250
253
222
0
6
0
0
0
0
0
1
3
0
0
8
8
235
254
253
249
36
0
0
22
0
19
214
250
255
230
93
0
1
0
0
0
0
5
0
5
3
0
0
96
255
255
248
253
28
0
10
6
0
173
255
248
253
192
0
0
4
0
0
0
0
3
0
4
0
6
0
187
255
230
252
255
28
15
0
0
183
255
241
255
208
29
0
0
4
0
0
0
0
0
0
4
0
5
5
212
249
255
248
255
38
4
164
244
239
251
255
185
38
10
0
18
0
0
0
0
0
2
3
7
0
7
6
166
255
246
249
244
180
242
255
237
255
255
198
45
0
0
22
0
1
0
0
0
0
2
0
4
4
6
0
85
247
251
255
255
249
255
255
255
247
165
13
16
0
0
1
1
0
0
0
0
0
0
0
0
0
3
0
16
139
255
244
247
255
247
246
204
99
0
7
0
17
8
0
6
7
0
0
0
0
0
3
2
0
4
10
0
17
157
247
255
252
227
118
5
8
3
0
9
6
0
0
9
0
0
0
0
0
0
0
0
0
0
0
0
0
0
0
0
0
0
0
0
0
0
0
0
0
0
0
0
0
0
0
0
0
0
0
0
0
0
0
0
0
0
0
0
0
0
0
0
0
0
0
0
0
0
0
0
0
0
0
0
0
0
0
0
0
0
0
0
0
0
0
0
0
0
0
0
0
0
0
0
0
0
0
0
0
0
0
0
0
0
0
0
0
0
0
0
0
0
0
0
0
0
0
0
0
0
0
0
0
0
0
0
0
0
0
0
0
