8
0
0
0
0
0
0
0
0
14
0
0
6
0
0
0
0
0
7
0
10
0
0
0
10
0
0
8
12
0
0
0
0
0
0
0
0
0
2
13
2
0
2
14
10
22
0
0
1
3
0
0
0
2
0
0
0
0
0
0
0
0
0
0
0
2
1
0
0
7
3
0
0
0
5
16
0
8
0
3
9
4
3
0
0
0
0
0
0
0
0
0
0
4
9
0
0
4
0
0
20
0
14
1
0
9
1
0
0
0
0
7
1
0
0
0
0
0
0
0
0
0
7
5
0
6
0
0
0
0
0
0
22
0
2
6
5
12
0
1
0
0
0
0
0
0
0
0
0
2
0
0
3
0
0
25
82
167
255
244
232
255
246
196
255
84
9
0
0
0
0
0
0
0
0
0
0
6
1
2
0
0
56
172
255
246
228
222
220
211
236
253
241
129
14
0
6
0
0
0
0
0
0
0
0
0
8
2
0
65
209
255
209
110
57
0
0
62
48
117
255
115
0
0
8
0
0
0
0
0
0
0
0
0
4
40
123
241
180
111
25
6
0
41
143
234
59
126
116
0
0
0
0
0
0
0
0
0
0
0
0
0
5
134
252
224
25
0
5
4
3
97
255
255
87
0
2
0
0
0
0
0
0
0
0
0
0
0
0
13
68
255
208
25
0
15
6
7
12
222
230
235
52
0
14
0
0
0
0
0
0
0
0
0
0
0
0
2
214
242
115
2
1
0
0
136
255
250
254
104
11
4
0
0
0
0
0
0
0
0
0
0
0
0
0
0
235
254
99
0
13
0
140
253
249
182
78
14
0
7
0
0
0
0
0
0
0
0
0
0
0
0
0
0
229
255
177
25
91
203
255
240
160
27
1
0
0
13
7
0
0
0
0
0
0
0
0
0
0
0
0
9
122
252
245
231
255
230
240
75
1
0
0
0
21
0
13
0
0
0
0
0
0
0
0
0
0
0
0
10
6
199
255
255
252
255
239
17
13
7
2
2
0
2
1
0
0
0
0
0
0
0
9
0
4
8
0
14
202
247
237
208
244
249
255
253
87
0
8
6
0
0
0
0
0
0
0
4
1
0
0
0
4
0
91
215
249
169
75
0
44
127
187
250
239
140
0
1
0
0
10
0
0
0
0
0
0
0
0
9
1
64
211
255
121
0
0
1
13
13
0
92
236
255
158
12
2
0
0
0
0
0
0
1
0
3
1
0
12
193
228
43
1
0
10
1
0
0
16
10
174
254
172
0
0
11
0
0
0
0
0
5
5
3
0
0
98
252
174
0
8
13
0
10
13
0
0
6
204
248
57
2
0
10
0
0
0
0
0
0
10
0
0
1
218
254
186
3
2
0
0
0
8
3
34
131
253
196
14
15
6
0
3
0
0
0
0
0
1
0
4
11
211
240
239
90
49
32
41
18
65
122
212
244
184
49
0
0
13
0
2
0
0
0
0
6
0
0
4
0
97
215
249
255
221
222
239
202
255
252
236
51
8
0
11
7
0
0
9
0
0
0
0
4
0
1
7
0
0
115
249
244
250
255
249
215
151
76
25
0
0
0
0
0
0
0
0
0
0
0
0
0
0
4
4
0
0
0
9
16
9
0
0
0
1
0
0
0
0
0
0
0
0
0
0
0
0
0
0
0
5
0
0
0
9
3
0
0
0
0
0
2
4
4
2
0
0
0
0
0
0
0
0
0
0
0
0
0
0
1
2
1
1
6
12
7
7
6
4
1
0
0
0
0
0
0
0
0
0
0
0
0
0
0
0
