3
0
0
19
0
2
6
0
5
0
6
7
0
0
0
3
4
6
0
1
8
0
0
8
0
0
0
0
0
7
0
2
0
0
2
0
0
0
0
0
0
2
6
1
0
0
9
0
0
7
0
0
16
0
0
0
0
4
4
0
0
0
2
12
0
15
0
0
5
6
0
0
12
4
2
4
0
0
7
13
0
0
0
0
0
0
5
2
2
1
3
0
1
0
0
4
0
0
0
0
1
2
3
3
0
10
0
0
1
0
0
0
0
4
0
1
2
9
0
1
75
125
194
245
251
255
255
238
175
108
34
15
0
0
0
15
0
0
0
0
0
4
0
6
0
0
0
108
230
254
207
137
85
86
123
151
156
241
255
167
29
0
0
0
19
0
0
0
0
0
0
9
0
0
34
216
214
57
14
0
1
8
0
0
3
0
115
202
204
16
2
0
0
0
0
0
0
0
6
0
0
16
86
236
17
0
1
2
0
0
3
3
0
11
0
72
249
36
17
0
2
0
0
0
0
0
4
0
10
0
34
108
1
4
0
7
0
0
3
6
1
2
1
0
239
74
1
10
0
0
0
0
0
2
6
0
8
0
0
32
0
0
0
0
17
19
0
0
0
10
0
121
252
40
0
4
1
0
0
0
0
0
8
0
3
8
0
0
0
8
0
8
7
0
0
21
0
0
113
246
167
3
0
0
16
0
0
0
0
0
8
7
0
6
6
0
7
16
2
1
0
18
12
0
50
208
249
158
13
2
13
0
0
0
0
0
0
0
1
11
0
0
10
2
0
0
29
61
95
142
186
233
255
211
94
0
0
11
0
0
6
0
0
0
0
11
0
0
2
0
1
3
0
26
255
255
246
255
237
255
240
204
63
6
0
0
8
7
0
0
0
0
0
4
0
0
4
2
0
3
2
8
109
113
114
73
46
127
138
243
242
229
94
18
0
0
17
0
0
0
0
0
14
0
0
4
0
0
0
1
0
12
0
0
6
0
0
11
102
228
250
229
70
5
0
0
0
0
0
2
5
12
0
0
3
0
1
0
4
0
0
5
5
0
0
2
1
0
124
228
238
44
7
0
0
0
0
0
0
0
11
8
4
0
1
0
6
4
0
0
0
0
1
3
7
2
11
65
238
213
0
0
0
0
0
9
19
0
1
0
0
6
0
0
0
0
2
11
7
0
0
0
0
2
1
0
149
255
21
0
0
0
0
0
0
0
0
13
0
10
0
2
2
0
0
0
0
0
10
12
11
4
0
10
147
234
26
0
0
0
0
2
0
11
0
0
18
0
0
0
8
11
9
6
0
0
9
0
0
0
44
141
251
193
0
0
0
0
0
6
4
0
2
34
215
123
36
24
5
0
0
1
8
9
19
25
107
211
255
186
128
43
0
0
0
0
0
0
14
10
0
0
187
236
253
245
209
168
164
191
209
219
233
255
255
230
149
13
0
0
2
0
0
0
0
16
0
4
21
0
0
62
127
170
197
228
248
241
203
174
173
101
93
33
7
0
8
11
0
0
0
0
0
0
0
0
0
0
0
0
0
0
0
0
0
0
0
0
0
0
0
0
0
0
0
0
0
0
0
0
0
0
0
0
0
0
0
0
0
0
0
0
0
0
0
0
0
0
0
0
0
0
0
0
0
0
0
0
0
0
0
0
0
0
0
0
0
0
0
0
0
0
0
0
0
0
0
0
0
0
0
0
0
0
0
0
0
0
0
0
0
0
0
0
0
0
0
0
0
0
0
0
0
0
0
0
0
0
0
0
0
0
0
0
0
