0
0
0
0
0
0
0
0
0
0
9
0
3
0
11
0
0
0
23
1
0
0
16
0
4
0
0
0
0
0
0
0
0
0
0
0
0
0
0
0
5
0
0
0
1
0
0
0
1
5
0
0
0
0
0
0
0
0
0
0
0
0
0
0
0
0
1
6
0
0
5
14
2
4
0
7
9
4
0
6
2
0
0
0
0
0
0
0
0
0
0
0
0
7
2
1
7
0
0
0
0
0
2
0
0
0
4
0
0
0
0
0
0
0
0
0
0
0
0
0
0
0
0
0
14
0
21
4
0
1
12
1
0
18
3
0
0
0
0
0
0
0
0
0
0
0
0
0
0
13
0
0
14
0
0
99
255
249
236
162
0
0
0
20
11
0
0
0
0
0
0
0
0
0
0
0
0
0
14
5
0
101
207
255
246
248
255
238
104
11
0
12
0
0
0
0
0
0
0
0
0
0
0
0
0
14
0
0
30
212
241
255
252
255
252
253
245
53
7
0
5
0
0
0
0
0
10
3
0
0
0
3
0
0
0
62
189
255
247
240
255
254
255
254
237
141
7
0
0
0
0
0
0
0
0
0
0
4
4
4
0
13
122
252
242
229
255
239
194
189
248
255
255
230
73
0
0
0
0
0
0
6
0
0
3
0
0
0
0
0
83
247
255
255
167
87
0
8
98
244
255
248
74
0
18
0
0
0
0
4
0
7
4
0
0
0
3
11
202
241
255
230
67
0
0
0
0
232
249
247
75
0
0
0
0
0
0
0
0
9
2
0
11
0
2
112
255
249
238
61
6
0
12
23
0
198
255
254
74
0
0
0
0
0
0
1
0
3
0
7
13
0
0
236
233
247
158
0
0
13
0
0
10
121
249
250
64
0
13
0
0
0
0
4
0
3
0
4
0
0
57
232
255
215
0
0
0
0
11
0
9
120
240
255
82
0
0
0
0
0
0
0
0
10
0
3
0
15
152
250
253
132
6
0
9
0
0
11
0
222
255
244
68
6
5
0
0
0
0
7
1
0
1
0
0
50
229
255
199
0
3
0
2
0
0
8
0
121
250
254
72
0
4
0
0
0
0
0
0
3
7
1
11
73
254
227
132
0
4
0
0
9
0
0
0
135
255
252
72
0
1
0
0
0
0
0
5
0
0
0
1
66
246
255
121
4
5
0
0
0
0
6
48
235
249
215
14
8
0
0
0
0
0
3
0
0
0
0
11
72
252
255
106
0
0
3
3
0
12
4
134
255
255
84
3
0
11
0
0
0
0
0
0
0
13
6
1
61
251
236
127
13
0
0
4
0
48
219
249
253
232
58
12
0
0
0
0
0
0
2
0
0
3
0
0
61
255
255
197
86
48
51
110
160
255
247
255
223
59
0
0
37
0
0
0
0
0
0
1
0
0
0
11
62
227
247
255
255
252
251
252
250
246
255
143
30
11
3
3
0
0
0
0
0
0
0
5
0
0
4
1
0
85
246
248
255
245
251
249
255
195
68
23
6
0
15
0
6
0
0
0
0
0
0
0
0
0
0
0
0
0
17
93
195
255
255
188
83
5
0
0
0
0
0
0
0
0
0
0
0
0
0
0
0
0
0
0
0
0
3
6
3
0
0
0
1
0
0
0
0
0
0
0
0
0
0
0
0
0
0
0
0
0
0
0
0
0
0
0
2
1
2
3
1
0
0
0
0
0
0
0
0
0
0
0
0
0
0
0
0
0
0
0
0
0
0
0
0
0
0
0
2
1
0
0
0
0
0
0
0
0
0
0
0
0
