7
0
0
0
0
0
0
0
0
3
4
2
0
0
2
4
3
0
0
12
0
0
0
10
0
0
0
0
0
0
0
0
0
0
0
0
0
0
0
1
7
7
1
0
0
0
0
0
14
1
12
0
9
0
0
0
0
0
0
0
0
0
0
0
0
4
0
0
0
0
0
0
4
4
14
6
0
9
5
0
0
0
0
0
0
0
0
0
0
0
0
0
0
3
1
0
0
0
0
1
3
0
0
4
0
16
0
1
8
0
0
0
0
0
0
0
0
0
0
0
0
0
4
8
3
3
8
4
0
2
3
11
11
0
4
11
0
0
0
0
0
0
0
0
0
0
0
0
0
0
2
0
0
0
0
2
0
10
0
0
0
0
0
8
0
0
0
0
0
0
0
0
0
0
0
0
0
5
0
0
5
5
0
0
5
0
0
118
197
249
67
0
0
0
0
0
0
0
0
0
0
0
0
0
0
0
0
14
51
51
14
0
0
65
176
245
252
253
121
8
1
0
0
0
0
3
0
14
0
0
8
0
1
0
0
54
253
240
207
209
217
249
248
249
249
253
160
9
0
0
0
0
0
0
15
0
0
0
2
35
0
5
63
235
255
241
248
255
239
244
250
255
255
248
99
0
3
0
0
0
0
0
7
0
1
18
0
0
19
52
237
237
255
210
153
201
169
82
136
255
238
218
12
0
3
0
0
0
0
6
1
0
0
0
0
11
5
199
249
255
179
9
15
0
9
13
155
255
255
92
0
10
0
0
0
0
0
2
0
16
1
5
0
10
213
255
242
180
0
26
0
10
10
137
255
236
165
2
0
13
0
0
0
0
0
0
15
0
5
0
4
170
255
255
124
11
13
0
16
40
100
242
255
134
6
4
0
7
0
0
0
0
0
0
1
0
7
1
0
87
214
124
15
0
5
19
0
131
255
251
187
22
0
0
9
0
4
0
0
0
0
6
0
2
1
0
7
6
13
5
11
0
0
0
50
245
248
208
78
0
12
3
0
5
3
0
0
0
0
0
0
0
0
0
0
0
0
0
10
0
1
10
178
232
225
24
0
4
0
6
0
0
18
0
0
0
0
0
0
0
0
0
0
0
0
0
5
0
0
164
244
255
84
0
0
1
11
0
10
10
0
0
0
0
0
0
0
0
0
0
0
0
0
11
1
0
86
254
244
159
3
9
6
0
12
0
0
11
2
0
0
0
0
0
0
0
0
0
0
0
0
0
0
26
255
232
203
9
8
5
2
0
0
14
0
0
4
0
0
0
0
0
0
0
0
0
0
0
0
2
31
192
240
206
53
7
0
0
1
11
11
0
3
3
0
0
0
0
0
0
0
0
0
0
0
0
0
0
145
247
255
85
0
6
0
2
10
68
153
29
0
3
6
0
0
0
0
0
0
0
0
0
0
0
0
0
192
252
232
40
0
3
1
0
6
71
243
171
0
0
0
0
0
0
0
0
0
0
0
0
0
0
0
128
248
255
126
0
2
0
6
1
7
0
139
238
7
4
0
0
0
0
0
0
0
0
0
0
0
0
0
157
255
231
7
7
0
9
4
3
0
6
31
178
0
7
0
0
0
0
0
0
0
0
0
0
0
0
0
130
242
204
9
0
13
13
0
0
10
0
0
43
0
8
3
0
0
0
0
0
0
0
0
0
0
0
0
0
14
0
0
0
0
0
21
0
9
0
1
0
0
13
0
0
0
0
0
0
0
0
0
0
0
0
0
6
3
0
6
6
2
0
0
8
0
13
8
4
3
10
0
0
0
0
0
