1
0
0
0
0
0
0
0
0
0
0
0
0
0
0
0
0
0
9
0
0
2
0
4
0
0
0
0
0
0
0
0
0
0
0
0
0
0
0
0
0
0
0
0
0
13
0
10
6
0
10
0
4
0
0
0
0
0
0
0
0
0
0
0
0
0
0
0
0
0
0
0
0
0
0
0
6
3
0
10
0
0
0
0
0
0
0
0
0
0
0
0
0
0
0
0
0
0
0
0
0
0
29
7
0
0
0
13
0
0
0
0
0
0
0
0
0
0
0
0
0
0
0
0
0
0
0
0
0
3
0
0
26
145
239
57
3
0
0
0
0
0
0
0
0
0
0
0
0
0
0
0
0
0
0
0
0
8
0
3
164
253
233
3
0
0
0
0
0
0
0
0
0
0
0
0
0
0
0
0
0
0
0
0
0
4
0
16
197
249
73
0
3
0
0
0
0
0
0
0
0
0
0
0
0
0
0
0
0
0
0
0
0
0
30
202
237
236
0
0
4
0
0
0
0
0
0
0
0
0
0
0
0
0
4
23
0
12
0
0
4
5
45
255
255
102
15
0
0
0
0
0
0
0
0
0
0
0
0
0
0
10
0
0
3
7
0
7
0
22
176
243
183
8
0
13
18
0
0
0
0
0
0
0
0
0
0
0
0
5
0
0
1
0
7
0
0
160
255
245
68
0
6
1
0
0
0
0
0
0
0
0
0
0
0
0
0
0
0
19
0
0
11
0
99
237
248
171
4
1
2
0
3
0
0
0
0
0
0
0
0
0
0
0
0
0
0
4
3
7
0
59
234
255
203
29
3
0
0
1
9
0
0
0
0
0
0
0
0
0
0
0
0
5
0
0
11
0
6
176
255
239
103
0
0
6
9
2
0
0
0
0
0
0
0
0
0
0
0
0
0
0
8
1
0
1
127
247
241
103
0
24
0
0
0
0
9
0
0
0
0
0
0
0
0
0
0
0
0
0
0
9
0
58
255
251
244
63
1
0
15
0
11
2
0
0
0
0
0
4
0
0
6
0
0
1
1
0
0
0
68
208
239
246
96
0
0
0
0
0
0
0
0
0
0
0
0
4
0
0
2
0
0
3
2
1
12
15
169
255
246
161
3
0
0
0
0
0
0
0
0
0
0
0
0
2
2
0
0
0
2
3
0
0
0
95
255
251
109
0
0
0
0
0
0
0
0
0
0
0
0
0
0
0
5
1
0
0
2
0
0
2
92
248
255
202
1
3
3
0
0
0
0
0
0
0
0
0
0
0
0
0
7
2
0
2
0
0
0
54
238
246
248
92
5
16
0
0
0
0
0
0
0
0
0
0
0
0
0
0
7
1
0
5
0
0
15
175
255
251
161
1
1
0
2
0
0
0
0
0
0
0
0
0
0
0
0
0
7
0
0
7
0
1
40
255
249
255
23
1
0
16
12
0
0
0
0
0
0
0
0
0
0
0
0
0
6
0
0
8
0
8
59
238
200
14
21
0
6
0
0
0
0
0
0
0
0
0
0
0
0
0
0
0
0
0
0
0
0
0
0
0
0
0
0
0
0
0
0
0
0
0
0
0
0
0
0
0
0
0
0
0
0
0
0
0
0
0
0
0
0
0
0
0
0
0
0
0
0
0
0
0
0
0
0
0
0
0
0
0
0
0
0
0
0
0
0
0
0
0
0
0
0
0
0
0
0
0
0
0
0
0
0
0
0
0
0
0
0
0
0
0
0
0
0
0
0
0
0
0
0
0
0
0
0
0
0
0
0
0
0
0
0
0
0
