3
0
0
0
0
0
0
0
0
0
6
1
1
5
0
1
1
0
14
0
0
4
0
0
0
0
0
0
0
0
0
0
0
0
0
0
0
3
2
0
0
0
0
1
0
1
0
1
0
19
10
8
0
0
0
0
0
0
0
0
0
0
0
0
0
0
0
8
9
0
0
1
6
6
2
24
0
0
0
0
4
0
0
0
0
0
0
0
0
0
0
0
0
8
0
0
0
0
6
0
0
0
0
0
6
8
25
5
0
0
0
0
0
0
0
0
0
0
0
0
0
0
0
16
2
0
2
0
2
1
5
1
0
0
0
0
1
0
0
0
0
0
0
0
0
0
0
0
0
4
2
3
0
42
145
213
255
255
254
250
162
121
27
0
11
0
0
0
0
0
0
0
0
0
0
0
0
2
0
0
4
141
255
252
248
254
239
255
251
251
178
6
0
0
0
0
0
0
0
0
0
0
0
0
0
0
6
4
8
137
245
220
220
181
169
211
255
248
250
0
10
0
0
0
0
0
0
0
0
0
0
0
0
8
0
5
3
6
33
17
0
12
0
0
80
255
236
6
0
0
0
0
0
0
0
0
0
0
0
0
0
0
17
8
0
0
4
5
0
0
1
11
70
239
242
5
0
0
0
0
0
0
0
0
0
0
0
0
0
0
2
0
1
6
0
10
7
2
8
18
211
255
174
0
4
0
0
0
0
0
0
0
0
0
0
0
0
4
0
0
14
9
0
0
0
0
18
205
251
233
91
8
0
0
0
0
0
0
0
0
0
0
0
0
0
0
0
10
0
0
1
4
16
104
204
255
255
112
0
0
4
0
0
0
0
0
0
0
0
0
0
0
0
6
22
0
0
93
114
105
221
245
255
234
53
2
9
0
0
0
0
0
0
0
0
0
0
0
0
0
0
0
7
142
255
255
255
255
241
236
133
10
0
0
2
0
15
0
0
0
0
0
0
0
0
0
0
0
0
8
194
255
250
255
245
241
255
170
0
1
0
8
0
13
0
0
0
0
0
8
0
6
0
0
13
0
2
28
255
255
214
215
99
177
241
219
16
4
0
0
0
6
0
0
0
0
0
4
0
7
0
0
0
0
0
17
169
101
34
2
3
28
255
252
35
5
0
6
0
5
0
0
0
0
0
0
0
8
3
20
0
7
4
9
0
22
0
0
0
65
244
248
38
0
0
8
0
0
2
0
0
0
0
10
7
0
0
0
0
0
3
3
0
6
0
0
120
242
254
179
18
0
0
4
0
0
3
0
0
0
0
0
0
1
9
8
18
0
9
0
22
1
43
173
243
251
231
84
0
0
1
3
2
2
2
0
0
0
0
1
0
5
11
0
0
0
1
55
87
223
255
247
255
227
70
14
0
6
3
0
3
1
0
0
0
0
0
5
0
0
0
1
11
173
205
255
255
236
255
243
213
47
6
0
0
5
0
0
1
0
0
0
0
0
0
0
5
0
0
13
0
243
255
242
255
255
178
119
7
0
4
3
4
3
0
0
4
1
3
0
0
0
0
1
9
2
0
1
5
228
250
146
96
69
7
2
0
0
2
0
0
0
0
0
0
0
0
0
0
0
0
0
0
0
14
7
0
35
0
11
0
6
0
3
3
0
0
0
0
0
0
0
0
0
0
0
0
0
0
9
0
0
5
0
4
0
0
0
0
6
0
6
3
0
0
0
0
0
0
0
0
0
0
0
0
0
0
0
4
4
5
0
12
0
25
7
3
5
0
0
0
1
4
0
0
0
0
0
0
0
0
0
0
0
0
