8
1
0
11
0
7
0
0
0
0
2
1
0
0
3
8
5
4
4
0
9
0
5
0
0
0
0
0
0
4
0
5
0
0
4
10
0
2
3
7
10
7
0
0
0
0
0
5
0
11
0
11
0
0
0
0
0
0
0
3
3
7
0
1
2
0
0
0
0
2
0
0
10
4
13
0
22
0
0
0
9
0
0
0
0
4
9
5
11
9
0
0
0
7
2
0
2
2
0
0
0
0
10
5
0
1
0
19
0
0
0
0
0
0
0
0
0
0
13
12
0
0
0
1
0
0
8
5
0
18
0
0
0
14
0
6
0
0
0
0
0
13
1
8
16
0
0
0
12
3
6
0
0
31
100
154
171
164
104
21
14
0
0
0
9
0
0
0
0
4
0
0
3
0
9
0
50
47
84
134
182
226
255
255
246
251
240
193
13
0
7
20
0
0
0
0
0
3
0
11
0
51
210
221
239
255
252
247
249
253
255
255
253
252
255
251
117
3
8
0
9
0
0
0
0
0
0
6
9
220
255
255
242
255
255
255
240
246
255
154
72
166
243
255
236
19
2
0
0
0
0
0
0
9
3
0
0
255
238
235
250
187
119
123
173
225
127
2
11
22
255
255
240
20
0
9
11
0
0
0
0
0
0
0
0
255
255
253
255
30
0
14
0
5
9
0
0
74
246
232
255
32
2
0
0
0
0
0
0
0
5
0
5
141
249
255
231
206
45
0
5
0
0
0
19
197
255
255
156
0
8
0
0
0
0
0
0
0
6
0
1
16
165
252
255
244
255
222
174
70
45
60
148
248
247
255
10
12
6
2
0
0
0
0
0
0
0
0
1
0
43
139
232
255
255
244
255
236
255
247
255
255
237
196
1
1
0
0
0
0
0
0
0
0
0
1
2
0
0
6
78
232
236
255
255
248
255
255
242
247
255
215
92
0
0
5
3
0
0
0
0
0
0
0
7
2
10
1
0
0
8
49
116
252
249
252
254
255
243
255
240
246
82
0
9
0
0
0
0
0
0
0
0
0
0
0
0
0
0
0
116
248
255
245
77
122
191
235
252
255
255
87
3
0
0
0
0
0
0
0
0
0
0
0
0
0
12
0
216
252
251
91
4
6
8
26
136
239
244
252
56
0
0
0
0
0
0
0
0
0
0
0
0
1
3
70
255
255
213
0
0
0
0
0
0
134
242
255
77
0
0
0
0
0
0
0
0
0
0
0
0
5
0
141
236
242
174
0
22
0
9
1
19
37
255
253
188
0
0
0
0
0
0
0
0
0
0
0
0
0
7
126
255
252
187
23
0
13
0
0
25
189
233
252
199
0
0
0
0
0
0
0
0
0
0
0
0
0
0
3
195
255
252
236
165
146
140
165
242
239
254
255
115
0
0
0
0
0
0
0
0
0
0
0
0
0
1
1
123
237
255
255
223
253
251
254
244
255
255
157
8
0
0
0
0
0
0
0
0
0
0
0
0
0
0
0
8
96
211
233
255
250
255
249
247
177
61
0
7
0
0
0
0
0
0
0
0
0
0
0
0
0
1
1
0
0
15
47
73
101
130
116
47
0
0
3
0
0
0
0
0
0
0
0
0
0
0
0
0
0
2
2
0
0
0
6
13
0
9
10
0
0
2
7
0
0
0
0
0
0
0
0
0
0
0
0
0
0
0
0
2
3
0
0
0
0
0
0
0
6
4
0
0
0
0
0
0
0
0
0
0
0
0
0
0
0
0
0
1
5
7
4
1
9
2
2
7
5
0
0
5
0
0
0
0
