8
4
1
11
0
0
10
2
0
0
2
0
1
4
0
0
5
2
7
0
10
0
0
4
0
0
0
0
0
1
0
0
0
0
1
2
0
12
8
10
0
8
0
7
0
0
0
0
0
14
0
0
0
0
0
0
0
2
0
0
7
0
0
5
0
0
0
0
7
0
9
0
2
3
0
10
15
0
0
9
4
0
0
0
0
0
4
0
11
0
0
3
0
4
0
16
4
7
0
3
9
8
0
0
0
0
5
5
0
0
0
0
0
0
7
0
6
0
0
0
9
109
160
188
245
189
166
45
0
0
0
24
0
21
0
0
10
0
0
0
0
0
9
0
5
0
2
0
73
217
255
247
242
255
253
175
69
19
0
50
79
0
0
0
4
0
0
0
0
3
6
0
7
0
2
4
170
236
251
112
99
91
120
58
0
0
119
255
242
26
10
0
0
0
0
0
0
4
0
0
4
0
0
8
239
255
228
33
0
0
1
8
0
177
255
243
9
4
1
0
3
0
0
0
0
0
0
9
3
4
0
0
191
255
239
68
6
0
13
0
145
255
254
122
19
0
0
10
1
0
0
0
0
7
2
0
0
0
0
11
171
255
255
92
1
4
0
41
247
250
205
23
0
23
9
8
0
0
0
0
0
3
2
0
0
4
0
2
81
237
247
239
59
5
0
196
249
252
66
0
3
3
0
0
10
0
0
0
0
0
1
0
8
8
0
0
2
160
217
255
200
13
61
247
255
235
0
3
6
0
1
0
6
0
0
0
0
1
3
0
0
0
0
11
0
0
187
234
242
159
213
252
251
112
20
3
0
2
1
10
0
0
0
0
0
4
0
0
0
0
0
14
0
4
0
123
255
255
235
255
238
39
0
0
3
0
0
1
4
0
0
0
0
2
0
7
0
5
0
0
0
0
8
0
76
216
255
238
255
145
49
5
3
0
12
0
0
0
0
0
0
7
0
6
0
6
0
0
7
1
7
0
0
211
255
253
255
247
255
79
9
3
0
8
6
0
0
0
0
0
0
0
0
0
0
0
0
0
0
0
40
240
255
251
203
194
255
255
121
4
4
0
0
0
0
0
0
0
0
0
0
0
0
0
0
8
2
10
45
244
255
249
89
5
196
255
253
61
3
0
2
0
0
0
0
0
0
0
0
0
0
0
0
0
0
0
28
248
251
255
99
0
61
250
234
177
0
5
0
0
0
0
0
0
0
0
0
0
0
0
0
0
5
0
23
249
252
254
214
6
71
252
255
184
0
0
0
0
0
0
0
0
0
0
0
0
0
0
0
0
7
3
14
188
255
238
244
52
231
254
255
59
0
31
0
0
0
0
0
0
0
0
0
0
0
0
0
1
0
2
0
92
255
255
246
242
254
255
240
122
0
5
3
0
0
0
0
0
0
0
0
0
0
0
0
6
0
6
0
32
200
245
255
255
245
253
80
0
11
0
0
0
0
0
0
0
0
0
0
0
0
0
0
0
5
0
2
0
56
117
230
222
205
232
26
0
0
7
0
0
0
0
0
0
0
0
0
0
0
0
0
0
0
0
0
0
0
0
0
0
0
0
0
0
0
0
0
0
0
0
0
0
0
0
0
0
0
0
0
0
0
0
0
0
0
0
0
0
0
0
0
0
0
0
0
0
0
0
0
0
0
0
0
0
0
0
0
0
0
0
0
0
0
0
0
0
0
0
0
0
0
0
0
0
0
0
0
0
0
0
0
0
0
0
0
0
0
0
0
0
0
0
0
0
0
0
0
0
0
0
0
0
0
0
0
