3
0
0
0
0
0
0
0
0
0
7
0
6
0
3
0
8
0
3
1
6
0
0
3
7
0
0
0
0
0
0
0
0
0
0
0
0
2
0
3
0
2
12
0
0
12
0
0
0
18
4
0
0
0
0
0
0
0
0
0
0
0
0
0
0
5
0
18
0
6
0
0
0
4
17
3
0
0
0
18
2
0
0
0
0
0
0
0
0
0
0
0
0
0
0
0
0
0
0
14
1
0
0
3
4
0
28
0
0
0
0
0
0
0
0
0
0
0
0
0
0
3
10
0
23
55
125
227
250
255
221
56
2
0
0
0
2
0
0
0
0
0
0
0
0
0
0
0
0
0
4
46
213
255
255
255
236
238
255
189
0
0
10
0
0
0
0
0
0
0
0
0
0
0
0
0
0
0
86
224
255
163
74
51
62
76
255
230
8
8
0
16
0
0
0
0
0
0
0
0
0
0
0
0
0
7
140
255
106
0
12
21
0
122
255
206
0
0
0
0
8
0
0
0
0
0
0
0
0
0
0
0
0
0
118
89
8
0
9
1
76
229
252
92
0
4
10
0
3
0
0
0
0
0
0
0
0
0
0
0
0
5
0
4
0
0
0
1
203
255
127
5
0
0
0
1
7
0
0
0
0
0
0
0
0
0
0
0
0
11
0
10
6
0
98
203
255
156
29
0
7
1
0
9
0
0
0
0
0
0
0
0
0
0
0
0
0
0
19
0
3
116
255
255
161
9
0
12
0
0
4
0
0
0
0
0
0
0
0
0
0
0
0
0
0
10
0
133
227
255
245
100
8
4
0
13
0
6
0
0
12
0
0
0
0
0
0
0
0
0
0
0
0
0
105
241
255
240
113
0
20
3
0
3
6
5
1
1
0
0
0
0
0
0
0
0
0
0
0
0
0
5
143
251
255
255
234
208
140
43
7
0
3
0
6
17
0
0
0
0
0
0
0
0
0
0
0
0
0
0
15
81
78
169
248
245
255
250
145
10
5
0
0
0
5
0
0
0
0
0
1
6
0
0
11
2
0
7
1
0
7
0
16
53
125
227
254
216
3
0
15
0
0
0
0
0
0
0
0
2
3
0
0
0
10
0
12
2
0
0
11
0
0
67
195
245
179
0
0
7
1
0
0
0
0
1
6
0
0
3
2
0
2
4
0
0
6
2
0
0
6
8
34
254
250
59
2
0
0
0
0
0
0
0
2
0
1
6
0
0
0
0
5
0
0
0
8
3
5
0
30
226
255
99
0
23
0
0
0
0
0
0
0
0
16
7
0
7
9
3
2
0
0
5
0
0
0
50
192
251
252
16
8
0
9
0
0
0
0
8
15
0
0
0
18
57
0
8
0
0
17
53
71
155
251
248
252
252
74
19
0
0
11
0
0
0
0
0
1
0
0
17
137
251
195
111
167
227
237
255
241
244
240
243
198
50
10
1
0
6
0
0
0
0
0
12
0
0
12
0
52
219
243
255
251
255
247
250
179
109
58
35
6
7
0
4
0
5
0
0
0
0
0
0
0
0
0
0
0
0
0
0
0
0
0
0
0
0
0
0
0
0
0
0
0
0
0
0
0
0
0
0
0
0
0
0
0
0
0
0
0
0
0
0
0
0
0
0
0
0
0
0
0
0
0
0
0
0
0
0
0
0
0
0
0
0
0
0
0
0
0
0
0
0
0
0
0
0
0
0
0
0
0
0
0
0
0
0
0
0
0
0
0
0
0
0
0
0
0
0
0
0
0
0
0
0
0
0
0
0
0
0
0
0
0
