0
0
0
0
0
0
0
0
0
2
0
9
0
2
15
0
5
1
0
0
2
4
2
0
1
0
0
0
0
0
0
0
0
0
0
0
0
3
0
5
4
0
0
33
0
8
0
0
7
9
0
0
6
0
0
0
0
0
0
0
0
0
0
0
0
0
1
1
8
7
0
12
0
0
8
15
0
0
0
4
5
0
0
0
0
0
0
0
0
0
0
0
0
7
1
0
8
0
0
0
4
17
0
0
0
9
4
0
0
0
0
0
0
0
0
0
0
0
0
0
0
0
11
0
68
70
140
108
0
0
1
5
2
2
6
4
0
0
0
0
0
0
0
0
0
0
0
0
0
2
0
129
246
252
255
38
9
0
0
0
0
0
0
0
7
0
0
0
0
0
0
0
0
0
0
0
0
44
230
241
255
255
255
249
227
159
52
0
4
23
0
0
7
0
0
0
0
0
0
0
0
0
0
0
0
212
251
255
246
252
255
254
255
255
219
119
11
0
5
17
0
0
0
0
0
3
2
0
0
7
8
0
121
246
255
255
176
24
41
62
129
187
255
255
188
5
1
0
6
0
0
0
0
1
2
3
0
0
0
73
236
255
241
182
25
0
6
0
0
12
45
181
255
133
0
6
0
0
0
0
0
3
0
0
4
10
0
152
255
190
57
20
0
15
0
0
7
19
0
0
81
224
57
1
0
0
0
0
0
2
0
0
5
11
0
196
222
87
4
0
10
0
3
0
0
0
4
7
39
247
145
11
0
0
0
0
0
0
4
3
0
0
22
240
183
0
11
0
0
0
19
0
8
7
0
0
2
208
227
3
1
0
0
0
0
0
5
0
0
0
93
255
115
15
0
0
8
2
0
0
0
0
4
9
0
122
242
21
0
0
0
0
0
0
1
0
0
6
155
249
48
12
0
4
2
0
2
32
0
14
0
4
0
58
255
160
9
0
0
0
0
0
4
3
5
0
169
240
42
0
8
1
0
2
0
0
0
0
21
0
6
119
245
159
0
0
0
0
0
0
15
0
10
1
68
255
75
3
2
0
20
0
0
6
3
0
0
6
0
107
254
115
0
0
0
0
0
0
0
0
4
0
19
184
179
9
2
2
0
0
7
13
0
2
0
0
12
215
251
68
10
0
0
0
0
6
0
0
1
0
0
81
228
124
0
3
13
15
0
0
0
9
0
6
35
254
228
46
0
0
0
0
0
0
1
6
0
2
3
5
142
246
93
0
0
6
0
0
13
0
23
0
118
255
246
0
4
0
0
0
0
0
4
0
0
0
14
0
28
180
255
181
68
17
4
0
5
14
0
97
239
255
151
20
0
0
0
0
0
0
3
0
1
0
8
0
0
9
169
255
255
149
96
89
67
114
152
255
254
203
24
0
1
0
0
0
0
4
2
0
3
0
2
3
2
0
11
118
246
255
255
255
251
238
255
244
197
40
6
0
9
0
0
0
0
0
0
3
0
0
2
0
1
1
3
9
27
140
164
159
226
255
209
76
0
10
0
0
1
0
0
0
0
0
0
0
0
0
0
0
0
0
0
0
0
0
0
0
0
0
0
0
0
0
0
0
0
0
0
0
0
0
0
0
0
0
0
0
0
0
0
0
0
0
0
0
0
0
0
0
0
0
0
0
0
0
0
0
0
0
0
0
0
0
0
0
0
0
0
0
0
0
0
0
0
0
0
0
0
0
0
0
0
0
0
0
0
0
0
0
0
0
0
0
0
0
0
0
0
0
0
0
0
0
0
0
0
0
0
0
0
0
0
0
0
