8
0
0
0
0
0
0
0
0
3
0
0
0
0
4
2
0
0
0
0
11
0
5
15
0
0
0
0
0
0
0
0
0
0
0
0
0
3
0
0
5
2
0
0
3
12
5
0
3
0
0
0
0
0
0
0
0
0
0
0
0
0
0
0
0
0
0
0
0
0
6
5
0
0
0
0
0
12
9
0
4
0
0
0
0
0
0
0
0
0
0
0
0
0
5
7
1
0
0
3
5
2
1
8
0
7
0
0
5
0
0
0
0
0
0
0
0
0
0
0
0
13
0
0
4
8
0
0
0
0
0
3
0
0
3
0
6
0
0
0
0
0
0
0
0
0
0
0
0
0
6
1
0
10
97
203
255
132
63
67
133
117
47
0
10
0
0
0
0
0
0
0
0
0
0
0
0
0
0
3
56
159
249
255
238
248
255
237
248
254
220
35
0
0
0
0
0
0
0
0
0
0
0
0
0
0
0
75
202
255
255
243
255
95
70
37
163
251
187
0
13
0
0
0
0
0
0
0
0
0
0
0
0
10
163
252
211
95
76
32
47
5
11
103
236
184
30
0
0
0
0
0
0
0
0
0
0
0
0
0
0
98
255
144
11
0
0
8
0
0
172
255
147
12
0
11
2
0
0
0
0
0
0
0
0
0
0
0
0
255
254
69
0
4
0
0
57
214
222
91
11
4
0
7
0
0
0
0
0
0
0
0
0
0
0
0
0
235
251
99
0
16
0
54
229
190
28
0
0
0
7
9
0
0
0
0
0
0
0
0
0
0
0
0
0
57
225
230
71
0
41
241
179
1
9
0
9
5
0
6
0
0
0
0
0
0
0
0
0
0
0
0
0
0
182
255
242
191
231
198
28
21
0
6
2
2
17
0
0
0
0
0
0
0
0
0
0
0
0
0
0
9
1
78
250
240
255
123
16
0
11
0
0
8
0
0
15
0
0
0
0
0
0
0
0
0
0
0
0
0
0
10
139
249
253
250
235
91
0
0
4
0
10
2
0
0
0
0
0
0
0
0
0
0
0
0
0
0
5
21
246
176
29
145
254
248
220
42
0
0
6
0
1
0
0
0
0
0
0
0
0
0
0
0
0
10
0
104
255
115
6
2
74
223
249
175
38
0
0
9
0
0
0
0
0
0
0
0
0
0
0
0
0
0
5
189
248
69
11
0
0
27
195
255
108
3
0
0
13
0
0
0
0
0
0
0
0
0
0
0
0
14
0
121
255
151
0
9
0
1
11
198
234
30
10
0
6
0
0
0
0
0
0
0
0
0
0
0
0
0
15
71
248
179
0
15
0
0
14
211
252
11
15
0
8
0
0
0
0
0
0
0
0
0
0
0
0
3
1
20
255
227
42
0
10
5
0
200
241
11
0
17
0
0
0
0
0
0
0
0
0
0
0
0
0
0
0
2
154
247
194
59
0
7
118
215
114
0
0
10
0
0
0
0
0
0
0
0
0
0
0
0
0
1
0
0
47
218
251
236
161
221
254
157
16
0
7
0
0
0
0
0
0
0
0
0
0
0
0
0
0
0
4
0
1
85
211
255
255
243
126
17
0
0
0
0
6
0
0
0
0
0
0
0
0
0
0
0
0
7
7
1
0
0
2
0
0
12
0
0
5
9
0
0
6
0
0
0
0
0
0
0
0
0
0
0
0
0
0
1
13
9
0
0
9
0
0
0
0
0
0
3
3
0
0
0
0
0
0
0
0
0
0
0
0
6
6
0
0
0
0
2
0
11
9
1
0
0
8
3
0
0
0
0
0
