4
0
0
0
0
0
0
0
0
0
0
5
0
0
6
0
15
0
0
0
0
0
0
0
0
0
0
0
0
0
0
0
0
0
0
0
0
5
6
0
8
7
0
3
0
0
0
0
0
0
0
0
0
0
0
0
0
0
0
0
0
0
0
0
0
1
0
0
3
2
1
19
0
0
0
0
0
0
0
0
0
0
0
0
0
0
0
0
0
0
0
0
0
8
0
11
3
0
0
0
6
0
0
0
0
0
0
0
0
0
0
0
0
0
0
0
0
0
0
0
0
0
17
0
17
0
14
5
0
0
0
0
0
0
0
0
0
0
0
0
0
0
0
0
0
0
0
0
0
3
104
240
3
11
0
0
10
0
0
0
0
0
0
0
0
0
0
0
0
0
0
0
0
0
0
0
0
0
206
81
0
0
4
25
0
0
0
0
0
0
0
0
0
0
0
0
0
0
0
0
0
0
0
0
0
156
244
69
0
11
0
0
18
0
0
0
0
0
0
0
0
0
0
0
0
7
0
5
4
0
0
3
42
233
233
18
0
0
5
0
0
0
0
2
0
6
6
0
6
0
0
0
0
3
0
1
3
5
1
10
58
248
138
0
11
4
0
4
0
0
3
136
34
12
0
2
2
0
0
0
0
4
0
0
0
7
0
1
65
255
113
0
0
11
0
0
9
45
186
254
177
12
0
7
2
0
0
0
0
2
2
0
0
6
0
0
77
252
109
0
0
22
5
80
164
248
254
250
244
113
0
7
0
0
0
0
0
0
1
0
0
8
0
11
93
251
118
5
39
71
155
255
255
255
236
213
191
47
0
0
9
0
0
0
0
0
1
2
0
2
0
6
71
250
229
166
238
255
255
187
71
162
255
118
0
11
16
15
0
0
0
0
0
3
0
3
0
0
0
0
28
239
255
245
255
216
101
0
9
121
255
19
0
0
0
0
20
0
0
0
0
2
0
2
1
3
6
0
9
0
95
117
47
0
18
0
2
198
201
31
0
0
2
10
0
0
0
0
0
0
0
0
0
0
0
0
0
2
0
9
0
0
0
0
37
247
190
0
0
0
12
0
2
0
0
0
0
0
0
0
0
0
0
0
0
0
0
4
0
7
6
8
70
254
163
2
1
0
8
0
0
0
0
0
0
0
0
0
0
0
0
0
0
0
0
1
0
9
1
0
97
249
110
0
0
0
5
0
0
0
0
0
0
0
0
0
0
0
0
0
0
1
4
1
0
4
0
0
133
253
73
0
3
0
1
1
0
0
0
0
0
0
0
0
0
0
0
0
0
0
2
2
0
3
0
5
182
255
71
6
8
0
0
0
0
0
0
0
0
0
0
0
0
0
0
0
0
0
0
4
3
0
2
9
199
252
76
2
1
0
1
0
0
0
0
0
0
0
0
0
0
0
0
0
0
5
0
3
5
0
1
0
182
242
98
0
0
0
4
0
6
0
0
0
0
0
0
0
0
0
0
0
0
7
0
0
7
0
8
0
172
255
134
14
1
2
5
0
2
0
0
0
0
0
0
0
0
0
0
0
0
0
0
1
4
0
0
12
37
244
130
21
0
0
0
0
1
0
0
0
0
0
0
0
0
0
0
0
0
3
0
0
2
0
0
1
15
12
0
0
4
6
0
0
2
0
0
0
0
0
0
0
0
0
0
0
0
6
0
0
1
2
0
0
0
0
0
3
0
0
0
3
0
0
0
0
0
0
0
0
0
0
0
0
0
5
0
0
2
5
1
0
0
12
10
2
0
0
8
2
0
0
0
0
0
