7
0
0
0
0
0
0
0
0
0
0
0
0
0
0
0
0
0
0
0
0
0
0
0
0
0
0
0
0
0
0
0
0
0
0
0
0
0
0
0
0
0
0
0
0
0
0
0
0
0
0
0
0
0
0
0
0
0
0
0
0
0
0
0
0
0
0
0
0
0
0
0
0
0
0
0
0
0
0
0
0
0
0
0
0
0
0
0
0
0
0
0
0
0
0
0
0
0
0
0
0
0
0
0
0
0
0
0
0
0
0
0
0
0
0
0
0
0
0
0
0
0
0
0
0
0
0
0
0
0
0
0
0
0
0
0
0
0
0
0
0
0
0
0
0
0
0
0
0
0
0
0
0
0
0
0
0
0
0
0
0
0
0
0
0
0
0
0
0
0
0
0
0
0
0
0
0
0
0
0
0
0
0
0
0
0
0
0
0
0
0
0
0
0
0
0
0
0
0
0
0
0
0
0
0
0
0
0
0
0
0
0
0
0
0
0
0
0
0
0
0
0
0
0
0
2
0
5
3
0
8
170
251
126
107
110
95
104
100
107
102
95
4
3
1
0
4
0
0
0
0
0
0
0
4
1
0
11
39
236
255
240
254
255
242
255
255
255
254
252
206
184
223
206
215
45
8
0
0
0
0
1
7
0
0
18
44
255
249
255
220
170
144
212
238
234
250
253
243
255
244
254
255
156
0
0
0
0
0
5
0
0
0
8
51
252
247
249
75
0
7
28
0
7
116
130
144
172
255
239
235
148
8
0
0
0
0
3
0
1
7
1
119
249
255
255
74
3
0
0
14
4
0
0
0
0
188
248
255
66
0
0
0
0
0
3
0
6
0
0
199
255
253
206
19
2
16
1
0
0
11
10
9
68
222
255
255
46
13
0
0
0
0
4
3
6
0
0
223
249
248
182
14
0
0
0
6
1
0
0
0
59
255
255
209
20
3
0
0
0
0
0
1
2
0
6
210
242
255
121
0
4
1
5
1
0
10
7
162
255
249
252
23
0
2
0
0
0
0
0
11
0
8
1
193
255
239
27
13
0
0
0
23
0
0
43
247
255
246
164
0
1
5
0
0
0
0
2
0
0
0
5
139
222
213
18
0
0
13
7
0
6
27
209
254
242
236
39
16
0
2
0
0
0
0
5
0
16
0
0
0
10
0
7
0
0
4
6
8
27
213
255
254
222
58
0
0
6
0
0
0
0
0
0
0
13
2
16
0
7
0
3
0
4
0
0
0
16
220
249
255
135
0
0
6
5
0
0
0
0
0
6
1
0
0
0
0
2
5
0
0
7
4
13
5
203
249
249
154
13
23
0
0
6
0
0
0
0
0
0
0
0
2
2
6
0
0
9
2
2
0
0
66
255
255
244
17
0
0
12
0
11
0
0
0
0
0
9
0
0
0
0
0
9
3
0
5
4
2
9
158
231
255
214
14
0
0
0
10
0
0
0
0
0
0
6
0
7
3
4
0
6
0
2
2
0
1
3
142
255
247
147
0
0
12
0
0
10
0
0
0
0
0
0
0
0
0
0
0
0
0
0
0
5
1
0
150
254
249
69
27
0
0
3
0
0
3
0
0
0
0
0
0
0
0
0
0
0
0
3
1
1
0
0
151
255
212
19
0
0
0
5
0
0
0
0
0
0
0
0
0
0
0
0
0
0
0
0
3
0
2
0
150
255
139
0
0
0
4
5
0
0
0
0
0
0
0
0
0
0
0
0
0
0
0
0
2
0
7
0
149
254
65
2
5
5
0
0
0
0
0
0
0
0
0
