9
0
0
0
0
0
0
0
0
0
0
0
0
0
1
0
0
0
0
6
9
0
0
0
0
0
0
0
0
0
0
0
0
0
0
0
0
8
0
0
4
11
4
0
0
0
1
0
0
0
12
14
4
0
0
0
0
0
0
0
0
0
0
0
0
2
2
3
2
0
0
0
5
0
10
6
0
0
0
0
0
0
0
0
0
0
0
0
0
0
0
0
0
0
7
7
0
0
0
2
0
0
0
0
3
11
0
0
8
0
0
0
0
0
0
0
0
0
0
0
0
0
0
0
0
8
13
6
0
9
1
0
0
4
7
2
0
0
0
0
0
0
0
0
0
0
0
0
0
7
1
3
5
0
0
0
12
0
0
11
2
0
0
5
0
0
0
0
0
0
0
0
0
0
0
0
0
0
0
56
162
255
255
170
70
13
0
4
14
0
0
16
4
0
0
0
0
0
0
0
0
0
0
0
0
27
148
248
255
243
255
255
245
150
30
0
11
1
0
3
0
0
0
0
0
1
5
0
7
0
4
7
29
201
245
252
209
122
139
127
255
235
215
0
0
0
2
0
0
0
0
0
0
0
1
6
0
2
1
0
131
255
249
117
16
9
0
14
86
255
238
74
0
0
10
0
0
0
0
0
0
0
1
5
0
2
0
10
218
251
178
0
3
0
0
0
30
225
245
189
26
0
5
0
5
0
0
0
0
0
7
0
9
0
0
77
245
249
107
8
0
0
13
11
0
189
250
255
70
0
0
0
5
0
0
0
0
0
6
0
7
0
0
87
255
255
96
0
1
6
0
0
0
203
255
255
95
3
5
0
0
0
0
0
0
0
0
1
0
4
5
29
243
255
178
0
0
4
1
0
14
197
254
250
115
4
1
1
0
0
0
0
0
0
0
3
0
2
6
0
144
241
255
152
0
9
0
7
2
203
242
255
112
0
0
0
2
0
0
0
0
0
4
0
6
0
2
4
24
200
235
255
192
117
70
23
109
255
250
254
83
0
6
4
1
0
0
0
0
0
0
0
0
0
0
0
0
29
177
255
255
253
255
255
248
252
254
128
0
0
0
0
8
0
0
0
0
0
0
0
0
0
0
0
0
0
13
33
112
186
195
189
232
255
255
91
1
1
2
0
3
0
0
0
0
0
0
0
0
0
0
0
0
4
0
0
4
13
2
0
129
255
254
36
1
0
4
0
0
0
0
0
0
0
0
0
0
0
0
0
0
0
14
4
0
0
3
10
194
250
250
0
1
0
3
4
0
0
0
0
0
0
0
0
0
0
0
0
0
0
0
0
4
1
0
0
219
250
253
3
4
0
0
3
1
0
0
0
0
0
0
0
0
0
0
0
0
0
0
2
7
4
0
0
207
255
255
43
5
0
0
0
1
0
0
0
0
0
0
0
0
0
0
0
0
4
6
0
0
5
1
1
134
255
253
86
0
2
5
0
1
0
0
0
0
0
0
0
0
0
0
0
0
0
1
4
0
13
0
0
126
250
242
109
0
3
9
0
1
0
0
0
0
0
0
0
0
0
0
0
0
2
0
1
7
0
0
15
52
254
237
115
0
0
5
0
0
0
0
0
0
0
0
0
0
0
0
0
0
1
0
0
4
0
0
9
32
255
241
133
22
0
7
1
6
0
0
0
0
0
0
0
0
0
0
0
0
0
0
0
1
1
0
2
7
1
18
7
0
0
4
0
0
0
0
0
0
0
0
0
0
0
0
0
0
0
0
0
0
0
2
0
0
0
0
5
4
1
4
2
0
0
0
0
0
