1
0
0
0
0
0
0
0
0
0
0
0
0
0
0
0
0
0
13
0
0
8
0
1
0
0
0
0
0
0
0
0
0
0
0
0
0
0
0
0
0
0
0
0
0
13
0
0
11
0
0
6
1
0
0
0
0
0
0
0
0
0
0
0
0
0
0
0
0
0
0
0
0
2
0
14
0
0
12
5
0
0
0
0
0
0
0
0
0
0
0
0
0
0
0
0
0
0
0
0
0
2
2
0
5
5
0
0
0
0
0
0
0
0
0
0
0
0
0
0
0
0
0
0
0
0
0
0
0
2
0
0
16
131
255
180
0
0
0
0
0
0
0
0
0
0
0
0
0
0
0
0
0
0
0
0
0
0
0
73
201
249
240
165
0
0
0
0
0
0
0
0
0
0
0
0
0
0
0
0
0
0
0
0
0
9
25
247
255
255
255
35
18
0
0
0
0
0
0
0
0
0
0
0
0
0
0
0
0
0
0
0
0
25
210
244
252
252
115
6
0
0
0
0
0
0
0
0
0
0
0
0
0
0
0
12
0
0
7
0
0
188
242
255
243
184
3
17
0
0
0
0
0
0
0
0
0
0
0
0
0
0
6
0
0
0
15
0
93
237
255
254
197
15
3
0
12
0
0
0
0
0
0
0
0
0
0
0
0
0
0
1
7
13
0
89
255
255
244
253
96
11
0
5
0
0
0
0
0
0
0
0
0
0
0
0
0
5
1
5
0
0
1
175
255
255
242
101
3
0
1
0
0
0
0
0
0
0
0
0
0
0
0
0
0
0
12
0
0
20
177
255
252
249
204
0
3
0
12
0
5
0
0
0
0
0
0
0
0
0
0
0
0
6
1
0
6
96
248
243
252
131
43
0
0
11
0
0
0
0
0
0
0
0
0
0
0
0
0
0
0
6
0
18
120
219
255
247
255
46
0
0
8
0
0
17
18
0
0
0
0
0
0
0
0
0
0
0
0
0
15
24
249
255
255
215
129
1
13
3
0
7
0
3
0
0
0
0
0
5
0
3
3
0
0
7
0
0
31
122
248
255
255
76
2
0
0
0
0
0
0
0
0
0
0
0
0
0
0
5
3
2
2
0
0
16
221
255
255
238
115
18
4
0
0
0
0
0
0
0
0
0
0
0
0
0
3
0
0
1
4
0
30
130
252
247
249
171
15
0
0
0
0
0
0
0
0
0
0
0
0
0
0
0
6
0
0
2
0
0
99
255
251
251
221
77
2
4
12
0
0
0
0
0
0
0
0
0
0
0
0
0
3
0
7
7
0
8
174
250
255
230
71
0
0
0
0
0
0
0
0
0
0
0
0
0
0
0
0
1
1
0
3
1
3
40
249
241
255
216
0
5
12
18
0
0
0
0
0
0
0
0
0
0
0
0
0
6
2
0
0
0
9
41
245
255
253
235
7
0
0
8
0
0
0
0
0
0
0
0
0
0
0
0
0
0
0
0
6
0
3
0
167
255
237
221
2
0
14
0
5
0
0
0
0
0
0
0
0
0
0
0
0
0
0
0
0
0
0
0
0
0
0
0
0
0
0
0
0
0
0
0
0
0
0
0
0
0
0
0
0
0
0
0
0
0
0
0
0
0
0
0
0
0
0
0
0
0
0
0
0
0
0
0
0
0
0
0
0
0
0
0
0
0
0
0
0
0
0
0
0
0
0
0
0
0
0
0
0
0
0
0
0
0
0
0
0
0
0
0
0
0
0
0
0
0
0
0
0
0
0
0
0
0
0
0
0
0
0
0
0
0
0
0
0
