4
0
6
0
1
10
0
0
3
0
5
0
5
0
4
0
1
0
0
2
5
6
0
0
0
0
0
0
0
0
4
0
0
5
0
0
5
17
14
1
0
0
2
0
0
4
0
0
0
0
5
2
5
0
0
0
0
0
2
1
0
0
4
4
1
0
0
2
5
4
3
0
0
0
17
14
5
0
14
5
0
0
0
0
0
1
0
3
0
0
6
0
0
17
2
11
3
0
0
3
9
0
0
0
8
0
0
0
9
0
0
0
0
3
0
4
0
0
3
0
3
3
0
0
3
10
1
0
0
0
0
2
0
13
8
7
0
0
0
0
0
2
0
4
0
3
0
0
53
228
161
14
0
0
0
8
2
4
2
0
0
0
0
0
2
0
0
0
0
0
0
5
0
5
0
9
130
255
220
8
4
3
0
7
0
0
0
49
199
184
89
0
7
0
0
0
0
0
0
7
0
6
0
25
190
232
203
0
5
4
0
2
0
0
15
61
246
255
228
61
0
0
0
0
0
4
0
4
1
0
14
17
253
254
95
0
3
4
0
0
13
12
0
210
255
164
36
15
4
0
0
0
0
0
0
1
6
0
0
58
255
255
88
12
0
8
4
5
0
0
21
223
244
153
12
0
0
0
0
0
0
0
9
0
0
3
46
182
255
184
6
0
0
1
0
14
18
4
109
255
252
165
10
0
5
0
0
0
0
0
13
0
0
1
104
255
255
192
0
0
7
3
0
0
0
8
137
253
243
157
0
0
0
0
0
0
0
0
0
0
6
0
95
246
253
182
9
0
1
0
10
3
1
0
128
245
255
158
3
15
5
0
0
0
0
2
0
0
8
0
109
249
255
251
68
3
11
3
7
0
10
0
133
255
255
153
0
8
0
0
0
0
0
0
0
0
0
4
92
249
255
251
101
4
0
9
7
0
0
0
138
243
249
148
10
5
0
0
0
0
0
4
0
0
3
0
2
192
247
254
255
193
34
0
0
15
3
24
171
255
255
201
98
84
79
0
0
0
0
3
0
1
0
6
2
60
238
254
237
255
201
194
50
33
29
152
253
255
255
255
246
244
155
0
0
0
0
2
0
8
0
0
0
11
121
248
255
255
255
241
255
250
255
255
255
249
232
253
236
58
9
0
0
0
0
0
0
12
0
0
2
0
23
30
132
245
255
251
243
255
255
227
255
255
255
132
30
0
2
0
0
0
0
0
0
8
0
0
12
0
0
0
9
97
77
115
98
183
192
111
169
242
253
114
0
0
0
0
0
0
0
5
0
4
0
0
2
2
0
14
0
0
8
2
0
6
0
0
131
255
252
152
0
0
3
0
0
0
0
0
0
1
4
0
0
2
4
0
0
0
13
0
5
0
0
0
100
255
249
157
0
17
0
0
0
0
0
0
0
0
3
4
1
5
6
7
4
0
0
4
3
4
0
12
0
222
254
153
15
0
0
0
0
0
0
0
8
0
0
3
1
0
0
0
4
0
2
9
0
0
11
2
0
79
220
196
3
9
2
0
0
0
0
0
0
0
0
0
0
0
0
0
0
0
0
0
0
0
0
1
0
2
169
182
26
7
0
0
0
0
0
0
0
0
0
0
0
0
0
0
0
0
0
0
0
0
0
1
7
0
7
12
0
14
0
0
0
0
0
0
0
0
0
0
0
0
0
0
0
0
0
0
0
0
0
0
0
10
0
0
7
1
0
0
0
0
0
0
0
0
0
0
0
0
0
0
0
0
0
0
0
0
0
0
0
12
7
3
6
0
4
0
0
0
0
