0
0
0
0
0
0
0
0
0
3
1
7
9
0
0
1
9
8
0
16
0
7
0
0
2
0
0
0
0
0
0
0
0
0
0
0
0
0
3
0
0
9
15
0
0
2
0
0
0
2
0
4
8
0
0
0
0
0
0
0
0
0
0
0
0
14
1
0
12
0
0
0
10
0
11
3
10
0
3
24
0
0
0
0
0
0
0
0
0
0
0
0
0
0
3
3
6
0
14
5
0
8
10
0
4
5
0
0
7
0
0
0
0
0
0
0
0
0
0
0
0
0
9
0
7
6
8
93
255
240
209
96
0
0
15
0
9
0
0
0
0
0
0
0
0
0
0
0
0
19
0
1
0
10
134
250
238
250
255
251
121
0
0
2
0
0
0
0
0
0
0
0
0
0
0
0
0
0
14
2
10
162
241
255
255
255
236
239
220
17
0
5
0
0
0
0
0
0
0
0
0
0
0
0
0
9
0
61
140
255
255
202
82
35
226
255
242
30
8
0
8
0
0
0
0
2
0
1
7
0
0
12
0
13
0
115
255
240
246
118
1
3
15
126
253
189
0
18
0
0
0
0
0
3
0
0
2
0
0
0
0
0
167
241
245
254
120
10
0
0
1
73
255
235
29
0
3
0
0
0
0
0
0
0
2
3
6
7
5
66
255
255
217
19
12
0
11
14
0
91
246
204
36
28
0
0
0
0
0
0
0
2
0
0
0
0
3
124
246
254
125
2
10
0
0
0
0
0
236
255
125
0
5
0
0
0
0
0
0
4
0
5
0
0
49
220
255
167
0
15
8
0
13
0
9
3
74
255
136
20
4
0
0
0
0
0
0
5
0
9
1
15
119
254
251
44
18
0
9
0
0
9
0
0
87
254
120
0
0
0
0
0
0
4
2
5
0
0
0
15
165
255
212
2
0
3
0
0
18
0
14
0
25
255
171
11
1
0
0
0
0
0
0
4
0
10
9
66
250
251
117
0
0
8
3
0
0
0
6
1
144
241
192
0
0
0
0
0
0
6
0
0
0
0
5
61
255
244
134
0
1
0
0
1
0
0
0
4
218
252
179
5
0
0
0
0
0
0
0
4
10
6
2
91
236
254
9
15
0
7
21
1
0
5
0
0
255
253
172
5
9
0
0
0
0
9
0
0
0
0
0
142
255
246
1
2
0
7
0
3
0
0
48
182
235
247
93
0
0
0
0
0
0
2
0
5
3
0
0
104
244
255
105
0
6
7
0
14
7
58
183
255
238
165
0
0
8
0
0
0
0
0
0
4
2
0
4
68
250
246
200
99
18
0
40
52
175
251
239
247
157
12
13
0
7
0
0
0
0
0
2
0
0
0
15
43
217
255
239
251
207
185
255
254
254
255
246
117
0
14
0
0
0
0
0
0
0
0
0
4
2
8
0
0
61
146
255
254
226
255
253
240
255
148
21
13
10
0
4
6
5
0
0
0
0
6
0
0
0
15
0
9
5
2
77
205
255
148
130
143
18
9
2
0
0
5
8
0
0
0
0
0
0
0
0
0
0
0
0
0
0
0
0
0
0
0
0
0
0
0
0
0
0
0
0
0
0
0
0
0
0
0
0
0
0
0
0
0
0
0
0
0
0
0
0
0
0
0
0
0
0
0
0
0
0
0
0
0
0
0
0
0
0
0
0
0
0
0
0
0
0
0
0
0
0
0
0
0
0
0
0
0
0
0
0
0
0
0
0
0
0
0
0
0
0
0
0
0
0
0
0
0
0
0
0
0
0
0
0
0
0
0
0
0
0
