3
0
14
6
0
3
6
0
0
6
0
0
13
0
0
7
0
0
19
0
0
0
3
0
0
0
0
0
0
7
0
0
17
0
0
7
1
0
9
7
7
0
6
6
0
0
0
0
1
6
4
0
1
0
0
0
0
3
3
0
0
1
9
0
0
0
1
1
0
0
0
0
0
7
0
6
0
0
0
0
2
0
0
0
0
0
8
2
4
11
0
0
21
12
0
2
0
4
1
2
8
0
0
15
0
0
0
4
0
0
0
0
0
2
0
6
6
0
6
12
0
8
0
4
4
0
6
3
0
20
0
0
4
0
1
1
0
0
0
0
0
5
0
0
0
0
6
10
0
34
53
112
150
168
253
255
255
173
79
0
8
6
0
0
5
0
0
0
0
0
0
0
14
12
0
42
177
227
251
255
255
239
255
223
255
255
171
0
6
0
0
0
6
0
0
0
0
0
3
2
0
0
90
209
255
251
255
243
255
225
213
141
245
238
183
0
1
0
8
8
0
0
0
0
0
0
3
11
0
2
137
237
212
173
159
107
67
17
0
30
240
255
79
18
11
0
7
0
0
0
0
0
0
0
0
8
8
0
20
40
12
0
11
17
0
0
4
228
255
206
28
0
0
3
5
0
6
0
0
0
0
12
0
0
2
0
0
0
0
3
0
0
0
8
86
255
249
92
11
0
1
0
7
0
0
0
0
0
0
0
2
1
1
6
5
5
10
0
2
15
21
149
235
255
130
0
0
9
0
0
3
0
1
0
0
0
0
0
6
4
0
4
1
0
0
6
0
0
132
243
255
177
8
10
0
0
7
6
0
0
8
0
0
0
0
4
0
0
0
2
0
0
14
0
0
27
244
255
203
15
8
0
0
3
9
5
0
0
2
0
0
0
0
0
0
0
9
8
0
0
0
0
17
167
242
255
175
30
17
0
0
0
0
0
1
13
1
0
0
0
0
0
0
2
0
0
4
10
1
8
0
105
243
243
255
255
200
151
67
5
5
3
0
3
0
0
0
0
0
0
0
0
0
0
0
0
0
2
0
0
53
162
226
244
255
254
248
185
22
0
0
22
0
0
0
0
0
0
0
0
0
0
0
0
0
0
2
0
4
17
27
68
130
210
255
247
179
30
5
0
0
0
0
0
0
0
0
0
0
0
0
0
0
5
0
0
0
0
0
0
5
72
156
255
250
94
0
0
6
0
0
0
0
0
0
0
0
0
0
0
0
0
5
15
7
0
0
8
4
0
81
254
247
107
0
13
0
0
0
0
0
0
0
0
0
0
0
0
0
3
0
0
0
5
8
3
0
14
136
248
255
47
6
0
0
0
0
0
0
0
0
0
0
0
0
0
0
7
0
1
13
0
0
6
56
136
239
255
240
15
5
0
11
0
0
0
0
0
0
0
0
0
0
0
0
0
1
11
52
105
137
181
239
255
255
218
134
20
0
0
3
0
0
0
0
0
0
0
0
0
0
0
0
71
161
225
246
255
248
239
255
241
162
58
0
0
0
0
0
0
0
0
0
0
0
0
0
0
0
0
0
113
221
255
232
161
110
87
39
29
12
0
0
3
2
0
0
0
0
0
0
0
0
0
0
0
0
0
0
0
10
2
6
3
0
8
0
11
1
0
0
3
2
0
0
0
0
0
0
0
0
0
0
0
0
0
0
0
0
0
4
9
0
0
2
0
0
0
0
3
1
0
0
0
0
0
0
0
0
0
0
0
0
0
0
0
7
8
4
0
0
0
3
0
0
2
4
2
0
0
0
0
0
0
0
