2
1
0
0
0
10
0
7
0
5
3
0
0
11
0
6
0
16
0
0
2
0
0
5
0
0
0
0
0
2
6
12
0
6
0
8
0
0
0
4
1
5
0
9
0
0
5
17
5
0
4
2
0
0
0
0
0
1
0
2
0
0
0
5
2
11
2
0
0
0
5
0
0
0
2
0
0
1
0
0
1
0
0
0
0
0
0
4
3
11
11
0
0
4
0
3
15
0
11
0
13
0
1
2
0
0
0
7
0
0
0
0
0
9
0
0
0
0
1
0
8
1
0
0
0
0
56
105
179
255
252
235
155
57
0
16
0
0
0
0
0
0
0
13
2
0
13
0
3
158
173
179
168
174
222
245
255
245
240
255
252
155
9
5
0
0
0
0
0
10
8
4
0
47
190
238
255
251
254
251
251
255
248
255
248
255
255
255
246
181
0
0
12
0
0
0
0
0
1
0
0
83
252
255
242
251
249
253
250
198
84
77
85
79
200
255
248
224
54
1
1
0
0
0
0
0
0
0
7
70
213
255
192
177
44
2
0
5
0
0
0
0
171
255
255
164
0
8
0
0
0
0
0
0
0
4
0
0
57
82
33
0
1
7
16
0
0
35
0
1
166
253
244
167
9
0
25
0
0
0
0
0
0
8
2
0
0
5
0
10
0
1
0
0
0
0
0
143
255
238
199
0
0
28
0
0
0
0
0
2
2
0
1
4
0
0
4
0
0
4
7
24
0
0
116
244
255
255
85
0
7
0
0
0
0
0
0
2
3
0
0
1
2
0
0
0
14
0
0
0
10
141
255
255
239
221
48
9
1
4
1
0
0
0
0
0
4
3
0
4
7
4
4
2
4
5
0
0
127
246
238
255
255
55
9
0
0
11
0
0
0
0
0
0
6
9
3
0
0
0
0
1
0
13
1
27
196
255
253
216
51
1
11
3
0
13
0
0
0
0
0
3
0
0
0
0
3
7
1
0
8
0
103
200
249
252
254
62
7
0
4
0
5
0
2
0
0
0
0
0
5
0
4
0
0
16
0
0
4
139
245
252
250
217
63
0
0
18
0
10
3
0
0
0
0
0
0
4
0
0
3
0
0
3
15
0
111
255
255
240
255
72
0
14
1
0
12
0
11
1
1
0
0
0
0
0
5
0
0
7
23
0
0
92
199
249
251
255
126
77
85
88
80
89
87
76
0
0
3
0
0
0
0
11
0
0
4
0
0
10
118
245
255
246
249
255
255
236
255
235
255
244
238
226
170
116
0
0
0
0
0
6
0
1
6
0
56
128
252
243
255
255
255
253
255
248
239
255
249
255
255
253
242
255
87
0
0
0
0
0
9
2
0
12
173
253
255
255
238
255
240
249
148
78
95
76
82
74
82
255
255
247
85
0
0
0
0
7
7
0
3
0
156
255
244
240
195
1
5
3
0
5
0
3
5
1
10
0
174
251
76
0
0
0
0
0
5
0
8
0
173
254
141
91
25
0
0
8
3
2
0
0
0
0
3
0
50
92
33
0
0
0
0
0
0
0
0
0
0
0
0
0
0
0
0
0
0
0
0
0
0
0
0
0
0
0
0
0
0
0
0
0
0
0
0
0
0
0
0
0
0
0
0
0
0
0
0
0
0
0
0
0
0
0
0
0
0
0
0
0
0
0
0
0
0
0
0
0
0
0
0
0
0
0
0
0
0
0
0
0
0
0
0
0
0
0
0
0
0
0
0
0
0
0
0
0
0
0
0
0
0
0
0
0
0
0
0
0
0
0
0
0
0
0
0
