1
0
0
0
0
0
0
0
0
0
6
1
0
0
3
1
0
4
0
24
0
0
0
0
0
0
0
0
0
0
0
0
0
0
0
0
0
1
3
4
3
2
0
0
0
2
10
0
0
0
10
2
3
0
0
0
0
0
0
0
0
0
0
0
0
3
0
0
5
0
0
0
0
0
13
0
0
29
0
0
0
0
0
0
0
0
0
0
0
0
0
0
0
5
0
0
0
0
0
5
0
1
0
20
0
0
2
0
0
0
0
0
0
0
0
0
0
0
0
0
0
2
3
3
0
0
5
6
0
62
241
0
0
13
0
2
5
0
0
0
0
0
0
0
0
0
0
0
0
0
6
4
0
3
1
0
0
224
208
11
14
0
6
0
0
0
0
0
0
0
0
0
0
0
0
0
0
0
5
0
0
7
0
0
45
243
92
0
0
15
0
0
6
0
0
0
0
0
0
0
0
0
0
0
0
0
10
0
0
12
0
10
101
255
94
0
5
0
8
7
0
0
0
0
0
0
0
0
0
0
0
0
0
0
8
4
0
1
11
0
227
255
20
0
2
8
0
4
0
0
0
0
0
0
0
0
0
0
0
0
0
6
0
0
8
0
0
10
255
219
18
0
0
2
0
4
2
0
0
0
0
0
0
0
0
0
0
0
0
0
0
0
4
1
0
90
253
136
4
3
0
0
0
1
3
0
0
0
0
0
0
0
0
0
0
0
0
0
1
0
0
4
3
192
254
47
0
7
0
3
4
0
0
0
0
0
0
0
0
0
0
0
0
0
0
4
5
0
0
2
0
252
251
0
0
11
0
2
5
0
0
0
0
0
0
0
0
0
0
0
0
0
0
0
8
3
0
7
75
255
145
0
0
13
0
0
3
0
1
0
0
0
0
0
0
0
0
0
0
0
0
0
4
5
0
5
202
247
22
5
2
8
0
0
3
0
1
0
0
0
0
0
0
0
0
0
0
0
0
13
0
0
4
0
255
212
0
1
0
1
4
0
5
1
0
0
0
0
0
0
0
0
0
0
0
0
0
1
0
3
0
152
251
38
0
0
0
0
0
0
0
0
0
0
0
0
0
0
0
0
0
0
0
0
0
2
0
0
0
255
223
3
10
0
0
0
0
0
0
0
0
0
0
0
0
0
0
0
0
0
0
0
0
4
0
7
26
255
127
0
1
0
0
0
0
0
0
0
0
0
0
0
0
0
0
0
0
0
0
0
0
4
0
5
101
243
39
1
0
0
0
0
0
0
0
0
0
0
0
0
0
0
0
0
0
0
0
0
0
1
0
1
207
255
16
0
8
0
0
0
0
0
0
0
0
0
0
0
0
0
0
0
0
0
0
0
0
0
0
75
255
154
2
1
0
0
0
0
0
0
0
0
0
0
0
0
0
0
0
0
0
0
0
0
0
0
0
177
245
16
0
14
0
0
0
0
0
0
0
0
0
0
0
0
0
0
0
0
0
0
0
0
0
3
0
215
195
0
9
0
12
0
0
0
0
0
0
0
0
0
0
0
0
0
0
0
0
0
0
0
0
0
0
0
0
0
0
0
0
0
0
0
0
0
0
0
0
0
0
0
0
0
0
0
0
0
0
0
0
0
0
0
0
0
0
0
0
0
0
0
0
0
0
0
0
0
0
0
0
0
0
0
0
0
0
0
0
0
0
0
0
0
0
0
0
0
0
0
0
0
0
0
0
0
0
0
0
0
0
0
0
0
0
0
0
0
0
0
0
0
0
0
0
0
0
0
0
0
0
0
0
0
0
0
0
