9
0
0
0
0
0
0
0
0
0
0
0
0
0
0
1
4
1
9
0
0
4
4
0
0
0
0
0
0
0
0
0
0
0
0
0
0
0
3
0
0
0
8
0
0
0
0
6
2
0
0
7
1
0
0
0
0
0
0
0
0
0
0
0
0
0
2
0
0
0
1
10
13
14
5
7
0
7
0
1
0
0
0
0
0
0
0
0
0
0
0
0
0
0
0
2
12
6
0
0
0
0
0
0
0
10
0
7
0
0
0
0
0
0
0
0
0
0
0
0
0
8
1
0
0
7
10
9
7
22
0
10
1
0
0
21
1
0
0
0
0
0
0
0
0
0
0
0
0
0
4
9
0
0
0
1
0
0
19
0
0
15
15
0
0
0
0
0
0
0
0
0
0
0
0
0
0
9
0
0
16
59
119
183
226
195
219
114
28
3
4
0
19
0
0
0
0
0
0
0
0
0
0
0
0
7
0
13
136
237
255
252
255
249
255
250
183
0
0
11
0
0
0
0
0
0
0
0
0
0
0
0
0
2
0
111
253
205
138
107
0
0
97
188
249
122
0
0
0
0
0
0
0
0
0
0
0
0
0
0
0
0
72
233
130
16
13
0
5
1
8
8
204
153
0
9
0
0
0
0
0
0
0
0
0
0
0
0
0
0
139
250
2
1
0
6
0
2
1
0
123
85
0
0
17
0
0
0
0
0
0
0
0
0
0
0
0
4
229
106
0
0
2
11
0
44
74
7
0
22
7
0
0
0
0
0
0
0
0
0
0
0
0
0
0
4
235
49
14
0
0
0
17
180
222
36
0
65
6
21
0
0
0
0
0
0
0
0
0
0
0
0
0
9
154
115
2
0
4
0
90
248
255
67
0
55
0
0
0
0
0
0
0
0
0
0
0
0
0
0
0
0
103
196
167
142
156
50
93
255
223
45
0
33
29
0
12
0
0
0
0
0
0
0
0
0
0
0
0
3
11
67
110
231
244
155
52
247
212
0
11
0
0
4
0
0
0
0
0
0
0
0
0
0
0
0
0
0
11
1
18
57
15
0
76
255
170
5
2
0
10
0
0
0
0
0
0
0
0
0
0
0
0
0
0
0
2
0
0
2
0
5
144
255
80
0
1
3
0
0
7
0
0
0
0
0
0
0
0
0
0
0
0
2
0
1
12
3
13
93
255
242
8
0
4
3
0
0
4
0
0
0
0
0
0
0
0
0
0
0
0
8
0
0
4
0
0
109
242
169
0
10
2
0
0
7
0
0
0
0
0
0
0
0
0
0
0
0
0
0
0
0
5
9
12
188
252
61
0
2
0
0
5
11
0
0
0
0
0
0
0
0
0
0
0
0
0
3
12
3
0
0
49
229
224
3
1
0
7
0
0
0
3
0
0
0
0
0
0
0
0
0
0
0
0
0
0
0
0
5
146
255
206
2
6
0
8
2
0
0
6
0
0
0
0
0
0
0
0
0
0
0
0
4
0
1
0
0
197
237
124
6
0
2
0
0
3
0
3
0
0
0
0
0
0
0
0
0
0
0
0
0
13
0
8
68
249
255
28
0
0
0
0
0
0
0
0
0
0
0
0
0
0
0
0
0
0
0
0
15
0
5
0
195
240
255
16
0
0
0
0
0
0
0
0
0
0
0
0
0
0
0
0
0
0
0
0
0
22
4
0
3
3
13
0
0
0
0
0
0
0
0
0
0
0
0
0
0
0
0
0
0
0
0
0
0
8
0
3
0
0
0
11
0
0
0
0
0
0
0
0
0
0
0
0
