2
0
0
0
0
0
0
0
0
8
0
12
0
0
7
0
10
4
8
0
0
5
0
0
10
0
0
0
0
0
0
0
0
0
0
0
0
0
0
0
2
17
0
0
0
0
0
11
11
0
7
16
0
0
0
0
0
0
0
0
0
0
0
0
0
7
0
20
0
0
16
1
3
17
3
0
7
8
0
0
11
0
0
0
0
0
0
0
0
0
0
1
1
0
19
3
0
15
0
0
3
0
13
5
0
0
3
0
8
0
0
0
0
0
0
0
0
0
1
2
3
1
44
221
255
239
255
210
68
28
0
0
6
0
3
10
0
0
0
0
0
0
0
0
0
0
1
3
4
72
240
245
206
208
217
251
255
240
115
13
0
0
0
0
8
0
0
0
0
1
0
0
0
0
1
4
5
255
191
37
0
8
18
24
138
240
242
142
17
0
8
6
2
0
0
0
0
1
0
0
0
0
1
4
6
142
100
0
8
0
0
0
4
24
176
255
160
17
0
11
0
0
0
0
0
0
0
0
0
0
0
0
0
0
2
0
0
0
4
3
0
0
4
167
255
40
5
3
0
0
0
0
0
0
0
0
0
0
0
0
0
2
0
0
5
9
4
0
0
0
0
6
240
178
2
0
4
0
0
0
0
0
0
0
0
0
0
0
0
0
4
7
0
0
0
2
1
3
26
0
251
231
10
16
1
0
0
0
0
0
0
0
0
0
0
0
0
9
0
0
16
20
0
0
3
0
0
0
255
255
33
3
0
0
0
0
0
0
0
0
0
0
0
0
0
0
8
1
0
0
0
8
1
11
12
2
247
244
40
0
13
0
0
0
0
0
0
0
0
0
0
0
0
0
8
3
3
42
93
96
63
0
0
0
255
186
24
10
0
0
0
0
0
0
0
0
0
0
0
0
0
0
0
54
185
255
254
246
255
236
138
39
255
80
0
3
0
0
0
0
0
0
0
0
0
0
0
0
0
0
109
220
217
111
32
65
145
222
254
165
254
25
6
0
6
0
0
0
0
3
0
0
0
15
0
4
2
88
239
213
71
0
0
13
0
27
217
229
226
15
7
0
5
0
0
0
0
0
10
2
0
0
13
0
70
234
157
14
0
18
0
4
1
38
221
255
180
0
7
0
0
0
0
0
0
1
1
1
0
0
2
30
204
207
18
5
3
0
0
1
0
99
247
226
251
25
0
0
10
0
0
0
0
0
0
2
10
2
0
119
255
73
0
8
0
11
0
2
139
255
156
0
88
6
7
0
0
0
0
0
0
0
0
5
0
0
9
133
234
0
10
18
0
6
0
144
247
159
24
4
5
1
7
0
9
0
0
0
0
1
1
0
0
0
21
74
255
82
0
0
1
62
166
242
113
27
0
10
0
0
0
0
2
0
0
0
0
3
0
0
4
1
0
23
200
232
197
216
226
245
205
84
0
0
8
0
26
0
0
8
0
0
0
0
0
0
1
6
0
7
0
4
2
137
220
222
146
39
0
5
0
4
0
5
0
1
1
2
0
0
0
0
0
0
0
0
0
0
0
0
0
0
0
0
0
0
0
0
0
0
0
0
0
0
0
0
0
0
0
0
0
0
0
0
0
0
0
0
0
0
0
0
0
0
0
0
0
0
0
0
0
0
0
0
0
0
0
0
0
0
0
0
0
0
0
0
0
0
0
0
0
0
0
0
0
0
0
0
0
0
0
0
0
0
0
0
0
0
0
0
0
0
0
0
0
0
0
0
0
0
0
0
0
0
0
0
0
0
0
0
0
0
0
0
0
