7
0
0
0
0
0
0
0
0
0
0
0
6
5
0
0
2
0
0
3
4
0
0
1
0
0
0
0
0
0
0
0
0
0
0
0
0
18
9
0
0
0
1
0
0
12
2
0
0
0
0
5
4
0
0
0
0
0
0
0
0
0
0
0
0
0
0
0
8
0
5
0
0
0
0
4
0
6
0
0
0
0
0
0
0
0
0
0
0
0
0
0
0
0
9
0
4
0
8
0
4
0
0
5
0
21
4
3
0
0
0
0
0
0
0
0
0
0
0
0
0
0
0
0
0
0
12
0
0
0
0
7
0
0
0
0
7
0
0
0
0
0
0
0
0
0
0
0
0
0
3
8
3
0
0
2
17
0
0
0
4
4
12
7
0
0
0
0
0
0
0
0
0
0
0
0
0
0
0
6
0
3
0
53
93
165
212
248
210
50
0
0
11
0
0
0
0
0
0
0
0
0
0
0
0
0
0
61
114
205
211
248
255
236
255
255
240
68
15
0
0
0
0
0
0
0
0
0
0
0
0
0
0
0
6
205
245
255
244
255
251
252
254
252
242
87
0
1
2
0
0
0
0
0
0
0
0
0
0
0
0
6
8
21
220
225
134
112
57
99
252
255
244
0
6
2
1
0
0
0
0
0
0
0
0
0
0
0
0
0
6
0
2
0
5
0
13
178
243
246
141
0
4
0
0
0
0
0
0
0
0
0
0
0
0
0
0
0
10
6
0
4
0
3
85
255
255
250
13
1
0
6
0
0
0
0
0
0
0
0
0
0
0
0
0
11
0
0
7
0
3
16
195
238
255
131
0
2
2
0
1
0
0
0
0
0
0
0
0
0
0
0
0
0
0
35
2
0
18
96
252
255
244
0
7
7
4
1
0
0
0
0
0
0
0
0
0
0
0
0
0
10
1
0
0
15
33
226
255
247
173
12
0
0
0
19
0
0
0
0
0
0
0
0
0
0
0
0
0
0
4
14
7
0
148
255
249
220
9
0
5
14
2
0
3
0
0
0
0
0
0
0
0
0
0
0
0
1
0
0
0
24
225
241
255
137
16
0
7
2
0
7
0
0
0
0
0
0
0
0
0
0
0
0
0
18
0
2
0
127
237
255
184
19
0
5
15
0
0
8
0
0
0
0
0
0
0
0
0
0
0
0
0
0
18
0
21
245
251
244
101
0
0
6
2
0
0
7
0
0
0
0
0
0
0
0
0
0
0
0
0
0
0
5
174
255
255
205
20
13
1
0
0
5
3
0
0
0
0
0
0
0
0
0
0
0
0
0
0
7
0
34
255
245
248
96
0
0
0
0
3
11
0
0
7
0
0
0
0
0
0
0
0
0
0
0
0
0
11
76
231
255
239
2
9
0
1
0
0
1
0
0
3
0
0
0
0
0
0
0
0
0
0
0
0
7
0
175
255
255
237
40
8
9
6
0
0
0
5
5
0
0
0
0
0
0
0
0
0
0
0
0
0
3
18
245
255
255
227
37
0
0
0
3
11
2
0
0
0
0
0
0
0
0
0
0
0
0
0
0
0
3
9
218
255
255
40
27
0
0
0
0
0
0
0
0
0
0
0
0
0
0
0
0
0
0
0
0
0
0
0
110
241
164
28
0
13
0
0
0
0
0
0
0
0
0
0
0
0
0
0
0
0
0
0
0
0
2
8
5
5
0
0
2
1
0
0
0
0
0
0
0
0
0
0
0
0
0
0
0
0
0
0
0
0
1
0
9
0
20
8
13
0
0
0
0
0
0
0
0
0
0
0
0
0
