5
0
1
2
0
2
6
4
0
0
2
7
6
3
2
2
3
2
3
0
5
0
12
0
1
0
0
0
0
0
3
4
0
0
0
0
0
0
0
0
0
0
0
1
3
8
0
3
0
2
0
0
4
0
0
0
0
0
4
4
0
0
0
0
1
7
2
0
0
3
4
1
0
6
0
6
4
8
0
5
0
0
0
0
0
1
2
2
0
0
2
3
2
0
1
5
1
0
0
0
11
0
0
0
5
0
9
8
0
0
0
0
0
3
0
0
0
3
3
0
0
0
0
0
7
12
5
0
0
0
0
8
16
3
0
14
4
0
0
0
0
5
0
0
0
0
0
0
0
12
6
0
0
2
33
92
143
185
208
164
240
58
21
0
6
0
0
0
0
2
0
0
0
0
0
2
13
131
100
95
148
223
255
255
240
249
250
255
248
127
0
10
7
0
0
0
0
0
0
3
2
0
0
14
35
248
249
255
255
254
243
247
255
251
255
230
204
48
0
4
0
0
0
0
0
0
0
0
0
0
1
1
1
194
255
248
255
254
250
253
127
56
68
66
0
0
0
0
11
0
0
0
0
0
0
0
0
0
1
1
1
74
249
255
244
254
255
255
199
180
22
0
12
6
0
25
0
0
0
0
0
0
0
0
0
0
0
1
1
50
237
255
255
255
247
246
243
231
255
81
0
0
1
0
7
0
0
0
0
0
0
0
0
0
0
0
0
101
249
255
255
228
247
255
255
255
246
255
108
3
2
0
0
0
0
0
0
0
0
0
0
0
0
0
0
175
255
239
253
178
84
11
0
14
146
240
255
46
0
11
3
0
0
0
0
1
1
0
0
0
0
0
0
36
255
254
97
1
6
5
10
0
0
123
255
180
4
0
0
0
0
0
0
1
1
1
0
0
0
0
0
33
173
120
6
0
13
1
0
0
25
95
255
173
4
10
0
0
0
0
0
1
1
1
0
0
0
0
0
0
8
0
2
7
0
0
8
8
0
129
255
192
7
0
12
0
0
0
0
3
5
3
0
4
0
0
6
0
2
6
0
6
7
0
9
0
4
242
255
115
0
0
6
0
0
0
0
2
0
2
3
1
6
1
0
0
25
0
0
2
0
12
0
1
7
233
240
56
0
15
0
0
0
0
0
7
0
4
10
0
2
1
2
8
0
3
6
5
8
0
7
6
177
255
255
54
0
0
8
0
0
0
0
12
0
4
7
0
0
0
65
56
4
11
3
0
0
0
0
144
255
255
168
6
1
8
0
0
0
0
0
0
0
0
11
13
19
49
211
221
0
0
1
0
7
20
183
236
249
219
24
0
3
0
5
0
0
0
0
0
10
0
0
0
0
0
195
231
139
51
64
69
97
204
246
242
255
118
4
17
0
0
15
0
0
0
0
0
0
0
5
6
14
14
188
255
244
246
255
255
255
255
255
249
152
0
15
0
0
24
0
0
0
0
0
6
0
0
8
0
7
0
108
233
233
253
255
249
253
247
241
160
0
7
0
15
5
0
10
0
0
0
0
0
0
0
0
0
0
0
0
7
9
118
170
255
255
210
49
0
0
0
0
0
0
0
0
0
0
0
0
0
0
0
0
0
0
0
0
2
0
6
0
0
5
24
0
0
0
0
0
0
0
0
0
0
0
0
0
0
0
0
0
0
0
0
0
6
3
0
10
0
0
0
9
0
0
0
0
0
0
0
0
0
0
0
0
0
0
0
0
0
0
0
0
0
0
0
14
2
10
0
3
0
0
0
0
0
0
0
0
0
0
0
0
