5
0
0
0
0
0
0
0
0
7
0
11
0
0
6
0
0
5
0
0
0
8
0
0
3
0
0
0
0
0
0
0
0
0
0
0
0
0
25
0
14
4
0
2
15
0
0
3
0
0
0
2
0
0
0
0
0
0
0
0
0
0
0
0
0
6
8
6
0
0
3
0
0
14
0
2
3
0
0
7
0
0
0
0
0
0
0
0
0
0
0
0
0
0
6
0
24
0
13
22
194
67
5
0
9
2
0
4
0
0
0
0
0
0
0
0
0
0
0
0
0
5
0
0
7
0
52
220
240
67
5
0
9
2
0
4
0
0
0
0
0
0
0
0
0
0
0
0
0
8
0
0
0
29
221
233
37
14
0
2
3
0
0
7
0
0
0
0
0
0
0
0
0
0
0
0
0
0
5
12
1
199
208
63
0
0
0
3
0
0
0
2
0
0
0
0
0
0
0
0
0
0
0
0
0
7
1
0
55
187
92
9
0
5
0
0
0
8
0
0
3
0
0
0
0
0
0
0
0
0
0
0
0
3
6
0
178
209
15
3
0
5
0
6
0
0
6
3
0
0
0
0
0
0
0
0
0
0
0
0
0
3
0
4
205
246
0
6
5
0
0
4
4
0
0
1
3
0
0
0
0
0
0
0
0
0
0
0
0
0
12
0
114
212
202
40
0
0
2
0
3
0
0
2
4
0
0
0
0
0
0
0
0
0
0
0
0
7
0
0
4
33
126
99
18
3
9
0
0
3
0
6
0
0
0
0
0
0
0
0
0
0
0
0
0
9
0
5
12
21
150
47
25
0
0
0
0
0
4
7
0
0
0
0
0
0
0
0
0
0
0
0
0
0
0
12
0
2
31
204
127
15
0
5
7
0
1
0
0
0
0
0
0
0
0
0
0
0
0
0
0
5
9
0
0
4
31
153
239
117
5
4
6
0
5
0
3
0
0
0
0
0
0
0
0
0
0
0
0
0
0
0
5
0
0
17
88
230
35
0
0
0
14
0
3
0
0
0
0
0
0
0
0
0
0
0
0
1
7
0
0
0
3
0
0
143
199
29
0
0
14
5
0
0
0
0
0
0
0
0
0
0
0
0
0
0
0
108
156
16
0
24
0
28
184
54
16
0
2
0
7
0
0
0
0
0
0
0
0
0
0
0
0
4
18
5
200
140
22
0
4
13
205
192
5
8
0
0
1
0
0
0
0
0
0
0
0
0
0
0
0
0
3
4
20
167
174
51
4
2
18
209
135
0
3
1
0
0
0
0
0
0
0
0
0
0
0
0
0
0
0
17
0
10
200
248
174
94
47
219
141
0
0
0
4
0
0
0
0
0
0
0
0
0
0
0
0
13
0
0
1
5
13
241
237
255
255
203
4
16
0
0
2
0
0
0
0
0
0
0
0
0
0
0
0
0
5
2
0
7
0
0
61
177
167
40
11
0
3
4
0
0
0
0
0
0
0
0
0
0
0
0
0
5
4
0
0
9
4
0
0
0
9
0
7
2
0
11
2
0
0
0
0
0
0
0
0
0
0
0
0
0
0
0
0
0
0
0
0
0
0
0
0
0
0
0
0
0
0
0
0
0
0
0
0
0
0
0
0
0
0
0
0
0
0
0
0
0
0
0
0
0
0
0
0
0
0
0
0
0
0
0
0
0
0
0
0
0
0
0
0
0
0
0
0
0
0
0
0
0
0
0
0
0
0
0
0
0
0
0
0
0
0
0
0
0
0
0
0
0
0
0
0
0
0
0
0
0
0
0
0
0
0
0
0
