3
0
0
0
0
0
0
0
0
1
3
0
6
3
6
0
5
0
0
0
0
14
0
0
0
0
0
0
0
0
0
0
0
0
0
0
0
0
9
0
9
0
0
0
4
0
13
10
0
0
0
6
6
0
0
0
0
0
0
0
0
0
0
0
0
0
0
6
3
2
8
8
0
2
2
0
0
0
0
0
0
0
0
0
0
0
0
0
0
0
0
0
0
14
0
13
0
0
7
0
13
0
16
1
7
1
8
20
0
0
0
0
0
0
0
0
0
0
0
0
0
7
33
114
200
254
255
253
248
255
122
0
0
11
0
0
6
0
0
0
0
0
0
0
0
0
0
0
0
99
232
250
255
239
235
255
249
249
222
131
6
0
4
12
0
0
0
0
0
0
0
0
0
0
0
0
0
192
255
240
255
245
255
251
247
255
255
190
4
0
1
0
0
0
0
0
0
0
0
0
0
0
0
0
0
23
32
57
96
42
33
32
236
252
253
203
0
1
3
0
9
0
0
0
0
0
0
0
0
0
0
0
0
0
0
14
0
3
13
72
247
255
245
161
6
7
0
14
0
0
0
0
0
0
0
0
0
0
0
0
0
7
6
0
13
0
39
224
252
242
254
79
0
0
3
0
15
0
0
0
0
0
0
0
0
0
0
0
0
0
0
44
116
174
245
255
252
255
241
198
87
14
0
26
0
0
0
0
0
0
0
0
0
0
0
0
0
0
40
224
254
238
255
229
251
242
249
244
253
178
3
0
14
0
0
0
0
0
0
0
0
0
0
0
0
2
173
239
243
255
254
245
255
252
255
254
241
252
0
6
0
0
0
0
0
0
0
0
0
0
0
0
0
0
27
255
255
238
255
124
110
172
250
255
244
238
183
0
7
0
0
0
0
0
0
0
0
0
0
0
0
0
42
131
135
61
0
0
22
1
0
186
255
247
243
0
0
0
0
0
0
0
0
0
0
0
0
0
0
4
0
0
5
1
3
5
0
0
18
106
253
254
232
1
5
0
0
0
0
3
0
8
3
0
0
11
0
5
0
8
0
8
0
3
1
0
62
255
244
248
247
0
4
0
0
0
0
0
12
0
2
0
10
0
10
0
0
2
0
6
0
0
0
0
98
253
255
245
185
26
0
0
0
0
0
12
0
11
0
52
79
80
5
2
17
4
0
2
5
0
6
160
255
229
255
247
16
0
0
0
0
0
0
0
0
0
2
248
248
237
206
96
42
0
6
4
0
14
104
253
236
255
234
111
0
5
23
0
0
0
0
0
18
0
0
140
245
255
244
242
239
165
107
102
176
222
254
246
249
247
122
0
10
5
0
0
0
0
0
0
0
15
7
0
133
255
254
255
251
250
255
252
246
242
250
253
255
87
8
3
3
0
4
0
0
0
0
12
0
0
0
6
1
91
195
245
247
255
246
237
255
255
245
239
104
12
0
0
0
0
16
0
0
0
0
0
2
2
0
14
0
0
14
90
146
242
255
255
255
234
138
12
9
0
0
17
0
5
0
0
0
0
0
0
0
0
0
0
0
0
0
0
0
0
0
0
0
0
0
0
0
0
0
0
0
0
0
0
0
0
0
0
0
0
0
0
0
0
0
0
0
0
0
0
0
0
0
0
0
0
0
0
0
0
0
0
0
0
0
0
0
0
0
0
0
0
0
0
0
0
0
0
0
0
0
0
0
0
0
0
0
0
0
0
0
0
0
0
0
0
0
0
0
0
0
0
0
0
0
0
0
0
0
0
0
0
0
0
0
0
0
0
0
0
0
