8
0
0
0
0
0
0
0
0
0
0
3
0
12
1
0
3
3
0
0
2
0
0
1
0
0
0
0
0
0
0
0
0
0
0
0
0
3
6
5
0
0
0
2
0
7
0
0
3
5
0
0
0
0
0
0
0
0
0
0
0
0
0
0
0
0
3
4
7
7
0
18
2
0
10
4
0
0
5
4
0
0
0
0
0
0
0
0
0
0
0
0
0
11
0
0
1
2
0
1
0
0
0
2
1
11
11
0
0
0
0
0
0
0
0
0
0
0
0
0
0
4
0
7
8
0
0
0
17
13
3
3
11
4
0
0
20
0
0
0
0
0
0
0
0
0
0
0
0
0
10
50
129
216
255
250
245
236
155
57
0
0
18
16
0
0
0
0
0
0
0
0
0
0
0
0
0
0
155
223
255
251
234
250
255
254
255
248
133
1
0
9
0
0
0
0
0
0
0
0
0
0
0
0
0
48
254
255
227
128
37
46
29
32
114
243
250
104
0
0
5
0
0
0
0
0
8
6
0
7
4
0
4
179
251
249
248
76
8
0
0
4
0
180
255
97
6
0
0
0
0
0
0
0
0
0
1
6
0
10
88
240
255
253
235
144
0
0
0
4
11
200
251
115
0
33
0
0
0
0
0
3
0
0
1
0
0
12
99
255
250
251
226
7
0
22
0
0
34
247
245
52
6
0
1
0
0
0
0
1
1
5
0
0
0
0
27
98
85
231
243
203
25
7
0
0
153
255
241
20
12
0
9
0
0
0
0
0
1
7
0
3
16
0
0
6
0
54
255
255
218
40
2
50
212
249
112
0
0
0
0
0
0
0
0
5
0
3
0
0
4
0
2
0
0
0
103
248
255
255
26
195
255
204
21
0
10
0
12
0
0
0
0
8
0
3
0
0
0
0
6
13
0
3
5
87
255
241
254
247
255
48
8
0
0
7
0
0
0
0
0
0
0
7
1
0
7
0
0
0
0
0
8
3
22
255
253
251
174
0
7
0
8
0
1
0
0
0
0
0
0
0
0
0
0
0
0
6
0
0
0
12
142
248
255
255
249
91
1
0
9
0
0
0
0
0
0
0
0
0
0
0
0
0
0
0
0
12
5
141
255
255
148
95
246
218
7
1
3
3
0
0
0
0
0
0
0
0
0
0
0
0
0
0
7
12
122
255
240
153
0
21
202
255
84
1
4
0
0
0
0
0
0
0
0
0
0
0
0
0
0
19
0
20
243
252
189
9
0
0
190
254
96
1
0
0
0
0
0
0
0
0
0
0
0
0
0
0
0
0
0
139
255
231
0
13
0
3
244
244
2
5
0
9
0
0
0
0
0
0
0
0
0
0
0
0
0
11
14
219
254
138
0
0
17
184
243
132
0
2
0
10
0
0
0
0
0
0
0
0
0
0
0
0
0
0
42
245
255
136
30
141
215
255
127
10
17
0
5
0
0
0
0
0
0
0
0
0
0
0
0
0
0
6
0
159
251
249
255
252
251
109
12
5
0
0
0
0
6
0
0
0
0
0
0
0
0
0
0
0
0
0
1
56
189
255
255
150
75
0
0
0
0
0
0
0
0
0
0
0
0
0
0
0
0
0
0
0
0
3
0
0
8
4
6
0
0
0
0
0
0
0
0
0
0
0
0
0
0
0
0
0
0
0
0
0
0
5
8
2
6
0
0
0
9
0
0
0
0
0
0
0
0
0
0
0
0
0
0
0
0
0
0
0
0
0
0
0
1
5
10
2
0
0
0
0
0
0
0
0
0
0
0
0
0
