6
0
0
0
0
0
0
0
0
0
8
0
0
1
1
0
4
0
1
11
0
4
0
5
0
0
0
0
0
0
0
0
0
0
0
0
0
0
0
7
11
0
0
0
2
11
0
0
0
3
0
5
6
0
0
0
0
0
0
0
0
0
0
0
0
1
0
4
8
0
2
11
0
0
37
177
111
0
12
1
0
0
0
0
0
0
0
0
0
0
0
0
0
5
0
0
0
0
9
6
0
114
219
246
169
28
0
0
7
0
0
0
0
0
0
0
0
0
0
0
0
0
4
0
0
3
0
11
63
255
251
228
110
0
9
5
0
0
0
0
0
0
0
0
0
0
0
0
0
0
0
3
4
0
0
92
218
246
255
112
15
0
0
14
0
0
0
0
0
0
0
0
0
0
0
0
0
5
0
3
0
0
70
206
255
252
86
12
0
0
2
0
6
0
0
0
0
0
0
0
0
0
0
0
0
6
0
8
0
8
149
255
236
141
4
0
4
13
0
0
6
0
0
0
0
0
0
0
0
0
0
0
0
0
0
2
7
142
245
255
185
32
0
2
0
0
0
0
9
0
0
0
0
0
0
0
0
0
0
0
0
13
0
16
46
235
255
207
9
4
2
4
10
0
6
0
0
0
0
0
0
0
0
0
0
0
0
0
0
0
2
0
205
249
216
46
0
0
5
0
2
0
5
6
7
0
0
0
0
0
0
0
0
0
0
0
0
0
0
144
255
255
102
13
0
0
11
6
14
6
0
0
0
0
0
0
0
0
0
0
0
0
0
0
0
8
68
255
245
107
2
0
21
100
147
125
35
3
8
19
0
0
0
0
0
0
0
0
0
0
0
0
0
0
183
247
228
74
151
140
255
255
245
255
252
195
72
0
8
0
0
0
0
0
0
0
0
0
0
0
0
73
251
255
164
227
251
255
252
249
242
249
255
249
197
26
0
0
0
0
0
0
0
0
0
0
0
0
0
189
247
239
255
255
241
255
239
146
49
49
217
255
214
0
0
0
0
0
0
0
0
7
0
0
3
1
1
204
244
255
252
241
255
203
14
0
0
44
246
248
149
0
3
0
0
0
0
3
0
3
0
0
0
3
34
244
254
247
255
255
158
34
1
16
151
255
242
169
0
5
0
0
0
0
0
4
0
0
1
1
0
4
67
236
255
236
154
115
49
26
154
214
255
240
159
38
18
0
14
0
0
0
0
0
0
0
0
5
0
1
67
246
255
255
209
224
255
254
255
255
234
237
22
5
0
4
0
0
0
0
0
0
4
3
0
5
2
0
38
239
241
243
255
255
241
255
255
201
124
17
0
0
0
0
6
0
0
0
0
0
3
5
0
2
7
0
8
59
211
243
179
124
113
133
114
0
17
5
4
1
22
0
0
0
0
0
0
0
0
4
0
0
6
0
0
0
6
0
2
18
0
0
14
4
0
6
0
0
0
0
16
0
0
0
0
7
0
2
1
0
3
0
0
6
0
6
0
0
8
0
4
0
22
0
2
6
0
13
0
0
0
0
0
0
0
0
0
0
0
0
0
0
0
0
0
0
0
0
0
0
0
0
0
0
0
0
0
0
0
0
0
0
0
0
0
0
0
0
0
0
0
0
0
0
0
0
0
0
0
0
0
0
0
0
0
0
0
0
0
0
0
0
0
0
0
0
0
0
0
0
0
0
0
0
0
0
0
0
0
0
0
0
0
0
0
0
0
0
0
0
0
0
0
0
0
0
0
0
0
0
0
0
0
0
0
0
0
0
0
0
0
0
0
0
0
