4
0
0
0
0
0
0
0
0
0
0
0
0
0
0
0
0
8
5
0
0
4
7
3
1
0
0
0
0
0
0
0
0
0
0
0
0
0
0
0
0
0
0
0
0
0
1
0
16
0
0
0
0
0
0
0
0
0
0
0
0
0
0
0
0
0
0
0
0
0
0
0
0
14
1
2
0
0
0
9
6
0
0
0
0
0
0
0
0
0
0
0
0
0
0
0
0
0
0
0
0
0
0
1
4
0
2
1
0
0
0
0
0
0
0
0
0
0
0
0
0
0
0
0
0
0
0
0
0
0
11
1
19
0
3
0
10
0
0
0
0
0
0
0
0
0
0
0
0
0
0
0
0
0
0
0
0
4
0
0
0
22
0
0
4
0
0
0
0
0
0
0
0
0
0
0
0
0
0
0
0
0
0
0
0
12
0
27
124
198
102
8
0
0
0
0
0
0
0
0
0
0
0
0
0
0
0
0
0
0
0
0
0
0
10
24
255
255
183
0
8
0
0
0
0
1
0
6
0
0
11
0
1
0
10
8
19
186
69
2
0
5
0
110
247
212
61
0
10
0
0
0
0
6
0
0
10
0
0
0
1
2
0
0
182
254
235
14
3
0
44
225
255
112
0
10
0
0
0
0
0
5
0
0
17
0
2
5
0
0
39
151
253
241
148
14
0
0
124
255
242
61
0
11
0
0
0
0
0
0
5
0
4
0
15
0
1
50
240
244
255
69
7
2
0
0
150
240
255
74
10
0
10
0
0
0
0
0
5
8
0
0
6
0
77
235
242
255
50
1
1
0
8
10
185
250
203
17
2
5
0
0
0
0
0
0
0
8
0
0
0
58
210
255
238
119
5
6
0
24
24
132
245
255
189
115
33
16
0
0
0
0
0
0
0
1
4
3
0
151
255
232
214
164
157
162
170
220
255
255
253
251
255
254
42
0
5
0
0
0
0
6
6
0
0
0
1
203
246
255
242
255
245
253
250
255
254
253
252
248
187
100
0
17
0
0
0
0
0
0
6
0
2
0
25
161
255
242
255
255
238
187
177
178
202
254
255
86
22
0
5
0
0
0
0
0
0
0
3
0
7
0
0
47
88
41
48
30
41
0
0
7
150
255
185
14
0
0
11
7
1
0
0
0
0
2
1
0
2
2
0
0
0
8
0
0
7
9
5
27
216
250
117
11
4
7
0
0
1
0
0
0
0
0
1
0
0
0
3
9
8
0
0
20
0
0
0
97
255
254
68
0
0
11
3
2
0
0
0
0
0
0
1
7
0
0
3
0
0
0
0
13
0
6
29
185
253
165
14
0
0
3
0
2
1
0
0
0
0
0
0
4
0
0
8
0
0
6
0
0
9
9
105
255
255
56
0
17
16
3
0
0
4
0
0
0
0
5
0
1
0
0
13
2
5
0
5
0
0
0
140
255
222
46
1
0
0
3
5
7
3
0
0
0
0
1
0
10
1
0
4
0
2
0
0
8
0
84
239
248
69
0
0
0
0
7
0
0
0
0
0
0
0
0
0
0
0
0
0
0
0
0
5
0
10
146
255
205
44
0
0
0
0
0
0
0
0
0
0
0
0
0
0
0
0
0
0
0
0
13
7
0
20
125
198
119
0
0
0
0
0
0
0
0
0
0
0
0
0
0
0
0
0
0
0
0
0
0
1
0
0
0
10
10
0
0
0
0
0
0
0
0
0
0
0
0
0
0
0
0
0
0
0
0
0
6
6
7
5
0
0
0
10
0
0
0
0
0
0
0
0
0
0
0
0
