9
0
0
0
0
0
0
0
0
1
0
0
0
0
2
4
4
0
2
3
0
2
7
1
0
0
0
0
0
0
0
0
0
0
0
0
0
0
0
2
1
0
0
0
0
4
6
4
0
0
0
6
17
0
0
0
0
0
0
0
0
0
0
0
0
0
0
3
3
0
0
0
0
0
0
0
4
4
0
0
0
0
0
0
0
0
0
0
0
0
0
0
0
3
0
0
0
0
0
2
6
0
0
0
0
3
7
7
6
0
0
0
0
0
0
0
0
0
0
0
0
5
0
0
0
4
2
0
1
0
9
12
2
0
0
0
0
0
0
0
0
0
0
0
0
0
0
0
0
2
0
0
5
7
0
0
0
0
0
0
0
1
8
6
0
0
0
0
0
0
0
0
0
0
0
0
0
1
0
0
5
2
0
2
14
3
0
4
12
4
0
0
10
0
0
0
0
0
0
0
0
0
0
0
0
4
0
0
0
0
0
16
44
104
153
220
230
141
23
0
9
0
0
0
0
0
0
0
0
0
0
0
0
7
8
0
15
4
158
217
255
251
252
234
249
255
26
4
4
0
0
0
0
0
0
0
0
0
0
0
0
0
0
27
124
194
255
243
203
90
77
8
98
255
47
0
0
0
0
0
0
0
0
0
0
0
0
0
0
13
36
117
255
247
195
53
5
0
62
46
26
149
17
0
13
0
0
0
0
0
0
0
0
0
0
0
0
0
91
250
239
139
0
0
70
184
223
215
0
5
0
0
0
0
0
0
0
0
0
0
0
0
0
0
0
13
190
255
152
0
21
99
210
255
254
212
0
0
12
10
11
0
0
0
0
0
0
0
0
0
0
0
0
2
184
255
138
137
209
255
253
247
255
159
12
18
0
0
0
0
0
0
0
0
0
0
0
0
0
0
0
0
151
246
255
250
255
235
255
251
218
52
0
4
0
18
4
0
0
0
0
0
0
0
0
0
0
0
0
0
16
89
205
235
150
124
249
246
119
0
5
0
0
8
0
0
0
0
0
0
0
0
0
0
0
0
0
1
0
16
5
0
12
106
255
148
10
0
7
0
1
0
5
0
0
0
0
0
0
0
0
0
0
0
0
7
0
0
0
1
17
234
238
78
0
0
6
0
5
0
0
0
0
0
0
0
0
0
0
0
0
0
0
2
0
0
0
4
170
249
166
9
0
11
1
0
7
0
0
0
0
0
0
0
0
0
0
0
0
0
0
6
0
7
3
107
249
245
28
0
0
14
0
0
7
0
3
0
0
0
0
0
0
0
0
0
0
0
0
0
30
0
30
255
255
99
7
0
6
6
0
0
6
0
3
0
0
0
0
0
0
0
0
0
0
0
0
7
0
26
200
255
165
28
0
2
2
0
0
9
6
0
0
0
0
0
0
0
0
0
0
0
0
0
0
0
17
125
255
232
14
26
0
0
0
0
3
5
1
1
0
0
0
0
0
0
0
0
0
0
0
0
0
4
84
240
249
122
13
0
14
1
2
1
2
0
0
7
0
0
0
0
0
0
0
0
0
0
0
0
0
11
219
240
218
8
0
2
0
0
0
0
0
0
0
0
0
0
0
0
0
0
0
0
0
0
0
0
0
124
248
219
22
0
0
9
11
0
0
0
0
0
0
0
0
0
0
0
0
0
0
0
0
0
0
0
0
149
251
82
22
0
8
0
0
0
0
0
0
0
0
0
0
0
0
0
0
0
0
0
0
0
0
0
0
0
3
0
0
3
10
0
2
0
0
0
0
0
0
0
0
0
0
0
0
