1
0
0
0
0
0
0
0
0
0
16
0
0
6
0
12
0
0
0
0
14
0
1
1
2
0
0
0
0
0
0
0
0
0
0
0
0
9
7
0
12
5
0
0
9
4
10
0
5
0
8
3
0
0
0
0
0
0
0
0
0
0
0
0
0
0
0
0
0
4
11
0
0
0
3
1
0
0
9
1
0
0
0
0
0
0
0
0
0
0
0
0
0
12
5
12
0
0
0
0
23
7
0
1
2
0
2
0
1
0
0
0
0
0
0
0
0
0
0
0
0
0
0
0
0
12
0
22
210
118
29
1
0
1
0
0
6
0
0
0
0
0
0
0
0
0
0
0
0
6
9
9
0
9
0
44
255
248
69
1
0
1
0
0
4
0
0
0
0
0
0
0
0
0
0
0
0
0
0
0
0
1
15
88
245
255
55
0
0
0
1
7
0
0
0
0
0
0
0
0
0
0
0
0
0
16
0
2
10
0
0
97
249
209
9
0
9
0
0
9
0
0
0
0
0
0
0
0
0
0
0
0
0
0
5
0
0
9
0
204
252
108
0
0
4
0
5
0
0
0
0
0
0
0
0
0
0
0
0
0
0
0
1
0
0
0
22
215
253
115
9
0
4
0
6
0
0
0
0
0
0
0
0
0
0
0
0
0
0
2
0
4
2
0
56
239
255
101
12
0
1
0
5
0
1
0
0
0
0
0
0
0
0
0
0
0
0
3
0
3
4
0
63
255
250
59
0
0
1
0
1
0
4
0
0
0
0
0
0
0
0
0
0
0
0
4
0
0
1
0
61
255
222
16
0
0
4
0
0
0
3
0
0
0
0
0
0
0
0
0
0
0
0
5
0
0
0
6
96
253
183
0
0
4
8
0
0
0
0
0
0
0
0
0
0
0
0
0
0
0
0
4
0
0
0
13
181
245
157
0
3
4
3
0
0
2
0
0
0
0
0
0
0
0
0
0
0
0
0
2
0
4
4
21
255
245
149
0
7
0
0
0
0
5
0
0
0
0
0
0
0
0
0
0
0
0
0
0
21
0
0
103
252
238
28
0
0
0
0
0
0
0
0
0
0
0
0
0
0
0
0
0
0
0
0
5
0
0
8
159
253
143
6
0
0
0
0
0
0
0
0
0
0
0
0
0
0
0
0
0
0
0
0
11
0
5
73
245
255
66
0
0
0
0
0
0
0
0
0
0
0
0
0
0
0
0
0
0
0
0
0
0
8
0
132
255
243
57
0
0
0
0
0
0
0
0
0
0
0
0
0
0
0
0
0
0
0
0
0
0
8
0
163
250
246
65
2
0
0
0
0
0
0
0
0
0
0
0
0
0
0
0
0
0
0
0
0
3
0
28
216
255
255
54
0
0
0
0
0
0
0
0
0
0
0
0
0
0
0
0
0
0
0
0
0
6
0
45
251
255
190
24
0
0
0
0
0
0
0
0
0
0
0
0
0
0
0
0
0
0
0
0
0
0
0
11
231
237
70
0
4
0
0
0
0
0
0
0
0
0
0
0
0
0
0
0
0
0
0
0
0
0
0
0
0
0
0
0
0
0
0
0
0
0
0
0
0
0
0
0
0
0
0
0
0
0
0
0
0
0
0
0
0
0
0
0
0
0
0
0
0
0
0
0
0
0
0
0
0
0
0
0
0
0
0
0
0
0
0
0
0
0
0
0
0
0
0
0
0
0
0
0
0
0
0
0
0
0
0
0
0
0
0
0
0
0
0
0
0
0
0
0
0
0
0
0
0
0
0
0
0
0
0
0
0
