9
1
0
0
0
0
0
0
0
0
5
0
5
0
12
0
0
0
0
6
5
11
2
0
12
0
0
0
0
0
0
0
0
0
1
1
0
7
14
0
8
0
7
0
4
2
0
0
0
0
9
7
0
0
0
0
0
0
0
0
1
1
1
1
1
0
0
4
2
13
0
4
1
7
3
6
10
0
0
12
0
0
0
0
0
0
0
1
1
0
0
0
0
14
6
3
0
0
0
0
4
0
0
0
5
2
0
5
6
0
0
0
0
0
0
1
0
0
0
0
0
0
0
0
13
0
12
0
3
5
12
0
0
8
1
0
3
0
0
0
0
0
1
2
0
0
0
0
1
5
3
16
0
11
0
6
0
0
2
15
0
3
6
0
0
0
0
0
0
0
1
2
0
0
0
4
9
0
29
132
129
188
134
137
89
38
0
0
0
0
6
0
9
0
0
0
0
0
1
2
0
0
1
9
16
192
237
255
255
244
255
255
254
246
35
1
8
0
12
0
1
0
0
0
0
7
5
0
0
0
9
5
204
255
249
248
187
105
209
188
254
255
191
61
18
0
13
0
3
0
0
0
0
0
0
0
11
1
0
155
255
255
199
73
14
1
0
12
55
202
255
233
88
22
0
15
0
0
0
0
0
10
13
0
0
12
20
236
246
155
29
0
0
6
0
0
0
19
255
236
240
69
0
0
3
0
0
0
0
0
12
0
0
0
66
230
255
133
0
0
9
0
14
5
0
0
143
255
247
242
50
9
6
0
0
0
0
12
9
0
0
14
135
255
255
94
12
0
4
9
0
0
0
0
138
238
255
249
52
9
0
0
0
0
0
0
0
6
8
0
43
254
247
164
9
5
0
0
0
0
10
2
64
255
253
250
62
0
12
0
0
0
0
8
0
1
6
7
37
253
255
177
0
10
1
5
15
0
0
0
4
177
247
255
49
9
0
0
0
0
0
0
6
2
0
2
14
170
249
255
137
1
0
0
0
4
2
0
4
178
255
206
27
0
6
0
0
0
0
8
0
2
0
0
0
27
197
244
255
195
179
86
85
63
60
77
194
245
255
187
0
11
4
0
0
0
0
0
0
3
0
11
11
0
47
190
243
254
255
245
255
255
240
246
251
255
238
200
7
0
0
0
0
0
0
0
1
13
0
0
13
0
0
0
33
135
206
255
248
247
253
255
248
255
252
189
1
0
22
0
0
0
0
1
0
12
0
0
0
1
16
17
0
5
0
17
0
19
62
0
21
140
255
255
42
2
0
0
0
0
0
8
0
0
4
0
5
3
1
0
0
19
0
0
4
0
0
9
0
160
235
255
54
3
2
0
0
0
0
0
0
1
0
0
6
3
0
0
0
3
0
0
10
4
3
5
0
149
255
242
151
0
10
0
0
0
0
0
6
4
0
0
0
5
1
16
2
0
7
11
0
0
3
3
0
58
255
254
255
46
0
0
0
0
0
4
3
0
2
11
0
0
0
0
3
0
0
8
0
12
0
0
7
30
219
255
237
125
4
0
0
0
0
0
0
0
0
0
0
0
0
0
0
0
0
0
0
0
0
16
0
7
68
248
255
165
0
0
0
0
0
0
0
0
0
0
0
0
0
0
0
0
0
0
0
0
0
0
25
0
16
50
166
91
0
0
0
0
0
0
0
0
0
0
0
0
0
0
0
0
0
0
0
0
0
2
1
0
7
0
16
0
7
0
0
0
0
0
0
0
0
0
0
0
0
0
0
0
0
0
0
0
0
0
0
15
0
8
0
1
0
0
0
0
0
