8
0
0
0
0
0
0
0
0
6
0
0
0
0
10
0
0
3
2
0
0
6
0
2
0
0
0
0
0
0
0
0
0
0
0
0
0
0
20
20
0
14
0
0
0
0
0
14
0
0
0
2
11
0
0
0
0
0
0
0
0
0
0
0
0
5
0
0
1
3
0
3
8
3
0
0
6
0
8
0
2
0
0
0
0
0
0
0
0
0
0
0
0
6
0
18
0
5
0
5
0
0
11
0
0
18
0
11
1
0
0
0
0
0
0
0
0
0
0
0
0
0
0
0
1
3
9
0
142
198
206
3
4
0
6
26
0
0
0
0
0
0
0
0
0
0
0
0
0
17
0
14
2
15
185
254
250
254
255
51
94
18
7
0
1
0
0
0
0
0
0
0
0
0
0
0
0
0
0
14
14
227
241
255
251
241
245
255
247
216
51
0
3
0
0
0
0
0
0
0
0
0
0
0
0
2
0
6
213
255
250
244
255
255
237
255
251
252
228
23
0
0
0
0
0
0
0
0
0
0
0
0
0
0
0
164
255
245
255
219
129
77
93
252
255
244
225
38
0
0
0
0
0
0
0
0
0
0
0
0
0
13
47
229
241
255
200
34
1
0
165
239
248
255
70
5
0
0
0
0
0
0
0
0
0
0
0
0
0
18
103
247
255
171
50
13
80
167
246
255
255
192
35
0
7
0
0
0
0
0
0
0
0
0
0
0
0
99
255
246
213
20
0
85
253
254
243
255
154
7
0
0
0
0
0
0
0
0
0
0
0
0
0
0
0
48
255
249
164
0
171
247
251
252
255
217
44
0
0
33
0
0
0
0
0
0
0
0
0
0
0
0
0
50
246
251
255
246
255
240
255
253
167
66
0
15
5
1
0
0
0
0
0
0
0
0
0
0
0
0
0
6
167
255
249
246
239
255
240
235
49
0
6
0
0
0
22
0
0
0
0
0
0
0
0
0
0
0
0
4
44
255
255
253
255
239
255
246
71
13
0
9
0
6
0
0
0
0
0
0
3
1
0
1
0
0
0
0
70
255
244
255
255
247
255
255
248
163
27
2
3
12
0
0
0
0
0
0
1
0
0
2
0
0
10
3
211
244
255
255
220
238
244
255
249
255
195
0
0
0
17
0
0
0
0
0
0
0
1
3
0
1
24
203
236
252
231
74
54
147
198
255
242
243
216
0
23
10
0
0
0
0
0
0
0
0
2
4
0
4
35
243
255
242
72
5
21
20
144
254
255
240
255
103
0
0
11
0
0
0
0
1
0
0
2
4
0
5
37
243
252
255
216
197
237
244
247
233
255
250
249
148
3
0
0
0
0
0
0
0
0
0
0
3
0
4
29
251
255
238
255
242
250
247
255
249
255
246
138
11
0
0
4
0
0
0
0
0
2
0
0
2
0
2
17
215
255
247
244
249
254
245
255
255
170
111
38
0
8
0
3
0
0
0
0
0
4
0
0
1
0
0
8
95
116
144
224
255
137
129
67
7
9
10
0
11
0
4
0
0
0
0
0
0
0
0
0
0
0
0
0
0
0
0
0
0
0
0
0
0
0
0
0
0
0
0
0
0
0
0
0
0
0
0
0
0
0
0
0
0
0
0
0
0
0
0
0
0
0
0
0
0
0
0
0
0
0
0
0
0
0
0
0
0
0
0
0
0
0
0
0
0
0
0
0
0
0
0
0
0
0
0
0
0
0
0
0
0
0
0
0
0
0
0
0
0
0
0
0
0
0
0
0
0
0
0
0
0
0
0
0
0
0
0
0
