5
0
0
0
0
0
0
0
0
2
3
0
0
0
0
5
1
2
0
4
4
0
3
0
1
0
0
0
0
0
0
0
0
0
0
0
0
0
0
21
0
22
0
4
0
0
0
0
0
28
5
0
7
0
0
0
0
0
0
0
0
0
0
0
0
18
1
0
0
0
4
1
0
4
8
17
4
0
1
3
0
0
0
0
0
0
0
0
0
0
0
0
0
0
6
5
14
0
5
0
3
0
0
0
11
3
4
3
0
0
0
0
0
0
0
0
0
0
0
0
0
0
0
0
0
6
0
7
0
3
11
6
0
5
20
115
0
0
0
0
0
0
0
0
0
0
0
0
0
10
10
0
20
17
0
1
0
17
0
18
6
25
210
64
10
0
0
0
0
0
0
0
0
0
0
0
0
0
20
11
153
101
6
0
5
0
4
0
54
237
126
19
0
0
0
0
0
0
0
0
0
0
0
0
0
9
0
0
183
226
78
44
0
52
109
170
204
77
0
2
0
0
0
0
0
0
0
0
0
0
0
0
0
0
3
0
70
178
255
249
249
251
170
76
21
0
1
10
0
0
0
0
0
0
0
0
0
0
0
0
0
8
9
30
219
16
16
76
40
11
0
0
0
0
0
6
10
0
0
0
0
0
0
0
0
0
0
0
0
0
0
25
215
0
12
0
2
0
0
6
13
9
0
0
0
0
0
0
0
0
0
0
0
0
0
0
0
9
0
121
207
0
0
0
1
2
0
0
0
0
8
0
3
0
0
0
0
0
0
0
0
0
0
0
0
2
7
159
147
13
0
17
0
4
2
20
7
0
1
0
1
0
0
0
0
0
0
0
0
0
0
0
0
0
4
220
91
0
60
122
96
18
0
0
0
0
4
0
3
0
0
0
0
0
0
0
0
0
0
0
0
9
73
247
78
159
241
179
229
164
29
0
0
0
11
0
0
0
0
0
0
0
0
0
0
0
0
0
0
3
98
255
170
224
85
6
68
255
63
0
3
0
3
0
0
0
0
0
0
0
0
0
0
0
0
0
0
0
120
251
249
90
11
2
17
213
154
0
0
1
1
0
0
0
0
0
0
0
0
0
0
0
0
0
0
3
96
239
105
0
14
0
0
113
218
16
2
0
4
9
0
0
0
0
0
0
0
0
0
0
0
0
0
2
0
0
1
12
0
6
11
104
244
0
3
12
0
0
4
0
0
0
0
0
0
0
0
0
0
0
0
0
6
20
0
7
15
0
0
108
219
2
6
4
0
3
2
0
0
0
0
0
0
0
0
0
0
0
0
0
3
0
0
0
1
0
28
222
149
2
0
0
10
4
0
0
0
0
0
0
0
0
0
0
0
0
0
3
0
14
26
0
0
24
177
216
38
0
0
0
0
0
4
0
0
0
0
0
0
0
0
0
0
0
0
1
84
18
0
10
103
217
189
6
0
22
8
0
0
10
5
0
0
0
0
0
0
0
0
0
0
0
0
0
109
246
255
255
242
128
10
2
7
0
0
9
1
3
0
0
0
0
0
0
0
0
0
0
0
0
0
0
0
0
0
0
0
0
0
0
0
0
0
0
0
0
0
0
0
0
0
0
0
0
0
0
0
0
0
0
0
0
0
0
0
0
0
0
0
0
0
0
0
0
0
0
0
0
0
0
0
0
0
0
0
0
0
0
0
0
0
0
0
0
0
0
0
0
0
0
0
0
0
0
0
0
0
0
0
0
0
0
0
0
0
0
0
0
0
0
0
0
0
0
0
0
0
0
0
0
0
0
0
0
0
