0
0
0
0
0
0
0
0
0
0
13
0
0
12
0
2
0
6
0
7
0
0
0
10
0
0
0
0
0
0
0
0
0
0
0
0
0
5
0
0
0
0
0
0
0
8
0
0
0
3
5
9
0
0
0
0
0
0
0
0
0
0
0
0
0
0
0
1
7
2
6
1
0
5
5
2
1
0
0
0
0
0
0
0
0
0
0
0
0
0
0
0
0
0
0
10
0
0
1
0
17
0
0
0
0
10
7
5
0
0
0
0
0
0
0
0
0
0
0
0
0
0
2
3
0
0
0
33
160
141
61
21
0
10
0
0
14
0
0
0
0
0
0
0
0
0
0
0
0
0
0
0
2
4
0
84
255
240
252
211
64
0
1
29
0
0
0
0
0
0
0
0
0
0
0
0
0
2
4
0
3
0
11
123
243
254
255
255
231
71
0
0
5
0
0
0
0
0
0
0
0
0
0
0
0
0
3
0
0
6
94
225
255
247
255
248
219
33
8
0
1
0
0
0
0
0
10
0
0
0
0
0
0
0
9
0
0
116
255
240
255
221
255
255
53
1
1
11
0
0
0
0
0
0
0
0
4
5
1
4
5
0
4
11
2
218
246
255
188
75
186
245
70
0
0
0
0
0
0
0
0
4
0
0
8
2
0
0
1
10
0
67
132
242
255
172
37
4
127
255
147
12
13
0
12
0
0
0
0
12
0
0
2
0
0
0
0
0
116
246
252
255
141
0
0
0
51
246
192
0
0
4
0
0
0
0
0
4
0
5
0
0
9
0
5
2
192
249
255
210
74
1
12
16
39
249
242
41
5
19
5
0
0
0
0
0
0
11
0
1
3
0
20
147
251
255
190
19
0
4
0
0
51
251
254
115
0
0
11
0
0
0
0
0
0
10
0
1
0
0
77
255
255
202
18
16
2
0
0
0
64
255
255
168
0
0
5
0
0
0
0
3
0
4
0
7
0
16
153
247
250
89
7
0
1
6
0
0
48
246
250
175
0
18
0
0
0
0
0
0
5
1
2
0
4
0
168
255
169
1
9
0
12
0
0
10
13
215
255
169
4
6
0
0
0
0
0
2
2
0
1
0
2
5
179
253
183
0
0
0
0
4
19
0
61
255
224
175
0
3
5
0
0
0
0
7
0
0
4
0
0
4
157
252
167
23
0
10
11
0
7
50
150
255
255
83
17
0
12
0
0
0
0
1
0
0
7
3
1
0
93
253
248
67
0
7
1
14
6
184
234
255
207
29
8
0
0
0
0
0
0
0
0
4
2
2
9
0
30
226
255
194
36
0
33
93
209
255
255
221
63
12
0
0
0
0
0
0
0
0
2
5
0
0
13
0
2
34
204
247
210
210
238
255
240
255
169
67
12
0
9
0
1
0
0
0
0
2
0
4
0
0
8
4
0
0
54
182
255
255
243
227
255
162
20
0
0
2
0
12
0
0
0
0
0
2
0
4
1
0
1
2
0
0
2
13
58
121
200
136
3
7
0
11
0
0
0
5
2
0
0
0
0
0
0
0
0
0
0
0
0
0
0
0
0
0
0
0
0
0
0
0
0
0
0
0
0
0
0
0
0
0
0
0
0
0
0
0
0
0
0
0
0
0
0
0
0
0
0
0
0
0
0
0
0
0
0
0
0
0
0
0
0
0
0
0
0
0
0
0
0
0
0
0
0
0
0
0
0
0
0
0
0
0
0
0
0
0
0
0
0
0
0
0
0
0
0
0
0
0
0
0
0
0
0
0
0
0
0
0
0
0
0
0
0
