9
0
0
0
0
0
0
0
0
0
5
0
4
2
0
6
0
0
2
0
0
4
0
0
5
0
0
0
0
0
0
0
0
0
0
0
0
4
4
0
0
0
0
0
4
0
0
0
0
0
11
5
0
0
0
0
0
0
0
0
0
0
0
0
0
0
0
5
9
11
2
0
6
10
6
12
10
0
0
0
8
0
0
0
0
0
0
0
0
0
0
0
0
14
0
3
0
0
0
0
0
0
0
0
5
4
5
5
0
0
0
0
0
0
0
0
0
0
0
0
0
0
0
10
0
8
3
8
1
4
12
11
0
0
3
11
1
0
0
0
0
0
0
0
0
0
0
0
0
0
2
5
0
5
0
9
0
0
0
0
3
16
1
0
1
0
0
0
0
0
0
0
0
0
0
0
0
6
0
0
40
119
120
194
194
254
168
43
0
9
4
0
10
0
0
0
0
0
0
0
0
0
0
0
0
1
0
10
132
255
237
255
242
253
255
155
18
0
2
0
2
0
0
0
0
0
0
0
0
0
0
0
0
0
7
79
255
255
255
234
61
164
255
246
26
0
3
18
0
0
0
0
0
0
0
0
0
0
0
0
0
0
79
255
237
233
145
22
21
64
236
144
4
0
0
0
0
0
0
0
0
0
0
0
0
0
0
0
0
14
147
228
255
114
0
11
0
135
253
118
0
8
7
0
4
0
0
0
0
0
0
0
0
0
0
0
0
19
255
255
233
14
0
3
4
218
250
248
42
10
0
0
1
0
0
0
0
0
0
0
0
0
0
0
0
102
251
255
120
0
20
0
67
247
227
255
34
0
0
4
0
0
0
0
0
0
0
0
0
0
0
0
0
28
250
236
54
0
5
14
203
255
253
191
0
0
10
5
0
0
0
0
0
0
0
0
0
0
0
0
0
121
255
236
66
0
146
197
255
240
255
166
20
7
3
0
1
0
0
0
0
0
0
0
0
0
0
0
0
127
243
253
247
212
250
255
250
255
237
126
0
0
5
0
6
0
0
0
0
0
0
0
0
0
0
0
0
115
255
250
241
255
245
250
255
249
210
0
3
2
0
9
0
0
0
0
0
0
0
0
0
0
0
0
0
2
96
255
255
251
220
106
251
255
170
0
1
3
0
6
0
0
0
0
0
0
0
0
0
0
0
0
0
15
0
30
71
20
17
167
248
255
110
0
0
4
0
1
0
0
0
0
0
0
0
0
0
0
0
0
0
0
16
0
5
1
0
211
255
251
54
0
0
2
5
0
0
0
0
0
0
0
0
0
0
0
0
0
0
0
7
9
0
7
3
213
250
211
19
1
0
0
5
0
3
0
0
0
0
0
0
0
0
0
0
0
0
14
0
0
10
8
22
255
250
140
4
2
0
0
2
0
4
0
0
0
0
0
0
0
0
0
0
0
0
0
0
14
0
0
107
237
255
59
1
0
0
0
0
0
2
0
0
0
0
0
0
0
0
0
0
0
0
6
0
5
8
0
206
255
138
5
1
0
2
1
0
1
0
0
0
0
0
0
0
0
0
0
0
0
0
4
0
7
0
50
228
255
121
0
0
0
0
0
0
0
0
0
0
0
0
0
0
0
0
0
0
0
0
0
0
11
0
29
186
235
120
0
0
0
0
0
0
0
0
0
0
0
0
0
0
0
0
0
0
0
0
22
0
0
0
0
2
11
0
0
0
0
0
0
0
0
0
0
0
0
0
0
0
0
0
0
0
0
0
0
0
9
10
3
5
7
0
0
0
0
0
0
0
0
0
0
0
0
0
