4
0
0
0
0
0
0
0
0
6
0
0
2
3
0
0
0
0
5
0
0
2
0
0
0
0
0
0
0
0
0
0
0
0
0
0
0
0
0
0
0
2
1
0
0
5
2
0
0
3
5
0
1
0
0
0
0
0
0
0
0
0
0
0
0
0
0
1
0
0
0
1
0
0
0
0
0
1
1
0
0
0
0
0
0
0
0
0
0
0
0
0
0
1
6
7
1
0
0
0
2
0
0
8
9
0
0
0
0
0
0
0
0
0
0
0
0
0
0
0
0
0
0
0
1
0
0
0
2
4
0
2
5
0
1
6
0
0
0
0
0
0
0
0
0
0
0
0
0
22
1
0
0
4
1
0
0
11
0
0
0
0
3
10
0
0
0
0
0
0
0
0
0
0
0
0
0
127
60
2
0
4
2
0
0
3
0
12
17
0
0
6
0
0
0
0
0
0
0
0
0
0
0
0
0
240
131
26
0
2
0
0
2
0
14
59
60
8
0
4
3
0
0
0
0
0
0
8
0
2
1
5
0
159
246
145
0
5
7
3
0
9
0
48
225
0
0
7
7
0
0
0
0
2
0
5
1
0
0
0
45
230
255
118
2
1
0
7
7
0
0
38
249
50
3
2
0
0
0
0
0
7
0
0
5
0
0
4
143
255
250
75
4
1
0
15
0
3
9
35
255
120
14
2
0
0
0
0
0
8
0
0
1
0
6
94
237
255
198
29
0
0
0
6
0
0
0
44
235
140
0
0
7
0
0
0
0
1
0
2
0
0
9
183
255
244
163
88
117
125
118
107
130
122
134
182
251
148
2
0
0
0
0
0
0
0
0
5
0
0
1
207
253
255
247
249
254
251
255
240
249
242
249
255
254
120
11
13
8
0
0
0
0
0
1
0
2
2
0
175
245
238
255
255
246
248
253
255
255
255
250
228
255
109
0
0
0
0
0
0
0
4
2
0
2
4
0
140
255
255
254
243
255
235
120
88
69
65
45
49
252
113
0
0
8
0
0
0
0
0
0
3
6
0
0
81
174
145
116
72
29
1
0
0
4
2
0
44
255
195
3
0
0
0
0
0
0
9
0
0
0
0
0
0
7
4
2
0
0
0
0
2
3
0
3
42
255
218
2
0
0
0
0
0
0
0
0
0
1
7
13
3
0
0
0
0
0
0
1
1
1
0
5
25
244
234
0
0
0
0
0
0
0
0
5
5
0
0
0
8
9
10
7
2
0
0
0
2
4
1
4
2
203
235
4
0
2
0
0
0
0
6
1
0
0
0
0
0
0
0
0
0
2
3
1
0
0
3
2
0
163
240
48
0
3
0
0
0
0
4
0
0
6
10
4
2
5
4
5
6
7
5
2
0
0
2
1
1
137
253
125
1
1
0
0
0
0
1
2
4
2
0
0
0
3
0
0
0
0
0
1
6
9
0
0
10
110
255
200
2
0
0
0
0
0
0
0
2
2
3
5
3
0
0
0
1
2
2
1
0
0
1
0
12
86
249
241
2
0
0
0
0
0
0
0
0
0
0
0
0
0
0
0
0
0
0
0
0
0
1
4
0
30
255
230
8
0
0
0
0
0
0
0
0
0
0
0
0
0
0
0
0
0
0
0
0
0
4
3
6
36
184
158
5
0
0
0
0
0
0
0
0
0
0
0
0
0
0
0
0
0
0
0
0
0
0
0
0
0
9
2
0
13
0
0
0
0
0
0
0
0
0
0
0
0
0
0
0
0
0
0
0
0
9
6
0
0
0
1
10
3
0
0
0
0
