1
0
0
0
0
0
0
0
0
1
0
0
9
0
8
8
0
0
2
1
0
0
0
0
5
0
0
0
0
0
0
0
0
0
0
0
0
3
0
8
0
0
2
0
13
2
5
2
2
8
5
0
0
0
0
0
0
0
0
0
0
0
0
0
0
0
0
8
0
1
6
0
8
0
0
0
0
0
0
2
4
0
0
0
0
0
0
0
0
0
0
0
0
0
0
0
11
0
6
12
0
1
2
9
7
0
0
0
4
0
0
0
0
0
0
0
0
0
0
0
0
1
3
0
7
0
1
0
18
3
0
0
9
5
0
0
0
0
0
0
0
0
0
0
0
0
0
0
0
2
1
4
0
0
6
0
152
106
26
0
0
2
5
6
0
0
0
0
0
0
0
0
0
0
0
0
0
0
0
9
0
4
4
110
247
255
115
16
2
0
0
1
0
0
0
0
0
0
0
0
0
0
0
0
0
0
2
2
7
0
0
230
245
255
106
6
0
0
0
2
1
0
0
0
0
0
0
0
0
0
0
0
0
1
0
4
5
0
3
224
245
253
10
0
0
3
0
0
0
0
0
0
0
0
0
0
0
0
0
0
0
8
0
2
0
4
156
243
255
178
2
0
0
1
0
7
0
0
0
0
0
0
0
0
0
0
0
0
0
1
0
1
0
58
255
248
236
79
0
4
0
1
0
13
0
0
0
0
0
0
0
0
0
0
0
0
0
0
5
0
5
130
255
255
217
12
0
3
0
3
0
13
0
0
0
0
0
0
0
0
0
0
0
0
0
0
9
0
0
154
233
255
212
0
0
0
1
5
0
6
0
0
0
0
0
0
0
0
0
0
0
0
0
0
3
0
0
144
255
243
155
0
0
0
1
4
0
0
0
0
0
0
0
0
0
0
0
0
0
0
0
0
0
7
0
142
255
234
82
5
0
1
0
0
3
0
0
0
0
0
0
0
0
0
0
0
0
0
0
0
3
4
0
149
253
255
63
2
0
6
0
0
12
1
0
0
0
0
0
0
0
0
0
0
0
0
0
9
0
0
6
160
235
255
56
0
0
0
0
0
0
0
0
0
0
0
0
0
0
0
0
0
0
0
0
0
3
0
35
239
255
232
55
0
0
0
0
0
0
0
0
0
0
0
0
0
0
0
0
0
0
0
0
1
9
0
40
255
241
175
0
0
0
0
0
0
0
0
0
0
0
0
0
0
0
0
0
0
0
0
0
0
0
0
38
245
253
192
0
0
0
0
0
0
0
0
0
0
0
0
0
0
0
0
0
0
0
0
0
0
0
0
39
250
255
163
10
0
0
0
0
0
0
0
0
0
0
0
0
0
0
0
0
0
0
0
0
0
12
0
35
255
237
54
0
0
0
0
0
0
0
0
0
0
0
0
0
0
0
0
0
0
0
0
0
0
5
0
38
255
254
22
1
0
0
0
0
0
0
0
0
0
0
0
0
0
0
0
0
0
0
0
0
2
0
0
37
222
255
36
0
0
0
0
0
0
0
0
0
0
0
0
0
0
0
0
0
0
0
0
0
13
0
2
2
138
187
20
0
0
0
0
0
0
0
0
0
0
0
0
0
0
0
0
0
0
0
0
0
0
0
15
0
4
21
0
8
0
0
0
0
0
0
0
0
0
0
0
0
0
0
0
0
0
0
0
0
9
4
0
0
0
0
9
0
0
0
0
0
0
0
0
0
0
0
0
0
0
0
0
0
0
0
0
0
1
0
0
15
5
0
16
0
0
0
0
0
0
0
0
0
0
0
0
0
