9
0
0
0
0
0
0
0
0
9
0
0
19
0
4
14
0
0
0
0
0
0
0
0
0
0
0
0
0
0
0
0
0
0
0
0
0
0
24
5
0
0
0
0
9
0
0
0
0
0
0
0
0
0
0
0
0
0
0
0
0
0
0
0
0
3
0
0
13
5
6
0
4
0
0
0
0
0
0
0
0
0
0
0
0
0
0
0
0
0
0
0
0
0
3
0
0
0
5
0
12
0
0
0
0
0
0
0
0
0
0
0
0
0
0
0
0
0
0
0
0
10
0
3
11
1
0
1
0
0
0
0
0
0
0
0
0
0
0
0
0
0
0
0
0
0
0
0
0
0
6
1
0
0
0
15
5
0
0
0
0
0
0
0
0
0
0
0
0
0
0
0
0
0
0
0
0
0
17
0
99
255
122
0
0
0
0
0
0
0
0
0
0
0
0
0
0
0
0
0
0
0
0
0
0
8
158
237
244
248
250
230
37
0
0
0
0
0
0
0
0
0
0
0
0
4
5
4
0
0
3
1
0
50
255
248
251
223
255
252
224
140
85
59
2
0
7
6
0
0
0
0
0
0
0
3
11
5
0
0
68
222
255
232
81
13
78
202
255
255
233
162
0
8
0
10
0
0
0
0
0
0
0
0
4
0
0
4
158
255
247
115
0
15
3
17
174
255
255
177
0
20
0
6
1
0
0
0
0
3
10
0
0
0
9
4
182
254
253
9
0
0
2
27
196
243
255
158
0
17
4
0
0
0
0
0
0
0
8
0
0
0
6
0
166
244
255
5
0
10
110
177
255
255
250
172
1
0
6
0
3
0
0
0
0
0
0
0
8
1
0
6
169
255
245
129
102
212
255
243
253
249
245
184
0
0
0
8
1
0
0
0
0
6
0
0
3
0
0
19
117
255
233
255
252
255
236
194
217
251
255
148
6
6
0
9
0
0
0
0
0
1
0
4
2
2
0
1
11
126
255
254
251
236
158
19
143
246
255
58
0
2
0
1
3
0
0
0
0
0
0
0
0
0
0
0
0
4
80
120
85
45
13
0
138
252
255
140
0
5
0
0
4
0
0
0
0
0
0
0
0
0
0
0
0
0
4
6
0
0
0
0
151
255
250
78
0
6
5
0
0
0
0
0
0
0
0
0
0
0
0
0
0
0
0
0
3
7
0
0
143
255
247
28
0
0
3
0
0
0
0
0
0
0
0
0
0
0
0
0
0
0
6
9
0
0
1
10
149
254
254
40
10
0
0
0
8
0
0
0
0
0
0
0
0
0
0
0
0
0
0
0
0
0
0
5
132
255
255
73
10
0
3
0
11
0
0
0
0
0
0
0
0
0
0
0
0
7
0
10
16
5
0
4
142
253
248
70
0
0
8
0
0
0
0
0
0
0
0
0
0
0
0
0
0
4
0
0
0
0
0
14
149
248
250
45
0
0
1
0
0
0
0
0
0
0
0
0
0
0
0
0
0
7
0
5
0
3
14
0
49
250
255
34
11
1
0
8
2
0
0
0
0
0
0
0
0
0
0
0
0
0
0
0
0
0
0
0
0
164
242
169
5
0
6
0
0
0
0
0
0
0
0
0
0
0
0
0
0
0
0
0
0
0
0
0
0
7
158
160
12
0
5
11
0
0
0
0
0
0
0
0
0
0
0
0
0
0
0
0
0
0
0
0
0
0
12
11
0
16
0
0
2
0
0
0
0
0
0
0
0
0
0
0
0
0
0
0
0
0
0
0
0
4
0
0
0
1
0
0
7
0
0
0
0
