5
0
0
0
0
0
0
0
0
0
5
4
0
5
0
6
5
0
11
0
0
4
14
0
0
0
0
0
0
0
0
0
0
0
0
0
0
1
4
4
0
14
6
0
0
0
0
0
10
0
5
0
18
0
0
0
0
0
0
0
0
0
0
0
0
19
0
3
7
0
2
15
5
5
0
11
3
0
1
0
0
0
0
0
0
0
0
0
0
0
0
0
0
0
6
15
0
6
0
1
0
5
0
0
0
0
14
1
1
0
0
0
0
0
0
0
0
0
0
0
0
0
0
13
0
49
142
253
184
159
84
12
0
8
2
0
2
0
0
0
0
0
0
0
0
0
0
0
0
15
0
0
62
241
247
254
255
248
255
204
109
35
0
22
0
0
0
0
0
0
0
0
0
0
0
0
0
0
0
2
10
170
255
168
86
212
255
255
255
247
234
203
0
0
0
0
0
0
0
0
0
0
0
0
0
3
6
0
6
160
230
30
1
3
28
94
213
247
246
255
36
0
0
0
0
0
0
0
0
0
0
0
0
1
2
4
56
252
170
0
0
0
12
11
0
47
58
115
17
0
0
0
0
0
0
0
0
0
0
0
0
0
8
0
111
225
44
15
0
6
8
0
13
0
1
0
0
0
0
0
0
0
0
0
0
0
0
0
0
10
0
0
167
192
28
7
0
1
0
0
8
1
12
2
0
0
0
0
0
0
0
0
0
0
0
0
0
4
18
21
237
255
255
222
111
78
13
6
0
0
0
0
0
0
0
0
0
0
0
0
0
0
0
0
0
0
0
102
255
232
239
188
248
249
165
16
0
15
10
0
12
0
0
0
0
0
0
0
0
0
0
0
0
20
0
0
122
117
0
19
79
190
255
133
0
4
16
0
0
0
0
0
0
0
0
0
0
0
0
0
0
0
1
10
0
10
0
0
4
36
213
255
94
0
0
13
3
0
0
0
0
0
0
0
0
0
0
0
0
0
3
5
0
0
14
0
0
0
26
169
200
0
3
0
3
0
0
0
0
10
0
0
0
97
98
13
1
3
0
3
17
0
0
0
0
3
0
68
251
38
3
0
0
0
0
0
0
0
8
5
0
163
255
82
0
0
7
0
0
0
16
2
0
3
0
87
241
26
9
0
9
0
0
0
0
13
0
0
6
122
234
231
116
2
0
5
9
0
2
7
0
0
14
26
219
44
0
0
0
0
0
0
0
8
0
1
0
7
234
248
247
175
69
22
0
4
0
14
0
6
16
38
199
13
0
0
2
0
0
0
0
1
0
11
3
0
80
234
244
255
250
150
26
6
7
0
0
0
0
198
182
0
16
4
14
0
0
0
0
0
9
1
3
0
14
12
184
255
247
255
255
74
26
28
30
36
110
246
57
0
0
0
0
0
0
0
0
0
6
1
0
20
0
0
0
80
211
252
254
255
255
246
254
240
255
152
0
12
0
14
6
0
0
0
0
11
0
8
2
0
0
3
6
6
9
132
219
255
215
249
255
255
130
0
4
0
1
3
0
0
0
0
0
0
0
0
0
0
0
0
0
0
0
0
0
0
0
0
0
0
0
0
0
0
0
0
0
0
0
0
0
0
0
0
0
0
0
0
0
0
0
0
0
0
0
0
0
0
0
0
0
0
0
0
0
0
0
0
0
0
0
0
0
0
0
0
0
0
0
0
0
0
0
0
0
0
0
0
0
0
0
0
0
0
0
0
0
0
0
0
0
0
0
0
0
0
0
0
0
0
0
0
0
0
0
0
0
0
0
0
0
0
0
0
0
