4
0
0
0
0
0
0
0
0
0
0
0
0
0
0
0
0
0
5
0
6
5
0
7
2
0
8
2
0
0
0
0
0
0
0
0
0
0
0
0
0
0
0
0
0
5
0
7
0
0
8
9
0
10
0
2
10
0
0
0
0
0
0
0
0
0
0
0
0
0
0
0
0
0
2
6
1
2
0
0
9
15
0
4
0
0
0
0
0
0
0
0
0
0
0
0
0
0
0
0
0
0
6
0
7
9
0
1
0
0
0
12
0
0
0
0
0
0
0
0
0
0
0
0
0
0
0
0
0
5
0
4
0
0
10
5
0
25
0
12
0
0
0
0
0
0
0
0
0
0
0
0
0
0
0
0
0
0
0
15
0
3
1
0
92
192
6
0
0
0
0
0
0
0
0
0
0
0
0
0
0
0
0
0
0
0
3
4
0
12
3
53
215
247
11
0
0
0
0
0
0
0
0
0
0
0
0
0
0
0
0
0
0
2
0
0
18
0
44
240
234
131
0
12
0
0
10
0
0
8
0
3
4
6
0
0
4
21
9
0
2
4
5
0
0
21
202
255
172
0
0
0
0
10
0
0
2
3
0
0
0
0
6
0
0
255
134
3
0
0
4
4
6
174
255
188
21
0
0
0
0
7
0
5
2
0
2
9
3
7
2
39
221
244
56
0
2
14
0
5
164
255
194
50
2
0
0
0
0
0
0
11
0
0
2
0
2
0
32
189
243
124
43
1
1
0
14
153
252
188
45
1
0
0
0
0
0
0
0
0
0
8
0
0
24
79
235
255
142
0
0
2
0
0
110
255
255
74
2
6
0
0
0
0
0
3
4
0
6
6
0
74
168
255
237
244
42
17
15
0
1
92
235
255
219
21
17
0
15
0
0
0
0
0
8
0
7
0
49
208
255
244
255
255
248
218
220
191
229
230
255
219
81
9
0
0
0
0
0
0
0
0
11
0
1
0
111
255
235
182
55
151
250
233
229
255
243
255
200
68
14
0
10
0
13
0
0
0
0
0
5
0
8
0
105
230
115
6
0
7
0
0
5
188
255
234
55
0
0
0
8
0
2
0
0
0
0
3
13
0
2
6
0
20
1
0
1
0
19
0
155
255
205
85
0
0
10
1
7
0
0
0
0
0
0
0
15
0
0
16
0
0
1
0
11
7
0
206
255
238
82
0
0
10
4
0
3
0
3
0
0
0
0
0
0
8
0
0
9
14
8
8
2
0
126
255
244
94
0
3
3
9
0
0
7
0
6
0
0
0
0
10
0
3
12
0
0
0
0
0
0
75
255
255
122
0
1
3
2
0
0
8
12
0
0
0
0
0
0
7
0
0
2
9
4
0
9
0
7
168
243
209
18
0
6
0
0
0
2
10
2
0
1
0
0
0
0
1
17
0
0
0
2
1
4
15
2
58
158
0
11
2
0
5
2
0
2
0
0
0
6
0
0
0
0
0
0
0
7
0
0
7
0
0
0
1
0
3
0
0
5
0
0
0
2
0
0
7
0
0
0
0
0
0
0
0
0
0
0
0
0
0
0
0
0
0
0
0
0
0
0
0
0
0
0
0
0
0
0
0
0
0
0
0
0
0
0
0
0
0
0
0
0
0
0
0
0
0
0
0
0
0
0
0
0
0
0
0
0
0
0
0
0
0
0
0
0
0
0
0
0
0
0
0
0
0
0
0
0
0
0
0
0
0
0
0
0
0
0
0
0
0
0
0
0
0
0
0
0
0
0
0
0
0
0
0
0
0
0
0
0
0
0
0
0
