7
0
5
1
0
2
1
0
2
7
0
0
2
6
1
0
0
0
1
0
0
0
0
1
2
0
0
0
0
0
0
0
9
12
0
0
0
0
0
5
0
0
0
4
2
1
2
3
4
4
4
0
0
0
0
0
0
9
0
0
0
0
0
0
6
2
6
4
0
0
6
5
0
0
0
0
1
5
5
2
0
0
0
0
0
0
0
5
1
0
9
11
0
0
0
0
0
0
0
0
0
4
0
0
0
0
0
0
4
0
0
0
0
7
1
5
5
0
0
0
0
8
10
9
4
0
0
0
0
8
5
5
5
0
0
0
3
0
0
0
0
9
0
0
13
2
0
10
12
0
0
0
0
0
12
8
0
0
0
0
5
4
0
0
5
0
0
0
0
6
0
3
4
0
0
5
0
2
0
2
12
4
0
0
3
14
0
0
0
3
0
0
5
0
0
0
0
0
2
5
0
31
157
255
255
255
244
255
252
160
53
60
140
63
33
5
0
0
0
0
0
0
0
0
0
8
0
0
7
29
255
242
249
254
252
235
255
253
255
253
252
255
240
185
132
21
0
19
0
0
0
0
0
0
11
4
0
13
119
254
255
243
255
255
255
239
252
251
253
255
255
255
248
173
16
1
10
0
0
0
0
0
14
0
0
7
6
152
160
189
242
255
255
245
255
255
251
241
255
255
255
255
39
0
0
0
0
0
0
8
0
0
3
2
0
16
9
0
33
40
50
82
152
174
201
252
253
240
248
250
43
7
0
0
0
0
0
2
0
4
6
0
5
0
0
3
11
5
1
0
10
0
20
255
253
251
255
180
0
0
12
0
0
0
0
0
2
7
0
3
0
13
12
0
0
0
0
0
1
8
101
245
252
253
241
66
0
0
0
0
0
0
0
1
2
2
0
12
0
5
0
0
0
8
17
8
0
0
109
247
255
251
194
1
6
14
0
0
0
0
0
2
0
3
0
6
12
0
3
6
0
0
0
0
0
7
132
255
254
248
192
0
2
0
2
0
0
0
0
0
0
0
0
0
0
0
0
3
4
0
0
0
0
34
233
248
255
255
105
0
6
0
0
0
0
0
0
0
0
0
0
0
0
0
0
0
0
0
7
1
0
69
255
255
254
241
70
0
0
1
0
0
0
0
0
0
0
0
0
0
0
0
0
0
0
2
3
0
0
121
255
255
250
204
24
5
0
6
0
0
0
0
0
0
0
0
0
0
0
0
0
0
7
4
0
0
10
177
251
252
249
155
0
2
0
5
0
0
0
0
0
0
0
0
0
0
0
0
0
0
1
1
0
0
12
208
255
249
255
108
0
0
0
0
3
0
0
0
0
0
0
0
0
0
0
0
0
3
0
0
9
0
0
201
255
252
255
68
4
0
4
0
2
0
0
0
0
0
0
0
0
0
0
0
0
3
0
0
5
0
32
215
250
253
243
32
1
0
3
0
0
0
0
0
0
0
0
0
0
0
0
0
0
0
9
0
0
8
98
255
253
249
224
7
0
4
0
3
0
0
0
0
0
0
0
0
0
0
0
0
0
0
0
5
0
4
233
239
255
250
220
0
3
2
0
0
8
0
0
0
0
0
0
0
0
0
0
0
0
16
1
0
7
53
219
255
250
255
84
5
0
7
7
2
0
0
0
0
0
0
0
0
0
0
0
0
0
0
7
3
0
0
66
210
255
168
0
17
0
0
0
2
0
0
0
0
0
0
0
0
0
0
0
0
0
0
0
0
4
8
0
15
0
28
0
5
2
0
0
0
6
0
0
0
0
