3
4
0
2
1
11
2
0
4
0
2
0
0
7
5
0
6
0
4
6
2
0
0
1
4
0
0
0
0
3
3
4
0
1
4
5
5
1
8
7
3
0
0
0
0
0
0
0
0
8
10
3
0
0
0
0
0
1
4
4
0
5
0
8
0
2
0
0
0
0
5
8
9
0
2
4
0
0
0
0
5
0
0
0
0
3
0
0
5
5
0
0
0
2
3
6
1
0
0
0
0
7
0
0
0
8
10
7
3
0
0
0
0
0
0
2
10
0
4
13
4
3
0
2
4
0
8
9
0
0
0
4
10
6
0
0
0
0
0
0
0
9
12
0
0
2
161
234
254
166
209
255
246
159
81
30
0
8
1
0
0
0
0
6
18
0
0
0
0
0
6
7
6
28
236
255
252
255
245
246
255
255
255
236
176
82
36
0
0
3
7
0
0
0
0
0
0
6
1
0
0
14
238
236
233
230
229
250
249
227
241
255
244
255
244
214
156
77
12
0
2
0
0
0
0
1
0
0
3
5
2
0
0
2
0
19
82
0
27
144
221
232
238
255
255
232
163
13
0
0
0
0
0
2
0
0
1
0
0
0
0
0
20
0
12
2
8
0
12
24
170
255
235
255
255
0
7
0
0
0
0
1
0
0
0
0
0
1
9
64
157
90
23
5
21
55
163
243
250
246
255
255
172
0
9
0
0
0
0
0
0
0
1
0
0
9
20
241
244
255
255
201
234
255
246
248
255
255
229
146
0
11
0
0
0
0
0
0
0
0
1
0
0
9
20
246
251
254
250
235
255
255
236
254
255
202
48
21
0
0
4
0
0
0
0
1
0
0
0
0
0
1
9
39
154
204
200
233
248
233
255
246
250
83
6
11
0
14
0
0
0
0
0
2
0
0
1
0
0
0
0
8
0
4
9
37
125
196
227
254
254
255
114
0
8
0
24
0
0
0
0
1
0
0
3
5
2
0
0
0
10
2
0
10
0
0
93
210
255
253
224
134
1
15
0
0
0
0
0
0
7
1
3
0
0
4
1
3
0
0
0
5
4
2
3
54
210
250
255
255
31
8
0
0
0
0
0
0
9
2
0
9
0
0
2
0
3
4
0
0
0
0
0
5
17
186
236
255
255
0
14
0
0
0
0
4
2
0
0
6
3
0
2
0
1
4
4
2
2
5
8
6
0
142
255
237
255
8
0
0
0
0
0
0
0
0
18
0
7
4
1
3
0
0
7
9
0
0
0
0
32
248
255
242
255
5
0
0
0
0
0
8
5
15
0
3
0
0
0
0
2
0
0
0
6
24
33
156
232
245
243
255
100
0
8
0
0
0
0
8
0
0
6
234
213
79
0
0
17
17
0
14
110
204
245
241
251
255
255
201
13
0
11
0
0
0
0
0
0
16
8
200
252
230
221
120
184
233
235
235
255
255
248
255
254
254
135
15
0
15
0
0
0
0
0
3
0
9
0
18
138
208
255
251
255
255
255
252
248
252
255
254
244
147
26
8
0
3
0
0
0
0
0
0
1
5
1
0
15
71
126
121
148
252
255
248
224
131
122
13
10
5
0
0
0
0
1
0
0
0
0
0
0
0
1
0
0
0
8
9
0
19
0
0
11
0
14
6
4
1
0
0
0
0
2
0
0
0
0
2
0
0
4
11
6
0
0
0
0
0
0
0
6
0
2
0
0
0
0
0
0
0
1
0
0
0
0
5
0
0
0
0
0
1
7
0
2
1
7
10
6
3
0
0
0
0
0
0
0
0
0
0
0
0
0
