0
0
0
0
0
0
0
0
0
0
4
0
2
0
8
0
5
0
0
4
12
0
0
15
0
0
0
0
0
0
0
0
0
0
0
0
0
6
8
0
0
11
0
1
0
6
0
0
4
3
0
2
0
0
0
0
0
0
0
0
0
0
0
0
0
0
0
4
0
0
0
4
5
2
0
2
1
0
0
2
0
0
0
0
0
0
0
0
0
0
0
0
0
0
0
13
0
0
19
0
0
0
12
2
0
0
1
0
7
0
0
0
0
0
0
0
0
0
0
0
0
10
0
5
0
0
0
10
18
71
98
238
255
104
20
11
0
0
0
0
0
0
0
0
0
0
0
0
0
4
0
0
0
10
0
134
174
241
250
255
255
245
125
0
0
0
0
0
0
0
0
0
0
0
0
0
0
0
3
0
0
20
92
245
255
255
254
241
236
255
218
54
5
0
0
0
0
0
0
0
0
0
0
0
0
3
1
0
4
39
254
255
243
249
246
255
246
244
252
128
0
0
0
0
0
1
0
10
0
1
0
12
0
0
0
12
75
203
248
255
254
204
115
227
255
246
255
211
0
0
0
0
0
0
0
3
3
3
0
0
0
14
0
106
233
253
246
255
238
85
0
214
239
255
255
196
26
0
0
0
0
0
2
0
0
6
8
1
4
0
76
203
255
253
255
201
96
0
20
72
255
238
236
255
88
0
0
0
0
0
3
3
0
8
1
0
0
47
211
248
237
255
242
88
0
6
0
201
254
247
255
251
104
0
0
0
0
0
0
14
0
6
0
6
36
182
255
253
255
245
133
0
9
6
0
251
245
255
233
248
106
0
0
0
0
6
0
5
3
3
12
105
180
254
251
255
241
113
11
0
7
0
0
124
250
245
255
253
119
0
0
0
0
5
0
0
1
7
125
231
255
255
255
233
120
7
0
14
0
3
0
81
251
255
255
232
40
0
0
0
0
0
15
0
5
16
217
255
238
252
244
128
0
4
0
0
10
0
0
123
242
248
255
198
15
0
0
0
0
10
0
0
0
106
255
253
250
238
137
0
0
4
0
3
0
7
17
220
251
255
254
107
3
0
0
0
0
0
0
5
11
103
252
255
253
115
0
0
1
0
0
10
2
66
255
255
253
255
170
0
0
0
0
0
0
0
5
5
0
96
255
230
154
0
2
1
0
8
0
147
222
255
242
250
248
214
20
21
0
0
0
0
0
1
0
0
0
102
255
240
160
52
26
29
32
141
186
228
255
242
248
244
228
41
0
0
9
0
0
0
0
1
0
0
10
98
243
249
250
247
240
255
255
239
255
255
253
255
251
156
13
14
11
0
0
0
0
0
0
0
5
1
3
110
255
255
255
244
255
243
255
252
246
210
159
51
26
0
0
8
0
9
4
0
0
0
0
0
7
0
0
108
249
236
251
255
250
249
249
255
230
37
1
4
13
0
14
0
0
4
0
0
0
0
0
0
1
0
0
44
100
124
255
251
255
255
239
136
50
0
2
3
0
0
2
3
1
5
0
0
0
0
0
0
0
0
0
0
0
0
0
0
0
0
0
0
0
0
0
0
0
0
0
0
0
0
0
0
0
0
0
0
0
0
0
0
0
0
0
0
0
0
0
0
0
0
0
0
0
0
0
0
0
0
0
0
0
0
0
0
0
0
0
0
0
0
0
0
0
0
0
0
0
0
0
0
0
0
0
0
0
0
0
0
0
0
0
0
0
0
0
0
0
0
0
0
0
0
0
0
0
0
0
0
0
0
0
0
0
0
0
0
0
0
0
