9
0
0
0
0
0
0
0
0
0
0
5
0
7
1
9
0
0
0
0
0
0
0
0
0
0
0
0
0
0
0
0
0
0
0
0
0
10
1
3
2
0
0
0
11
0
0
0
0
0
0
0
0
0
0
0
0
0
0
0
0
0
0
0
0
0
0
0
1
10
2
0
0
0
0
0
0
0
0
0
0
0
0
0
0
0
0
0
0
0
0
0
0
5
9
2
0
5
7
8
6
0
0
0
0
0
0
0
0
0
0
0
0
0
0
0
0
0
0
0
0
0
0
15
0
5
0
0
0
0
0
0
0
0
0
0
0
0
0
0
0
0
0
0
0
0
0
0
0
4
0
0
0
5
0
13
3
0
0
0
0
0
0
0
0
0
0
0
0
0
0
0
0
0
0
0
0
0
72
191
255
245
214
116
10
0
0
0
0
0
0
0
0
0
0
0
0
0
0
0
0
0
0
0
0
148
236
255
246
140
227
248
217
0
0
0
0
0
0
0
0
0
0
0
0
0
0
0
0
0
0
0
0
118
192
64
0
0
3
228
253
118
0
13
2
0
5
0
4
0
0
0
0
0
0
0
0
0
0
0
0
5
4
35
65
76
0
251
255
162
0
0
5
0
0
9
0
0
0
0
0
0
0
0
0
0
0
0
0
0
102
242
255
255
226
252
255
106
4
0
3
0
1
9
0
0
0
0
0
0
0
0
0
0
0
0
0
0
147
255
200
104
233
255
159
9
0
15
0
0
7
0
6
0
0
0
0
0
0
0
0
0
0
0
0
0
123
255
74
127
255
239
250
71
0
0
0
0
10
0
10
0
0
0
0
0
0
0
0
0
0
0
0
16
76
244
183
225
247
249
214
234
57
0
2
0
5
0
6
0
0
0
0
0
0
0
0
0
0
0
0
9
2
216
255
255
255
117
40
249
170
28
2
1
1
1
0
0
0
0
0
0
0
0
0
0
0
0
0
0
2
40
87
191
172
0
6
133
255
103
0
6
1
3
0
0
0
0
0
0
0
0
0
0
0
0
0
0
0
0
0
0
0
0
0
42
241
240
10
2
0
4
0
0
0
0
0
0
0
0
0
0
0
0
0
0
0
0
0
0
0
0
0
7
201
248
47
1
0
3
1
0
0
0
0
0
0
0
0
0
0
0
0
0
0
0
0
0
0
0
0
0
158
253
89
0
0
0
3
0
0
0
0
0
0
0
0
0
0
0
0
0
0
0
0
0
0
0
0
4
138
252
113
0
6
0
0
0
0
0
0
0
0
0
0
0
0
0
0
0
0
0
0
0
0
0
0
2
139
255
116
1
5
0
0
0
0
0
0
0
0
0
0
0
0
0
0
0
0
0
0
0
0
0
0
0
161
255
99
2
0
0
5
0
0
0
0
0
0
0
0
0
0
0
0
0
0
0
0
0
0
0
0
1
206
255
61
5
0
0
4
0
0
0
0
0
0
0
0
0
0
0
0
0
0
0
0
0
0
0
0
35
246
255
26
6
0
1
0
0
0
0
0
0
0
0
0
0
0
0
0
0
0
0
0
0
0
0
0
67
246
255
38
5
0
13
1
0
0
0
0
0
0
0
0
0
0
0
0
0
0
0
0
0
0
0
0
141
245
208
12
0
0
13
0
0
0
0
0
0
0
0
0
0
0
0
0
0
0
0
0
0
0
0
0
0
13
9
0
14
0
0
10
0
0
0
0
0
0
0
0
0
0
0
0
0
0
0
0
0
0
0
0
0
2
0
0
2
1
0
0
0
0
0
0
