2
0
0
0
0
0
0
0
0
0
4
0
3
2
0
0
9
3
0
0
1
12
0
3
0
0
0
0
0
0
0
0
0
0
0
0
0
4
0
0
0
5
9
0
0
2
3
4
0
0
0
9
9
0
0
0
0
0
0
0
0
0
0
0
0
0
6
8
15
0
0
0
15
0
0
0
8
4
2
0
0
0
0
0
0
0
0
0
0
0
0
0
0
10
4
0
0
0
2
0
1
10
0
8
3
0
13
7
0
0
0
0
0
0
0
0
0
0
0
0
0
0
0
0
0
14
1
0
5
49
150
238
176
39
0
0
6
0
0
0
0
0
0
0
0
0
0
0
0
7
16
6
0
63
96
173
249
255
244
255
245
147
13
0
0
0
0
0
0
0
0
0
0
0
0
0
0
0
0
1
36
236
255
255
255
193
113
158
255
230
17
0
0
0
0
0
0
0
0
0
0
0
0
0
0
12
1
0
21
230
179
86
15
5
0
121
255
226
0
1
2
0
0
0
0
0
0
0
0
0
0
0
0
0
11
0
0
28
7
1
1
0
7
200
255
116
0
0
1
0
0
0
0
0
0
0
0
0
0
0
0
0
7
0
14
0
0
14
0
0
108
248
243
46
2
6
0
0
0
0
0
0
0
0
0
0
0
0
0
1
0
0
16
0
3
14
2
37
211
255
126
6
0
11
0
0
0
0
0
0
0
0
0
0
0
0
0
10
0
0
0
0
3
0
10
150
255
186
6
6
0
0
0
0
0
0
0
0
0
0
0
0
0
0
0
0
3
9
0
5
1
56
118
255
246
69
0
2
12
0
5
0
0
0
0
0
0
0
0
0
0
0
0
0
5
0
4
0
26
226
255
243
110
4
5
1
0
5
0
0
0
0
0
0
0
0
0
0
0
0
0
2
9
0
0
8
112
255
251
116
0
0
0
2
0
15
0
0
0
0
0
0
0
0
0
0
0
0
0
0
2
5
6
97
255
238
184
13
0
2
9
0
12
0
1
0
0
0
0
3
8
0
2
0
0
13
0
0
0
1
163
251
255
136
14
3
2
4
7
3
0
0
2
0
0
0
0
0
0
0
13
2
18
0
17
0
7
183
255
241
110
27
0
1
0
0
0
0
11
8
0
0
0
0
0
0
16
10
0
12
0
0
0
76
225
255
235
247
176
209
184
191
211
181
89
6
0
0
4
0
0
0
0
13
0
0
9
0
9
18
125
244
245
249
255
255
255
250
250
246
195
102
15
0
8
11
0
0
0
0
0
0
0
0
7
4
1
179
236
254
255
223
196
156
163
86
25
0
4
8
2
0
1
0
0
0
0
0
0
0
8
9
5
0
185
255
255
251
208
46
2
12
0
5
21
0
0
0
0
0
0
2
8
0
0
0
0
8
0
0
9
90
253
255
184
87
0
0
2
4
8
6
0
4
1
0
1
0
0
0
0
0
0
0
0
2
2
9
0
51
251
112
13
0
15
0
2
0
0
12
0
0
1
0
0
0
4
4
2
0
0
0
0
0
0
0
0
0
0
0
0
0
0
0
0
0
0
0
0
0
0
0
0
0
0
0
0
0
0
0
0
0
0
0
0
0
0
0
0
0
0
0
0
0
0
0
0
0
0
0
0
0
0
0
0
0
0
0
0
0
0
0
0
0
0
0
0
0
0
0
0
0
0
0
0
0
0
0
0
0
0
0
0
0
0
0
0
0
0
0
0
0
0
0
0
0
0
0
0
0
0
0
0
0
0
0
0
0
0
0
0
0
0
0
0
