3
0
0
0
0
0
0
0
0
0
13
3
0
0
0
7
4
0
5
0
0
2
21
0
5
0
0
0
0
0
0
0
0
0
0
0
0
5
0
0
8
10
1
9
0
0
6
4
10
0
0
24
0
0
0
0
0
0
0
0
0
0
0
0
0
0
15
21
0
0
0
0
4
0
3
0
2
12
0
7
0
0
0
0
0
0
0
0
0
0
0
0
0
10
0
1
0
4
0
5
8
0
2
11
0
0
11
0
5
0
0
0
0
0
0
0
0
0
0
0
0
0
9
15
0
10
35
85
134
239
236
255
175
7
5
9
4
0
0
0
0
0
0
0
0
0
0
0
0
15
0
0
43
145
230
255
255
255
255
255
248
86
0
0
0
0
0
0
0
0
0
0
0
0
0
0
0
2
6
83
250
244
235
255
215
134
137
206
255
184
18
0
6
0
0
0
0
0
0
0
0
0
0
0
0
0
255
255
243
208
108
5
3
0
25
239
251
135
0
6
0
0
0
0
0
0
0
0
0
0
0
0
0
14
233
125
119
15
0
1
1
0
91
234
244
108
6
0
0
0
0
0
0
0
0
0
0
0
0
0
0
0
29
8
0
6
9
0
0
44
255
237
255
0
0
0
0
0
0
0
0
0
0
0
0
0
0
0
0
5
3
0
2
0
9
0
127
234
251
227
59
7
19
0
11
0
0
0
0
0
0
0
0
0
0
0
0
6
0
5
3
0
6
149
243
253
247
56
10
0
13
19
0
0
0
0
0
0
0
0
0
0
0
0
0
11
11
0
62
172
220
255
252
254
79
8
14
6
3
0
3
0
0
0
0
0
0
0
0
0
0
0
0
0
0
85
252
236
255
242
255
252
255
233
74
1
0
0
0
0
0
0
0
0
0
0
0
0
0
0
0
15
19
139
245
255
140
51
48
140
210
239
118
51
0
13
7
0
0
0
0
0
0
0
0
0
0
0
0
0
0
3
29
7
0
11
0
0
26
218
254
69
0
4
0
0
0
0
0
0
26
0
0
13
0
4
4
6
0
0
0
8
0
6
0
0
0
113
233
198
0
0
5
0
0
0
0
9
0
0
14
0
15
0
0
0
18
2
0
11
0
0
22
4
22
157
255
124
1
19
0
0
0
0
0
5
0
11
5
0
5
10
13
2
1
0
1
0
0
0
0
0
18
193
250
206
0
5
0
0
0
0
0
0
0
2
0
28
0
0
0
0
0
0
10
0
11
0
1
82
196
255
255
28
2
0
0
0
0
0
0
8
0
4
7
0
2
4
95
108
136
45
0
0
0
4
101
202
255
249
162
23
0
11
5
0
0
0
0
0
12
10
0
19
11
255
241
248
142
140
136
57
142
255
248
243
245
119
0
0
15
0
0
0
0
0
0
0
0
4
2
0
201
246
255
255
241
249
255
255
250
235
190
98
27
6
18
0
0
0
11
0
0
0
0
0
12
1
0
3
81
144
181
244
255
255
240
238
146
48
0
1
3
0
0
0
10
0
0
0
0
0
0
0
0
0
0
0
0
0
0
0
0
0
0
0
0
0
0
0
0
0
0
0
0
0
0
0
0
0
0
0
0
0
0
0
0
0
0
0
0
0
0
0
0
0
0
0
0
0
0
0
0
0
0
0
0
0
0
0
0
0
0
0
0
0
0
0
0
0
0
0
0
0
0
0
0
0
0
0
0
0
0
0
0
0
0
0
0
0
0
0
0
0
0
0
0
0
0
0
0
0
0
0
0
0
0
0
0
0
0
0
0
0
0
