2
0
0
0
0
0
0
0
0
0
5
3
3
0
7
0
4
0
7
3
0
2
5
0
0
0
0
0
0
0
0
0
0
0
0
0
0
4
7
0
3
0
9
0
0
0
6
0
12
0
0
10
13
0
0
0
0
0
0
0
0
0
0
0
0
0
4
3
0
0
0
6
3
8
0
3
0
0
0
0
0
0
0
0
0
0
0
0
0
0
0
0
0
0
11
0
21
6
1
0
0
6
0
22
0
7
14
4
2
0
0
0
0
0
0
0
0
0
0
0
0
2
0
14
0
121
138
238
207
64
13
0
0
0
0
0
0
0
0
0
0
0
0
0
0
0
0
0
0
0
0
14
171
246
255
245
250
247
172
0
13
4
5
9
3
0
0
0
0
0
0
0
0
0
0
0
0
14
3
57
255
250
106
57
147
255
230
70
2
0
0
2
0
0
0
0
0
0
0
0
0
0
0
0
0
0
129
235
255
160
7
0
14
187
247
247
44
4
8
0
5
0
0
0
0
0
0
0
0
0
0
0
0
13
193
255
249
38
7
5
0
113
253
255
62
11
0
0
1
0
0
0
0
0
0
0
0
0
0
0
0
47
244
255
215
27
0
0
4
37
244
255
69
0
0
8
1
0
0
0
0
0
0
0
0
0
0
0
0
48
250
247
127
7
3
5
4
21
254
251
85
0
0
12
0
0
0
0
0
0
0
0
0
0
0
0
0
9
127
110
25
0
0
2
0
74
255
243
78
1
0
0
0
0
0
0
0
0
0
0
0
0
0
0
0
4
7
0
0
9
0
0
5
135
255
251
61
16
7
2
12
0
0
0
0
0
0
0
0
0
0
0
0
8
0
0
0
8
2
13
2
151
242
218
12
0
0
0
0
0
0
0
0
0
0
0
0
0
0
0
0
0
0
11
0
0
0
6
0
216
255
177
9
2
11
3
5
0
0
0
0
0
0
0
0
0
0
0
0
5
0
1
3
12
0
0
34
245
244
93
0
0
0
0
0
0
0
0
0
0
0
0
0
0
0
0
0
1
0
11
0
0
0
2
155
255
212
0
9
5
0
7
5
0
0
0
0
0
0
0
0
0
0
0
0
0
5
0
0
18
0
17
253
255
185
15
0
8
22
6
0
0
0
0
0
0
0
0
0
0
0
0
0
0
11
0
91
182
73
204
255
245
118
0
0
3
0
0
13
0
0
0
0
0
0
0
0
0
0
0
0
8
0
62
237
253
251
255
255
254
184
81
79
63
0
23
0
0
0
0
0
0
0
0
0
0
0
0
0
0
9
117
255
251
253
246
242
255
249
255
255
162
0
0
5
0
0
0
0
0
0
0
0
0
0
0
0
0
0
151
235
252
255
246
113
98
166
253
172
64
4
0
5
0
0
0
0
0
0
0
0
0
0
0
0
0
27
57
255
251
254
215
0
13
0
35
7
0
0
0
3
0
0
0
0
0
0
0
0
0
0
0
0
12
0
47
230
247
213
54
9
0
1
0
2
1
0
3
0
0
0
0
0
0
0
0
0
0
0
0
0
0
0
0
0
0
0
0
0
0
0
0
0
0
0
0
0
0
0
0
0
0
0
0
0
0
0
0
0
0
0
0
0
0
0
0
0
0
0
0
0
0
0
0
0
0
0
0
0
0
0
0
0
0
0
0
0
0
0
0
0
0
0
0
0
0
0
0
0
0
0
0
0
0
0
0
0
0
0
0
0
0
0
0
0
0
0
0
0
0
0
0
0
0
0
0
0
0
0
0
0
0
0
0
0
