0
0
0
0
0
0
0
0
0
0
0
0
10
0
0
0
3
0
0
6
0
0
8
0
7
0
0
0
0
0
0
0
0
0
0
0
0
0
18
0
0
10
3
0
0
4
0
0
0
13
0
13
0
0
0
0
0
0
0
0
0
0
0
0
0
0
6
0
0
11
0
5
9
5
0
8
7
0
15
2
9
0
0
0
0
0
0
0
0
0
0
0
0
7
0
2
0
0
0
3
1
10
0
0
0
0
11
0
0
0
0
0
0
0
0
0
0
0
0
0
0
3
0
8
0
0
26
0
4
77
208
255
255
249
18
15
6
0
0
0
0
0
0
0
0
0
0
0
0
0
11
0
0
6
6
0
135
254
255
248
233
245
51
0
0
0
0
0
0
0
0
0
0
0
0
0
0
0
3
0
4
0
0
92
255
253
238
250
255
255
219
43
2
0
0
0
0
0
0
0
0
0
0
0
0
0
0
5
10
0
32
214
247
255
250
255
239
250
245
117
0
0
0
0
0
0
0
6
4
0
0
6
4
0
0
0
10
39
192
255
249
252
255
248
243
254
247
103
5
0
0
0
0
4
0
0
6
6
5
4
0
0
16
0
100
221
251
255
217
130
196
255
255
236
81
27
0
0
0
0
0
9
0
0
3
5
0
0
0
0
1
21
207
255
255
231
78
12
83
244
255
252
14
4
2
0
0
0
0
0
4
1
0
0
0
0
4
0
35
213
255
242
239
184
17
1
31
255
243
255
35
0
0
0
0
0
0
0
7
3
0
1
6
2
3
1
130
238
255
255
253
68
0
0
25
255
244
253
29
0
0
0
0
0
0
0
10
0
0
8
8
0
0
8
174
255
243
255
102
0
8
0
26
236
255
255
14
8
8
0
0
0
0
3
10
0
0
6
0
0
23
149
235
247
255
193
46
0
1
10
34
244
255
255
19
4
0
0
0
0
0
0
4
0
0
4
0
18
95
248
255
255
201
108
0
11
0
3
13
255
242
249
41
0
0
0
0
0
0
13
0
0
0
10
0
1
123
248
255
246
115
0
1
1
0
15
132
255
244
252
32
6
0
0
0
0
0
0
0
9
0
0
0
39
241
255
241
237
67
0
0
2
7
0
184
254
255
199
18
0
9
0
0
0
0
5
3
8
2
0
0
19
255
255
224
205
5
0
34
44
44
203
255
250
237
98
7
6
0
0
0
0
0
0
0
0
0
9
10
7
255
246
255
204
0
31
193
255
243
255
235
253
140
9
0
3
1
0
0
0
0
0
4
0
0
0
1
15
255
246
255
250
231
232
250
248
255
254
255
215
37
0
2
0
5
0
0
0
0
3
12
8
3
0
0
6
176
240
255
243
245
251
255
255
236
255
216
77
2
5
8
4
0
0
0
0
0
0
0
0
0
7
2
4
68
255
238
255
236
255
236
245
217
98
34
0
9
0
0
13
1
0
0
0
0
5
3
0
3
4
0
0
1
62
87
234
164
191
98
87
21
3
0
10
0
5
4
1
0
0
0
0
0
0
0
0
0
0
0
0
0
0
0
0
0
0
0
0
0
0
0
0
0
0
0
0
0
0
0
0
0
0
0
0
0
0
0
0
0
0
0
0
0
0
0
0
0
0
0
0
0
0
0
0
0
0
0
0
0
0
0
0
0
0
0
0
0
0
0
0
0
0
0
0
0
0
0
0
0
0
0
0
0
0
0
0
0
0
0
0
0
0
0
0
0
0
0
0
0
0
0
0
0
0
0
0
0
0
0
0
0
0
0
0
0
