2
0
0
0
0
0
0
0
0
0
0
0
0
3
12
0
0
0
9
0
14
2
0
0
4
0
0
0
0
0
0
0
0
0
0
0
0
4
0
8
4
1
0
2
9
0
0
5
0
0
6
3
0
0
0
0
0
0
0
0
0
0
0
0
0
5
4
3
0
0
2
8
0
12
0
16
0
0
3
3
0
0
0
0
0
0
0
0
0
0
0
0
0
0
9
0
18
103
215
248
250
123
33
0
0
9
0
1
2
0
0
0
0
0
0
0
0
0
0
0
0
6
2
8
70
248
245
254
255
255
146
0
0
5
0
7
0
0
0
0
0
0
0
0
0
0
0
0
0
0
9
0
186
241
168
47
90
243
228
54
0
0
0
6
0
0
0
0
0
0
0
0
0
0
0
0
0
8
0
15
79
148
10
0
0
166
252
124
1
0
0
0
2
0
0
0
0
0
0
0
0
0
0
0
0
0
14
0
10
0
0
12
0
158
255
150
0
12
8
0
6
0
0
0
0
0
0
0
0
0
0
0
0
6
0
8
3
6
0
0
18
212
255
116
0
2
1
0
1
0
0
0
0
0
0
0
0
0
0
0
0
0
14
0
0
0
0
0
108
251
215
25
2
0
0
14
0
0
0
0
0
0
0
0
0
0
0
0
0
0
13
0
7
0
4
45
203
255
134
0
7
0
0
14
0
0
0
0
0
0
0
0
0
0
0
0
0
8
0
30
0
8
18
182
255
195
34
2
0
2
0
0
0
0
0
0
0
0
0
0
0
0
0
0
0
3
0
0
10
0
158
255
242
65
0
8
0
4
0
0
11
0
0
0
0
0
0
0
0
0
0
0
0
3
0
0
0
155
255
255
105
0
6
0
4
1
0
3
1
0
0
0
0
0
0
0
0
0
0
0
0
0
5
0
96
255
252
125
0
0
17
0
4
4
0
8
0
0
0
0
0
0
0
0
0
0
0
0
0
0
13
38
226
255
147
0
0
4
0
14
0
10
0
8
0
0
0
0
0
0
0
8
0
0
5
0
1
0
7
214
240
222
15
0
11
8
0
5
0
0
6
0
8
0
0
0
0
0
11
0
0
8
0
0
0
0
176
238
255
242
204
156
2
0
0
6
0
0
13
0
0
0
0
0
0
0
12
0
0
1
0
10
2
44
248
253
247
255
255
255
102
0
17
0
156
110
0
0
14
0
0
0
0
2
0
3
12
0
0
10
0
226
254
251
234
113
158
245
181
69
80
202
253
245
32
0
0
0
0
0
0
14
0
4
5
5
0
0
68
255
255
225
61
14
6
162
255
253
255
242
255
168
8
0
1
0
0
0
0
3
0
7
0
11
0
23
241
248
234
54
0
0
0
35
215
255
235
197
52
0
6
0
0
0
0
0
0
0
3
11
0
1
0
37
219
255
99
0
8
24
0
9
14
68
62
0
25
0
1
0
7
0
0
0
0
1
0
5
7
0
0
0
0
0
0
13
0
0
4
0
1
0
0
0
0
5
2
6
0
0
0
0
0
0
0
0
0
0
0
0
0
0
0
0
0
0
0
0
0
0
0
0
0
0
0
0
0
0
0
0
0
0
0
0
0
0
0
0
0
0
0
0
0
0
0
0
0
0
0
0
0
0
0
0
0
0
0
0
0
0
0
0
0
0
0
0
0
0
0
0
0
0
0
0
0
0
0
0
0
0
0
0
0
0
0
0
0
0
0
0
0
0
0
0
0
0
0
0
0
0
0
0
0
0
0
0
0
0
0
0
0
0
0
0
0
