9
0
0
0
0
0
0
0
0
0
0
0
2
3
0
0
1
3
0
0
3
8
2
0
1
0
0
0
0
0
0
0
0
0
0
0
0
6
3
2
3
2
0
0
0
6
0
9
4
0
0
11
0
0
0
0
0
0
0
0
0
0
0
0
0
0
0
0
0
0
2
3
1
0
0
0
1
6
0
0
4
0
0
0
0
0
0
0
0
0
0
0
0
0
6
7
2
0
1
0
0
14
6
0
0
2
0
0
4
0
0
0
0
0
0
0
0
0
0
0
0
0
0
2
0
0
3
7
7
0
0
6
5
0
11
14
0
0
0
0
0
0
0
0
0
0
0
0
0
0
0
5
8
3
0
0
0
0
17
0
0
21
0
0
21
0
0
0
0
0
0
0
0
0
0
0
0
19
0
0
0
33
85
155
211
250
255
250
249
255
157
28
0
0
0
0
0
0
0
0
0
0
0
0
0
0
22
108
201
250
251
247
253
255
229
255
255
238
255
201
19
0
0
0
0
2
6
0
1
0
2
0
3
38
183
248
253
252
233
215
191
103
37
31
48
73
213
212
30
0
0
0
0
0
0
0
5
0
0
14
110
232
255
255
170
98
39
0
1
0
10
0
0
0
11
14
0
0
0
0
0
1
0
0
3
0
0
43
236
241
244
99
13
13
0
5
0
9
0
0
21
9
6
8
0
0
0
0
0
6
0
0
0
0
1
45
255
255
91
0
0
0
0
0
0
0
8
0
0
2
0
0
10
0
0
0
0
5
0
2
0
1
3
12
183
244
224
68
4
15
0
3
3
0
2
19
44
10
11
2
2
0
0
0
0
0
0
6
3
1
5
0
60
213
255
244
164
113
62
42
120
131
147
233
255
40
0
4
0
0
0
0
0
0
0
5
8
0
8
0
0
52
219
244
237
255
249
245
255
237
255
253
247
49
12
0
9
0
0
0
0
2
0
0
8
0
11
13
0
0
0
26
96
159
228
255
243
254
255
246
233
0
3
0
0
0
0
0
0
0
0
0
0
0
0
0
0
0
1
3
0
0
0
0
73
255
244
238
39
0
0
6
0
0
0
0
0
0
0
0
0
0
0
0
0
0
4
0
9
0
6
20
198
245
255
118
13
0
2
0
1
0
0
0
0
0
0
0
0
0
0
0
0
0
0
4
1
0
1
106
255
254
214
11
0
0
4
0
4
0
0
0
0
0
0
0
0
0
0
0
0
5
0
0
4
0
44
214
244
250
82
0
5
0
0
0
5
0
0
0
0
0
0
0
0
0
0
0
0
7
10
0
13
0
158
255
246
167
0
2
14
0
0
6
0
0
0
0
0
0
0
0
0
0
0
0
0
4
0
0
0
70
238
250
250
43
1
0
7
0
0
6
0
0
0
0
0
0
0
0
0
0
0
0
0
0
0
9
12
185
254
239
163
0
16
0
0
3
0
1
0
0
0
0
0
0
0
0
0
0
0
0
0
0
10
0
85
244
255
238
46
5
0
3
0
15
0
0
5
0
0
0
0
0
0
0
0
0
0
0
0
0
8
55
209
255
231
167
0
0
0
0
0
0
0
0
0
0
0
0
0
0
0
0
0
0
0
0
0
3
0
219
250
252
255
42
1
0
0
0
0
0
0
0
0
0
0
0
0
0
0
0
0
0
0
0
0
9
1
5
3
0
0
2
0
0
0
0
0
0
0
0
0
0
0
0
0
0
0
0
0
0
0
0
0
8
0
5
0
0
13
0
5
0
0
0
0
0
0
0
0
0
0
0
0
