5
0
0
0
0
0
0
0
0
6
0
4
0
3
0
7
0
0
0
0
0
3
0
0
9
0
0
0
0
0
0
0
0
0
0
0
0
0
0
0
4
0
2
0
10
0
26
0
0
3
0
19
0
0
0
0
0
0
0
0
0
0
0
0
0
5
3
7
0
0
8
0
2
0
0
18
2
0
6
0
6
0
0
0
0
0
0
0
0
0
0
0
0
0
7
8
0
4
0
4
0
10
0
0
2
6
0
2
7
0
0
0
0
0
0
0
0
0
0
0
0
4
17
0
5
2
0
12
8
4
5
11
3
0
1
8
0
0
0
0
0
0
0
0
0
0
0
0
0
0
5
31
212
249
253
230
218
218
128
112
34
0
15
0
6
0
0
0
0
0
0
0
0
0
0
0
0
3
0
95
238
255
255
246
255
251
250
255
253
143
35
3
0
0
0
0
0
0
0
0
0
0
0
0
0
0
36
249
255
219
120
106
111
207
150
202
234
255
245
102
0
0
0
0
0
0
0
0
0
0
0
0
0
0
23
254
255
138
5
0
7
0
3
0
5
88
231
216
12
0
0
0
0
0
0
0
0
0
0
0
0
13
40
244
255
76
0
0
0
5
0
0
11
0
146
171
0
0
0
0
0
0
0
0
0
0
0
0
0
0
11
254
255
149
6
21
0
0
9
5
0
0
0
9
21
0
0
0
0
0
0
0
0
0
0
0
0
15
25
251
244
211
0
0
0
0
0
0
0
12
0
0
0
0
0
0
0
0
0
0
0
0
0
0
0
0
32
249
255
248
87
50
38
0
7
0
2
0
9
0
13
0
0
0
0
0
0
0
0
0
0
0
0
0
34
253
245
253
235
255
232
186
76
47
0
0
0
12
0
0
0
0
0
0
0
0
0
0
0
0
0
4
25
242
255
255
255
250
254
252
255
223
54
17
0
0
7
0
0
0
0
0
0
0
0
0
0
0
0
0
13
147
241
180
167
46
160
234
251
255
228
17
24
0
0
0
0
0
0
0
0
0
0
0
0
0
0
0
10
11
36
6
4
6
0
38
216
255
246
42
3
0
0
0
0
0
0
0
0
0
0
0
0
0
0
4
0
0
7
0
0
0
0
6
200
245
255
5
19
0
0
0
0
0
0
0
0
0
0
0
0
0
0
0
0
9
6
0
0
7
23
0
172
255
251
37
10
0
7
0
0
0
0
0
0
0
0
0
0
0
0
13
1
4
0
9
9
0
0
47
223
245
255
38
0
8
0
0
0
0
0
0
0
0
0
0
0
0
0
0
71
85
14
13
0
1
36
186
243
255
180
0
2
10
0
0
0
0
0
0
0
0
0
0
0
0
0
131
247
117
0
2
0
24
145
255
255
220
25
2
2
0
6
0
0
0
0
0
0
0
0
0
0
0
0
155
231
233
189
108
137
244
249
233
234
39
0
6
0
2
3
0
0
0
0
0
0
0
0
0
0
0
0
130
255
248
252
255
243
251
255
227
29
0
4
0
12
2
0
0
0
0
0
0
0
0
0
0
0
0
0
0
22
122
127
193
131
136
95
0
0
0
0
0
0
0
0
0
0
0
0
0
0
0
0
0
0
0
0
2
0
16
0
11
0
4
0
0
0
0
0
0
0
0
0
0
0
0
0
0
0
0
0
0
0
0
0
0
1
4
5
1
0
0
3
0
0
0
0
0
0
0
0
0
0
0
0
0
0
0
0
0
0
0
0
0
1
0
4
0
2
0
4
0
0
0
0
0
0
0
0
0
0
0
0
