9
0
0
0
0
0
0
0
0
3
0
0
0
0
5
5
0
0
0
1
0
0
0
0
3
0
0
0
0
0
0
0
0
0
0
0
0
1
3
4
1
0
0
0
2
0
1
2
1
0
0
0
1
0
0
0
0
0
0
0
0
0
0
0
0
0
0
3
2
5
0
0
2
0
2
3
2
0
0
0
0
0
0
0
0
0
0
0
0
0
0
0
0
9
9
0
0
0
0
0
1
0
0
1
1
0
0
0
0
0
0
0
0
0
0
0
0
0
0
0
0
0
0
0
3
9
7
1
0
0
0
0
0
0
0
0
0
0
0
0
0
0
0
0
0
0
0
0
0
3
0
7
5
0
0
0
0
0
0
0
0
0
0
0
0
0
0
0
0
0
0
0
0
0
0
0
0
8
0
0
6
0
7
23
3
8
4
0
0
0
1
1
0
0
0
0
0
0
0
0
0
0
0
0
0
1
12
107
210
246
255
233
157
15
9
2
0
0
1
0
0
0
0
0
0
0
0
0
15
7
0
2
0
0
130
252
248
251
243
255
255
242
148
35
1
0
0
0
7
0
0
0
0
6
7
0
0
0
8
5
0
61
255
238
189
63
42
63
95
176
250
252
66
2
6
0
0
0
0
0
0
0
0
9
0
3
2
0
10
244
230
185
0
0
0
13
0
19
86
196
242
0
6
2
2
0
0
0
0
0
0
6
0
5
0
19
160
255
254
58
0
1
20
0
2
0
15
116
255
174
2
0
0
0
0
0
0
8
0
2
0
2
0
53
255
253
118
0
0
11
0
15
0
5
101
227
242
201
0
10
5
0
0
0
0
0
0
1
0
5
1
74
252
255
66
4
9
0
0
1
9
2
73
228
220
30
0
11
0
0
0
0
0
4
5
0
0
2
11
100
248
237
180
16
49
120
64
1
0
6
0
32
20
0
4
0
0
0
0
0
0
0
5
0
10
2
0
43
161
255
247
255
254
249
247
255
255
243
198
95
0
10
0
0
2
0
0
0
0
0
0
0
0
0
0
0
0
90
132
173
192
204
206
182
149
92
172
243
127
7
2
0
2
0
0
0
0
0
0
0
0
0
0
0
0
0
0
3
0
0
7
6
0
9
20
244
233
4
0
15
0
0
0
0
0
0
0
0
0
0
0
0
0
9
8
2
0
0
0
1
1
4
14
228
222
3
0
0
8
0
0
0
0
0
0
0
0
0
0
0
0
0
0
0
7
8
4
0
0
0
163
255
121
0
26
1
0
0
0
0
0
0
0
0
0
0
0
0
0
0
0
0
0
0
0
0
0
2
197
252
134
14
0
0
11
0
0
0
0
0
0
0
0
0
0
0
0
10
5
2
1
1
1
4
9
28
248
240
68
0
0
11
0
0
0
0
0
0
0
0
0
0
0
0
0
0
0
0
0
0
2
1
0
169
255
178
6
2
0
0
2
0
0
0
0
0
0
0
0
0
0
0
0
0
4
4
0
0
3
3
0
255
249
162
3
4
0
5
4
0
0
0
0
0
0
0
0
0
0
0
0
0
4
1
0
0
0
6
37
255
255
92
0
6
7
2
0
0
0
0
0
0
0
0
0
0
0
0
0
0
0
0
2
5
3
16
44
244
255
127
21
5
0
0
6
0
0
0
0
0
0
0
0
0
0
0
0
0
2
0
1
5
0
4
22
255
215
63
0
0
9
12
0
0
0
0
0
0
0
0
0
0
0
0
0
2
4
0
0
2
0
0
0
0
12
5
3
0
0
3
2
0
0
0
0
