1
0
0
0
0
0
0
0
0
0
8
0
0
0
8
3
0
2
0
0
0
1
0
3
2
0
0
0
0
0
0
0
0
0
0
0
0
0
2
0
5
0
0
7
7
0
6
5
3
0
0
3
0
0
0
0
0
0
0
0
0
0
0
0
0
13
0
0
5
3
0
2
0
0
0
4
0
0
4
6
0
0
0
0
0
0
0
0
0
0
0
0
0
0
0
1
19
2
0
13
2
15
0
0
0
0
4
4
0
0
0
0
0
0
0
0
0
0
0
0
0
0
8
0
0
0
109
217
255
68
7
1
5
0
1
0
0
0
0
0
0
0
0
0
0
0
0
0
0
0
6
2
0
10
195
253
255
92
4
0
5
0
0
0
4
0
0
0
0
0
0
0
0
0
0
0
0
9
3
0
0
12
251
255
244
83
0
0
1
0
4
0
4
0
0
0
0
0
0
0
0
0
0
0
0
0
0
4
0
0
253
246
252
81
0
8
5
0
7
0
0
0
0
0
0
0
0
0
0
0
0
0
0
0
0
11
2
0
255
249
251
138
0
4
0
0
3
0
7
0
0
0
0
0
0
0
0
0
0
0
0
23
0
0
0
8
250
255
255
249
13
0
0
10
5
0
2
0
0
0
0
0
0
0
0
0
0
0
0
0
0
0
0
5
242
255
247
255
1
2
0
4
6
0
0
0
0
0
0
0
0
0
0
0
0
0
0
13
0
4
11
0
255
229
253
240
0
14
0
0
0
4
0
0
0
0
0
0
0
0
0
0
0
0
0
0
3
1
0
7
72
255
254
255
0
1
2
9
0
0
3
0
0
0
0
0
0
0
0
0
0
0
0
20
2
0
0
8
191
251
251
217
9
1
0
7
0
3
0
0
0
0
0
0
0
0
0
0
0
0
0
0
0
10
0
6
247
255
226
87
1
7
0
0
3
9
0
0
0
0
0
0
0
0
0
0
0
0
0
2
0
5
0
5
249
252
222
48
0
0
3
12
0
0
5
0
0
0
0
0
0
0
0
0
0
0
0
0
0
9
3
0
91
246
254
78
4
0
8
0
1
0
3
0
0
0
0
0
0
0
0
0
0
0
0
8
0
0
10
0
193
254
255
91
5
0
0
0
8
3
0
0
0
0
0
0
0
0
0
0
0
0
0
9
3
7
3
7
247
255
255
73
0
2
6
0
2
2
0
0
0
0
0
0
0
0
0
0
0
0
0
0
0
20
0
0
255
238
251
113
0
3
11
0
0
1
0
0
0
0
0
0
0
0
0
0
0
0
0
0
3
0
3
0
255
243
255
223
14
0
0
0
3
3
0
0
0
0
0
0
0
0
0
0
0
0
0
6
4
0
1
8
226
255
255
255
14
0
2
4
0
1
0
0
0
0
0
0
0
0
0
0
0
0
0
0
0
5
0
5
103
252
244
245
0
0
12
2
0
1
0
0
0
0
0
0
0
0
0
0
0
0
0
2
6
0
11
0
70
255
255
255
1
0
0
0
0
8
0
0
0
0
0
0
0
0
0
0
0
0
0
0
0
0
0
0
0
0
0
0
0
0
0
0
0
0
0
0
0
0
0
0
0
0
0
0
0
0
0
0
0
0
0
0
0
0
0
0
0
0
0
0
0
0
0
0
0
0
0
0
0
0
0
0
0
0
0
0
0
0
0
0
0
0
0
0
0
0
0
0
0
0
0
0
0
0
0
0
0
0
0
0
0
0
0
0
0
0
0
0
0
0
0
0
0
0
0
0
0
0
0
0
0
0
0
