5
0
0
0
0
0
0
0
0
3
0
0
1
3
9
0
0
0
4
0
0
0
9
0
2
0
0
0
0
0
0
0
0
0
0
0
0
5
0
3
0
2
1
1
0
1
0
7
15
0
0
4
11
0
0
0
0
0
0
0
0
0
0
0
0
0
1
12
1
11
0
10
1
4
8
0
1
0
16
0
0
0
0
0
0
0
0
0
0
0
0
0
0
14
0
0
0
0
0
3
0
0
0
11
0
0
0
8
7
0
0
0
0
0
0
0
0
0
0
0
0
0
0
64
201
251
255
255
246
247
197
223
232
11
0
0
3
0
0
0
0
0
0
0
0
0
0
0
0
8
1
138
255
242
227
244
255
238
251
255
236
0
2
0
0
0
0
0
0
0
0
0
0
0
0
0
0
2
5
215
252
132
21
28
38
44
78
121
19
9
0
17
0
0
0
0
0
0
0
0
0
0
0
0
0
1
0
255
255
130
0
6
0
4
0
2
2
0
8
0
0
0
0
0
0
0
0
0
0
0
0
0
0
0
41
243
255
125
9
0
0
3
0
5
8
0
4
5
0
0
0
0
0
0
0
0
0
0
0
0
0
10
91
255
255
63
0
0
15
0
0
0
10
0
0
0
1
0
0
0
0
0
0
0
0
0
0
0
0
0
135
255
255
31
9
0
0
0
27
0
0
11
19
0
0
0
0
0
0
0
0
0
0
0
0
0
0
7
194
255
243
35
38
35
37
28
79
108
14
0
5
0
0
0
0
0
0
0
0
0
0
0
0
0
0
0
182
232
255
206
253
255
255
241
111
226
201
204
82
24
0
0
0
0
0
0
0
0
0
0
0
0
0
0
194
255
255
234
246
244
255
107
0
8
185
247
255
23
0
0
0
0
0
0
0
0
0
0
0
0
0
11
170
252
251
220
178
80
0
0
0
10
0
155
255
152
0
0
0
0
0
0
0
0
0
0
0
0
0
2
162
245
161
19
0
0
0
9
0
0
13
67
250
229
11
0
0
0
0
0
0
4
0
2
6
0
4
0
26
20
9
0
0
21
0
4
0
0
0
69
255
255
52
0
0
0
0
0
2
9
5
0
0
11
4
0
1
0
6
13
0
0
0
1
0
14
14
183
234
255
41
0
0
0
0
4
0
0
5
0
0
0
0
10
0
8
10
0
0
16
0
0
12
0
17
255
255
189
20
0
0
0
0
6
0
0
1
5
0
7
77
15
0
0
0
5
9
0
0
0
0
35
251
255
253
34
0
0
0
0
0
1
0
13
0
3
0
45
248
185
36
0
1
0
3
9
18
77
155
250
255
249
123
0
11
0
0
0
0
3
0
8
0
4
0
31
234
245
155
54
29
84
125
156
223
255
239
254
231
125
9
2
0
0
0
0
0
3
0
0
0
8
0
0
75
226
250
242
232
242
255
255
249
236
195
117
13
11
0
12
0
0
0
0
0
0
11
0
6
6
0
15
0
0
113
167
216
255
213
152
110
35
0
0
0
0
18
0
7
0
0
0
0
0
0
0
0
0
0
0
0
0
0
0
0
0
0
0
0
0
0
0
0
0
0
0
0
0
0
0
0
0
0
0
0
0
0
0
0
0
0
0
0
0
0
0
0
0
0
0
0
0
0
0
0
0
0
0
0
0
0
0
0
0
0
0
0
0
0
0
0
0
0
0
0
0
0
0
0
0
0
0
0
0
0
0
0
0
0
0
0
0
0
0
0
0
0
0
0
0
0
0
0
0
0
0
0
0
0
0
0
0
0
0
0
