1
0
0
0
0
0
0
0
0
0
0
0
0
0
0
0
0
0
2
3
0
0
2
0
12
0
0
0
0
0
0
0
0
0
0
0
0
0
0
0
0
0
0
0
0
7
0
0
0
13
7
2
0
0
0
0
0
0
0
0
0
0
0
0
0
0
0
0
0
0
0
0
0
0
4
0
7
0
0
5
7
0
0
0
0
0
0
0
0
0
0
0
0
0
0
0
0
0
0
0
0
13
0
9
0
6
14
0
0
0
0
0
0
0
0
0
0
0
0
0
0
0
0
0
0
0
0
0
0
0
15
81
251
255
18
0
10
0
0
0
0
0
0
0
0
0
0
0
0
0
0
0
0
0
0
0
0
0
44
171
245
255
214
3
0
0
0
0
0
0
0
0
0
0
0
0
0
0
0
0
0
0
0
0
0
19
153
235
255
230
196
7
7
0
0
0
0
0
0
0
0
0
0
0
0
0
0
0
0
0
0
0
0
159
254
255
246
255
44
0
0
0
0
0
0
0
0
0
0
0
0
0
0
4
0
4
0
0
4
4
0
199
255
251
255
40
0
7
0
0
0
0
0
0
0
0
0
0
0
0
0
0
0
7
0
4
0
0
63
234
244
245
167
55
4
0
6
0
0
0
0
0
0
0
0
0
0
0
0
1
0
11
0
2
34
40
225
234
255
211
41
8
0
0
0
0
0
0
0
0
0
0
0
0
0
0
0
9
0
0
0
0
0
94
249
255
255
126
0
0
0
10
0
0
0
0
0
0
0
0
0
0
0
0
0
0
1
0
7
19
40
255
255
255
154
16
1
11
1
0
3
0
0
0
0
0
0
0
0
0
0
0
0
7
7
12
0
0
140
255
226
159
17
0
0
9
4
0
2
0
0
0
0
0
0
0
0
0
0
0
0
2
0
1
0
25
250
245
255
64
0
17
0
0
5
1
6
0
0
0
0
0
0
0
0
0
0
0
0
1
0
0
2
166
239
252
245
38
4
0
13
0
0
2
0
0
0
0
0
0
0
0
0
0
0
0
0
9
0
0
158
247
233
136
0
0
0
0
0
0
0
0
0
0
0
0
0
0
0
0
0
0
0
0
0
0
3
51
188
247
223
0
1
0
0
0
0
0
0
0
0
0
0
0
0
0
0
0
0
0
0
0
0
0
1
100
248
255
181
6
8
0
0
0
0
0
0
0
0
0
0
0
0
0
0
0
0
0
0
0
0
5
209
222
250
234
212
9
0
0
0
0
0
0
0
0
0
0
0
0
0
0
0
0
0
0
0
0
0
0
255
250
255
252
34
6
0
0
0
0
0
0
0
0
0
0
0
0
0
0
0
0
0
0
0
0
0
84
255
233
238
254
130
0
13
0
0
0
0
0
0
0
0
0
0
0
0
0
0
0
0
0
0
0
0
204
237
255
249
133
3
0
0
0
0
0
0
0
0
0
0
0
0
0
0
0
0
0
0
0
0
0
0
200
255
242
135
0
13
0
0
0
0
0
0
0
0
0
0
0
0
0
0
0
0
0
0
0
0
0
0
0
0
0
0
0
0
0
0
0
0
0
0
0
0
0
0
0
0
0
0
0
0
0
0
0
0
0
0
0
0
0
0
0
0
0
0
0
0
0
0
0
0
0
0
0
0
0
0
0
0
0
0
0
0
0
0
0
0
0
0
0
0
0
0
0
0
0
0
0
0
0
0
0
0
0
0
0
0
0
0
0
0
0
0
0
0
0
0
0
0
0
0
0
0
0
0
0
0
0
0
0
0
0
0
