3
4
0
7
0
8
0
0
0
1
0
0
15
0
0
2
2
2
9
0
5
0
9
0
0
0
0
0
0
2
0
8
0
0
0
0
1
0
11
2
0
10
0
12
0
0
0
9
0
23
0
7
3
0
0
0
0
0
0
4
0
0
5
0
0
0
0
0
23
6
0
0
3
2
7
3
1
0
0
0
0
0
0
0
0
0
3
2
0
0
20
0
0
0
16
0
0
0
0
3
0
0
1
0
5
13
0
25
6
0
0
0
0
2
5
3
6
4
34
8
0
0
0
4
54
255
172
144
184
59
61
5
122
78
4
0
4
0
0
0
0
1
0
0
0
7
27
5
0
0
11
0
42
255
250
239
255
247
226
215
226
235
58
10
0
0
0
0
0
1
0
0
0
2
6
0
0
7
0
0
139
255
255
235
255
234
255
255
254
249
154
5
0
0
0
0
0
8
0
8
0
3
0
0
5
0
6
8
121
254
243
162
133
135
171
248
244
255
205
0
6
0
0
0
0
16
0
4
3
0
0
6
0
5
0
0
20
14
24
25
0
33
117
255
251
255
73
0
11
0
0
0
0
0
15
0
0
9
3
5
5
0
13
0
0
8
7
147
88
218
255
246
230
183
24
0
0
0
0
0
0
0
0
0
16
0
0
0
0
0
0
18
17
0
6
190
255
241
241
255
198
10
0
0
8
0
0
0
0
18
13
0
0
12
12
0
6
18
0
0
0
7
102
245
255
255
229
62
15
0
10
16
0
0
0
0
0
0
0
17
2
0
3
1
0
0
9
7
0
9
19
231
239
247
225
73
0
12
0
0
0
0
0
0
0
13
0
3
0
8
0
0
20
7
0
0
7
1
0
86
114
255
255
247
71
0
0
0
9
0
0
0
0
0
23
0
47
244
157
43
0
0
0
6
0
0
34
0
0
0
171
240
133
9
0
3
0
0
0
0
0
0
2
8
98
250
252
242
19
1
3
0
5
4
0
0
8
3
71
255
231
0
7
5
0
0
0
0
0
7
0
7
94
251
255
239
137
10
4
4
0
13
0
1
9
0
86
252
250
22
6
0
9
0
0
0
0
3
22
0
9
134
244
255
244
139
0
0
20
0
10
0
3
127
233
238
252
10
0
5
0
0
0
0
0
0
0
0
5
16
165
246
255
255
218
89
11
0
11
6
60
238
255
255
141
6
0
3
0
0
0
0
0
13
7
8
0
0
157
241
254
254
231
249
216
88
22
158
224
255
225
243
19
1
5
2
1
0
0
0
0
0
0
0
8
8
0
54
242
255
253
255
231
255
255
244
252
255
228
97
5
0
0
12
0
0
0
0
0
1
8
8
0
14
0
1
53
220
255
246
251
255
255
241
255
243
180
0
11
3
0
8
0
0
0
0
0
2
0
1
1
0
0
20
5
62
204
216
251
254
253
255
240
136
62
0
0
5
0
0
6
0
0
0
0
0
10
0
5
2
0
9
0
0
5
33
128
255
188
97
109
2
0
0
10
0
5
1
0
0
0
0
0
0
0
0
0
0
0
0
0
0
0
0
0
0
0
0
0
0
0
0
0
0
0
0
0
0
0
0
0
0
0
0
0
0
0
0
0
0
0
0
0
0
0
0
0
0
0
0
0
0
0
0
0
0
0
0
0
0
0
0
0
0
0
0
0
0
0
0
0
0
0
0
0
0
0
0
0
0
0
0
0
0
0
0
0
0
0
0
0
0
0
0
0
0
0
0
0
0
0
0
0
0
0
0
0
0
0
0
0
0
0
0
0
