3
0
0
0
0
0
0
0
0
0
7
0
1
10
0
0
2
7
4
0
2
4
0
1
1
0
0
0
0
0
0
0
0
0
0
0
0
2
0
3
4
0
0
14
2
0
3
5
2
2
0
1
0
0
0
0
0
0
0
0
0
0
0
0
0
23
0
0
5
3
0
0
4
6
1
0
0
7
0
0
8
0
0
0
0
0
0
0
0
0
0
0
0
0
6
12
0
5
8
0
0
0
0
3
0
1
0
0
6
0
0
0
0
0
0
0
0
0
0
0
0
6
0
3
0
0
7
1
11
0
0
19
1
0
6
1
0
0
0
0
0
0
0
0
0
0
0
0
0
1
0
19
6
0
56
132
189
126
12
0
3
1
4
0
3
0
0
0
0
0
0
0
0
0
0
0
0
5
0
0
0
131
254
253
255
255
38
0
6
7
0
0
7
0
0
0
0
0
0
0
0
0
0
0
0
0
5
6
98
255
207
100
231
255
61
9
10
0
4
5
0
0
0
0
0
0
0
0
0
0
0
0
0
0
0
0
149
230
20
24
224
255
26
2
0
0
0
6
0
0
0
0
0
0
0
0
0
0
0
0
0
0
0
11
9
45
0
165
255
246
24
0
0
11
0
0
1
0
0
0
0
0
0
0
0
0
0
0
0
8
0
2
14
0
48
220
255
154
3
0
0
10
0
0
4
0
0
0
0
0
0
0
0
0
0
0
0
0
8
0
6
12
193
255
243
38
0
12
0
0
5
1
1
0
0
0
0
0
0
0
0
0
0
0
0
0
2
2
0
56
255
255
156
0
0
20
0
0
6
0
0
0
0
0
0
0
0
0
0
0
0
0
0
9
0
0
20
74
255
218
31
6
0
0
0
6
5
0
3
0
0
0
0
0
0
0
0
0
0
0
0
0
16
0
3
19
200
240
62
8
0
0
0
2
4
0
5
0
0
0
0
0
0
0
0
0
0
0
0
0
13
0
0
15
15
211
180
2
5
11
5
0
4
2
0
0
0
0
0
0
0
0
0
0
0
0
0
0
4
0
2
9
0
83
233
128
0
5
0
8
4
0
8
0
0
0
0
0
0
0
0
0
0
0
0
5
0
5
0
0
1
0
217
236
7
5
9
0
0
3
0
0
0
0
0
0
0
0
0
0
0
0
0
5
0
1
11
0
23
11
84
255
2
0
3
0
0
13
3
0
0
0
0
0
0
0
0
0
0
0
0
0
13
0
0
28
0
0
120
255
35
6
0
9
3
0
0
0
0
0
0
0
0
0
0
0
0
0
0
0
8
11
3
0
0
0
103
252
30
3
0
5
0
0
0
0
0
0
0
0
0
0
0
0
0
0
0
0
0
5
137
53
22
91
246
252
0
0
2
0
0
13
0
0
0
0
0
0
0
0
0
0
0
0
0
10
8
91
228
31
51
210
250
219
6
13
13
0
0
9
0
0
0
0
0
0
0
0
0
0
0
0
0
0
1
136
246
219
255
245
255
101
0
7
0
2
3
0
1
0
0
0
0
0
0
0
0
0
0
0
0
0
0
30
195
247
255
151
105
0
0
0
0
0
0
0
0
0
0
0
0
0
0
0
0
0
0
0
0
3
0
0
8
3
6
0
0
0
0
0
0
0
0
0
0
0
0
0
0
0
0
0
0
0
0
0
0
2
4
15
0
0
0
1
0
0
0
0
0
0
0
0
0
0
0
0
0
0
0
0
0
0
0
0
0
0
0
4
0
10
2
11
0
0
0
0
0
0
0
0
0
0
0
0
0
