2
1
5
0
14
0
3
10
0
5
0
0
10
0
0
12
0
4
0
0
6
1
0
0
0
0
0
0
0
0
0
2
0
0
8
0
10
0
7
0
0
8
4
0
0
8
7
1
0
0
10
7
0
0
0
0
0
0
0
1
0
2
9
1
0
0
0
3
0
0
0
0
13
0
3
6
0
0
2
0
0
0
0
0
0
0
3
0
13
0
0
18
0
0
1
8
3
13
12
0
0
0
2
1
1
4
0
0
8
0
0
0
0
1
4
0
18
0
0
2
54
186
206
183
166
200
173
60
0
11
6
0
0
3
8
4
3
0
0
0
0
0
1
0
0
1
0
8
183
253
250
255
255
254
255
181
12
0
0
5
2
0
5
9
0
0
0
0
0
0
2
2
0
4
0
116
246
252
226
217
255
245
247
245
115
51
3
0
12
0
0
4
0
0
0
0
0
0
8
0
0
0
6
250
232
92
109
41
133
255
244
246
255
211
50
0
4
4
0
7
4
0
0
0
0
1
0
4
6
0
8
66
130
0
12
0
13
119
196
255
241
248
64
2
0
2
1
2
0
0
0
0
0
1
0
0
3
0
0
0
10
0
0
0
8
0
58
226
255
255
69
3
0
0
1
5
0
0
0
0
0
0
0
0
3
8
6
0
0
8
9
0
5
9
118
246
250
255
43
0
5
3
0
0
8
0
0
0
0
2
4
3
0
0
0
3
4
0
12
1
0
0
132
253
253
255
70
18
6
0
4
13
0
0
0
0
0
0
1
4
0
0
0
0
0
24
0
0
9
0
131
255
244
253
48
0
1
4
0
3
3
0
0
0
0
1
0
0
0
4
10
7
1
0
0
0
0
12
131
238
254
250
71
10
0
1
0
0
6
0
0
0
0
16
4
0
0
0
0
0
0
6
13
0
14
140
232
254
255
255
217
172
37
0
17
18
0
0
0
0
0
0
0
2
9
6
0
0
4
0
0
78
171
255
250
241
251
251
255
247
110
11
0
0
8
0
0
0
0
0
0
0
0
0
0
0
0
11
86
241
250
255
255
235
255
255
241
255
243
208
73
22
0
2
12
0
0
0
0
0
0
0
0
0
0
0
216
241
255
223
255
255
255
252
253
245
255
253
246
184
152
117
0
5
8
0
0
0
0
0
0
0
0
8
231
250
215
125
255
252
234
96
125
200
239
251
255
245
255
255
138
15
0
0
0
0
0
0
0
0
0
69
251
232
237
241
242
255
236
9
0
43
111
210
255
243
244
253
255
3
0
0
0
0
0
0
0
0
0
2
134
255
255
255
244
218
41
3
2
0
0
6
129
142
190
106
145
0
6
0
0
0
0
0
0
0
0
0
9
133
174
186
124
26
0
0
0
9
0
0
14
0
12
7
4
0
5
0
0
0
0
0
0
0
0
12
0
0
22
0
0
13
0
14
0
12
0
15
0
3
13
3
0
14
0
0
0
0
0
0
0
0
0
0
9
0
0
5
11
0
4
0
2
0
0
1
1
3
0
5
0
0
7
0
0
0
0
0
0
0
0
0
0
0
0
0
0
0
0
0
0
0
0
0
0
0
0
0
0
0
0
0
0
0
0
0
0
0
0
0
0
0
0
0
0
0
0
0
0
0
0
0
0
0
0
0
0
0
0
0
0
0
0
0
0
0
0
0
0
0
0
0
0
0
0
0
0
0
0
0
0
0
0
0
0
0
0
0
0
0
0
0
0
0
0
0
0
0
0
0
0
0
0
0
0
0
0
0
0
0
0
0
0
0
0
