5
0
0
0
0
0
0
0
0
4
0
5
9
0
0
8
2
0
0
1
5
0
0
3
0
2
0
2
6
0
0
0
0
0
0
0
0
0
1
0
0
5
0
0
0
4
0
0
0
0
0
4
4
0
0
0
0
0
0
0
0
0
0
0
0
6
2
0
4
4
0
0
10
7
6
6
5
3
1
0
0
0
0
0
0
0
0
0
0
0
0
0
0
7
0
0
0
0
0
7
0
0
0
0
0
4
6
0
0
0
3
2
0
0
0
0
0
0
0
0
0
0
5
2
0
1
6
6
9
0
15
14
4
0
0
0
10
0
1
3
0
0
0
0
0
0
0
0
0
0
15
0
6
16
0
11
153
253
168
45
0
6
26
17
14
1
0
0
0
0
0
0
0
0
0
0
0
0
0
0
0
0
1
102
255
253
253
217
186
188
185
189
218
25
3
0
0
0
0
0
0
0
0
0
0
8
0
9
0
0
136
255
247
247
255
246
240
255
255
243
255
52
14
0
0
0
0
0
0
0
0
0
0
13
0
2
0
137
252
242
255
238
255
248
248
252
255
243
147
0
0
0
0
0
0
0
0
0
0
0
0
0
10
21
133
237
244
255
157
147
251
117
93
94
87
80
1
0
0
0
0
0
0
0
0
0
0
0
0
0
45
168
255
255
248
187
4
64
243
33
3
6
0
20
0
0
0
0
0
0
0
0
0
0
0
0
0
18
129
247
251
255
174
10
0
15
165
15
3
0
0
4
0
0
0
0
0
0
0
0
0
0
0
0
0
57
229
255
240
221
199
158
107
0
3
0
3
0
7
12
11
0
0
0
0
0
0
0
0
0
0
0
0
130
255
242
255
255
246
242
253
177
16
7
9
0
1
0
0
0
0
0
0
0
0
0
0
0
0
0
0
154
244
254
248
236
252
255
254
255
64
6
1
0
2
7
6
0
0
0
0
0
0
0
0
0
0
0
0
3
112
100
120
137
126
158
250
248
86
0
1
4
0
0
0
0
0
0
0
3
0
1
2
0
0
2
1
0
0
9
42
238
136
106
246
255
70
4
1
0
5
0
0
0
0
0
0
0
0
7
0
0
1
1
4
0
11
29
255
253
75
227
254
238
50
0
4
2
6
0
6
0
0
0
0
0
0
6
0
0
6
0
0
5
77
236
255
72
156
255
237
151
18
0
3
0
2
0
5
0
0
0
0
4
0
0
0
2
8
0
16
132
255
218
52
51
217
242
255
41
0
4
4
0
0
0
0
0
0
0
0
5
0
0
2
1
3
0
90
239
252
101
41
249
255
235
129
0
0
11
8
0
3
3
1
0
0
0
0
0
1
2
7
0
0
10
170
255
255
67
208
248
252
183
4
5
0
0
4
8
0
0
4
0
0
0
0
0
4
2
4
0
2
7
179
246
240
255
241
255
136
11
8
5
4
0
0
7
0
0
1
0
0
0
0
0
5
0
0
0
11
0
139
252
255
247
255
121
0
0
0
0
17
7
0
2
3
1
0
0
0
0
0
0
0
2
3
0
0
12
29
229
255
226
106
9
0
1
0
0
0
0
0
0
0
0
0
0
0
0
0
0
0
2
3
0
0
1
11
0
0
0
0
0
5
8
6
0
0
0
0
0
0
0
0
0
0
0
0
0
0
1
3
0
0
0
0
15
0
0
8
12
0
0
0
0
0
0
0
0
0
0
0
0
0
0
0
0
0
0
2
4
2
0
0
0
0
1
0
0
0
5
10
0
0
0
0
0
0
0
0
0
0
0
0
