7
0
0
0
0
0
0
0
0
0
6
0
4
0
13
0
0
0
0
5
5
0
0
0
0
0
0
0
0
0
0
0
0
0
0
0
0
0
0
2
2
0
0
5
15
10
0
0
0
0
2
6
4
0
0
0
0
0
0
0
0
0
0
0
0
0
0
0
2
2
0
0
0
0
0
5
14
10
0
0
3
0
0
0
0
0
0
0
0
0
0
0
0
7
5
0
0
0
7
5
9
0
3
0
0
0
0
0
5
0
0
0
0
0
0
0
0
0
0
0
0
0
10
2
11
0
7
0
0
0
8
0
0
5
13
5
0
0
0
0
0
0
0
0
0
0
0
0
0
1
2
0
0
0
10
2
2
0
12
9
0
1
0
0
1
0
0
0
0
0
0
0
0
0
0
0
0
0
0
10
9
14
0
0
7
0
6
0
0
11
0
0
10
0
0
0
0
0
0
0
0
0
0
0
0
60
116
244
245
201
35
0
0
3
0
3
71
135
97
18
0
0
0
0
0
3
0
1
4
5
7
3
0
108
247
248
253
254
250
160
109
127
104
152
254
253
240
55
0
0
0
0
0
2
0
5
4
0
0
3
0
108
255
255
247
246
255
247
255
255
252
254
249
234
255
62
6
0
0
0
0
0
1
0
6
0
0
7
0
158
252
243
255
255
255
249
251
242
249
252
255
255
221
14
0
0
0
0
0
1
1
0
4
0
6
0
0
231
255
245
255
197
158
193
241
250
255
248
251
244
83
0
15
0
0
0
0
4
4
0
1
0
2
0
42
245
253
252
241
59
0
10
45
78
235
245
255
229
0
0
2
0
0
0
0
0
3
2
2
0
5
6
154
255
248
233
159
0
0
2
1
104
255
255
255
184
0
20
0
0
0
0
0
0
0
7
0
0
11
9
241
241
255
255
123
9
10
0
0
180
255
244
222
98
0
11
0
0
0
0
0
6
0
4
0
1
6
0
251
255
255
243
37
0
0
0
27
207
252
255
183
0
2
0
6
0
0
0
0
4
0
0
0
0
0
15
233
255
241
154
6
3
0
1
94
244
255
249
95
0
9
0
6
0
0
0
0
0
0
9
6
0
7
0
76
61
72
12
1
0
18
6
206
255
247
255
81
0
11
0
2
0
0
0
0
5
0
3
5
0
11
0
0
7
0
0
4
5
0
82
255
254
244
186
34
0
9
0
0
0
0
0
0
10
0
0
4
0
0
12
3
7
0
1
2
0
20
210
251
249
241
44
0
0
4
0
0
0
0
0
0
0
4
0
6
5
0
0
6
0
6
0
6
0
149
255
250
252
175
0
0
6
0
4
0
0
0
0
0
0
13
7
0
11
0
0
0
1
14
1
0
57
248
239
255
195
45
0
8
0
0
11
0
0
0
0
0
1
2
8
0
5
5
7
0
2
0
3
0
158
255
237
255
90
0
11
0
0
0
4
0
0
0
0
0
6
0
10
0
3
0
1
0
0
0
9
55
236
252
255
216
21
12
3
0
2
6
0
3
0
0
0
0
0
0
0
0
0
0
0
0
8
0
7
81
253
248
255
200
0
0
0
0
0
0
0
0
0
0
0
0
0
0
0
0
0
0
0
0
0
0
0
75
253
255
234
118
0
0
0
0
0
0
0
0
0
0
0
0
0
0
0
0
0
0
0
0
7
7
2
89
253
255
172
13
0
0
0
0
0
0
0
0
0
0
0
0
0
0
0
0
0
0
0
0
0
13
0
0
0
0
0
0
0
0
0
0
0
0
0
0
0
0
0
0
