7
0
0
0
0
0
0
0
0
5
0
0
0
9
0
0
2
5
1
0
0
0
0
0
13
0
0
0
0
0
0
0
0
0
0
0
0
0
8
6
10
2
0
0
6
0
0
0
0
5
8
0
0
0
0
0
0
0
0
0
0
0
0
0
0
0
0
0
0
0
2
2
2
9
8
4
0
0
0
0
1
0
0
0
0
0
0
0
0
0
0
0
0
7
0
12
0
10
0
10
0
0
0
0
4
3
0
0
10
0
0
0
0
0
0
0
0
0
0
0
0
0
0
4
2
0
0
4
0
13
4
0
3
4
0
0
0
0
0
0
0
0
0
0
0
0
0
0
0
17
0
0
6
0
8
6
0
0
1
8
0
0
0
4
1
0
0
0
0
0
0
0
0
0
0
0
0
4
0
10
16
4
0
6
0
7
0
0
0
7
3
0
0
0
0
0
0
0
0
0
0
0
0
0
0
76
105
253
244
255
172
248
255
245
109
0
0
9
0
0
4
0
0
0
0
0
0
5
15
0
49
222
194
235
255
249
247
254
255
244
255
255
226
189
0
2
9
0
0
0
0
0
0
6
0
6
1
0
166
253
255
250
219
156
123
83
73
101
176
234
255
255
71
0
0
7
0
0
0
0
0
0
28
0
0
7
11
118
5
0
0
0
16
1
0
0
13
146
240
250
197
0
0
0
12
0
0
0
0
1
0
10
5
0
24
0
0
4
5
0
0
0
5
0
0
66
240
255
249
23
6
0
5
0
0
0
0
1
7
0
14
0
0
0
2
3
0
0
13
0
5
3
11
29
236
250
130
16
0
12
0
0
0
0
0
0
0
8
0
23
0
10
0
4
4
0
0
0
3
0
1
113
235
144
9
0
0
15
0
0
0
0
0
9
4
0
0
0
21
0
2
0
7
0
4
4
13
0
8
248
255
76
0
0
14
0
0
0
0
0
0
0
0
6
1
5
0
5
0
3
5
0
9
0
0
19
122
251
244
81
0
0
4
0
0
0
0
0
0
0
0
0
0
0
0
0
0
0
8
0
0
3
0
8
157
255
207
22
10
0
0
0
0
0
0
0
0
0
0
0
0
0
0
0
0
18
0
13
12
0
3
62
255
242
50
0
0
0
8
0
0
0
0
0
0
0
0
0
0
0
0
0
0
0
0
11
0
1
30
190
248
255
12
11
4
0
7
0
1
0
0
0
0
0
0
0
0
0
0
0
0
4
2
0
10
11
112
255
255
149
24
5
0
5
0
4
9
0
0
0
0
0
0
0
0
0
0
0
0
1
2
0
19
0
236
255
241
6
4
0
0
4
0
0
0
0
0
0
0
0
0
0
0
0
0
0
0
0
7
4
0
57
255
248
105
1
0
8
11
0
12
0
0
0
0
0
0
0
0
0
0
0
0
0
0
12
0
0
29
223
242
222
18
7
0
0
1
0
10
0
5
0
0
0
0
0
0
0
0
0
0
0
0
0
0
6
49
245
255
187
8
0
13
0
0
5
0
0
0
0
0
0
0
0
0
0
0
0
0
0
0
0
12
0
185
255
255
103
3
0
0
0
0
0
0
0
0
0
0
0
0
0
0
0
0
0
0
0
0
1
0
4
193
251
255
148
0
0
0
0
0
0
0
0
0
0
0
0
0
0
0
0
0
0
0
0
0
1
0
5
191
255
160
32
19
0
0
0
0
0
0
0
0
0
0
0
0
0
0
0
0
0
0
0
0
0
7
0
3
0
7
16
0
0
0
0
0
0
0
0
0
0
0
0
0
