5
0
0
0
0
0
0
0
0
0
0
9
0
11
0
2
0
0
9
0
3
0
5
0
3
0
0
0
0
0
0
0
0
0
0
0
0
5
0
0
0
0
0
4
11
0
0
0
0
5
2
3
7
0
0
0
0
0
0
0
0
0
0
0
0
0
12
6
9
17
0
0
0
4
0
10
0
12
0
3
0
0
0
0
0
0
0
0
0
0
0
0
0
0
0
0
0
0
0
3
6
11
0
0
0
0
0
5
0
0
0
0
0
0
0
0
0
0
0
0
0
5
0
16
4
2
0
18
0
0
0
7
18
0
0
1
4
0
0
0
0
0
0
0
0
0
0
0
0
0
24
0
32
249
247
146
156
192
160
146
190
194
195
122
47
0
0
0
0
0
0
0
0
0
0
0
0
0
0
46
185
241
255
253
249
255
248
255
249
196
161
131
95
0
0
0
0
0
0
0
0
0
0
0
0
5
0
70
255
255
255
206
209
174
119
88
34
0
0
12
0
0
0
0
0
5
0
0
4
0
0
0
0
5
41
223
247
249
107
9
0
8
0
0
2
0
0
0
0
0
0
0
0
0
4
5
0
0
0
4
12
0
122
255
254
155
0
13
0
0
8
0
0
17
8
0
8
0
0
0
0
0
6
0
0
9
6
0
0
85
241
247
251
16
0
1
0
20
0
9
8
0
2
23
0
0
0
0
0
0
5
0
0
16
5
0
12
220
255
239
130
0
0
4
2
0
2
6
0
0
0
1
2
0
0
0
0
0
7
1
0
1
0
12
82
254
217
237
107
147
95
62
25
9
0
0
1
13
0
0
11
0
0
0
0
1
1
0
4
2
0
12
72
251
255
254
237
255
254
235
254
200
77
0
0
0
0
2
0
0
0
0
0
5
0
0
4
9
2
0
8
102
192
251
255
254
205
228
253
254
232
100
0
10
4
0
8
0
0
0
0
0
0
2
1
0
2
5
0
3
0
11
0
0
0
9
0
121
243
233
82
0
0
7
2
0
0
0
0
0
0
0
0
0
0
0
0
0
11
5
0
0
0
0
2
0
67
232
206
52
3
0
4
0
0
0
0
0
0
0
0
0
0
0
0
0
0
0
0
0
6
12
0
0
0
134
255
162
0
1
4
0
0
0
0
0
0
0
0
0
0
0
0
6
0
6
4
0
0
6
0
5
14
197
242
201
4
3
0
0
0
0
0
0
0
0
0
0
0
0
0
0
0
3
0
0
4
0
1
0
57
244
249
218
3
0
9
0
0
0
0
0
0
0
0
0
0
0
0
2
5
0
0
10
4
0
9
31
198
255
255
105
0
11
11
0
0
0
0
0
0
0
0
0
0
0
0
0
0
4
0
5
3
7
88
254
255
246
218
47
2
5
0
0
0
0
0
0
0
0
0
0
0
0
0
9
9
82
128
144
157
180
255
250
255
255
110
0
2
5
0
0
0
0
0
0
0
0
0
0
0
0
0
2
0
107
226
255
255
246
247
255
225
88
0
3
9
0
9
0
0
0
0
0
0
0
0
0
0
0
0
4
0
7
46
112
168
186
179
46
29
8
0
0
1
2
0
0
0
0
0
0
0
0
0
0
0
0
0
0
0
0
0
0
6
7
2
6
0
0
0
0
4
2
0
0
0
0
0
0
0
0
0
0
0
0
0
3
10
14
7
0
0
0
0
0
0
0
0
3
2
0
0
0
0
0
0
0
0
0
0
0
0
0
0
0
0
0
0
2
4
3
0
3
4
3
1
0
0
0
0
0
0
0
0
