1
0
0
0
0
0
0
0
0
1
0
0
0
0
2
4
4
8
0
17
0
3
0
7
0
0
0
0
0
0
0
0
0
0
0
0
0
0
0
2
1
0
0
0
0
0
4
0
15
1
6
10
8
0
0
0
0
0
0
0
0
0
0
0
0
0
0
3
3
0
0
0
0
0
11
7
0
20
0
0
0
0
0
0
0
0
0
0
0
0
0
0
0
3
0
0
0
0
0
2
6
8
0
0
11
0
13
11
0
0
0
0
0
0
0
0
0
0
0
0
0
5
0
0
0
4
2
0
1
0
65
199
255
92
0
11
0
0
0
0
0
0
0
0
0
0
0
0
0
2
0
0
5
7
0
0
0
23
194
243
242
226
0
0
23
0
0
0
0
0
0
0
0
0
0
0
0
1
0
0
5
2
0
2
14
159
245
255
224
105
0
5
0
0
0
0
0
0
0
0
0
0
0
0
0
4
0
0
0
0
0
16
44
247
254
248
17
0
2
2
4
0
0
0
0
0
0
0
0
0
0
0
0
0
3
0
10
0
2
0
116
253
255
127
6
1
2
0
0
0
0
0
0
0
0
0
0
0
0
0
0
0
0
14
2
0
0
26
227
252
194
32
0
3
3
0
3
0
0
0
0
0
0
0
0
0
0
0
0
4
0
0
10
5
11
55
247
251
155
0
0
0
4
7
0
0
0
0
0
0
0
0
0
0
0
0
0
0
17
0
5
0
0
133
255
255
114
9
4
0
9
8
0
0
0
0
0
0
0
0
0
0
0
0
0
0
2
24
0
16
25
226
254
234
31
0
1
15
10
0
1
0
0
0
0
0
0
0
0
0
0
0
0
0
0
9
0
0
131
249
251
135
0
2
0
6
1
0
3
0
0
0
0
0
0
0
0
0
0
0
0
7
15
0
0
12
186
248
255
39
0
17
0
0
0
10
0
0
0
0
0
0
0
0
0
0
0
0
0
0
0
0
14
171
244
255
183
11
1
0
10
8
0
11
0
0
0
0
0
0
0
0
0
0
0
0
0
8
0
1
6
255
255
221
42
0
0
0
0
0
0
0
0
0
0
0
0
0
0
0
0
0
0
0
0
0
4
0
134
243
255
184
5
0
0
0
0
0
0
0
0
0
0
0
0
0
0
0
0
0
0
0
0
6
9
68
241
253
251
65
1
0
0
0
0
0
0
0
0
0
0
0
0
0
0
0
0
0
0
0
0
0
2
114
255
255
139
1
0
0
0
0
0
0
0
0
0
0
0
0
0
0
0
0
0
0
0
0
0
5
36
227
255
249
98
0
15
0
0
0
0
0
0
0
0
0
0
0
0
0
0
0
0
0
0
0
0
0
190
247
246
238
19
1
0
0
0
0
0
0
0
0
0
0
0
0
0
0
0
0
0
0
0
0
0
7
199
255
243
174
17
0
6
0
0
0
0
0
0
0
0
0
0
0
0
0
0
0
0
0
0
0
0
0
59
230
252
68
0
8
0
0
0
0
0
0
0
0
0
0
0
0
0
0
0
0
0
0
0
0
0
0
0
0
0
0
0
0
0
0
0
0
0
0
0
0
0
0
0
0
0
0
0
0
0
0
0
0
0
0
0
0
0
0
0
0
0
0
0
0
0
0
0
0
0
0
0
0
0
0
0
0
0
0
0
0
0
0
0
0
0
0
0
0
0
0
0
0
0
0
0
0
0
0
0
0
0
0
0
0
0
0
0
0
0
0
0
0
0
0
0
0
0
0
0
0
0
0
0
0
0
0
0
0
0
