1
0
0
0
0
0
0
0
0
0
1
7
7
0
0
6
0
3
0
1
6
0
11
0
3
0
0
0
0
0
0
0
0
0
0
0
0
5
0
0
6
5
0
0
12
0
9
0
0
0
5
0
4
0
0
0
0
0
0
0
0
0
0
0
0
0
13
0
0
20
0
9
5
0
12
0
0
5
0
4
0
0
0
0
0
0
0
0
0
0
0
0
0
0
0
3
2
0
18
0
0
7
0
1
11
4
0
3
0
0
0
0
0
0
0
0
0
0
0
0
0
0
0
0
0
9
4
245
255
93
17
0
10
0
0
6
0
0
0
0
0
0
0
0
0
0
0
0
0
0
7
10
0
8
0
255
229
226
114
2
1
0
5
9
0
0
0
0
0
0
0
0
0
0
0
0
0
23
0
0
0
0
181
255
255
255
220
8
0
0
2
5
0
0
0
0
0
0
0
0
0
0
0
0
0
0
3
9
0
1
64
235
254
243
255
2
0
9
0
3
0
0
0
0
0
0
0
0
0
0
0
0
0
0
3
0
4
36
204
242
253
252
255
0
0
9
1
0
0
0
0
0
0
0
0
0
0
0
0
0
0
7
10
0
0
208
235
255
251
249
243
0
0
0
5
0
4
0
0
0
0
0
0
0
0
0
0
0
0
0
0
2
0
255
244
255
240
255
249
9
10
0
9
0
3
0
0
0
0
0
0
0
0
0
0
0
0
3
0
12
0
242
252
255
253
247
246
0
0
0
7
0
9
0
0
0
0
0
0
0
0
0
0
0
0
2
13
0
0
255
248
246
255
255
255
6
0
6
0
0
1
0
0
0
0
0
0
0
0
0
0
0
0
0
11
0
114
255
237
255
251
255
232
13
0
13
0
0
0
0
0
0
0
0
0
0
0
0
0
0
0
0
7
90
251
243
251
255
255
235
115
0
0
0
0
9
4
0
0
0
0
0
0
0
0
0
0
0
0
4
1
195
248
255
255
242
251
255
61
4
12
0
0
5
0
0
0
0
0
0
0
0
0
0
0
0
0
0
1
165
172
253
247
255
252
175
0
4
0
3
1
7
0
0
0
0
0
0
0
0
0
0
0
0
0
0
8
222
231
243
228
255
251
158
0
5
4
5
0
0
2
0
0
0
0
0
0
0
0
0
0
0
0
13
0
89
255
255
255
255
248
180
12
0
0
9
0
0
3
0
0
0
0
0
0
0
0
0
0
0
0
0
21
193
243
255
225
251
245
141
13
0
0
6
5
2
3
0
0
0
0
0
0
0
0
0
0
0
0
0
0
205
244
255
255
249
255
27
0
9
3
0
0
0
2
0
0
0
0
0
0
0
0
0
0
0
0
12
0
87
255
239
247
251
255
0
0
9
0
0
2
0
1
0
0
0
0
0
0
0
0
0
0
0
0
0
1
5
106
255
255
255
179
9
5
1
0
0
11
2
3
0
0
0
0
0
0
0
0
0
0
0
0
5
3
0
8
252
250
68
46
0
0
1
1
1
0
0
6
0
0
0
0
0
0
0
0
0
0
0
0
0
0
0
0
0
0
0
0
0
0
0
0
0
0
0
0
0
0
0
0
0
0
0
0
0
0
0
0
0
0
0
0
0
0
0
0
0
0
0
0
0
0
0
0
0
0
0
0
0
0
0
0
0
0
0
0
0
0
0
0
0
0
0
0
0
0
0
0
0
0
0
0
0
0
0
0
0
0
0
0
0
0
0
0
0
0
0
0
0
0
0
0
0
0
0
0
0
0
0
0
0
0
0
0
