5
0
0
0
0
0
0
0
0
0
0
0
0
0
0
0
0
5
3
0
0
0
5
2
0
0
0
0
0
0
0
0
0
0
0
0
0
0
0
0
0
0
0
0
0
0
0
3
1
0
0
4
6
0
0
0
0
0
0
0
0
0
0
0
0
0
0
0
0
0
0
0
0
0
0
3
4
0
0
0
1
0
0
0
0
0
0
0
0
0
0
0
0
0
0
0
0
0
0
0
0
7
0
0
2
4
0
0
0
0
0
0
0
0
0
0
0
0
0
0
0
0
0
0
0
0
0
0
0
3
0
0
1
3
2
2
4
0
0
0
0
0
0
0
0
0
0
0
0
0
0
0
0
0
0
0
0
0
2
6
0
0
0
0
0
0
0
0
0
0
0
0
0
0
0
0
0
0
0
0
0
0
0
0
0
0
4
5
0
4
12
6
0
0
0
0
0
0
0
0
0
0
0
0
0
0
0
0
0
0
0
0
0
0
0
0
2
33
59
40
2
0
0
0
0
0
0
0
0
0
0
0
0
0
5
0
9
0
123
214
241
236
234
234
239
247
244
243
117
0
0
0
0
0
0
0
0
0
0
0
0
17
0
17
1
160
248
255
247
232
235
229
201
168
152
219
228
0
0
0
0
0
0
0
0
0
0
0
0
0
4
3
83
170
144
117
50
5
2
6
1
5
0
0
0
0
0
0
0
0
0
0
0
0
0
0
0
3
35
169
255
76
4
0
10
0
0
7
0
0
6
14
8
0
0
0
0
0
0
0
0
0
0
0
0
29
244
255
71
0
0
0
7
14
0
4
20
0
0
0
0
0
0
0
0
0
0
0
0
0
0
0
0
107
238
177
106
171
192
255
243
203
65
0
0
9
7
0
1
0
0
0
0
0
0
0
0
0
0
0
0
159
255
255
239
253
247
197
224
255
184
29
0
2
1
0
7
0
0
0
0
0
0
0
0
0
0
0
0
44
123
107
98
61
4
13
0
183
255
117
5
0
9
0
0
0
0
0
0
8
0
3
12
0
9
5
0
0
10
0
0
3
1
14
0
68
255
195
0
7
0
5
0
0
0
0
0
0
0
0
1
2
7
0
9
1
4
11
1
0
0
0
6
27
247
199
0
2
0
4
0
0
0
0
0
0
6
0
10
124
156
66
0
0
0
2
0
0
13
0
5
120
255
185
0
8
0
1
0
0
0
0
0
4
7
0
14
179
255
242
195
115
31
0
9
8
0
8
78
255
247
114
0
14
0
0
3
0
0
0
0
0
0
10
0
1
49
157
255
252
240
192
158
140
157
220
255
232
123
22
0
6
0
0
1
0
0
0
0
10
0
8
10
12
7
0
0
108
212
254
255
255
255
239
157
72
4
0
6
0
0
5
0
0
0
0
0
1
0
0
0
0
10
3
0
6
5
19
54
63
36
13
0
0
0
1
9
0
1
3
0
0
0
0
0
0
4
1
9
4
10
0
9
0
0
10
0
0
10
0
0
2
12
4
0
0
5
0
3
0
0
0
0
0
0
0
0
0
0
0
0
0
0
0
0
0
0
0
0
0
0
0
0
0
0
0
0
0
0
0
0
0
0
0
0
0
0
0
0
0
0
0
0
0
0
0
0
0
0
0
0
0
0
0
0
0
0
0
0
0
0
0
0
0
0
0
0
0
0
0
0
0
0
0
0
0
0
0
0
0
0
0
0
0
0
0
0
0
0
0
0
0
0
0
0
0
0
0
0
0
0
0
0
0
0
0
0
0
0
0
0
0
0
0
0
