4
0
0
0
0
0
0
0
0
2
0
0
1
0
0
4
0
0
22
0
0
8
0
5
0
0
0
0
0
0
0
0
0
0
0
0
0
0
5
0
6
7
0
0
0
0
0
0
8
0
0
7
0
0
0
0
0
0
0
0
0
0
0
0
0
0
7
0
0
7
0
0
3
4
0
1
0
0
10
5
0
0
0
0
0
0
0
0
0
0
0
0
0
4
0
0
5
2
0
7
0
6
8
6
4
4
0
0
2
0
0
0
0
0
0
0
0
0
0
0
0
4
0
4
12
0
0
4
0
0
0
0
10
0
0
25
0
0
0
0
0
0
0
0
0
0
0
0
0
6
0
5
0
0
20
1
1
7
10
3
2
7
123
186
20
0
0
0
0
0
0
0
0
0
0
0
0
5
0
2
0
89
129
15
6
0
0
0
0
85
234
212
0
0
0
0
0
0
0
0
0
0
0
0
0
0
4
12
31
222
255
35
0
1
0
7
85
232
255
125
0
0
0
0
0
0
5
12
0
0
0
15
0
0
15
0
169
255
185
17
0
0
11
0
132
255
207
0
8
0
0
0
0
7
0
0
0
10
0
3
0
0
0
136
241
207
13
6
5
0
0
33
198
247
171
0
0
0
0
0
0
5
0
2
2
4
0
9
10
13
87
241
255
57
17
0
5
13
0
141
253
235
68
9
0
0
0
0
0
0
0
8
0
0
1
0
0
0
203
237
141
0
0
18
0
0
16
204
253
154
0
0
0
0
0
0
0
3
0
2
0
0
2
0
5
154
247
189
12
4
3
0
0
5
144
250
255
71
16
0
9
0
0
0
0
5
0
0
5
0
0
20
146
240
250
39
0
0
2
13
9
8
227
255
175
2
9
0
0
0
0
0
0
0
2
1
3
0
0
44
238
255
231
143
69
17
0
0
0
114
255
232
76
0
0
8
4
0
0
0
0
0
8
0
0
9
5
11
178
239
251
253
255
218
154
88
85
237
255
118
4
0
7
0
3
0
0
0
0
0
0
0
0
0
0
0
0
16
81
172
221
255
246
255
254
249
246
40
14
0
2
1
1
0
0
0
0
0
0
0
0
0
0
0
0
3
1
0
11
83
157
184
254
255
141
0
0
0
0
0
6
0
0
0
0
0
0
0
0
0
0
0
0
0
16
14
4
0
11
145
255
240
43
0
0
6
0
0
1
0
0
0
0
0
0
0
0
0
0
0
0
5
0
0
9
3
20
255
255
144
1
7
3
1
0
5
0
0
0
0
0
0
0
0
0
0
0
0
0
11
6
0
14
0
31
255
232
36
0
5
3
0
0
8
0
0
0
0
0
0
0
0
0
0
0
0
0
0
1
0
4
12
162
255
210
1
2
0
0
1
0
0
2
0
0
0
0
0
0
0
0
0
0
0
0
0
7
0
0
21
236
246
127
7
6
2
0
6
0
0
3
0
0
0
0
0
0
0
0
0
0
0
0
3
0
0
9
58
255
251
0
0
0
18
0
2
3
0
4
0
0
0
0
0
0
0
0
0
0
0
0
2
0
3
0
47
208
201
5
0
0
0
0
0
0
0
0
0
0
0
0
0
0
0
0
0
0
0
0
2
0
6
17
0
0
10
2
0
0
0
0
0
0
0
0
0
0
0
0
0
0
0
0
0
0
0
0
0
11
3
0
0
0
0
0
0
0
0
0
0
0
0
0
0
0
0
0
0
0
0
0
0
0
0
0
0
9
0
0
8
6
0
10
0
0
0
0
0
0
0
0
0
0
0
0
