4
0
0
0
0
0
0
0
0
1
0
0
8
0
0
3
5
3
0
7
10
0
4
4
0
0
0
0
0
0
0
0
0
0
0
0
0
2
0
1
15
1
0
0
0
0
6
4
0
8
0
0
8
0
0
0
0
0
0
0
0
0
0
0
0
5
0
0
0
0
0
2
0
4
10
0
0
6
10
4
0
0
0
0
0
0
0
0
0
0
0
0
0
12
3
5
0
1
0
1
2
0
0
5
23
0
0
6
14
0
0
0
0
0
0
0
0
0
0
0
0
0
7
0
0
5
0
0
0
4
0
6
0
2
1
0
0
0
0
0
0
0
0
0
0
0
0
0
0
32
89
9
0
3
0
0
3
0
109
205
38
15
0
12
16
0
0
0
0
0
0
0
0
0
0
0
0
154
225
53
7
4
0
0
0
0
99
255
107
2
0
5
0
0
0
0
0
0
0
0
0
0
0
0
0
152
243
33
0
0
4
0
0
0
8
250
229
14
0
0
7
0
0
0
0
5
0
1
8
0
0
9
18
247
233
3
5
3
0
0
0
0
0
255
229
0
0
6
0
0
0
0
0
3
0
0
5
0
0
0
87
254
242
0
0
0
0
3
1
6
10
251
233
10
5
2
0
0
0
0
0
0
10
0
0
0
12
0
115
255
225
1
4
3
3
4
0
0
17
244
224
0
0
0
2
0
0
0
0
0
9
0
6
0
0
17
171
253
140
0
0
4
0
1
0
0
0
255
239
14
6
6
6
0
0
0
0
5
0
0
19
0
0
120
255
227
46
0
0
5
0
6
8
24
0
255
217
0
0
0
0
0
0
0
0
1
0
0
3
0
76
232
240
134
0
5
0
4
0
0
0
0
0
255
232
0
1
10
7
0
0
0
0
0
5
1
0
1
165
255
173
12
0
6
0
3
13
12
10
0
30
236
239
9
0
0
0
0
0
0
0
0
0
0
7
0
173
247
184
103
176
163
143
163
217
241
254
254
247
255
231
2
6
0
2
0
0
0
0
6
0
2
0
19
156
255
254
255
255
249
250
255
255
255
248
254
247
255
248
124
9
0
5
0
0
0
0
0
0
17
5
0
28
123
167
161
167
176
181
172
145
108
82
73
79
255
244
170
0
16
0
0
0
0
0
3
0
0
9
6
3
8
8
11
9
7
7
5
2
0
0
0
0
162
239
91
11
0
0
0
0
0
0
8
7
0
0
0
3
0
0
0
0
0
0
0
0
1
3
1
7
152
255
93
0
0
18
0
0
0
0
0
12
8
0
0
3
6
10
0
4
8
8
5
0
0
0
2
0
50
238
131
8
0
0
0
0
0
0
0
0
0
4
15
9
0
0
5
2
0
0
0
0
7
13
2
0
74
226
187
0
16
16
0
0
0
0
9
5
3
0
0
0
0
15
1
2
3
4
3
0
0
0
0
0
56
255
173
16
0
0
0
0
0
0
1
0
0
0
0
7
7
0
2
0
0
0
0
2
3
3
6
0
109
255
163
0
5
4
0
0
0
0
0
0
0
0
0
0
0
0
0
0
0
0
0
0
0
0
2
0
73
180
68
8
0
9
0
0
0
0
0
0
0
0
0
0
0
0
0
0
0
0
0
0
0
0
14
0
0
25
0
0
0
0
0
0
0
0
0
0
0
0
0
0
0
0
0
0
0
0
0
0
0
0
0
7
0
0
2
11
0
0
0
0
0
0
0
0
0
0
0
0
0
0
0
0
0
0
0
0
0
0
0
9
11
0
5
0
0
12
0
0
0
0
