1
0
0
0
0
0
0
0
0
3
0
8
0
5
4
0
0
0
0
0
0
0
1
0
0
0
0
0
0
0
0
0
0
0
0
0
0
2
8
9
0
0
3
0
10
0
0
0
0
0
1
1
0
0
0
0
0
0
0
0
0
0
0
0
0
0
0
0
1
1
9
0
0
1
0
0
0
0
1
1
1
0
0
0
0
0
0
0
0
0
0
0
0
8
13
0
7
4
0
0
11
5
0
0
0
1
1
1
2
0
0
0
0
0
0
0
0
0
0
0
0
0
0
0
0
6
0
133
201
11
1
0
0
2
1
0
2
0
0
0
0
0
0
0
0
0
0
0
0
12
4
7
0
6
14
209
255
17
4
0
0
2
0
0
2
0
0
0
0
0
0
0
0
0
0
0
0
1
0
0
0
10
59
255
255
22
6
0
0
2
0
0
1
0
0
0
0
0
0
0
0
0
0
0
0
0
6
0
6
0
73
255
246
25
7
0
0
3
0
0
0
0
0
0
0
0
0
0
0
0
0
0
0
3
0
0
0
8
56
249
255
25
6
0
0
3
0
0
1
0
0
0
0
0
0
0
0
0
0
0
0
0
2
8
2
0
32
237
245
20
5
0
0
2
0
0
2
0
0
0
0
0
0
0
0
0
0
0
0
0
2
0
0
3
40
239
217
11
2
0
1
1
0
0
2
0
0
0
0
0
0
0
0
0
0
0
0
3
1
0
0
10
67
253
202
3
0
0
2
1
0
0
2
0
0
0
0
0
0
0
0
0
0
0
0
0
3
8
0
4
95
255
197
0
0
1
2
0
0
0
2
0
0
0
0
0
0
0
0
0
0
0
0
1
0
4
0
4
148
255
162
0
0
1
2
0
0
0
0
0
0
0
0
0
0
0
0
0
0
0
0
10
0
0
0
9
205
253
122
1
1
1
0
1
1
1
0
0
0
0
0
0
0
0
0
0
0
0
0
0
0
11
3
4
224
246
114
3
2
1
0
1
3
2
0
0
0
0
0
3
0
0
2
0
0
0
0
0
0
0
7
48
249
255
67
0
0
0
0
0
0
0
0
0
0
0
0
0
0
1
3
0
0
6
16
4
11
10
0
37
253
241
28
0
0
0
0
0
0
0
0
0
0
0
0
0
0
1
2
0
0
12
27
5
0
0
0
50
255
216
2
0
0
0
0
0
0
0
0
0
0
0
0
1
0
0
0
0
0
6
16
0
0
3
18
100
253
181
2
0
0
0
0
0
0
0
0
0
0
0
0
5
0
0
0
0
0
0
1
14
0
0
3
117
255
255
162
0
0
0
0
0
0
0
0
0
0
0
0
5
0
0
1
5
3
0
0
0
0
4
4
159
252
217
52
0
0
0
0
0
0
0
0
0
0
0
0
1
0
0
2
4
2
0
1
4
10
4
0
204
255
225
13
0
0
0
0
0
0
0
0
0
0
0
0
0
0
0
1
0
0
0
3
0
7
1
0
199
229
218
19
0
0
0
0
0
0
0
0
0
0
0
0
0
0
0
0
0
0
0
0
0
0
0
0
0
0
0
0
0
0
0
0
0
0
0
0
0
0
0
0
0
0
0
0
0
0
0
0
0
0
0
0
0
0
0
0
0
0
0
0
0
0
0
0
0
0
0
0
0
0
0
0
0
0
0
0
0
0
0
0
0
0
0
0
0
0
0
0
0
0
0
0
0
0
0
0
0
0
0
0
0
0
0
0
0
0
0
0
0
0
0
0
0
0
0
0
0
0
0
0
0
0
0
0
