0
0
0
0
0
0
0
0
0
1
0
0
0
0
1
5
0
6
5
0
0
15
0
0
10
0
0
0
0
0
0
0
0
0
0
0
0
0
0
5
4
0
0
2
0
0
0
5
19
0
0
4
0
0
0
0
0
0
0
0
0
0
0
0
0
3
0
0
0
0
3
7
6
0
3
0
0
5
12
4
0
0
0
0
0
0
0
0
0
0
0
0
0
0
4
4
0
0
0
0
0
2
2
6
0
12
0
0
4
0
0
0
0
0
0
0
0
0
0
0
0
0
5
0
13
121
239
255
250
108
14
0
9
13
12
19
0
0
0
0
0
0
0
0
0
0
0
0
0
9
7
57
175
255
250
227
253
255
222
148
118
4
0
0
13
0
0
0
0
0
0
0
0
0
0
0
0
7
151
245
247
247
255
255
255
234
255
255
255
214
162
55
0
0
0
0
0
0
0
0
0
0
0
0
0
152
236
255
245
252
255
251
247
255
237
255
239
255
255
205
46
0
0
0
0
3
6
0
11
0
0
0
69
248
255
249
255
191
75
216
252
197
196
175
238
255
238
255
145
0
3
13
0
0
0
0
0
0
6
14
174
253
255
234
134
31
8
33
57
3
0
8
83
166
255
234
180
4
0
1
0
0
2
10
4
4
0
102
255
244
255
204
19
0
0
0
0
3
0
0
0
70
250
255
250
58
0
2
0
2
0
0
1
0
0
201
252
252
251
122
0
10
0
11
5
0
11
12
0
10
137
250
245
118
12
3
1
0
6
0
0
0
87
252
236
255
223
23
16
0
0
0
6
2
0
0
6
0
102
248
255
134
3
0
0
0
22
0
1
10
227
250
255
249
139
0
4
0
15
0
15
16
0
0
6
0
191
255
252
131
0
0
0
0
6
0
0
4
255
239
255
253
74
4
0
1
0
0
0
0
0
15
12
57
255
255
238
130
3
4
1
11
0
0
5
6
241
255
248
255
64
0
13
0
0
15
0
9
0
0
0
87
242
245
255
123
1
0
0
0
0
0
7
0
250
255
242
243
85
1
0
0
0
0
0
6
0
3
57
229
255
255
178
0
0
0
0
9
0
10
3
0
255
236
255
255
63
0
16
0
26
0
1
0
18
57
231
255
247
240
135
0
0
0
0
0
11
0
2
12
250
255
238
254
169
25
0
0
0
0
14
0
111
255
247
244
250
168
0
0
0
0
0
1
10
0
0
17
195
254
253
246
254
181
0
18
20
0
38
144
255
237
249
255
147
17
0
0
0
0
0
0
13
0
5
15
33
199
255
255
253
235
226
202
79
145
224
255
247
255
249
150
8
0
5
0
0
0
0
10
0
26
0
0
0
54
162
254
255
255
245
249
255
246
255
253
241
247
59
23
0
4
0
0
0
0
0
0
3
10
0
4
0
3
21
158
250
249
255
244
245
255
248
255
158
20
2
0
0
22
1
0
0
0
0
0
8
0
1
10
0
0
2
4
6
107
226
250
255
244
138
65
4
0
0
10
6
0
1
0
0
0
0
0
0
0
0
0
0
0
0
0
0
0
0
0
0
0
0
0
0
0
0
0
0
0
0
0
0
0
0
0
0
0
0
0
0
0
0
0
0
0
0
0
0
0
0
0
0
0
0
0
0
0
0
0
0
0
0
0
0
0
0
0
0
0
0
0
0
0
0
0
0
0
0
0
0
0
0
0
0
0
0
0
0
0
0
0
0
0
0
0
0
0
0
0
0
0
0
0
0
0
0
0
0
0
0
0
0
0
0
0
0
0
0
