5
5
0
7
0
8
7
0
0
3
1
2
3
2
0
1
4
9
0
0
16
0
7
7
0
0
0
0
0
6
0
0
0
1
0
1
0
8
0
0
3
3
0
0
6
0
15
0
0
3
0
0
21
0
0
0
0
0
4
0
6
0
0
14
5
0
0
3
6
3
0
0
5
5
0
0
0
6
2
0
0
0
0
0
0
0
8
0
1
1
0
0
0
0
0
0
0
0
12
3
0
0
0
11
12
1
0
8
1
0
0
0
0
4
2
0
0
15
0
0
22
5
7
5
0
0
0
5
16
0
11
0
0
4
2
0
4
0
0
0
0
5
0
0
2
3
0
87
179
162
104
54
40
27
0
0
0
0
5
5
16
0
6
0
2
0
0
0
0
0
0
4
5
0
3
209
235
95
147
220
255
227
172
153
167
169
173
187
167
7
0
3
0
0
0
0
0
2
4
0
1
0
33
251
120
0
0
4
31
96
164
190
181
181
167
115
97
0
10
0
0
0
0
0
0
0
2
4
6
0
31
247
95
1
0
0
5
2
0
0
6
3
0
9
2
0
3
3
0
0
0
0
0
0
0
0
0
11
67
255
90
0
18
4
0
7
2
0
0
0
3
0
0
11
0
0
0
0
0
0
0
12
0
3
9
0
34
255
91
0
0
0
6
0
0
9
4
9
0
14
15
0
0
1
2
0
0
0
0
0
0
0
2
0
28
243
60
9
0
2
8
19
50
62
41
64
12
3
0
0
25
0
0
0
0
0
0
9
11
5
1
12
74
255
44
0
99
143
172
231
214
184
230
210
183
188
100
8
2
0
0
0
0
0
0
2
0
0
0
0
15
248
129
183
241
173
51
25
25
0
0
0
12
49
206
180
16
12
5
0
0
0
0
0
0
0
21
2
0
255
241
184
49
0
10
14
0
0
3
2
0
13
12
160
238
70
0
0
0
0
0
1
12
0
0
0
10
235
148
7
0
1
8
0
0
3
6
0
3
0
13
0
117
254
46
0
0
0
0
0
1
1
0
1
11
17
16
0
1
0
0
5
6
1
2
8
0
0
7
3
0
155
197
0
0
2
0
0
3
1
0
0
3
6
4
0
7
9
1
0
0
0
1
0
5
5
0
0
0
26
255
4
0
0
0
1
2
1
0
0
0
0
0
0
0
2
3
0
6
4
0
15
0
0
8
0
10
23
245
31
11
0
0
0
0
1
0
1
2
1
0
15
0
0
0
0
3
11
4
0
0
11
0
6
8
53
255
37
13
0
1
0
0
0
3
4
3
2
3
0
0
0
6
1
0
0
0
9
9
0
4
4
6
180
182
11
0
0
0
2
0
0
2
2
0
0
0
6
10
0
0
8
12
5
7
0
7
0
11
0
105
255
80
0
0
0
2
4
0
0
2
1
0
0
0
1
48
33
0
0
0
0
0
2
0
5
0
120
255
118
2
2
3
4
3
5
0
0
3
2
0
0
4
0
157
225
170
118
65
13
2
12
106
143
222
239
94
4
1
0
0
0
0
0
0
0
0
0
0
0
0
0
1
39
122
165
194
229
205
165
137
93
47
14
0
0
0
0
0
0
0
0
0
0
0
0
0
0
0
6
0
0
12
2
0
8
0
4
4
3
2
1
1
1
1
0
0
0
0
0
0
0
0
0
0
0
0
10
0
0
9
0
0
14
6
0
0
0
0
0
0
0
0
0
0
0
0
0
0
0
0
0
0
0
0
4
0
1
8
0
0
0
0
12
8
3
0
0
0
0
3
0
0
0
0
