0
0
0
7
0
0
7
0
8
0
1
5
5
0
1
4
0
0
9
2
0
4
5
0
1
0
0
0
0
5
0
0
0
4
6
0
0
5
0
3
0
0
0
8
1
0
3
0
8
0
2
1
8
0
0
0
0
6
0
0
4
2
0
7
0
0
0
1
8
12
4
0
0
29
0
0
3
9
0
5
0
0
0
0
0
0
1
0
3
0
0
13
1
15
12
0
2
0
3
0
11
0
0
21
0
0
0
10
0
0
0
0
0
0
2
0
0
0
0
3
0
0
0
2
0
10
0
0
0
10
15
0
0
2
7
0
5
0
0
0
0
5
0
0
0
5
6
0
9
5
0
17
0
97
123
218
253
195
110
39
0
26
0
3
0
0
0
0
0
8
0
6
0
6
2
0
96
231
222
220
165
234
224
255
254
255
248
217
55
0
0
35
0
0
0
0
0
4
0
15
0
0
0
17
194
242
255
249
239
255
255
217
193
246
255
251
224
4
0
0
5
0
0
0
0
0
3
0
12
0
3
64
230
250
246
253
255
253
240
131
0
124
227
247
255
168
22
0
0
0
0
0
0
0
1
0
4
0
8
78
252
251
255
237
232
248
238
41
19
0
52
255
245
248
111
0
7
0
0
0
0
1
0
0
0
0
5
85
255
253
255
254
201
248
240
0
0
6
0
177
239
247
225
2
0
0
0
0
0
0
0
5
0
0
0
93
247
236
255
205
17
59
158
73
6
0
2
126
253
255
243
102
7
0
0
0
0
1
1
7
0
2
0
131
250
255
244
105
16
4
0
3
0
8
0
0
159
250
251
213
13
0
0
0
0
2
4
2
0
1
3
191
255
241
255
12
0
0
0
14
9
0
10
13
135
254
255
253
80
0
0
0
0
0
5
0
2
0
1
234
255
255
255
0
2
13
0
0
0
12
0
0
0
252
237
255
161
0
0
0
0
0
5
0
6
0
0
246
234
251
239
20
0
0
4
6
1
0
9
3
8
251
255
238
231
0
0
0
0
0
0
6
0
0
15
157
255
254
254
0
11
4
0
5
0
0
8
0
4
255
254
238
185
0
0
0
0
5
0
4
4
0
0
109
246
249
250
2
3
0
15
3
5
14
0
0
0
244
253
255
76
0
0
0
0
5
0
0
5
0
0
73
250
255
253
16
0
2
0
11
0
0
0
14
110
255
255
255
77
0
0
0
0
4
0
0
0
2
9
45
225
255
233
153
0
9
3
0
6
11
1
99
255
255
240
216
45
0
0
0
0
2
6
0
0
0
6
4
134
243
255
195
8
3
0
6
0
31
150
253
248
255
208
120
0
0
0
0
0
0
4
4
0
2
2
0
42
237
247
250
74
0
12
0
105
219
246
243
253
255
129
0
3
0
0
0
0
0
0
4
0
7
0
0
2
129
247
255
220
102
57
122
248
255
246
234
205
37
10
5
0
0
0
0
0
8
0
1
0
3
0
13
0
14
163
239
251
255
241
245
225
220
126
12
0
12
0
8
0
0
0
0
0
0
0
0
0
0
0
0
0
2
6
105
119
213
239
40
1
0
0
0
0
0
0
0
0
0
0
0
0
0
0
0
0
0
0
0
0
0
7
0
0
10
17
0
0
0
0
0
0
0
0
0
0
0
0
0
0
0
0
0
0
0
0
0
0
0
27
0
2
1
0
8
4
0
0
0
0
0
0
0
0
0
0
0
0
0
0
0
0
0
0
0
0
0
0
0
3
4
4
0
0
0
0
0
0
0
0
0
0
0
0
0
0
