2
0
0
0
0
0
0
0
0
0
0
0
0
5
0
0
8
2
4
1
0
1
6
2
0
0
0
0
0
0
0
0
0
0
0
0
0
5
3
0
0
0
0
0
0
0
0
3
0
0
0
2
5
0
0
0
0
0
0
0
0
0
0
0
0
0
1
0
0
6
7
2
5
6
0
0
0
1
0
0
0
0
0
0
0
0
0
0
0
0
0
0
0
0
6
7
0
0
0
0
0
2
0
0
5
9
5
2
2
0
0
0
0
0
0
0
0
0
0
0
0
0
3
0
0
1
0
0
9
0
0
2
3
0
0
0
0
0
0
0
0
0
0
0
0
0
0
0
0
0
0
0
4
12
1
0
2
11
4
0
0
5
15
11
2
0
0
0
0
0
0
0
0
0
0
0
0
4
1
0
3
0
0
12
60
58
47
19
0
0
0
0
0
0
0
0
0
0
0
0
0
0
0
0
0
0
0
0
0
0
28
132
250
251
254
210
114
26
0
0
7
0
0
0
0
0
1
0
0
0
10
8
0
0
10
0
8
89
224
255
250
255
236
241
255
84
0
0
8
0
0
0
0
2
5
5
0
0
0
0
0
8
0
71
211
255
255
228
209
45
92
235
222
49
8
0
0
0
0
0
0
0
0
0
6
10
6
3
4
0
88
223
255
214
173
109
0
0
105
247
233
63
0
18
0
0
0
0
0
0
0
0
0
0
0
0
0
0
34
150
170
85
0
0
6
59
223
242
229
8
1
0
0
0
0
0
0
0
8
9
0
0
0
6
10
19
0
0
0
2
0
8
0
130
250
255
88
0
9
0
2
0
0
0
0
0
0
0
2
8
11
3
0
0
0
14
1
0
0
43
94
249
249
185
0
17
0
18
0
0
0
0
0
7
0
0
0
2
0
0
6
8
3
0
0
0
67
179
255
255
194
20
9
0
2
0
0
0
0
0
0
6
0
3
10
0
0
62
152
157
120
159
254
253
255
255
247
139
44
0
0
3
8
0
10
0
0
0
0
7
0
2
5
18
162
239
255
255
238
255
250
247
255
255
228
88
0
18
5
1
5
0
11
0
0
0
0
0
11
0
0
220
255
251
237
245
255
255
241
180
229
243
255
183
88
7
0
0
5
16
0
0
0
0
0
0
3
0
0
194
222
255
255
234
152
116
34
7
22
148
246
255
248
199
105
25
14
5
4
0
0
0
0
2
0
12
1
4
0
74
68
32
0
0
12
0
0
26
99
199
244
255
255
253
255
157
91
0
0
0
0
0
2
0
13
1
0
6
0
5
1
5
7
0
6
0
0
28
132
135
213
251
241
216
143
0
0
0
0
13
2
0
0
6
0
2
0
0
0
10
0
10
2
11
6
0
7
0
0
28
35
30
3
0
0
0
0
0
0
7
6
0
0
8
6
4
3
0
15
0
5
0
3
5
0
20
0
5
13
0
0
0
0
0
0
5
1
0
2
0
16
0
2
0
1
11
0
2
9
3
0
0
5
0
0
5
0
9
0
0
0
0
0
0
0
0
0
0
0
0
0
0
0
0
0
0
0
0
0
0
0
0
0
0
0
0
0
0
0
0
0
0
0
0
0
0
0
0
0
0
0
0
0
0
0
0
0
0
0
0
0
0
0
0
0
0
0
0
0
0
0
0
0
0
0
0
0
0
0
0
0
0
0
0
0
0
0
0
0
0
0
0
0
0
0
0
0
0
0
0
0
0
0
0
0
0
0
0
0
0
0
0
0
0
0
0
0
0
0
0
0
0
0
0
0
