0
0
0
0
0
0
0
0
0
4
0
0
5
0
7
0
0
1
3
9
0
5
0
0
8
0
0
0
0
0
0
0
0
0
0
0
0
9
0
7
0
2
0
19
0
0
0
7
0
12
5
4
0
0
0
0
0
0
0
0
0
0
0
0
0
0
34
0
2
4
2
0
3
8
0
0
0
0
0
3
2
0
0
0
0
0
0
0
0
0
0
0
0
4
0
24
0
0
23
0
0
3
0
0
13
9
0
0
4
0
0
0
0
0
0
0
0
0
0
0
0
4
0
0
0
6
0
0
0
8
0
0
4
0
0
5
3
0
0
0
0
0
0
0
0
0
0
0
0
0
0
98
251
152
124
143
41
0
3
7
5
0
14
10
0
0
0
0
0
0
0
0
0
0
0
0
0
2
48
240
240
252
255
233
246
255
229
173
99
0
0
3
1
0
0
0
0
0
0
0
0
0
0
0
0
0
219
255
248
254
253
253
255
250
252
255
232
94
13
0
5
0
0
0
0
0
5
0
0
0
0
10
1
43
235
255
246
229
53
0
26
111
165
214
240
255
151
3
0
0
0
0
0
0
4
0
0
8
0
0
0
169
252
252
208
41
0
6
0
5
0
207
231
241
244
41
2
0
0
0
0
0
6
1
0
0
0
6
49
231
248
167
45
0
10
0
4
44
240
255
80
129
251
97
0
0
0
0
0
0
1
0
0
0
0
10
102
255
255
53
0
8
0
17
0
90
255
210
10
29
254
155
1
0
0
0
0
3
0
0
1
9
9
0
107
255
245
27
1
1
0
0
99
255
226
89
5
20
252
190
8
0
0
0
0
6
0
0
3
3
5
0
161
249
183
22
0
4
21
75
243
242
157
0
5
126
255
118
0
0
0
0
0
3
0
7
4
0
0
8
230
255
107
0
12
2
42
255
242
225
17
3
48
204
248
22
10
0
0
0
0
1
0
2
5
0
4
5
236
242
37
9
0
0
178
242
255
167
8
0
61
255
201
5
0
0
0
0
0
0
2
0
0
0
0
90
244
255
19
1
15
76
230
255
179
15
1
13
178
248
112
0
7
0
0
0
0
1
7
0
6
0
6
107
255
241
28
0
4
233
255
245
54
0
5
136
251
255
78
1
6
0
0
0
0
0
6
0
11
0
1
88
251
255
38
21
163
250
226
95
0
5
48
217
235
123
3
8
0
0
0
0
0
0
2
0
8
0
0
31
238
251
32
52
243
255
158
7
0
46
224
249
213
0
7
0
10
0
0
0
0
3
3
0
0
6
2
0
231
255
153
44
195
177
43
0
56
220
255
129
0
6
0
0
0
0
0
0
0
6
0
2
0
7
8
0
191
251
245
139
15
4
41
173
224
255
193
41
0
11
3
0
2
0
0
0
0
1
0
2
0
0
2
0
94
240
255
244
253
175
228
235
255
225
41
0
0
0
0
16
0
0
0
0
0
0
0
7
10
0
0
5
5
45
237
254
252
249
255
249
152
97
0
15
0
0
13
0
2
0
0
0
0
0
0
0
0
0
0
0
0
0
63
167
247
249
174
73
5
0
0
0
0
0
0
0
0
0
0
0
0
0
0
0
0
0
0
0
0
0
0
0
0
0
0
0
5
0
0
0
0
0
0
0
0
0
0
0
0
0
0
0
0
0
0
0
0
2
1
3
7
7
2
0
0
0
0
0
0
0
0
0
0
0
0
0
0
0
0
0
0
0
0
0
0
1
0
0
0
0
0
0
0
0
0
0
0
0
0
0
0
0
0
0
0
