3
0
0
0
0
0
0
0
0
5
0
0
11
2
0
5
0
0
0
0
8
0
11
0
0
0
0
0
0
0
0
0
0
0
0
0
0
5
0
0
0
1
0
14
10
16
7
2
3
0
0
0
15
0
0
0
0
0
0
0
0
0
0
0
0
0
0
2
0
8
0
0
0
0
0
0
7
1
0
1
0
0
0
0
0
0
0
0
0
0
0
0
0
0
11
9
0
0
0
0
19
8
9
5
8
0
0
0
0
0
0
0
0
0
0
0
0
0
0
0
0
0
3
0
3
0
25
0
0
0
0
0
7
3
14
0
0
0
0
0
0
0
0
0
0
0
0
0
0
6
3
0
0
4
89
140
228
247
177
42
0
0
8
0
13
0
0
0
0
0
0
0
0
0
0
0
0
8
0
35
103
191
255
254
255
250
252
139
0
3
9
0
0
0
0
0
0
0
0
0
0
0
0
0
0
0
31
202
246
234
132
49
8
92
244
235
12
0
0
14
0
0
0
0
0
0
0
0
0
0
0
0
0
0
9
131
66
23
0
0
3
103
253
162
0
2
13
0
8
0
0
0
0
0
0
0
0
0
0
0
0
3
0
22
0
0
0
11
97
255
245
26
4
0
1
0
1
0
0
0
0
0
0
0
0
0
0
0
0
6
0
0
12
0
0
204
248
223
76
0
28
0
0
3
3
0
0
0
0
0
0
0
0
0
0
0
0
0
18
0
3
45
203
236
201
98
0
7
0
0
10
4
0
0
0
0
0
0
0
0
0
0
0
0
0
11
0
2
116
255
249
224
100
0
27
0
0
0
0
0
0
0
0
0
0
0
0
0
0
0
0
0
0
0
56
196
255
235
255
161
69
5
1
2
10
9
0
6
8
0
0
0
0
0
0
0
0
0
0
0
0
9
162
255
248
255
232
254
255
191
65
7
0
0
6
6
0
0
0
0
0
0
0
0
0
0
0
0
0
0
81
120
53
40
60
154
187
255
243
18
7
0
10
0
13
0
0
0
0
0
0
0
1
8
1
0
3
2
0
6
6
0
4
0
9
248
255
26
2
4
0
0
11
0
0
0
0
5
13
11
0
0
0
0
2
2
0
9
0
13
0
0
68
235
237
43
0
0
10
4
0
0
0
0
0
0
0
0
1
0
6
8
0
8
0
3
4
0
12
21
189
255
169
9
0
4
5
0
0
0
0
0
0
10
0
0
12
7
0
0
0
0
16
6
4
0
0
193
255
226
70
0
0
13
0
0
10
0
0
0
0
3
0
3
5
0
0
0
8
0
7
0
1
43
208
249
202
73
0
1
5
0
0
2
4
0
0
0
0
0
4
0
0
3
10
0
0
3
6
22
61
212
255
213
96
5
0
10
2
0
6
7
0
0
0
0
0
7
16
0
0
12
1
0
18
7
62
212
255
255
195
17
0
17
0
0
1
0
7
0
3
0
0
0
0
0
4
0
0
6
0
29
158
255
246
255
215
91
13
8
0
0
4
3
5
0
5
0
4
0
0
0
0
0
0
2
6
0
0
69
155
227
171
92
28
0
0
0
3
0
0
0
0
0
0
0
0
0
0
0
0
9
0
0
0
0
0
0
0
9
5
1
1
3
1
0
0
0
0
0
0
0
0
0
0
0
0
0
0
0
0
1
1
6
11
3
0
0
0
0
0
0
1
7
12
0
0
0
0
0
0
0
0
0
0
0
0
0
7
9
0
0
0
7
10
1
3
2
0
0
0
0
0
0
0
0
0
0
0
0
0
0
0
0
0
