3
0
5
0
0
10
0
0
4
2
0
0
2
0
4
8
2
2
0
5
0
0
4
0
7
0
0
0
0
0
5
0
0
1
0
0
1
0
0
6
9
0
0
0
0
0
0
2
2
5
0
0
0
0
0
0
0
0
3
1
0
0
4
2
0
0
0
0
0
0
0
13
16
0
2
0
0
5
1
7
9
0
0
0
0
2
0
4
0
0
9
0
0
0
0
1
4
0
0
0
0
3
13
3
0
0
0
5
0
0
0
0
0
3
0
5
0
1
5
0
10
7
0
0
2
1
7
10
2
0
0
7
0
6
0
7
0
0
0
0
0
4
0
5
0
1
0
3
75
85
125
200
255
255
233
167
108
53
0
3
0
4
0
13
0
0
0
0
0
3
0
5
0
1
0
37
182
255
250
247
248
247
254
255
252
188
14
4
0
0
0
0
0
0
0
0
0
1
0
5
0
3
3
73
255
251
247
254
255
255
255
255
250
242
0
0
0
13
0
0
5
0
0
0
0
0
10
0
0
11
0
17
114
153
160
165
147
34
115
244
255
230
15
0
0
15
0
9
0
0
0
0
0
0
7
0
0
15
0
0
23
8
0
0
3
0
149
255
247
235
2
6
0
0
0
0
0
0
0
0
0
0
6
0
0
3
3
0
0
0
0
7
0
3
171
249
255
239
0
0
5
0
12
0
9
0
0
0
0
0
3
3
0
0
2
11
6
3
0
1
0
39
207
239
255
235
27
0
0
1
6
0
8
0
0
0
0
0
0
5
8
0
0
3
0
0
0
3
0
69
253
255
255
250
155
67
0
4
0
0
2
0
0
0
0
6
0
0
3
3
2
0
0
0
9
10
0
71
255
255
243
252
255
168
8
0
2
6
4
0
0
0
0
6
0
0
0
0
5
5
3
5
0
0
0
69
227
217
190
240
255
195
0
0
0
2
0
0
0
0
0
0
6
7
0
0
1
0
0
2
0
2
7
0
48
46
71
255
239
193
7
0
1
0
1
0
0
0
0
0
0
0
0
0
0
0
0
0
5
3
0
13
7
0
155
249
255
105
0
0
0
9
0
0
0
0
0
0
0
0
0
0
0
0
0
0
2
10
0
0
4
12
218
249
248
58
0
8
0
2
0
0
0
0
0
0
0
0
0
0
0
0
0
8
0
9
0
19
0
0
222
248
255
30
0
6
0
0
0
0
0
0
0
0
0
0
0
0
0
0
0
6
43
31
7
0
11
0
228
251
255
36
5
0
0
1
0
0
0
0
0
0
0
0
0
0
0
0
0
0
90
209
30
4
0
109
241
255
224
26
8
0
1
0
1
0
0
0
0
0
0
0
0
0
0
0
0
3
85
249
113
16
17
200
255
253
121
0
4
3
3
0
6
0
0
0
0
0
0
0
0
0
0
0
0
11
36
229
255
248
164
255
243
229
26
0
0
3
3
0
5
0
0
0
0
0
0
0
0
0
0
0
0
0
4
61
222
255
251
249
255
204
0
17
0
0
2
1
0
0
0
0
0
0
0
0
0
0
0
0
0
8
0
8
132
242
255
248
211
24
12
0
0
0
4
1
0
0
0
0
0
0
0
0
0
0
0
0
0
3
0
0
10
15
0
0
0
9
3
0
0
2
5
4
0
0
0
0
0
0
0
0
0
0
0
0
0
0
3
1
0
0
0
13
10
0
0
0
0
3
4
2
0
0
0
0
0
0
0
0
0
0
0
0
0
1
9
5
0
0
2
0
0
0
0
1
2
1
0
0
0
0
0
0
0
