2
0
0
0
0
0
0
0
0
12
0
4
5
2
0
11
0
0
4
2
0
1
5
0
0
0
0
0
0
0
0
0
0
0
0
0
0
0
9
0
0
6
10
0
4
15
0
10
0
1
0
14
8
0
0
0
0
0
0
0
0
0
0
0
0
1
0
12
7
0
0
12
5
0
0
2
6
4
0
6
0
0
0
0
0
0
0
0
0
0
0
0
0
8
0
6
11
0
0
4
0
4
10
2
3
0
9
0
0
0
0
0
0
0
0
0
0
0
0
0
0
0
14
0
0
25
112
154
255
252
241
141
16
0
0
3
9
0
0
0
0
0
0
0
0
0
0
0
0
9
31
80
90
210
249
247
255
243
255
229
61
23
0
3
0
0
0
0
0
0
0
0
0
0
0
0
0
0
106
255
233
255
243
218
197
157
248
250
113
0
0
9
9
0
0
0
0
0
0
0
0
0
0
0
0
3
191
250
253
252
245
44
0
4
172
250
215
0
7
0
0
0
0
0
0
0
0
0
0
0
0
0
1
2
252
255
241
199
0
0
11
7
157
255
221
0
3
0
0
0
0
0
0
0
0
0
0
0
0
0
0
0
248
255
231
71
8
15
0
1
255
255
215
0
0
0
19
0
0
0
0
0
0
0
0
0
0
0
0
6
245
241
222
0
2
0
0
4
255
242
179
24
12
0
0
0
0
0
0
0
0
1
1
1
0
0
0
0
251
236
7
0
0
14
11
149
255
253
76
0
0
2
9
0
0
0
0
0
0
1
1
1
0
0
0
2
0
0
10
13
0
0
0
153
238
255
58
9
5
0
0
0
0
0
0
0
0
0
0
0
1
2
3
0
10
0
0
10
0
0
14
171
255
178
15
0
3
0
8
0
0
0
0
1
0
0
0
0
1
5
7
25
174
190
153
25
8
2
51
252
248
74
6
0
3
0
0
0
0
0
0
1
0
0
0
0
2
6
9
204
250
255
250
254
139
147
218
255
140
0
8
0
0
7
2
0
0
0
0
0
1
0
4
0
0
0
178
255
255
118
103
202
255
255
252
248
87
7
0
12
0
1
1
0
0
0
0
5
0
0
2
0
0
7
190
249
221
8
14
100
255
239
255
255
37
0
0
0
1
0
11
0
0
0
0
6
0
0
3
0
1
10
167
252
136
5
9
9
250
245
252
245
167
20
21
0
0
13
0
0
0
0
0
0
0
1
4
0
3
0
98
255
204
27
0
73
255
255
249
255
245
143
127
0
7
0
23
0
0
0
0
0
2
6
0
0
7
0
29
207
255
39
11
186
255
201
35
156
243
255
211
0
3
7
0
0
0
0
0
0
2
5
0
0
8
0
0
13
194
231
224
255
255
142
12
19
176
240
255
208
41
0
6
0
0
0
0
4
0
2
0
0
3
0
0
5
120
233
245
243
164
1
0
0
7
189
252
254
221
118
9
0
0
0
0
4
0
0
6
2
0
0
2
0
0
98
224
162
0
8
1
3
4
24
135
248
255
106
0
0
0
0
0
0
0
0
0
0
0
0
0
0
0
0
0
0
0
0
0
0
0
0
0
0
0
0
0
0
0
0
0
0
0
0
0
0
0
0
0
0
0
0
0
0
0
0
0
0
0
0
0
0
0
0
0
0
0
0
0
0
0
0
0
0
0
0
0
0
0
0
0
0
0
0
0
0
0
0
0
0
0
0
0
0
0
0
0
0
0
0
0
0
0
0
0
0
0
0
0
0
0
0
0
0
0
0
0
0
0
0
0
0
0
0
0
