4
0
0
0
0
0
0
0
0
4
0
0
5
0
0
1
0
0
13
0
4
0
2
3
6
0
0
0
0
0
0
0
0
0
0
0
0
3
0
0
1
0
1
5
0
3
1
0
10
7
5
0
0
0
0
0
0
0
0
0
0
0
0
0
0
0
6
4
9
0
0
11
6
5
5
0
3
3
3
0
4
0
0
0
0
0
0
0
0
0
0
0
0
10
2
0
1
9
4
19
0
0
1
7
0
0
5
0
7
0
0
0
0
0
0
0
0
0
0
0
0
0
0
0
14
4
0
2
0
12
0
5
0
1
9
0
0
0
0
0
0
0
0
0
0
0
0
0
0
0
6
7
0
0
58
180
255
138
15
0
2
8
0
0
1
0
0
0
0
0
0
0
0
0
0
0
0
0
0
3
0
45
173
236
255
234
38
0
1
1
0
0
5
0
0
0
0
0
0
0
0
0
0
0
0
1
0
12
0
94
254
255
244
227
27
0
4
0
0
8
0
0
0
0
0
0
16
0
4
15
2
0
0
0
2
13
0
157
254
251
255
202
1
2
4
0
9
4
2
0
0
0
0
0
0
11
0
0
1
1
0
0
10
7
188
246
255
239
255
206
16
0
0
0
3
0
1
0
0
0
0
0
0
9
0
8
0
0
7
0
23
226
254
255
192
215
255
252
56
9
0
10
6
0
12
0
0
0
0
4
1
0
0
11
0
10
0
63
195
253
255
175
24
206
242
255
50
0
0
1
0
0
1
0
0
0
0
7
0
5
7
0
10
9
0
114
252
243
179
46
2
158
254
251
40
0
0
6
8
7
3
0
0
0
0
3
0
4
0
0
5
0
106
244
255
235
34
0
12
148
250
251
73
25
20
10
0
0
0
0
0
0
0
0
2
0
0
20
0
34
222
251
252
18
42
72
39
248
254
253
205
242
255
241
122
18
0
0
0
0
0
0
1
0
18
0
1
205
246
253
239
219
232
249
255
255
249
255
250
255
247
218
82
0
6
0
0
0
0
0
0
0
4
0
22
133
255
255
255
248
251
255
254
226
255
254
199
105
30
6
0
1
4
0
0
0
0
2
0
0
4
0
0
44
126
194
182
138
155
99
102
115
248
255
157
19
0
2
9
4
0
0
0
0
0
0
0
0
6
3
0
0
17
0
0
0
20
0
0
61
251
255
150
0
0
0
0
2
2
0
0
0
0
0
0
0
3
12
3
0
0
0
0
10
9
1
2
89
245
250
163
0
14
1
0
0
9
0
0
0
0
0
5
0
0
4
3
0
4
0
0
1
0
0
13
107
252
245
159
0
5
2
0
3
0
0
0
0
0
0
6
2
0
0
0
0
3
8
6
0
5
0
1
81
250
253
159
1
0
0
2
5
0
0
0
0
0
0
2
0
0
2
0
0
4
0
0
0
14
0
6
90
255
255
152
18
0
3
0
0
7
0
0
0
0
0
1
0
0
6
3
0
1
1
0
13
0
0
0
98
247
250
125
6
0
13
3
0
1
0
0
0
0
0
0
0
0
0
0
0
0
5
0
7
0
7
0
23
236
220
47
0
2
2
2
0
0
0
0
0
0
0
0
0
0
0
0
0
0
0
0
18
0
0
9
0
12
17
0
0
11
0
3
1
0
0
0
0
0
0
0
0
0
0
0
0
0
11
0
3
0
0
11
5
0
0
0
13
0
0
0
6
4
0
0
0
0
0
0
0
0
0
0
0
0
6
0
0
16
1
0
7
6
6
4
1
0
1
4
0
0
0
0
0
0
