2
0
0
0
0
0
0
0
0
0
1
3
0
0
2
2
0
1
0
2
2
6
2
0
4
0
0
0
0
0
0
0
0
0
0
0
0
4
2
0
0
0
0
1
0
2
0
0
0
0
0
0
3
0
0
0
0
0
0
0
0
0
0
0
0
0
0
0
2
6
4
0
0
7
0
2
8
2
0
0
0
0
0
0
0
0
0
0
0
0
0
0
0
1
0
0
4
3
0
0
0
0
0
0
6
0
0
7
0
0
0
0
0
0
0
0
0
0
0
0
0
1
0
0
1
0
1
9
18
6
12
0
4
0
0
6
0
0
0
0
0
0
0
0
0
0
0
0
0
0
0
1
0
0
0
0
0
0
6
0
0
8
0
4
0
0
0
0
0
0
0
0
0
0
0
0
0
1
5
0
0
0
11
11
0
38
50
0
0
8
0
6
3
0
0
0
0
0
0
0
0
0
0
0
0
1
1
0
0
45
113
155
162
247
218
73
1
6
0
0
0
0
0
0
0
0
0
0
0
0
0
0
0
9
0
8
2
160
253
252
253
255
251
223
45
0
2
15
0
0
0
0
0
0
0
0
0
0
0
0
0
0
15
9
0
41
135
110
53
88
248
229
20
13
0
0
0
0
0
0
0
0
0
0
0
0
0
0
0
9
0
0
5
8
0
7
0
14
171
246
53
0
0
0
9
0
0
0
0
0
0
0
0
0
0
0
0
2
0
10
0
12
0
14
0
26
255
197
12
0
0
27
0
0
0
0
0
0
0
0
0
0
0
0
0
0
12
0
0
0
20
0
23
219
255
114
13
1
0
0
14
0
0
0
0
0
0
0
0
0
0
0
0
18
0
0
11
0
0
26
193
255
234
9
0
10
0
2
2
0
0
0
0
0
0
0
0
0
0
0
0
0
0
5
8
2
0
115
255
245
50
1
12
0
9
1
0
0
0
0
0
0
0
0
0
0
0
0
0
41
82
77
154
125
145
215
254
182
61
73
31
59
69
22
0
0
0
0
0
0
0
6
5
0
0
46
164
243
245
255
244
252
255
230
255
255
248
244
249
255
255
246
234
172
13
0
5
4
10
0
11
4
19
238
224
150
73
153
255
255
244
163
100
114
124
123
95
52
21
14
21
39
0
10
11
0
9
0
0
14
188
255
57
44
160
254
255
216
93
0
14
0
0
5
4
0
0
2
13
0
0
13
0
7
0
0
0
0
185
248
255
255
244
244
146
21
4
11
0
14
5
0
0
4
6
0
0
14
1
1
0
0
0
0
12
9
7
106
195
224
156
59
0
0
9
0
4
0
0
0
0
0
0
0
2
0
1
5
2
0
5
0
1
0
5
33
0
0
2
4
6
3
0
0
0
0
3
5
4
1
1
4
8
0
4
4
0
0
0
14
20
0
1
0
0
3
0
0
0
0
5
22
4
0
0
0
0
0
2
0
0
7
7
0
0
14
0
7
0
19
0
1
1
0
7
0
2
7
0
0
0
0
2
4
4
2
1
1
2
0
0
0
8
0
0
0
0
0
0
0
0
0
0
0
0
0
0
0
0
0
0
0
0
0
0
0
0
0
0
0
0
0
0
0
0
0
0
0
0
0
0
0
0
0
0
0
0
0
0
0
0
0
0
0
0
0
0
0
0
0
0
0
0
0
0
0
0
0
0
0
0
0
0
0
0
0
0
0
0
0
0
0
0
0
0
0
0
0
0
0
0
0
0
0
0
0
0
0
0
0
0
0
0
0
0
0
0
0
0
0
0
0
0
0
0
