1
0
0
0
0
0
0
0
0
7
0
0
0
3
2
2
0
0
0
0
0
0
0
0
0
0
0
0
0
0
0
0
0
0
0
0
0
0
11
0
2
0
1
0
5
0
0
0
0
0
0
0
0
0
0
0
0
0
0
0
0
0
0
0
0
0
7
0
2
14
1
0
10
0
0
0
0
0
0
0
0
0
0
0
0
0
0
0
0
0
0
0
0
7
0
3
0
7
0
0
1
0
0
0
0
0
0
0
0
0
0
0
0
0
0
0
0
0
0
0
0
0
0
15
0
0
29
9
0
0
0
0
0
0
0
0
0
0
0
0
0
0
0
0
0
0
0
0
0
0
8
1
1
24
173
53
0
0
0
0
0
0
0
0
0
0
0
0
0
0
0
0
0
0
0
0
0
5
3
0
1
125
255
55
3
0
0
0
0
0
0
0
0
0
0
0
0
0
0
0
0
0
0
0
0
2
0
12
0
192
246
2
0
0
0
0
0
0
0
0
0
0
0
0
0
0
0
0
0
0
0
0
0
0
12
0
3
190
238
8
1
0
0
0
0
0
0
0
0
0
0
0
0
0
0
0
0
0
0
0
0
3
0
0
0
190
255
65
5
0
0
0
0
0
0
0
0
0
0
0
0
0
0
0
0
0
0
0
0
0
13
7
0
112
248
96
0
0
0
0
0
0
0
0
0
0
0
0
0
0
0
0
0
0
0
0
0
5
0
0
0
95
255
163
0
0
0
0
0
0
0
0
0
0
0
0
0
0
0
0
0
0
0
0
0
7
0
1
5
90
250
210
6
0
0
0
0
0
0
0
0
0
0
0
0
0
0
0
0
0
0
0
0
0
23
0
5
26
255
235
1
0
0
0
0
0
0
0
0
0
0
0
0
0
0
0
0
0
0
0
0
0
22
0
0
3
239
255
84
0
0
0
0
0
0
0
0
0
0
0
0
0
0
0
0
0
0
0
0
5
0
24
1
0
44
232
210
0
0
0
0
0
0
0
0
0
0
0
0
0
0
0
0
0
0
0
0
2
0
4
1
0
13
251
255
3
3
0
0
0
0
3
0
0
0
0
0
0
0
0
0
0
0
0
0
0
2
0
0
14
0
111
250
139
12
3
0
2
2
4
0
0
0
0
0
0
0
0
0
0
0
0
0
4
0
0
0
7
0
15
249
246
5
0
0
3
0
7
0
0
0
0
0
0
0
0
0
0
0
0
0
5
0
7
0
0
5
7
197
255
15
0
6
0
0
6
3
0
0
0
0
0
0
0
0
0
0
0
0
0
0
15
5
0
4
1
106
255
56
2
13
0
0
1
0
0
0
0
0
0
0
0
0
0
0
0
0
0
5
0
0
15
0
0
76
251
69
0
4
0
6
1
0
0
0
0
0
0
0
0
0
0
0
0
0
4
10
0
0
10
0
0
86
251
33
0
0
0
11
0
0
0
0
0
0
0
0
0
0
0
0
0
0
0
0
0
14
0
0
8
72
255
0
6
1
1
5
0
2
0
0
0
0
0
0
0
0
0
0
0
0
0
0
1
0
0
2
9
15
158
29
0
6
0
0
4
0
0
0
0
0
0
0
0
0
0
0
0
0
0
1
1
0
0
0
4
8
18
0
1
12
0
0
16
7
0
0
0
0
0
0
0
0
0
0
0
0
0
0
0
0
0
0
0
0
0
0
10
3
0
0
4
0
0
0
0
0
0
0
0
0
0
0
0
0
0
0
0
0
0
0
0
0
8
0
0
0
5
3
0
3
0
0
0
0
