8
0
0
3
0
0
6
10
0
0
1
4
0
0
0
2
4
4
0
0
10
0
8
10
0
0
0
0
0
21
5
0
0
0
0
0
0
0
0
2
2
1
0
0
0
0
2
3
14
0
0
0
6
0
0
0
0
0
0
0
6
11
0
0
7
10
3
0
0
0
0
0
0
0
4
0
0
10
16
0
0
0
0
0
0
4
14
7
0
3
0
0
5
0
0
0
5
8
4
1
2
0
7
6
1
0
4
0
2
0
0
0
0
0
0
0
0
6
2
0
0
5
0
0
0
0
0
0
2
20
4
0
0
0
0
4
0
0
0
0
0
14
0
8
14
0
0
22
56
124
137
179
235
255
255
254
253
185
134
66
7
4
2
5
0
0
0
0
0
1
0
0
0
0
77
199
255
255
244
230
244
255
252
250
255
214
255
222
57
3
0
0
9
0
0
0
0
0
0
5
0
16
155
255
252
253
222
205
212
202
153
99
71
18
230
223
25
0
11
1
0
0
0
0
0
7
0
4
0
8
188
239
255
105
23
17
0
2
6
0
0
9
234
111
7
0
23
0
0
0
0
0
0
0
0
8
0
0
52
255
247
143
0
0
8
0
0
0
23
5
63
14
0
17
0
0
10
0
0
0
0
0
5
7
5
0
14
153
255
236
183
48
14
0
11
2
0
0
3
47
119
82
6
0
0
0
0
0
0
0
0
0
9
0
21
2
171
254
245
247
162
5
0
0
14
17
71
200
255
244
49
17
0
0
0
0
0
0
2
3
0
0
0
3
6
127
240
255
250
151
22
0
6
75
241
250
203
83
0
0
8
0
0
0
0
1
19
3
0
16
0
13
0
0
50
201
255
248
217
177
188
248
255
138
2
3
0
16
0
0
0
0
0
0
0
0
0
4
5
0
15
0
0
0
130
232
255
235
255
255
81
0
5
5
0
0
17
0
0
0
0
8
0
7
14
0
1
17
0
0
11
0
6
62
252
249
254
250
6
0
0
0
11
0
0
0
0
0
0
0
0
0
0
0
0
0
0
0
10
1
0
84
249
255
255
244
220
150
19
5
1
0
6
0
0
0
0
0
0
0
0
0
0
0
0
9
0
1
9
165
253
194
91
141
254
248
217
44
2
6
0
0
0
0
0
0
0
0
0
0
0
0
0
0
7
0
25
243
250
83
0
6
120
255
249
243
59
0
5
0
0
0
0
0
0
0
0
0
0
0
0
0
24
0
86
255
255
54
12
0
0
83
242
255
217
42
5
0
0
0
0
0
0
0
0
0
0
0
0
4
0
0
152
241
244
69
0
9
0
0
96
246
245
153
0
0
0
0
0
0
0
0
0
0
0
0
0
13
0
3
137
255
255
116
0
0
17
7
80
249
255
141
7
0
0
0
0
0
0
0
0
0
0
0
0
0
0
2
58
213
255
218
157
99
73
141
220
255
247
102
9
0
0
0
0
0
0
0
0
0
0
0
0
2
7
1
0
57
168
255
253
247
255
249
255
254
121
24
0
0
0
0
0
0
0
0
0
0
0
0
0
0
0
4
13
0
0
75
169
255
246
246
145
100
1
5
0
0
0
0
0
0
0
0
0
0
0
0
0
12
0
0
3
2
0
0
6
0
0
3
0
2
0
8
8
0
0
0
0
0
0
0
0
0
0
0
0
0
0
0
0
7
11
2
0
10
7
0
3
0
8
0
0
0
0
0
0
0
0
0
0
0
0
0
0
0
4
3
0
0
0
9
12
0
2
0
7
0
7
0
6
0
0
0
0
