8
0
0
0
0
0
0
0
0
4
2
2
3
2
0
0
0
0
0
3
10
5
1
0
0
0
0
0
0
0
0
0
0
0
0
0
0
0
1
0
0
0
4
4
0
12
4
0
1
0
0
0
10
0
0
0
0
0
0
0
0
0
0
0
0
3
5
3
0
0
6
6
2
0
2
4
0
0
6
2
0
0
0
0
0
0
0
0
0
0
0
0
0
4
0
0
5
3
0
0
2
8
16
4
0
2
6
0
0
0
0
0
0
0
0
0
0
0
0
0
0
0
0
4
5
1
0
2
8
4
0
0
5
14
0
0
2
0
0
0
0
0
0
0
0
0
0
0
0
0
2
7
0
0
6
1
0
0
4
11
0
0
0
11
2
0
0
0
0
0
0
0
0
0
0
0
0
22
0
0
5
64
141
213
255
255
255
229
122
7
0
8
0
0
0
0
0
0
0
0
0
0
0
0
0
0
0
58
181
255
254
242
254
250
244
255
215
74
0
3
6
0
0
0
0
0
0
0
0
0
0
0
0
0
43
229
249
243
247
246
254
255
255
248
247
175
167
101
0
0
0
0
0
0
0
0
0
0
0
0
0
0
219
255
237
255
216
148
63
20
31
204
255
227
255
149
4
0
0
0
0
0
0
0
0
0
0
0
0
11
119
252
247
196
0
0
0
7
0
58
143
251
253
114
0
0
0
0
0
0
0
0
0
0
0
0
0
0
99
248
255
192
14
5
0
0
16
0
88
255
255
84
12
0
0
0
0
0
0
0
0
0
0
0
0
18
0
224
253
234
36
0
13
4
0
61
234
240
220
0
0
0
0
0
0
0
0
0
0
0
0
0
0
1
0
135
255
244
37
12
0
2
6
196
251
211
38
11
5
0
0
0
0
0
0
0
0
0
0
0
0
0
19
17
208
255
205
0
0
6
218
255
221
27
0
3
1
0
0
0
0
0
0
0
0
0
0
0
0
15
0
3
92
246
249
148
17
169
255
232
111
0
0
8
0
0
0
0
0
0
0
0
0
0
0
0
0
0
3
13
7
182
248
245
204
254
255
133
0
0
15
0
3
0
0
0
0
0
0
0
0
0
0
0
0
13
0
0
0
36
235
255
255
255
178
36
0
6
0
4
0
0
0
0
0
0
0
0
0
0
0
0
0
0
0
0
16
70
255
230
255
231
40
0
0
0
11
0
8
0
0
0
0
0
0
0
0
0
0
0
0
0
19
10
69
255
224
255
243
139
3
0
10
0
0
2
0
0
0
0
0
0
0
0
0
0
0
0
0
0
5
100
231
255
255
251
255
68
0
0
9
0
1
0
1
0
0
0
0
0
0
0
0
0
0
0
0
8
43
255
255
230
253
240
248
43
0
12
0
0
16
0
11
0
0
0
0
0
0
0
0
0
0
0
0
2
215
248
251
218
198
255
202
12
11
0
4
5
0
11
0
0
0
0
0
0
0
0
0
0
0
0
0
0
237
255
243
255
255
235
129
0
0
7
2
0
5
7
0
0
0
0
0
0
0
0
0
0
0
0
0
10
203
255
255
224
255
143
17
0
0
0
0
0
0
0
0
0
0
0
0
0
0
0
0
0
0
0
0
0
34
198
238
243
34
0
3
0
0
0
0
0
0
0
0
0
0
0
0
0
0
0
0
0
0
0
0
0
7
3
2
0
4
3
0
0
0
0
0
0
0
0
0
0
0
0
0
0
0
0
0
0
0
0
0
3
0
0
17
0
15
3
0
0
0
0
0
0
0
0
0
0
0
0
0
