1
0
0
0
0
0
0
0
0
3
0
3
0
5
9
0
0
11
0
0
17
0
0
0
4
0
0
0
0
0
0
0
0
0
0
0
0
3
0
1
2
0
0
0
3
0
15
0
8
0
5
0
0
0
0
0
0
0
0
0
0
0
0
0
0
1
0
0
8
0
0
3
3
0
9
0
2
0
6
0
3
0
0
0
0
0
0
0
0
0
0
0
0
0
0
0
7
0
0
10
0
7
0
9
0
0
3
1
5
0
0
0
0
0
0
0
0
0
0
0
0
0
2
0
0
0
3
4
0
20
17
0
0
2
3
0
0
0
0
0
0
0
0
0
0
0
0
0
0
1
0
3
0
0
2
0
18
135
172
0
5
0
0
0
1
0
0
0
0
0
0
0
0
0
0
0
0
5
0
9
0
1
0
0
91
249
191
4
7
0
0
6
4
0
0
0
0
0
0
0
0
0
0
0
0
6
0
13
0
6
0
3
159
254
51
0
1
5
0
11
0
0
0
0
0
0
0
0
0
0
0
0
0
1
0
2
0
0
0
19
230
250
122
1
0
6
0
0
0
0
0
0
0
0
0
0
0
0
0
0
0
0
0
0
0
3
4
0
243
205
42
0
0
1
3
0
1
0
0
0
0
0
0
0
0
0
0
0
0
0
0
0
4
7
1
32
244
178
0
2
5
0
3
0
1
0
0
0
0
0
0
0
0
0
0
0
0
0
2
2
4
0
0
162
240
149
0
11
2
0
0
0
2
0
0
0
0
0
0
0
0
0
0
0
0
0
1
2
0
0
18
244
255
82
0
0
0
7
0
7
2
0
0
0
0
0
0
0
0
0
0
0
0
0
2
0
0
0
93
244
249
22
8
0
0
14
0
9
0
0
0
0
0
0
0
0
0
0
0
0
0
6
1
0
5
0
136
241
146
2
8
0
2
9
0
6
0
0
0
0
0
0
0
0
0
0
0
0
0
4
0
0
4
0
128
255
16
0
0
0
9
0
0
7
0
0
0
0
0
0
0
0
0
0
0
0
0
1
4
1
0
78
253
206
3
0
0
0
0
0
0
0
0
0
0
0
0
0
0
0
0
0
0
0
0
8
0
9
16
172
255
111
4
0
0
0
0
0
0
0
0
0
0
0
0
0
0
0
0
0
0
0
0
4
0
2
38
243
211
33
1
0
0
0
0
0
0
0
0
0
0
0
0
0
0
0
0
0
0
0
0
0
8
0
124
255
113
5
1
0
0
0
0
0
0
0
0
0
0
0
0
0
0
0
0
0
0
0
0
1
1
35
236
212
30
0
3
0
0
0
0
0
0
0
0
0
0
0
0
0
0
0
0
0
0
0
0
2
2
122
254
84
9
0
0
0
0
0
0
0
0
0
0
0
0
0
0
0
0
0
0
0
0
0
0
1
6
173
221
0
9
5
0
0
0
0
0
0
0
0
0
0
0
0
0
0
0
0
0
0
0
0
0
6
0
168
230
6
0
0
7
0
0
0
0
0
0
0
0
0
0
0
0
0
0
0
0
0
0
0
0
0
0
178
153
6
0
0
11
0
0
0
0
0
0
0
0
0
0
0
0
0
0
0
0
0
0
0
0
14
0
7
0
0
11
0
0
0
0
0
0
0
0
0
0
0
0
0
0
0
0
0
0
0
0
0
0
0
13
0
0
15
1
0
6
0
0
0
0
0
0
0
0
0
0
0
0
0
0
0
0
0
0
0
0
2
10
0
8
2
0
8
0
0
0
0
0
0
0
0
0
0
0
0
0
