3
0
0
0
0
0
0
0
0
0
5
0
14
0
0
2
5
2
8
0
8
0
0
0
0
0
0
0
0
0
0
0
0
0
0
0
0
10
5
0
0
0
0
2
0
0
4
2
5
3
5
1
0
0
0
0
0
0
0
0
0
0
0
0
0
0
0
8
9
7
11
8
1
11
6
0
0
0
0
0
7
0
0
0
0
0
0
0
0
0
0
0
0
12
0
4
0
0
0
0
0
1
0
4
6
21
13
0
0
0
0
0
0
0
0
0
0
0
0
0
0
0
6
8
0
2
21
9
0
0
1
10
0
0
0
0
2
0
0
0
0
0
0
0
0
0
0
0
0
7
15
24
124
155
127
158
255
255
255
225
161
30
0
12
5
0
0
0
0
0
0
0
0
0
0
0
0
91
242
236
255
255
249
213
204
190
208
221
255
96
0
0
0
0
0
0
0
0
0
0
0
0
0
0
0
97
200
79
61
51
58
13
0
0
7
74
255
122
0
0
8
0
0
0
0
0
0
0
0
0
0
0
0
9
8
0
12
0
0
4
2
0
4
141
255
113
0
6
0
0
0
0
0
0
0
0
0
0
0
0
0
1
6
0
0
12
1
0
0
10
121
238
217
0
18
0
5
0
0
0
0
0
0
0
0
0
0
0
0
0
0
2
5
14
2
0
6
124
255
232
14
30
0
0
13
0
0
0
0
0
0
0
0
0
0
0
0
0
27
0
0
0
0
5
120
250
225
57
2
0
11
0
0
0
0
0
0
0
0
0
0
0
0
0
0
3
0
11
13
0
26
148
255
183
16
17
0
2
0
16
0
0
0
0
0
0
0
0
0
0
0
0
0
9
0
4
0
103
211
244
61
6
0
2
0
15
0
0
5
0
0
0
0
0
0
0
0
0
0
0
0
0
13
0
107
255
175
69
9
0
17
0
3
0
0
15
0
0
0
0
0
0
0
0
0
0
0
0
0
1
0
0
222
255
206
121
77
44
0
1
0
7
6
0
3
0
0
0
0
0
0
18
0
0
0
0
0
0
5
0
87
130
156
255
251
229
123
7
0
0
1
5
1
0
0
0
0
12
0
0
0
7
7
13
3
9
5
0
0
10
0
15
89
199
241
13
6
12
5
0
2
0
0
0
0
0
0
3
7
5
0
0
0
0
0
15
13
2
0
0
15
133
242
87
0
2
7
0
4
0
0
0
0
0
4
0
0
0
0
17
14
0
3
0
0
0
8
20
0
144
255
160
4
0
0
0
0
0
0
0
0
0
5
0
0
6
6
0
0
0
7
0
0
13
0
0
4
148
249
54
0
2
0
0
7
0
0
0
0
0
5
3
1
5
0
0
28
75
0
1
5
0
1
19
122
246
175
19
2
14
0
0
0
0
0
0
0
2
5
2
0
0
0
16
177
149
10
0
11
10
95
192
255
152
16
3
0
0
0
9
0
0
0
0
0
4
0
0
1
11
0
0
188
250
225
187
206
231
248
224
116
0
6
0
10
0
0
2
3
0
0
0
0
0
0
0
0
0
1
1
1
207
250
241
251
149
112
21
0
0
0
0
0
0
0
0
0
0
0
0
0
0
0
0
0
0
1
1
1
0
10
4
8
0
2
2
13
0
0
0
0
0
0
0
0
0
0
0
0
0
0
0
0
0
0
1
1
0
0
6
0
3
0
0
0
0
0
0
0
0
0
0
0
0
0
0
0
0
0
0
0
0
0
0
0
0
0
7
0
11
0
9
0
0
0
0
0
0
0
0
0
0
0
0
0
