9
0
0
0
0
0
0
0
0
7
3
0
0
0
0
0
0
3
0
5
0
8
0
5
0
0
0
0
0
0
0
0
0
0
0
0
0
0
0
4
8
5
0
0
0
0
0
11
4
11
0
1
1
0
0
0
0
0
0
0
0
0
0
0
0
20
6
0
0
0
4
0
0
15
0
0
0
1
0
1
4
0
0
0
0
0
0
0
0
0
0
0
0
0
0
6
7
4
2
5
9
2
0
0
5
10
0
0
0
0
0
0
0
0
0
0
0
0
0
0
0
4
2
0
0
0
0
0
0
0
0
3
5
0
0
1
12
0
0
0
0
0
0
0
0
0
0
0
0
0
0
3
6
5
2
1
1
0
2
0
0
0
9
1
0
0
0
0
0
0
0
0
0
0
0
0
0
2
5
0
0
0
49
140
211
255
234
143
57
0
0
0
5
0
0
0
0
0
0
0
0
0
0
0
0
4
0
0
45
129
207
251
255
238
255
244
159
42
6
0
3
0
0
0
0
0
0
0
0
0
0
0
0
1
3
41
222
254
232
225
87
98
104
123
222
12
1
10
0
0
0
0
0
0
0
0
0
0
0
0
0
0
60
213
253
207
138
0
4
0
22
43
255
117
4
5
2
0
0
0
0
0
0
0
0
0
0
0
0
1
207
245
179
75
1
0
6
0
0
160
248
228
0
0
1
0
0
0
0
0
0
0
0
0
0
0
0
24
238
255
118
0
0
11
0
0
97
247
254
130
12
0
11
0
0
0
0
0
0
0
0
0
0
0
0
86
238
246
82
0
13
0
0
83
241
242
236
2
4
1
3
0
0
0
0
0
0
0
0
0
0
0
0
6
255
251
135
18
1
101
144
234
255
254
136
0
0
7
0
0
0
0
0
0
0
0
0
0
0
0
0
9
173
255
255
240
255
255
242
255
238
210
41
0
14
0
9
0
0
0
0
0
0
0
0
0
0
0
0
0
15
155
255
245
255
251
218
245
255
180
0
4
0
8
0
0
0
0
0
0
0
0
0
0
0
0
0
1
0
3
0
40
1
0
219
243
232
36
0
0
0
2
0
0
0
0
0
0
0
0
0
0
0
0
0
0
4
0
5
0
20
79
247
255
142
4
0
8
0
1
2
0
0
0
0
0
0
0
0
0
0
0
0
0
15
0
5
0
16
210
255
238
40
0
0
11
0
3
3
0
0
0
0
0
0
0
0
0
0
0
0
1
8
0
1
3
81
253
246
134
0
7
1
0
0
7
0
0
0
0
0
0
0
0
0
0
0
0
0
0
0
7
9
77
251
255
222
35
0
8
7
0
0
4
0
0
0
0
0
0
0
0
0
0
0
0
0
5
13
0
11
177
255
229
61
0
4
0
4
0
0
0
3
0
0
0
0
0
0
0
0
0
0
0
0
0
10
0
94
255
249
209
32
0
1
0
0
0
5
0
5
0
0
0
0
0
0
0
0
0
0
0
0
10
0
0
184
240
231
48
2
0
0
10
0
0
10
0
0
0
0
0
0
0
0
0
0
0
0
0
0
0
11
106
255
255
151
17
0
0
0
0
0
0
0
0
0
0
0
0
0
0
0
0
0
0
0
0
0
0
16
166
243
207
7
0
19
0
0
0
0
0
0
0
0
0
0
0
0
0
0
0
0
0
0
0
0
3
0
0
0
3
5
8
0
0
0
0
0
0
0
0
0
0
0
0
0
0
0
0
0
0
0
0
0
0
4
0
15
0
17
0
1
0
0
0
0
0
0
0
0
0
0
0
0
