7
0
0
0
0
0
0
0
0
0
0
0
0
0
0
0
0
0
0
0
0
0
0
0
0
0
0
0
0
0
0
0
0
0
0
0
0
0
0
0
0
0
0
0
0
0
0
0
0
0
0
0
0
0
0
0
0
0
0
0
0
0
0
0
0
0
0
0
0
0
0
0
0
0
0
0
0
0
0
0
0
0
0
0
0
0
0
0
0
0
0
0
0
0
0
0
0
0
0
0
0
0
0
0
0
0
0
0
0
0
0
0
0
0
0
0
0
0
0
0
0
0
0
0
0
0
0
0
0
0
0
0
0
0
0
0
0
0
0
0
0
0
0
0
0
0
0
0
0
0
0
0
0
0
0
0
0
0
0
0
0
0
0
0
0
0
0
0
0
0
0
0
0
0
0
0
0
0
0
0
0
0
0
0
0
0
0
0
0
0
0
0
0
0
0
0
0
0
0
0
0
0
0
0
0
0
0
0
0
0
0
0
0
0
0
0
0
0
0
0
0
0
0
0
0
2
7
0
7
0
0
6
0
6
0
39
109
116
106
119
244
255
247
255
250
212
84
1
0
0
0
0
0
0
0
7
1
4
10
0
49
74
155
221
255
255
250
242
243
233
255
238
255
245
249
88
0
0
0
0
0
4
0
3
0
5
73
177
245
255
249
255
244
244
240
221
198
203
201
203
251
255
250
74
8
0
0
0
0
0
1
3
10
0
78
255
242
249
206
237
124
74
79
12
0
0
2
16
236
255
204
41
0
0
0
0
0
0
0
0
1
0
51
214
163
126
0
15
0
9
16
0
8
0
19
201
255
249
125
0
11
0
0
0
0
0
0
8
3
1
0
2
0
0
0
4
0
0
0
4
0
41
198
254
255
177
0
18
0
0
0
0
0
7
0
0
0
1
7
0
18
15
5
0
11
11
0
0
9
92
255
242
222
38
0
0
16
0
0
0
0
0
5
0
11
0
0
2
0
0
0
6
0
0
6
0
62
245
245
226
21
0
7
8
0
0
0
0
0
1
1
1
0
0
0
0
0
1
0
0
0
4
0
28
181
249
220
46
0
20
0
0
1
0
0
0
0
1
1
1
0
0
0
0
0
0
12
0
2
0
16
245
249
250
95
0
0
4
0
0
1
0
0
0
0
1
1
0
0
0
0
0
0
6
0
0
12
78
181
253
216
123
0
0
10
0
5
2
1
0
0
0
0
0
0
0
0
0
0
0
0
0
4
9
10
201
255
235
139
0
0
19
2
0
16
0
4
0
0
0
0
0
0
0
0
0
0
0
0
9
0
61
211
247
241
64
0
0
3
0
0
9
2
0
5
0
0
0
0
0
0
0
0
0
0
1
1
0
24
177
255
213
97
0
10
9
5
0
1
1
0
5
0
0
0
0
0
0
0
0
0
0
1
1
1
4
249
255
235
89
0
4
0
0
4
6
5
0
0
14
0
0
0
0
0
0
0
0
0
0
1
1
1
183
255
197
49
0
0
3
3
0
8
0
0
3
0
0
9
0
0
0
0
3
0
0
0
3
0
0
149
255
254
117
0
0
9
0
0
0
0
0
0
0
0
0
0
0
0
0
0
0
0
0
0
2
1
24
196
244
122
28
0
3
3
1
3
0
0
0
0
0
0
0
0
0
0
0
0
0
0
4
0
0
5
50
243
250
15
0
1
10
0
3
2
0
0
0
0
0
0
0
0
0
0
0
0
0
0
5
0
0
2
56
255
255
0
2
6
4
0
3
0
0
0
0
0
0
0
0
0
0
0
0
0
