4
0
0
0
0
0
0
0
0
0
8
8
0
0
0
0
5
0
3
11
0
9
0
7
0
0
0
0
0
0
0
0
0
0
0
0
0
0
0
0
1
7
3
0
4
15
1
0
0
4
8
12
2
0
0
0
0
0
0
0
0
0
0
0
0
13
0
0
7
4
0
0
0
0
0
6
7
0
0
0
0
0
0
0
0
0
0
0
0
0
0
0
0
0
0
2
0
0
0
6
0
2
0
4
0
0
7
4
16
0
0
0
0
0
0
0
0
0
0
0
0
4
1
5
6
1
0
0
0
3
5
12
0
0
0
0
0
0
0
0
0
0
0
0
0
0
0
0
0
0
0
0
0
16
4
0
0
0
15
0
0
0
5
12
0
0
0
0
0
0
0
0
0
0
0
0
0
0
23
8
0
0
5
0
10
21
202
255
252
72
0
0
6
0
0
0
0
0
0
0
0
0
0
0
0
85
160
120
14
0
6
0
0
99
255
248
249
48
7
0
5
0
0
0
0
0
8
1
0
1
0
1
127
255
255
132
0
8
5
0
5
107
242
255
252
44
4
0
0
0
0
0
0
9
0
0
9
0
25
0
255
255
208
51
3
0
2
6
0
107
255
255
253
48
7
0
0
0
0
0
0
9
0
4
3
0
0
115
255
251
111
0
3
0
6
12
0
98
247
239
250
55
0
0
8
0
0
0
0
0
5
3
0
9
50
254
244
255
54
7
0
2
5
0
0
107
255
251
248
49
0
0
1
0
0
0
0
0
16
0
0
9
205
241
255
118
2
8
0
2
0
0
27
86
255
254
232
32
3
6
0
0
0
0
0
0
8
0
2
0
255
246
255
231
138
9
0
2
16
4
0
126
237
243
250
47
3
0
4
0
0
0
0
0
0
4
10
0
172
243
255
247
255
244
255
250
249
255
248
231
255
255
255
50
1
0
9
0
0
0
0
13
0
0
3
0
19
83
219
249
250
255
242
255
253
243
201
233
255
247
209
0
14
3
0
0
0
0
0
0
0
0
0
0
0
0
0
4
0
5
30
35
13
0
0
157
255
248
176
17
0
0
5
0
0
0
0
0
0
0
0
0
0
0
0
3
0
0
7
11
0
0
0
193
255
250
112
0
0
17
0
0
0
0
0
0
0
0
0
0
0
0
0
4
0
0
0
0
0
0
0
198
248
255
156
10
1
5
0
0
0
0
0
0
0
0
0
0
0
0
0
0
1
1
0
2
5
2
0
207
243
250
200
2
2
0
12
0
0
0
0
0
0
0
0
0
0
0
0
0
0
1
0
0
3
0
0
207
253
254
204
0
0
0
8
0
0
0
0
0
0
0
0
0
0
0
0
1
2
0
0
0
0
2
1
205
247
255
233
47
0
0
0
0
0
0
0
0
0
0
0
0
0
0
0
5
2
0
0
0
0
2
6
184
248
255
250
63
0
6
6
0
0
0
0
0
0
0
0
0
0
0
0
0
0
0
4
3
0
0
0
102
249
252
255
37
3
9
0
0
0
0
0
0
0
0
0
0
0
0
0
0
0
0
0
0
0
0
0
99
255
245
254
53
3
0
7
0
0
0
0
0
0
0
0
0
0
0
0
0
0
0
0
0
0
0
0
74
230
255
255
85
3
0
3
0
0
0
0
0
0
0
0
0
0
0
0
0
0
0
0
0
0
0
0
0
7
0
0
0
4
11
0
0
0
0
0
0
0
0
0
0
0
0
0
0
0
0
0
0
0
0
0
0
1
17
7
2
0
0
0
0
0
0
0
