4
0
0
0
0
0
0
0
0
0
0
0
0
0
0
0
0
0
0
0
3
0
0
0
2
0
0
0
0
0
0
0
0
0
0
0
0
0
0
0
0
0
0
0
0
5
11
0
0
1
19
9
0
0
0
0
0
0
0
0
0
0
0
0
0
0
0
0
0
0
0
0
0
0
3
0
9
0
0
0
0
0
0
0
0
0
0
0
0
0
0
0
0
0
0
0
0
0
0
0
0
4
0
0
12
0
14
0
16
0
0
0
0
0
0
0
0
0
0
0
0
0
0
0
0
0
0
0
0
2
1
3
0
0
3
0
0
0
0
0
0
0
0
0
0
0
0
0
0
0
0
0
0
0
0
0
0
8
0
1
1
5
4
0
14
0
0
0
0
0
0
0
0
0
0
0
0
0
0
0
0
0
0
0
0
0
0
21
0
8
10
0
0
0
0
0
0
0
0
0
0
0
0
0
0
0
0
0
0
0
0
0
0
44
163
245
73
0
0
13
0
0
0
0
0
0
0
0
0
0
0
0
0
0
0
0
4
0
19
33
0
236
255
115
4
0
0
0
86
0
0
0
0
0
0
0
0
0
0
0
0
0
8
4
8
0
210
224
1
255
165
27
0
11
4
5
103
0
0
0
0
0
0
0
0
0
0
0
0
0
6
0
1
186
255
178
84
247
64
0
0
14
0
0
97
0
0
0
0
0
0
0
0
0
0
0
0
3
0
21
128
247
193
34
95
255
39
0
0
5
0
5
67
0
0
0
0
0
0
0
0
0
0
0
0
15
0
156
255
197
65
34
251
209
11
2
0
0
10
0
8
0
0
0
0
0
0
0
0
0
0
0
0
0
67
255
252
172
84
125
248
187
11
0
9
47
75
19
0
0
0
0
0
0
0
0
0
0
0
0
0
5
18
138
255
244
248
255
255
236
139
147
207
255
252
87
0
0
0
0
0
0
0
0
0
0
0
0
0
0
1
9
70
145
156
255
247
226
224
234
221
188
148
29
4
0
0
0
0
0
0
0
0
0
0
0
0
0
16
0
4
0
117
255
141
0
0
0
3
1
0
16
60
0
0
0
0
0
0
0
0
0
0
0
0
17
0
0
0
36
235
206
8
3
2
0
2
2
0
6
34
0
0
0
0
0
0
0
0
0
0
0
0
0
0
21
0
79
255
122
0
2
4
0
0
4
0
0
8
0
0
0
0
0
0
0
0
0
0
0
0
2
0
6
16
182
208
48
1
0
4
0
0
3
3
0
0
0
0
0
0
0
0
0
0
0
0
0
0
5
0
0
120
249
105
0
0
0
6
2
0
0
2
0
1
0
0
0
0
0
0
0
0
0
0
0
0
0
0
50
222
182
8
0
7
0
8
4
0
0
0
0
3
0
0
0
0
0
0
0
0
0
0
0
0
5
2
139
197
71
0
4
0
2
5
0
0
3
0
0
4
0
0
0
0
0
0
0
0
0
0
0
0
0
30
251
138
0
0
0
0
0
0
0
0
8
2
0
5
0
0
0
0
0
0
0
0
0
0
0
0
11
121
172
22
4
3
0
3
0
0
0
0
0
0
0
0
0
0
0
0
0
0
0
0
0
0
0
0
3
224
79
0
3
0
4
3
0
0
0
0
0
0
0
0
0
0
0
0
0
0
0
0
0
0
0
0
190
136
0
10
0
0
17
0
0
0
0
0
0
0
0
0
0
0
0
0
0
0
0
0
0
0
0
0
0
0
3
5
12
0
0
7
0
0
0
0
0
0
0
0
0
0
0
0
