7
0
0
0
0
0
0
0
0
1
0
0
11
0
12
0
11
7
0
0
10
3
0
0
0
0
0
0
0
0
0
0
0
0
0
0
0
5
0
9
0
14
0
0
0
0
17
0
0
0
5
0
13
0
0
0
0
0
0
0
0
0
0
0
0
0
0
0
0
5
3
0
9
0
8
6
14
0
9
0
0
0
0
0
0
0
0
0
0
0
0
0
0
0
16
0
3
0
0
0
0
5
0
0
14
0
3
10
0
0
0
0
0
0
0
0
0
0
0
0
0
0
3
9
0
16
0
15
0
0
13
0
2
1
6
0
0
0
0
0
0
0
0
0
0
0
0
0
0
8
8
0
8
0
0
9
0
0
0
10
0
0
0
7
0
0
0
0
0
0
0
0
0
0
0
0
0
0
16
59
238
221
232
185
152
199
147
166
126
41
0
14
0
0
0
0
0
0
0
0
0
0
0
0
0
15
0
14
182
208
227
254
250
255
231
255
255
183
17
0
0
0
0
0
0
0
0
0
0
0
0
0
0
1
0
4
3
0
30
64
69
75
77
226
249
209
8
0
5
0
0
0
0
0
0
0
0
0
0
0
0
0
9
1
0
1
16
0
10
0
22
255
253
168
0
0
0
0
0
0
0
0
0
0
0
0
0
0
0
0
1
3
0
1
0
16
0
9
200
238
182
4
0
29
7
0
0
0
0
0
0
0
0
0
0
0
0
0
0
3
5
0
0
17
13
129
255
240
102
10
1
0
0
0
0
0
0
0
0
0
0
0
0
0
0
1
7
0
0
0
25
0
117
255
243
118
4
0
0
0
9
0
0
0
0
0
0
0
0
0
0
0
0
0
5
0
0
3
0
96
234
255
154
0
3
0
1
22
0
0
0
0
0
0
0
0
0
0
0
0
0
0
0
2
2
13
46
254
249
203
6
4
0
19
0
0
6
0
0
0
0
0
0
0
0
0
0
0
0
11
0
12
2
23
237
253
178
41
2
0
0
0
4
3
0
0
0
0
0
0
0
7
0
0
6
0
5
5
0
0
11
145
255
214
49
0
0
0
0
0
0
0
0
0
0
0
0
5
0
0
0
5
6
0
0
0
12
0
133
255
249
47
0
0
0
0
0
0
0
0
0
0
0
0
0
4
0
0
3
1
0
3
0
2
1
62
242
245
149
0
7
0
0
0
0
0
0
0
0
0
0
0
0
0
0
0
3
0
0
10
0
0
28
237
254
175
1
9
0
0
0
0
0
0
0
0
0
0
0
0
0
0
4
3
1
0
0
4
0
7
170
255
211
37
0
0
8
0
0
0
0
0
0
0
0
0
0
0
0
3
0
0
0
4
4
0
5
132
246
247
77
0
0
8
11
0
0
0
0
0
0
0
0
0
0
0
0
4
0
3
0
3
0
0
90
240
255
214
57
0
8
5
0
0
0
0
0
0
0
0
0
0
0
0
0
5
0
17
2
1
0
17
194
249
247
186
33
0
0
8
4
0
0
0
0
0
0
0
0
0
0
0
0
11
0
6
0
7
0
28
223
255
219
15
3
0
0
22
0
0
0
0
0
0
0
0
0
0
0
0
0
0
0
14
0
0
0
54
223
169
105
0
5
6
0
0
0
0
0
0
0
0
0
0
0
0
0
0
0
13
4
0
0
11
3
0
11
19
0
0
0
0
10
4
7
0
0
0
0
0
0
0
0
0
0
0
0
0
0
0
0
6
5
1
0
0
0
23
0
0
0
2
0
0
0
0
0
0
0
0
0
0
0
0
0
