1
0
0
0
0
0
0
0
0
0
0
0
0
0
0
0
0
0
13
0
0
17
0
0
17
0
0
0
0
0
0
0
0
0
0
0
0
0
0
0
0
0
0
0
0
0
14
15
8
0
0
0
0
0
0
0
0
0
0
0
0
0
0
0
0
0
0
0
0
0
0
0
0
12
0
0
0
0
4
8
2
0
0
0
0
0
0
0
0
0
0
0
0
0
0
0
0
0
0
0
0
1
0
19
0
0
0
0
5
0
0
0
0
0
0
0
0
0
0
0
0
0
0
0
0
0
0
0
0
0
159
204
48
5
15
2
3
0
0
0
0
0
0
0
0
0
0
0
0
0
0
0
0
0
0
0
0
5
247
255
42
0
1
0
0
0
0
0
0
0
0
0
0
0
0
0
0
0
0
0
0
0
0
0
0
85
255
217
13
6
0
2
9
0
0
0
0
0
0
0
0
0
0
0
0
0
0
0
0
0
0
0
0
140
255
172
0
5
0
4
0
0
0
0
0
0
0
0
0
0
0
0
0
5
0
5
3
0
5
1
20
250
255
124
8
0
0
7
0
0
0
0
0
0
0
0
0
0
0
0
0
4
0
0
0
0
5
0
92
248
244
66
0
2
0
0
0
0
0
0
0
0
0
0
0
0
0
0
0
0
5
0
0
0
9
6
195
255
184
4
0
6
3
0
4
0
0
0
0
0
0
0
0
0
0
0
0
0
5
0
6
4
0
54
254
255
106
0
0
6
6
0
7
0
0
0
0
0
0
0
0
0
0
0
0
1
2
1
8
0
0
124
255
248
32
0
5
0
2
0
2
0
0
0
0
0
0
0
0
0
0
0
0
5
0
0
2
0
18
209
255
185
0
14
5
0
0
2
0
0
0
0
0
0
0
0
0
0
0
0
0
0
0
1
0
0
88
255
251
97
0
7
2
0
0
3
0
0
0
0
0
0
0
0
0
0
0
0
0
0
0
10
0
2
135
255
224
32
8
0
0
3
0
4
1
0
0
0
0
0
0
0
0
0
0
0
0
0
2
0
0
48
254
255
163
0
0
0
0
0
0
0
0
0
0
0
0
0
0
0
0
0
0
0
0
0
0
6
0
142
251
239
69
0
0
0
0
0
0
0
0
0
0
0
0
0
0
0
0
0
0
0
0
1
0
8
22
240
255
206
3
0
0
0
0
0
0
0
0
0
0
0
0
0
0
0
0
0
0
0
0
5
0
1
84
255
255
136
0
0
0
0
0
0
0
0
0
0
0
0
0
0
0
0
0
0
0
0
0
6
3
0
171
254
245
41
0
0
0
0
0
0
0
0
0
0
0
0
0
0
0
0
0
0
0
0
0
0
0
28
244
254
212
0
0
0
0
0
0
0
0
0
0
0
0
0
0
0
0
0
0
0
0
0
0
0
0
93
255
255
126
0
3
0
0
0
0
0
0
0
0
0
0
0
0
0
0
0
0
0
0
0
0
0
10
154
250
255
31
1
0
0
0
0
0
0
0
0
0
0
0
0
0
0
0
0
0
0
0
0
0
0
0
0
0
0
0
0
0
0
0
0
0
0
0
0
0
0
0
0
0
0
0
0
0
0
0
0
0
0
0
0
0
0
0
0
0
0
0
0
0
0
0
0
0
0
0
0
0
0
0
0
0
0
0
0
0
0
0
0
0
0
0
0
0
0
0
0
0
0
0
0
0
0
0
0
0
0
0
0
0
0
0
0
0
0
0
0
0
0
0
0
0
0
0
0
0
0
0
0
0
0
0
0
0
