6
0
0
0
0
0
0
0
0
7
0
0
4
5
0
0
0
2
0
0
4
2
0
11
0
0
0
0
0
0
0
0
0
0
0
0
0
0
3
6
0
0
0
8
11
0
0
3
9
1
1
18
0
0
0
0
0
0
0
0
0
0
0
0
0
10
2
0
4
10
5
0
0
5
0
0
0
0
0
1
0
0
0
0
0
0
0
0
0
0
0
0
0
0
0
0
0
0
0
7
14
0
150
255
255
188
19
0
0
0
0
0
0
0
0
0
0
0
0
0
0
0
0
0
0
0
11
2
0
75
210
255
240
248
41
13
0
0
0
0
0
0
0
0
0
0
0
0
0
12
0
0
13
10
0
0
25
241
255
255
255
255
23
0
2
0
0
0
0
0
0
0
0
0
0
0
0
4
0
0
4
0
0
97
219
255
252
252
229
193
22
0
13
0
0
0
0
0
0
0
0
0
0
0
0
0
9
1
0
15
106
201
254
246
253
233
84
0
0
13
0
0
0
0
0
0
2
3
0
4
8
0
6
0
1
6
0
99
241
244
255
241
244
64
0
6
0
0
10
0
0
0
0
3
1
0
0
3
0
0
4
18
0
10
46
219
246
255
247
229
59
5
8
0
4
13
0
0
0
0
0
4
0
0
2
5
0
0
0
0
0
38
242
232
255
255
237
0
4
0
7
0
6
10
0
0
0
0
0
0
1
0
4
7
0
6
0
3
136
255
255
255
245
233
67
0
16
0
15
0
0
12
0
0
0
0
0
0
3
0
0
4
2
2
0
33
227
249
237
249
247
96
12
7
9
72
4
20
0
0
0
0
0
0
0
0
2
4
0
0
0
0
42
212
255
252
255
255
172
76
158
185
202
223
188
15
10
0
9
0
0
0
0
3
0
8
0
2
0
4
127
244
237
255
246
230
183
207
255
250
255
255
241
255
49
0
3
0
0
0
0
7
0
8
0
7
0
17
200
255
253
255
252
255
248
247
251
255
249
254
248
255
170
4
3
0
0
0
0
0
1
3
0
11
5
149
255
253
251
255
240
255
250
247
255
255
236
255
254
247
251
56
8
0
0
0
0
16
0
5
2
0
49
237
245
241
255
231
255
231
226
130
61
111
238
255
241
253
199
6
0
0
0
0
0
11
0
2
11
0
69
255
255
255
254
255
255
196
4
98
147
249
255
230
255
245
123
2
2
0
0
0
0
0
1
0
7
7
72
248
249
249
238
251
247
193
255
229
255
255
255
255
235
72
0
0
0
0
0
0
0
3
0
0
2
0
63
238
242
255
255
255
255
252
224
255
255
250
250
201
103
1
0
5
7
0
0
0
0
4
2
0
4
0
10
147
255
240
253
251
242
252
255
250
194
203
103
18
0
14
18
0
1
0
0
0
0
0
9
0
3
13
0
30
181
255
255
137
114
109
105
98
17
10
0
0
7
0
0
2
5
0
0
0
0
0
0
7
0
0
7
0
3
0
0
14
0
4
1
0
5
2
0
2
7
0
0
10
0
0
0
0
0
0
0
0
0
0
0
0
0
0
0
0
0
0
0
0
0
0
0
0
0
0
0
0
0
0
0
0
0
0
0
0
0
0
0
0
0
0
0
0
0
0
0
0
0
0
0
0
0
0
0
0
0
0
0
0
0
0
0
0
0
0
0
0
0
0
0
0
0
0
0
0
0
0
0
0
0
0
0
0
0
0
0
0
0
0
0
0
0
0
0
0
0
0
0
0
0
0
0
0
0
0
0
0
0
0
0
0
0
0
0
0
0
