3
0
4
0
0
0
0
0
7
3
0
0
0
0
0
8
0
12
0
0
14
0
0
2
2
0
0
0
0
7
0
0
0
13
4
0
0
0
0
1
4
1
0
0
0
0
9
2
0
1
0
21
0
0
0
0
0
0
3
8
5
0
0
0
2
0
4
2
0
0
0
0
7
0
1
10
1
4
0
0
0
0
0
0
0
0
5
0
0
1
16
12
5
4
5
3
0
0
1
0
4
10
0
0
1
0
18
0
10
0
0
0
0
0
0
1
4
5
0
0
0
0
0
1
0
7
15
0
3
2
12
9
7
0
0
23
0
0
0
0
0
3
0
0
4
0
0
46
136
255
244
255
250
243
255
245
248
234
95
125
0
11
12
0
1
0
0
0
0
2
0
0
11
13
0
0
13
255
227
255
255
237
255
255
255
255
255
255
219
186
21
9
4
0
0
0
0
0
6
0
0
0
4
3
4
61
58
157
199
199
242
254
253
254
244
255
243
255
194
13
0
0
0
0
0
0
12
0
0
10
3
0
0
1
7
0
9
0
91
76
83
172
230
254
246
253
253
110
3
0
0
0
0
0
4
7
0
0
0
0
6
0
10
5
3
6
0
20
0
0
76
247
245
255
243
107
3
0
0
0
0
1
0
10
5
1
5
0
0
2
25
120
38
51
72
91
112
212
255
255
237
245
232
94
0
0
0
0
0
7
0
6
0
6
9
0
54
150
236
250
242
237
228
255
247
255
236
250
255
155
50
0
14
0
0
0
0
0
2
9
0
0
0
10
143
243
255
227
255
255
242
248
254
245
255
255
255
156
0
5
0
0
0
0
0
0
5
3
0
9
0
1
113
255
255
255
248
255
236
231
255
247
255
220
255
234
73
6
6
0
0
0
0
0
0
0
1
12
1
0
18
111
104
200
111
100
127
19
72
118
185
255
255
253
238
44
2
0
0
0
0
2
0
3
4
0
0
13
0
0
13
0
0
2
8
0
10
0
0
6
162
242
255
255
0
0
0
0
0
0
0
5
88
159
81
0
0
2
4
2
1
3
0
17
0
5
0
10
90
246
241
255
0
0
0
0
0
0
28
0
254
247
231
71
5
6
3
0
0
10
0
0
2
0
9
0
112
255
255
232
15
0
0
0
0
0
0
0
249
248
255
192
92
0
0
0
25
9
17
0
1
0
42
159
247
243
242
241
0
0
0
0
0
15
6
1
34
239
255
237
255
145
29
10
0
0
0
7
0
109
255
240
255
255
239
106
9
0
0
0
0
0
3
0
15
216
255
245
245
253
114
93
16
116
138
238
255
255
242
255
239
179
19
0
2
0
0
0
0
9
0
0
21
26
140
255
253
252
255
253
219
255
243
233
255
247
255
250
146
4
0
11
0
0
0
0
0
0
14
5
0
0
14
142
236
237
255
245
255
239
255
245
255
224
102
58
0
9
9
9
0
0
0
0
0
4
0
1
0
17
0
0
121
236
209
225
248
252
251
240
113
32
0
9
2
0
10
0
7
0
0
0
0
0
0
0
0
0
0
0
0
5
0
11
63
117
119
61
1
0
0
0
0
0
0
0
0
0
0
0
0
0
0
0
0
0
0
0
0
0
0
0
5
8
7
4
0
0
0
0
0
0
0
0
0
0
0
0
0
0
0
0
0
0
0
0
0
5
5
2
0
0
0
0
4
0
0
0
0
0
0
0
0
0
0
0
0
0
0
0
0
0
0
0
0
0
0
0
3
11
11
3
0
0
0
0
0
0
0
0
0
0
0
0
0
