9
0
0
0
0
0
0
0
0
2
0
0
3
4
0
0
6
0
7
0
1
0
9
0
0
0
0
0
0
0
0
0
0
0
0
0
0
9
0
0
0
0
0
0
0
0
10
4
1
0
6
3
4
0
0
0
0
0
0
0
0
0
0
0
0
0
0
2
4
7
9
6
1
0
0
0
11
0
1
0
0
0
0
0
0
0
0
0
0
0
0
0
0
0
3
6
0
0
0
0
0
11
0
1
10
0
0
0
0
0
0
0
0
0
0
0
0
0
0
0
0
0
0
0
0
0
2
8
9
0
0
8
0
0
0
14
8
0
0
0
0
0
0
0
0
0
0
0
0
2
0
0
4
12
9
0
0
5
3
3
0
19
2
0
0
0
0
0
0
0
0
0
0
0
0
0
0
6
0
1
6
0
0
0
9
0
4
0
0
13
0
0
10
0
0
0
0
0
0
0
0
0
0
0
0
0
0
2
2
0
13
82
155
200
255
216
46
0
0
2
0
0
0
0
0
0
0
0
0
0
0
0
0
0
8
0
0
138
225
244
255
244
210
255
71
10
0
6
4
0
0
0
0
0
0
0
0
0
0
0
0
4
0
41
253
253
195
99
8
20
3
187
164
43
2
4
0
0
0
0
0
0
0
0
0
0
0
0
0
0
19
213
245
111
0
26
0
0
0
166
253
183
0
22
7
0
0
0
0
0
0
0
0
0
0
0
0
0
144
235
112
3
14
0
2
0
93
246
246
92
18
0
4
0
0
0
0
0
0
0
0
0
0
0
0
15
239
185
3
2
0
0
18
130
241
255
169
18
0
21
0
0
0
0
0
0
0
0
0
0
0
0
0
0
182
246
176
105
169
191
249
255
247
212
7
14
0
0
6
0
0
0
0
0
0
0
0
0
0
0
0
13
45
251
243
250
254
216
151
197
255
90
0
0
9
0
4
0
0
0
0
0
0
0
0
0
0
0
0
0
0
0
41
73
72
15
39
253
199
11
6
2
8
0
8
0
0
0
0
0
0
0
0
0
0
0
0
3
0
11
0
0
6
7
166
255
84
11
0
0
13
0
1
0
0
0
0
0
0
0
0
0
0
0
0
0
7
0
8
11
0
0
247
191
37
0
0
1
1
0
5
0
0
0
0
0
0
0
0
0
0
0
0
9
0
0
12
0
0
63
255
104
1
0
5
3
2
0
5
0
0
0
0
0
0
0
0
0
0
0
0
14
0
8
0
0
6
175
222
35
0
4
3
0
7
3
0
0
0
0
0
0
0
0
0
0
0
0
0
2
0
12
0
13
29
228
187
2
0
8
0
0
0
2
0
0
0
0
0
0
0
0
0
0
0
0
0
0
3
0
2
2
121
255
87
2
0
0
6
0
0
0
7
0
0
0
0
0
0
0
0
0
0
0
0
3
0
0
4
7
217
245
0
4
0
0
7
3
0
2
8
0
0
0
0
0
0
0
0
0
0
0
0
0
6
2
2
63
247
175
4
0
9
3
0
0
3
6
0
0
0
0
0
0
0
0
0
0
0
0
0
0
15
0
0
176
253
49
3
0
0
0
0
0
0
0
0
0
0
0
0
0
0
0
0
0
0
0
0
23
0
7
131
240
221
9
0
0
0
0
0
0
0
0
0
0
0
0
0
0
0
0
0
0
0
0
0
0
4
0
255
234
31
0
11
0
0
0
0
0
0
0
0
0
0
0
0
0
0
0
0
0
0
0
0
0
0
19
5
0
15
0
4
0
0
0
0
0
0
0
0
0
0
0
0
