8
0
0
0
0
0
0
0
0
0
0
4
0
0
7
9
0
0
5
0
2
2
0
3
0
0
0
0
0
0
0
0
0
0
0
0
0
18
5
0
0
0
0
0
0
0
7
0
0
0
0
0
0
0
0
0
0
0
0
0
0
0
0
0
0
0
0
0
3
8
0
0
6
0
0
6
3
12
6
0
4
0
0
0
0
0
0
0
0
0
0
0
0
4
15
8
0
0
1
0
5
13
5
0
0
2
0
0
17
0
0
0
0
0
0
0
0
0
0
0
0
0
0
0
0
3
3
0
0
0
0
0
0
6
17
0
0
0
0
0
0
0
0
0
0
0
0
0
0
14
3
10
12
0
0
24
56
155
228
255
255
255
231
133
0
0
0
0
0
0
0
0
0
0
0
0
0
0
0
2
0
0
79
201
255
240
255
243
237
244
255
244
112
0
0
0
0
0
0
0
0
0
0
0
0
0
0
8
0
18
159
255
250
255
249
196
216
231
250
255
144
0
0
0
0
0
0
0
0
0
0
0
0
0
0
0
7
16
225
255
244
197
72
3
0
66
255
252
150
0
0
0
0
0
0
0
0
0
0
0
0
0
2
9
0
8
148
251
255
87
0
10
7
61
241
238
151
0
0
0
0
0
0
0
0
0
0
0
0
4
0
0
0
7
68
238
255
203
0
8
3
168
255
222
45
0
0
0
0
0
0
0
0
0
0
0
0
2
8
19
0
1
0
195
248
250
42
7
154
246
228
91
0
0
0
0
0
0
0
0
0
0
0
0
0
0
0
0
0
2
0
187
249
250
244
255
251
157
18
0
7
0
0
0
0
0
0
0
0
0
0
0
0
0
11
11
0
0
28
182
251
255
255
130
95
0
17
0
0
0
0
0
0
0
0
0
0
0
0
0
0
10
4
31
59
137
217
255
250
251
87
8
0
0
0
0
9
0
0
0
0
0
0
0
0
0
0
0
0
0
103
255
255
245
251
250
253
221
18
6
0
3
3
0
0
0
0
0
0
0
0
0
0
0
0
0
1
43
255
241
252
158
68
243
255
159
0
1
0
3
0
1
6
0
0
0
0
4
3
4
5
8
0
14
0
89
255
255
93
0
59
249
247
174
6
6
0
5
0
2
0
0
0
0
0
0
0
0
0
0
0
9
0
68
243
148
0
8
94
251
255
130
0
3
0
1
2
4
0
0
0
0
0
2
1
0
6
3
0
0
47
230
255
150
0
4
166
255
239
59
0
5
0
0
0
2
1
0
0
0
0
1
6
0
4
0
6
0
129
253
232
79
8
41
181
252
255
36
0
12
0
0
0
0
0
0
0
0
0
0
4
0
0
0
4
21
199
245
255
127
183
253
249
255
247
35
5
3
0
0
7
0
0
0
0
0
0
0
11
3
1
5
6
105
249
255
246
255
255
247
248
206
135
16
2
0
0
0
8
0
3
0
0
0
0
0
3
0
0
2
0
163
255
251
255
246
200
154
22
9
3
0
1
2
1
1
0
0
7
0
0
0
0
2
1
0
2
11
0
52
205
219
127
34
0
2
2
0
0
0
0
0
0
0
0
0
0
0
0
0
0
0
6
0
2
18
0
0
12
5
0
0
8
7
0
0
8
0
0
0
0
0
0
0
0
0
0
0
0
0
9
1
0
1
9
2
0
0
0
0
0
0
0
0
10
0
0
0
0
0
0
0
0
0
0
0
0
0
0
6
4
0
0
4
8
13
7
0
0
4
7
0
0
0
0
0
0
0
0
0
0
0
0
0
0
