8
0
0
0
0
0
0
0
0
0
12
6
0
0
0
0
12
0
0
13
0
0
0
12
0
4
0
1
0
0
0
0
0
0
0
0
0
18
0
0
11
0
0
2
0
3
8
0
0
11
20
0
9
2
0
5
7
0
0
0
0
0
0
0
0
0
7
5
0
1
12
9
0
0
0
0
0
0
0
5
16
0
2
0
1
0
0
0
0
0
0
0
0
0
6
0
0
8
0
0
18
0
15
0
1
14
2
0
0
0
8
0
0
0
0
0
0
0
0
0
0
9
0
0
8
0
7
13
0
12
0
2
17
0
17
0
15
0
8
2
0
0
0
0
0
0
0
0
0
0
0
6
7
0
0
0
0
5
4
0
0
9
0
15
0
2
0
6
4
0
0
0
0
0
0
0
0
10
1
0
5
15
0
18
118
130
255
187
0
15
7
119
204
75
0
0
2
0
0
0
0
0
0
0
0
0
10
11
0
8
131
241
255
250
252
255
72
0
255
255
251
181
15
0
2
0
0
0
0
0
0
0
0
4
0
5
0
249
255
255
255
254
248
255
193
174
255
251
251
247
14
0
0
0
0
0
0
0
0
0
0
0
9
67
185
255
255
179
126
188
255
255
251
255
239
255
255
74
0
14
4
0
0
0
0
0
0
0
0
0
56
188
255
255
60
13
0
197
253
246
255
255
255
125
0
0
0
11
0
0
0
0
0
0
0
0
0
19
169
255
255
196
0
3
4
182
250
255
241
253
67
0
6
7
7
0
0
0
0
0
0
0
0
0
0
0
255
245
243
0
68
190
255
248
255
255
109
19
0
0
12
0
0
0
15
0
0
0
0
0
0
0
0
52
255
247
255
126
251
255
248
255
234
0
0
0
14
0
0
0
0
0
14
0
0
0
0
0
0
0
0
11
121
247
239
255
255
252
253
239
76
0
8
12
0
3
0
9
1
0
0
0
0
0
0
0
0
0
0
0
3
255
255
250
255
252
255
130
1
2
0
0
0
0
5
2
0
0
6
0
0
5
0
0
3
1
0
4
239
255
255
255
255
240
255
129
0
15
0
0
2
10
0
0
0
0
0
18
9
5
1
4
0
0
10
197
255
254
253
110
123
255
243
134
0
5
0
3
0
3
0
0
0
0
0
0
0
0
0
12
4
18
109
253
247
192
11
0
0
241
252
139
0
0
0
8
0
0
0
0
0
0
0
9
17
8
3
0
0
5
144
255
255
2
1
0
135
255
249
122
4
0
0
3
0
0
7
0
0
0
0
0
1
0
0
0
1
18
169
252
190
0
0
74
170
255
253
68
2
4
0
0
0
0
4
0
0
0
0
0
5
0
0
0
4
0
128
255
253
10
0
255
255
231
192
10
0
5
0
1
5
0
0
0
0
0
0
5
0
0
5
0
6
0
138
255
241
134
243
255
248
254
11
0
0
3
0
1
5
0
0
0
0
0
0
4
0
0
14
0
3
13
180
255
255
245
255
244
255
7
0
3
5
0
0
0
0
0
7
0
0
0
0
0
10
0
0
11
0
17
114
255
250
255
253
162
34
0
2
0
0
0
0
0
0
0
0
0
0
0
0
0
7
0
0
15
0
0
23
189
253
245
128
16
0
1
0
0
0
0
0
0
0
0
0
0
0
0
0
0
6
0
0
3
3
0
0
3
6
7
2
0
0
0
6
0
0
0
0
0
0
0
0
0
0
0
0
0
3
3
0
0
2
11
6
6
0
0
0
5
6
0
0
0
0
0
0
0
0
0
0
0
0
0
0
