3
0
0
0
0
0
0
0
0
6
0
0
0
2
0
0
0
2
0
0
0
0
0
0
2
0
0
0
0
0
0
0
0
0
0
0
0
0
0
7
0
0
0
3
3
0
0
0
0
0
2
3
0
0
0
0
0
0
0
0
0
0
0
0
0
12
0
0
2
9
4
0
0
6
0
0
9
4
0
0
5
0
0
0
0
0
0
0
0
0
0
0
0
0
0
0
1
0
0
0
6
0
7
11
0
0
7
11
0
0
0
0
0
0
0
0
0
0
0
0
0
0
4
2
0
0
11
9
0
2
3
1
4
5
0
0
0
0
0
0
0
0
0
0
0
0
0
0
0
14
0
0
3
2
0
0
7
0
3
0
0
7
0
0
25
0
0
0
0
0
0
0
0
0
0
0
0
0
0
2
11
0
1
57
124
168
234
150
7
0
26
1
0
0
0
0
0
0
0
0
0
0
0
0
0
0
13
1
0
62
181
250
250
233
255
142
0
0
1
0
15
0
0
0
0
0
0
0
0
0
0
0
0
0
11
15
171
250
247
255
202
138
255
68
9
4
0
6
0
0
0
0
0
0
0
0
0
0
0
0
0
5
0
254
246
196
63
100
156
255
221
26
0
6
3
0
0
0
0
0
0
0
0
0
0
0
0
0
0
5
5
41
0
0
5
64
214
255
114
0
0
7
0
0
5
0
0
0
0
0
0
0
0
0
0
0
0
0
1
7
16
0
12
199
245
121
18
0
2
7
0
0
11
0
0
0
0
0
0
0
0
0
0
0
0
16
0
0
10
47
192
255
111
18
0
6
0
4
0
7
0
0
0
0
0
0
0
0
0
0
0
0
0
0
8
12
0
219
252
196
9
0
0
4
0
0
0
14
0
0
0
0
0
0
0
0
0
0
0
0
0
0
12
3
139
255
255
246
208
82
7
0
3
0
0
8
0
0
0
0
0
0
0
0
0
0
0
0
0
4
0
2
23
110
159
248
251
247
49
0
11
0
3
0
2
0
0
0
0
0
0
0
0
0
0
0
0
0
4
0
0
5
0
140
252
254
123
6
3
0
0
0
4
0
0
0
0
0
0
0
0
0
0
0
0
0
6
1
15
0
8
0
255
244
52
2
0
0
5
0
2
0
0
0
0
0
0
0
0
0
0
0
0
8
0
7
0
7
0
34
253
234
0
3
0
5
5
1
0
0
0
0
0
0
0
0
0
0
0
0
0
2
0
0
5
0
0
98
248
201
0
8
0
4
0
0
0
0
0
0
0
0
0
0
0
0
0
0
0
2
1
8
14
6
0
111
253
116
4
2
0
3
0
0
0
0
0
0
0
0
0
0
0
0
0
0
0
4
0
0
0
0
48
223
213
23
3
0
1
4
0
2
0
0
0
0
0
0
0
0
0
0
0
0
0
0
0
14
0
6
170
255
97
0
0
0
1
0
0
9
0
0
0
0
0
0
0
0
0
0
0
0
0
7
0
175
48
162
255
183
0
8
0
12
0
0
0
12
0
0
0
0
0
0
0
0
0
0
0
0
0
6
52
248
236
251
171
40
0
0
0
0
0
0
0
0
0
0
0
0
0
0
0
0
0
0
0
0
0
11
118
255
213
117
5
0
13
0
0
0
0
0
0
0
0
0
0
0
0
0
0
0
0
0
0
0
0
0
0
0
0
12
2
15
0
0
0
0
0
0
0
0
0
0
0
0
0
0
0
0
0
0
0
0
0
0
14
0
0
0
0
5
0
0
0
0
0
0
0
0
0
0
0
0
0
