7
0
0
0
0
0
0
0
0
0
0
0
0
0
0
0
0
5
0
0
0
0
0
0
11
2
3
2
0
0
0
0
0
0
0
0
0
0
0
0
0
0
0
0
0
0
4
12
9
7
0
0
0
0
0
0
0
0
0
0
0
0
0
0
0
0
0
0
0
0
0
0
0
2
0
0
0
0
9
7
0
1
2
3
3
0
0
0
0
0
0
0
0
0
0
0
0
0
0
0
0
1
8
9
13
3
0
4
0
1
0
1
2
0
0
0
0
0
0
0
0
0
0
0
0
0
0
0
0
0
0
0
4
0
0
11
4
0
0
0
0
0
0
0
0
0
0
0
0
0
0
0
0
0
0
0
0
3
2
0
17
1
0
12
0
19
5
0
0
0
0
0
0
0
0
0
0
0
0
0
0
0
0
0
0
0
10
0
0
0
58
187
222
38
17
0
1
0
0
0
0
0
0
0
0
0
0
0
0
0
0
0
0
0
5
0
33
96
192
255
228
30
5
0
0
0
0
3
1
0
0
11
0
2
43
169
99
0
0
7
12
62
90
172
219
255
251
249
126
0
0
0
0
1
0
0
0
7
12
0
13
88
246
250
255
241
255
239
246
232
255
237
241
249
244
184
23
0
0
0
0
7
1
0
17
0
0
14
32
241
254
255
255
254
226
253
241
164
110
91
253
255
246
3
0
0
0
0
0
0
3
9
0
2
0
27
185
240
255
74
49
64
63
58
53
7
0
216
255
210
43
0
8
0
0
0
0
0
0
0
12
0
0
147
255
255
34
0
14
0
18
0
0
0
153
246
248
118
15
0
0
0
0
0
0
0
0
4
0
4
17
55
188
89
4
11
0
11
0
8
17
123
234
237
146
26
0
11
0
0
0
0
0
4
0
0
15
0
0
10
13
0
4
0
0
12
0
0
145
255
250
164
0
0
2
0
3
0
0
0
0
0
0
2
1
1
4
0
0
5
0
0
0
4
3
194
248
247
127
0
9
0
1
5
0
0
0
0
0
0
1
0
0
0
0
1
8
1
0
2
0
12
133
253
255
206
33
0
3
0
0
0
9
0
0
0
0
9
0
4
0
0
16
0
0
7
0
5
32
124
250
234
137
69
0
2
5
0
11
0
0
0
0
0
0
0
11
0
0
17
0
0
11
0
6
40
165
255
243
140
0
0
0
12
0
0
9
1
1
0
0
0
0
0
16
0
6
8
0
8
4
1
17
143
242
243
141
16
12
5
0
6
0
0
3
0
4
0
0
0
0
7
0
6
8
0
7
29
0
29
148
233
255
170
17
0
0
1
0
0
2
12
5
0
1
0
0
0
0
7
0
14
0
1
3
0
57
214
255
255
109
0
0
0
9
0
4
4
0
1
3
0
4
0
0
0
0
0
0
1
0
14
0
21
194
253
228
120
20
0
0
24
0
4
8
3
0
0
0
7
6
0
0
0
0
2
7
0
10
0
18
186
255
237
93
0
0
11
0
0
2
4
0
0
9
9
0
0
0
0
0
0
0
5
8
0
0
17
143
255
242
135
17
0
5
0
4
5
2
0
0
0
0
0
0
0
0
0
0
0
0
0
1
18
5
0
117
229
125
35
0
1
14
0
2
0
0
0
0
0
0
0
0
0
0
0
0
0
0
18
0
0
10
0
0
10
0
0
0
10
7
0
0
0
1
0
0
0
0
0
0
0
0
0
0
0
0
0
7
0
3
20
1
0
8
6
7
4
0
0
3
0
0
0
0
0
0
0
0
0
0
0
0
0
0
