0
0
0
0
0
0
0
0
0
0
0
4
8
1
0
0
3
1
2
0
0
0
0
0
0
5
0
0
1
0
0
0
0
0
0
0
0
6
0
0
0
0
2
4
5
0
2
0
0
5
0
0
15
0
0
0
4
0
0
0
0
0
0
0
0
0
0
0
0
2
4
0
0
3
4
0
0
11
1
0
0
0
0
0
0
0
0
0
0
0
0
0
0
0
2
7
2
0
0
1
0
0
0
8
6
0
0
1
10
0
2
0
0
0
0
0
0
0
0
0
0
1
2
0
0
0
1
7
9
12
0
0
0
0
4
7
0
0
4
6
1
0
0
0
0
0
0
0
0
5
0
0
0
3
0
0
0
2
0
0
4
8
0
0
7
0
0
1
5
0
0
0
0
0
0
0
0
1
0
0
8
5
0
0
13
0
84
122
122
94
3
0
118
15
0
0
2
0
0
0
0
0
0
0
0
2
0
3
3
0
0
41
96
139
244
255
255
233
66
0
139
51
17
0
0
0
9
0
0
9
0
0
0
15
0
7
0
0
84
218
250
255
255
249
255
233
44
18
60
182
0
0
7
0
7
0
0
3
2
1
4
0
12
7
10
117
255
255
247
224
81
157
214
92
4
7
252
178
8
0
0
0
3
2
0
0
5
5
1
8
0
108
197
250
251
227
71
36
0
27
7
0
0
88
240
125
7
3
0
0
0
5
0
0
4
0
0
46
142
211
255
255
85
34
0
0
0
0
10
18
4
178
255
38
0
8
0
0
0
7
0
0
0
0
6
131
248
255
233
66
4
0
3
15
1
0
0
12
157
240
137
0
0
7
0
0
0
7
1
2
0
0
71
185
255
234
111
0
20
0
6
0
0
8
4
105
238
223
82
0
0
0
0
2
0
6
0
4
0
30
172
243
226
117
1
5
3
0
4
0
3
15
89
247
255
136
11
7
6
0
0
4
0
6
0
3
0
58
249
255
211
13
2
9
0
14
0
7
0
75
254
252
207
1
1
0
2
1
2
0
0
9
0
4
1
213
255
255
59
0
0
7
5
4
5
9
79
223
255
253
91
0
5
0
0
0
0
7
0
0
22
0
0
247
242
184
6
5
5
0
0
0
29
153
255
255
189
65
1
0
5
0
0
0
0
0
0
0
0
21
11
255
255
142
8
0
0
11
0
47
245
253
202
54
14
0
17
13
0
0
0
0
0
11
0
16
0
2
184
233
255
90
43
27
32
142
185
179
245
145
32
0
3
15
2
0
4
0
0
0
0
3
0
3
3
0
193
255
234
255
243
249
250
253
240
212
117
89
0
3
0
3
0
1
7
0
0
0
0
0
3
0
0
12
37
230
255
255
248
248
255
240
148
109
20
0
2
3
14
0
0
14
0
0
0
0
0
8
0
11
7
0
18
53
231
226
255
223
132
70
0
1
0
7
10
0
3
0
2
15
0
0
0
0
0
0
7
0
5
0
0
6
1
10
0
0
0
10
0
1
0
0
0
13
0
0
10
0
0
0
0
0
0
0
0
0
0
0
0
0
0
0
0
0
0
0
0
0
0
0
0
0
0
0
0
0
0
0
0
0
0
0
0
0
0
0
0
0
0
0
0
0
0
0
0
0
0
0
0
0
0
0
0
0
0
0
0
0
0
0
0
0
0
0
0
0
0
0
0
0
0
0
0
0
0
0
0
0
0
0
0
0
0
0
0
0
0
0
0
0
0
0
0
0
0
0
0
0
0
0
0
0
0
0
0
0
0
0
0
0
0
0
0
0
0
