1
0
0
0
0
0
0
0
0
0
0
0
0
0
0
0
0
0
18
0
0
9
0
5
0
0
0
0
0
0
0
0
0
0
0
0
0
0
0
0
0
0
0
0
0
0
3
0
0
13
0
5
6
0
0
0
0
0
0
0
0
0
0
0
0
0
0
0
0
0
0
0
0
14
0
13
0
0
12
0
0
0
0
0
0
0
0
0
0
0
0
0
0
0
0
0
0
0
0
0
0
0
0
1
7
0
0
0
3
0
0
0
0
0
0
0
0
0
0
0
0
0
0
0
0
0
0
0
0
0
17
36
218
243
142
55
3
0
0
0
0
0
0
0
0
0
0
0
0
0
0
0
0
0
0
0
0
9
1
76
225
255
202
25
0
0
0
0
0
0
0
0
0
0
0
0
0
0
0
0
0
0
0
0
0
0
71
232
250
241
161
0
13
0
0
0
0
0
0
0
0
0
0
0
0
0
0
0
0
0
0
0
0
10
148
246
255
246
75
6
0
0
0
0
0
0
0
0
0
0
0
0
0
0
0
0
1
0
0
0
0
28
255
245
246
255
54
1
0
0
0
0
0
0
0
0
0
0
0
0
0
0
0
1
8
7
0
0
70
233
253
250
255
0
2
5
0
0
0
0
0
0
0
0
0
0
0
0
0
9
6
0
0
0
0
11
76
237
255
246
127
20
0
0
1
0
0
0
0
0
0
0
0
0
0
0
0
0
8
1
12
0
21
0
255
251
225
255
100
0
1
0
6
0
0
0
0
0
0
0
0
0
0
0
0
0
4
0
0
0
63
204
255
255
227
52
19
0
3
6
0
0
0
0
0
0
0
0
0
0
0
0
0
0
1
4
0
5
52
255
255
245
133
0
0
9
0
0
14
0
0
0
0
0
0
0
0
0
0
0
0
14
0
15
14
35
250
255
243
250
132
0
15
9
6
0
0
0
0
0
0
0
0
0
0
0
0
0
0
0
0
4
14
223
245
255
252
114
24
17
0
0
6
0
3
0
0
0
0
0
6
3
0
0
0
11
0
0
0
9
112
251
249
251
253
46
14
0
1
7
0
0
3
0
0
0
0
6
0
0
7
7
0
0
0
0
1
180
233
249
255
255
68
20
3
0
1
3
0
0
4
0
0
0
0
2
0
0
2
0
0
1
8
3
93
199
252
255
202
74
61
0
0
0
2
0
0
0
2
0
0
0
0
0
5
7
0
0
7
1
0
61
250
255
240
242
192
11
5
0
1
5
3
0
0
0
0
0
0
0
0
0
0
4
0
3
15
0
0
194
242
255
255
216
76
0
0
0
3
3
0
0
2
1
0
0
0
0
0
1
0
7
1
1
0
2
74
225
248
246
224
87
0
0
10
0
0
0
0
0
3
2
0
0
0
0
0
3
0
11
2
0
0
9
115
251
255
254
189
0
0
10
0
0
0
0
0
0
0
0
2
0
0
0
0
7
0
2
0
10
10
0
57
237
252
183
21
0
6
0
2
3
0
1
5
3
0
0
4
0
0
0
0
0
0
0
0
0
0
0
0
0
0
0
0
0
0
0
0
0
0
0
0
0
0
0
0
0
0
0
0
0
0
0
0
0
0
0
0
0
0
0
0
0
0
0
0
0
0
0
0
0
0
0
0
0
0
0
0
0
0
0
0
0
0
0
0
0
0
0
0
0
0
0
0
0
0
0
0
0
0
0
0
0
0
0
0
0
0
0
0
0
0
0
0
0
0
0
0
0
0
0
0
0
0
0
0
0
0
0
0
0
0
0
0
