5
0
5
3
0
3
0
0
4
0
0
0
2
0
0
0
0
0
7
5
3
0
0
3
0
0
0
0
0
2
0
0
0
3
0
0
5
6
3
5
0
3
0
6
7
7
0
0
0
6
3
3
2
0
0
0
0
13
0
0
5
2
0
0
0
0
0
8
0
8
0
0
0
0
0
7
9
1
0
0
5
0
0
0
0
0
0
0
5
0
3
11
0
5
0
11
0
15
0
12
3
0
0
3
0
0
6
3
4
0
0
0
0
20
8
6
0
9
126
242
255
174
142
123
63
54
8
9
0
7
0
7
8
9
7
0
0
0
0
0
0
0
0
8
0
1
132
254
255
255
247
255
239
255
244
253
245
131
45
2
0
0
6
0
17
0
0
0
0
2
0
12
0
0
132
255
251
255
252
255
255
255
252
246
235
254
248
255
219
134
54
0
0
0
0
0
0
8
0
3
0
0
130
255
253
249
240
228
224
225
231
232
233
255
242
255
243
255
237
99
0
0
0
0
0
0
8
0
5
0
136
253
255
244
45
5
3
0
2
0
29
103
91
100
102
104
103
7
0
0
0
0
0
0
0
0
12
14
127
255
237
255
94
9
0
0
10
9
1
0
0
0
10
0
0
12
9
0
0
0
0
3
0
5
0
0
39
240
255
245
195
156
176
171
156
147
84
14
16
0
0
13
0
0
0
0
0
0
0
3
0
0
0
5
13
171
252
255
255
244
249
245
252
255
244
158
18
3
0
0
11
6
1
0
0
0
0
0
0
0
2
12
7
101
255
240
249
255
255
252
255
250
244
255
216
151
10
0
4
0
4
0
0
0
0
0
10
5
0
0
0
30
213
255
250
252
208
187
194
195
247
246
255
246
153
48
0
8
0
0
0
0
0
0
0
0
0
12
2
0
51
59
60
62
20
2
0
3
70
209
248
247
255
207
60
0
21
0
0
0
0
0
8
0
0
3
0
0
0
0
3
2
0
10
1
0
14
16
153
255
253
249
231
66
0
0
0
0
0
0
9
0
0
0
9
1
0
0
0
7
1
0
3
0
6
0
12
109
255
253
248
224
15
11
2
0
3
0
10
0
13
0
0
2
5
9
10
0
0
0
0
6
0
11
0
8
80
238
255
239
53
0
0
7
0
0
0
0
18
4
6
9
0
0
1
0
10
8
0
10
4
0
2
0
19
215
244
255
244
19
0
12
0
4
2
0
0
0
7
0
17
47
4
3
0
0
17
0
0
0
18
0
1
174
252
246
255
103
2
0
4
4
5
15
0
0
0
9
175
238
214
244
229
218
200
122
108
68
53
86
145
237
255
250
246
129
6
0
5
0
0
9
2
3
4
27
245
255
252
250
254
255
251
249
249
255
220
255
255
255
249
255
251
69
0
0
2
2
0
0
3
0
0
0
99
255
249
249
253
255
255
250
249
244
248
255
247
248
255
223
81
10
0
0
1
0
11
0
8
0
9
11
0
0
33
137
116
83
110
132
229
254
255
244
254
140
71
16
6
0
0
0
3
0
0
0
0
0
0
0
0
0
0
0
0
0
0
0
0
0
0
0
0
0
0
0
0
0
0
0
0
0
0
0
0
0
0
0
0
0
0
0
0
0
0
0
0
0
0
0
0
0
0
0
0
0
0
0
0
0
0
0
0
0
0
0
0
0
0
0
0
0
0
0
0
0
0
0
0
0
0
0
0
0
0
0
0
0
0
0
0
0
0
0
0
0
0
0
0
0
0
0
0
0
0
0
0
0
0
0
0
0
0
0
0
