8
0
0
0
0
0
0
0
0
12
0
0
0
0
0
5
5
3
0
0
0
3
0
4
3
0
0
0
0
0
0
0
0
0
0
0
0
0
0
13
18
3
0
0
0
3
0
0
0
9
0
0
0
0
0
0
0
0
0
0
0
0
0
0
0
14
5
0
0
0
0
0
0
0
6
8
0
0
13
4
2
0
0
0
0
0
0
0
0
0
0
0
0
0
0
0
0
5
7
3
4
13
0
0
4
0
0
0
14
0
0
0
0
0
0
0
0
0
0
0
0
4
7
0
0
4
0
0
0
0
0
0
3
8
13
13
0
0
0
0
0
0
0
0
0
0
0
0
0
0
3
0
0
8
0
6
39
104
197
246
185
59
0
23
0
0
0
0
0
0
0
0
0
0
0
0
0
1
5
0
1
32
70
150
252
252
238
248
255
199
61
102
26
0
0
0
0
0
0
0
0
0
0
0
0
2
0
12
113
237
255
249
255
255
241
228
248
255
211
255
99
0
0
0
0
0
0
0
0
0
0
0
0
3
27
172
255
255
252
246
166
74
25
13
206
255
255
222
0
0
0
0
0
0
0
0
0
0
0
0
0
9
147
255
255
229
134
42
0
1
20
163
255
235
203
35
13
0
0
0
0
0
0
0
0
0
0
0
0
0
172
254
255
59
0
12
0
27
175
255
246
181
31
0
2
0
0
0
0
0
0
0
0
0
0
0
0
0
152
252
247
135
26
0
49
201
244
255
158
0
15
0
3
0
0
0
0
0
0
0
0
0
0
0
0
20
65
255
248
252
101
49
246
255
255
115
0
19
0
13
0
0
0
0
0
0
0
0
0
0
0
0
0
0
0
155
255
255
255
255
237
255
106
6
9
0
4
10
0
0
0
0
0
0
0
0
0
0
0
0
0
5
11
18
233
255
231
252
255
173
1
10
0
5
1
0
1
0
0
0
0
0
0
0
0
0
0
0
0
1
0
8
94
255
255
245
255
48
2
2
0
0
0
1
0
0
0
0
0
1
1
0
0
0
0
0
0
4
2
42
237
255
240
255
248
226
29
0
8
6
0
6
0
0
0
0
0
1
0
0
0
0
0
0
1
1
10
220
250
234
233
229
255
255
175
3
9
0
0
0
0
0
0
0
0
1
0
0
0
0
0
1
1
1
177
234
255
207
0
108
245
247
237
20
0
0
6
0
6
0
0
0
0
0
0
0
0
0
0
1
2
103
254
255
186
0
0
0
218
255
242
94
4
4
5
0
0
0
0
0
0
0
0
0
0
0
0
1
2
210
251
238
23
5
2
0
100
254
255
125
0
8
0
3
0
0
0
0
0
0
0
0
0
0
1
2
3
223
255
194
37
11
5
4
200
239
255
81
0
0
0
5
4
0
0
0
0
0
0
0
0
0
1
2
3
193
240
255
234
224
229
238
245
255
219
35
0
1
2
0
2
0
0
0
0
0
0
0
0
0
1
2
3
81
207
255
250
250
255
252
255
248
70
0
1
2
9
0
8
0
0
0
0
0
0
0
0
0
0
0
0
0
29
139
227
247
255
218
125
0
0
0
0
0
0
0
0
0
0
0
0
0
0
0
0
0
0
0
0
6
0
3
5
0
13
22
0
0
0
0
0
0
0
0
0
0
0
0
0
0
0
0
0
0
0
0
0
4
0
1
0
0
0
2
0
0
0
0
0
0
0
0
0
0
0
0
0
0
0
0
0
0
0
0
0
0
0
1
8
10
4
0
5
0
0
0
0
0
0
0
0
0
0
0
0
