2
0
0
0
0
0
0
0
0
0
3
2
0
4
0
0
9
9
0
0
4
10
0
0
3
0
0
0
0
0
0
0
0
0
0
0
0
15
1
0
0
0
2
3
0
0
0
3
0
0
0
4
0
0
0
0
0
0
0
0
0
0
0
0
0
0
0
10
6
0
0
7
0
5
7
8
0
6
0
5
0
0
0
0
0
0
0
0
0
0
0
0
0
0
1
1
0
0
8
12
1
3
0
0
0
4
0
2
6
0
0
0
0
0
0
0
0
0
0
0
0
13
3
0
0
14
0
0
0
2
57
150
224
247
203
81
0
0
0
0
0
0
0
0
0
0
0
0
0
0
0
2
7
0
0
45
135
207
175
141
132
179
255
122
2
0
0
0
0
0
0
0
0
0
0
0
0
0
0
7
0
0
87
190
223
97
45
0
0
70
255
119
4
0
0
0
0
0
0
0
0
0
0
0
0
11
0
0
0
58
201
188
2
0
0
1
15
67
248
83
0
0
0
0
0
0
1
1
4
0
0
8
2
0
0
8
88
210
106
0
11
7
0
5
2
69
255
100
1
0
0
0
0
6
0
0
6
8
1
1
0
2
19
112
230
66
0
0
0
0
4
2
6
88
255
56
0
0
0
0
0
1
0
0
0
0
0
1
7
2
41
238
71
0
4
16
5
0
0
14
0
163
234
0
6
0
0
0
0
0
4
8
0
0
1
0
0
113
244
70
6
14
2
0
6
4
0
4
36
253
129
0
6
0
0
0
0
3
0
2
0
6
5
0
19
229
59
0
0
0
0
12
0
4
8
0
177
234
6
18
0
0
0
0
0
6
0
1
3
1
0
14
112
249
56
8
1
0
19
2
1
0
0
72
255
101
0
6
0
0
0
0
0
1
0
9
0
0
0
14
122
147
29
0
5
0
0
0
4
1
18
188
164
4
14
0
14
0
0
0
0
0
0
9
0
5
12
0
15
7
0
0
1
2
0
8
2
7
120
248
23
3
0
6
0
0
0
0
0
0
0
0
5
5
0
0
8
0
0
15
0
9
3
0
0
105
246
88
2
2
0
0
6
0
0
0
0
4
5
13
0
0
4
7
51
112
154
179
189
134
14
9
6
222
204
0
11
0
0
9
0
0
0
0
0
0
0
0
0
8
0
102
237
231
224
252
249
255
246
205
231
214
1
7
2
0
19
0
3
0
0
0
0
11
0
2
27
0
33
230
73
4
0
67
72
105
238
255
244
232
71
15
0
0
0
15
0
0
0
0
0
0
7
0
0
0
78
255
77
8
11
0
11
127
255
226
111
122
153
0
3
1
0
0
4
0
0
0
0
0
0
14
0
4
128
249
95
0
20
106
226
241
113
0
0
0
0
8
1
0
20
0
17
0
0
0
0
2
0
0
0
0
15
138
255
223
206
255
191
33
12
1
9
26
0
11
0
5
3
15
0
0
0
0
0
0
10
0
18
0
0
121
240
132
174
71
13
0
0
0
0
0
17
0
0
5
0
0
9
0
0
0
0
0
0
0
0
0
0
0
0
0
0
0
0
0
0
0
0
0
0
0
0
0
0
0
0
0
0
0
0
0
0
0
0
0
0
0
0
0
0
0
0
0
0
0
0
0
0
0
0
0
0
0
0
0
0
0
0
0
0
0
0
0
0
0
0
0
0
0
0
0
0
0
0
0
0
0
0
0
0
0
0
0
0
0
0
0
0
0
0
0
0
0
0
0
0
0
0
0
0
0
0
0
0
0
0
0
0
0
0
0
0
0
0
