4
0
0
0
0
0
0
0
0
3
1
7
0
0
8
0
0
1
1
0
0
0
7
6
0
7
0
5
1
0
0
0
0
0
0
0
0
0
0
0
16
0
16
0
9
6
0
7
6
0
0
0
6
0
2
0
0
0
0
0
0
0
0
0
0
0
0
26
5
0
0
2
0
5
0
9
7
0
4
0
3
0
26
2
0
0
0
0
0
0
0
0
0
0
13
73
105
0
5
0
0
3
0
3
0
7
12
0
6
19
0
0
11
0
0
0
0
0
0
0
0
0
1
139
237
57
0
0
6
4
4
0
0
2
0
3
95
230
54
1
1
0
0
0
0
0
0
0
0
0
44
224
255
69
0
8
0
0
5
2
5
0
0
93
236
182
2
0
7
0
0
0
0
0
0
0
0
0
142
247
234
0
11
1
0
0
0
1
11
0
54
204
255
97
4
4
4
0
0
0
0
0
0
0
0
2
164
255
181
0
0
0
5
1
0
0
2
0
115
255
196
9
0
0
0
1
0
11
0
3
0
0
2
0
193
248
135
10
0
0
0
1
2
3
0
0
204
235
204
0
14
0
0
9
0
2
0
10
0
0
0
22
228
255
152
0
9
0
13
0
1
7
6
117
255
252
99
10
0
14
5
7
0
0
3
8
0
6
0
97
255
255
122
0
8
0
7
13
0
0
4
166
251
244
7
0
8
0
6
0
0
0
3
0
0
10
3
175
255
226
41
0
0
6
0
0
0
0
71
228
255
174
2
8
8
0
12
0
5
0
0
0
0
0
0
214
248
169
0
3
0
20
0
0
22
8
153
255
255
54
9
4
0
7
3
0
6
0
0
6
7
0
23
232
255
112
1
0
0
7
0
0
0
29
223
246
242
26
0
1
128
0
0
2
2
0
0
5
4
0
116
248
255
58
13
0
0
0
0
9
13
138
255
255
220
54
0
31
221
4
4
0
0
6
0
0
0
7
217
253
250
14
0
2
0
8
8
107
189
255
246
248
137
2
0
3
14
9
0
0
7
7
0
0
13
33
254
255
164
14
0
0
75
117
240
251
245
255
255
127
9
11
0
0
0
0
0
0
0
0
3
3
0
80
237
246
90
41
99
213
247
255
251
255
255
252
202
18
7
0
6
0
0
0
0
4
0
0
4
2
0
181
255
255
227
236
255
235
255
250
233
245
243
255
101
0
0
6
0
0
0
0
0
0
2
7
4
6
0
210
248
255
252
255
255
244
185
81
0
255
253
247
33
12
0
11
0
0
0
0
0
0
2
9
0
3
6
195
255
244
255
209
157
90
0
0
143
255
249
123
0
0
9
0
11
0
0
0
0
13
0
0
0
6
1
117
232
255
200
21
7
0
6
22
245
252
241
68
11
1
7
0
0
0
0
0
0
0
0
2
13
10
0
0
59
39
15
0
0
14
0
2
76
71
66
0
0
4
0
9
3
0
0
0
0
4
1
0
1
0
9
0
6
13
0
4
14
0
3
2
0
0
0
0
8
0
0
16
0
0
0
0
0
0
0
0
0
0
0
0
0
0
0
0
0
0
0
0
0
0
0
0
0
0
0
0
0
0
0
0
0
0
0
0
0
0
0
0
0
0
0
0
0
0
0
0
0
0
0
0
0
0
0
0
0
0
0
0
0
0
0
0
0
0
0
0
0
0
0
0
0
0
0
0
0
0
0
0
0
0
0
0
0
0
0
0
0
0
0
0
0
0
0
0
0
0
0
0
0
0
0
0
0
0
0
0
0
0
0
0
0
0
0
0
0
