4
0
0
0
0
0
7
9
0
5
2
0
0
0
6
0
0
2
9
0
0
17
0
0
2
0
0
0
0
0
0
4
5
0
0
0
0
0
0
4
7
0
1
0
14
0
0
0
3
0
0
12
0
0
0
0
0
9
0
0
0
6
12
12
8
12
3
0
0
0
0
1
0
4
11
3
6
0
9
0
0
0
0
0
0
0
3
10
4
0
0
0
0
0
0
0
2
7
4
9
0
0
3
0
0
7
9
0
3
0
0
0
0
4
9
0
0
0
9
4
5
4
11
1
6
0
0
7
6
10
0
13
0
14
0
2
0
0
0
0
0
0
2
0
0
13
1
0
0
0
4
0
3
8
1
0
0
11
217
235
0
0
0
0
11
0
0
0
0
0
8
6
0
0
0
107
254
241
178
11
0
0
7
9
41
249
240
255
110
6
0
18
0
0
0
0
0
5
0
0
7
8
1
99
255
255
199
15
7
0
7
0
48
255
255
248
98
4
0
2
7
0
0
0
0
0
7
0
4
2
0
123
247
255
248
54
7
0
0
5
50
255
252
253
229
0
10
0
0
0
0
0
0
0
4
0
2
5
0
99
255
255
237
57
0
5
14
0
37
254
255
255
237
6
0
0
3
0
0
0
0
1
0
0
0
4
1
89
255
255
255
147
3
0
1
0
105
250
255
250
221
0
0
0
8
0
0
0
0
4
0
4
0
0
0
126
252
239
250
173
1
0
1
8
169
239
255
255
225
19
5
0
0
0
0
0
0
4
0
7
0
0
10
201
244
255
252
186
6
0
0
44
241
254
249
255
180
0
3
0
1
0
0
0
0
1
0
5
0
0
43
255
247
255
252
221
99
74
65
111
255
255
247
246
161
0
0
0
6
0
0
0
0
0
0
0
5
0
84
255
252
252
253
255
250
255
254
242
255
249
255
255
237
89
6
9
0
0
0
0
0
1
5
0
7
0
110
238
253
248
255
255
255
252
250
255
254
253
255
245
255
113
0
18
0
0
0
0
0
0
1
8
1
0
15
110
205
242
255
243
255
247
255
255
247
255
255
248
224
90
8
0
10
0
0
0
0
1
0
0
6
5
0
0
8
77
73
85
179
213
212
241
248
252
253
228
38
9
0
26
0
0
0
0
0
9
0
0
0
0
0
0
0
0
0
0
4
0
5
178
255
248
255
230
0
0
0
14
0
0
0
0
0
0
1
6
3
0
0
3
6
0
12
9
9
0
0
189
246
251
255
237
10
11
0
0
6
0
0
0
0
0
0
0
0
1
3
0
0
9
0
0
2
6
0
192
254
255
245
230
0
3
0
0
2
0
0
0
0
6
2
0
0
0
8
10
8
0
1
11
10
0
0
178
255
253
255
237
23
0
4
0
5
0
0
0
0
0
1
7
9
4
0
0
0
8
11
4
0
0
15
175
255
249
255
249
99
0
9
0
6
0
0
0
0
6
0
0
0
2
1
2
6
3
0
0
10
3
0
123
251
252
244
242
56
0
0
18
0
0
0
0
0
0
0
0
0
0
0
0
0
2
1
0
2
11
0
52
205
254
255
149
14
0
2
0
1
0
0
0
0
0
0
0
0
0
0
0
0
0
6
0
2
18
0
0
12
0
9
0
0
8
7
0
7
0
0
0
0
0
0
0
0
0
0
0
0
0
9
1
0
1
9
2
0
7
6
0
5
11
0
0
3
0
0
0
0
0
0
0
0
0
0
0
0
0
0
6
4
0
0
4
8
0
0
0
0
0
1
6
0
0
0
0
0
