5
2
1
0
0
0
0
0
0
7
0
0
1
0
0
0
0
4
0
3
0
0
5
2
0
0
0
0
0
0
0
0
0
0
0
0
1
0
0
2
5
1
3
4
4
2
0
0
0
0
0
7
7
0
0
0
0
0
0
0
0
0
0
0
0
6
4
0
0
0
0
0
0
0
0
9
13
1
0
2
0
0
0
0
0
0
0
0
0
0
0
0
0
0
3
0
0
1
2
8
5
4
0
0
1
2
0
3
0
0
0
0
0
0
0
0
0
0
0
0
0
0
19
0
0
3
0
2
0
11
6
0
8
0
0
2
2
0
0
0
0
2
1
0
0
0
0
0
0
46
182
255
255
192
119
125
144
232
255
255
233
120
12
4
6
0
0
0
0
2
0
0
0
0
2
5
7
175
251
255
255
255
244
255
253
255
255
244
210
105
0
0
0
0
0
0
0
0
0
0
0
0
4
9
12
207
255
246
244
255
246
255
250
251
163
43
19
10
0
16
0
0
0
0
0
0
2
1
0
10
0
8
99
246
255
212
52
137
206
147
64
55
0
8
2
0
0
3
0
0
0
0
0
1
0
0
0
0
0
76
242
254
245
78
4
0
0
2
0
14
0
0
0
3
5
0
5
0
0
0
0
0
0
2
10
6
0
81
255
249
216
29
21
8
23
29
0
0
3
5
3
0
0
6
0
0
0
0
0
6
4
0
0
2
12
95
250
253
255
247
241
250
255
247
221
139
61
0
0
26
0
0
7
0
0
0
0
0
3
0
0
0
7
95
253
255
234
255
251
255
252
248
255
241
249
110
0
13
0
0
0
0
0
0
0
0
0
7
7
0
0
85
255
241
255
252
248
175
153
183
243
255
251
251
193
87
1
12
0
0
0
0
0
5
3
0
0
2
3
79
233
255
240
101
59
0
5
21
39
126
219
241
255
255
178
25
2
0
0
0
0
0
3
0
0
10
0
0
62
69
63
0
4
0
7
0
8
0
53
136
248
245
255
95
0
0
0
0
0
3
0
0
4
0
2
3
0
0
0
0
0
9
2
0
0
2
6
0
158
242
255
208
1
0
0
0
0
0
0
2
2
0
1
4
0
12
11
2
0
0
0
0
10
2
0
7
111
255
232
226
0
0
0
0
0
0
3
5
0
0
0
3
1
0
0
0
1
9
3
0
0
0
12
0
99
255
245
207
11
0
0
0
0
0
5
4
0
0
1
0
0
14
12
0
0
2
1
0
2
0
0
67
228
255
255
159
0
0
0
0
0
0
5
0
0
4
2
0
0
0
0
6
4
3
0
0
5
24
64
234
255
245
140
4
4
0
0
0
0
0
4
0
0
8
1
0
16
58
59
32
0
0
22
86
146
191
255
244
255
240
27
20
0
0
0
0
0
0
3
0
0
9
0
2
45
239
241
218
186
179
198
237
255
255
238
255
200
61
0
0
4
0
0
0
0
0
3
0
0
7
0
8
68
247
254
249
246
255
255
250
244
251
232
96
0
16
3
0
0
0
0
0
0
0
0
0
0
0
0
0
0
87
211
248
252
254
184
218
117
86
21
0
0
7
0
0
0
0
0
0
0
0
0
0
0
0
0
0
0
0
8
1
0
7
0
16
0
16
0
0
2
0
0
3
4
0
0
0
0
0
0
0
0
0
0
0
0
12
0
0
0
7
4
0
3
0
0
9
7
0
1
6
0
0
0
0
0
0
0
0
0
0
0
0
0
0
0
4
0
0
10
0
0
4
5
8
3
0
4
5
0
0
0
0
0
