9
0
0
0
0
0
0
0
0
0
0
0
2
4
4
2
0
2
0
0
5
8
0
2
0
0
0
0
0
0
0
0
0
0
0
0
0
4
4
2
0
0
0
0
0
0
8
6
6
0
0
0
0
0
0
0
0
0
0
0
0
0
0
0
0
0
0
4
5
3
2
3
5
0
2
0
0
0
12
0
3
0
0
0
0
0
0
0
0
0
0
0
0
3
2
0
0
0
0
0
0
5
0
0
8
0
8
0
2
0
0
0
0
0
0
0
0
0
0
0
0
9
3
0
0
0
3
5
6
0
1
9
16
0
6
0
6
0
0
0
0
0
0
0
0
0
0
0
0
0
0
1
4
5
1
0
0
6
13
0
0
0
0
8
0
0
0
0
0
0
0
0
0
0
0
0
0
0
1
2
0
0
0
6
13
0
0
0
6
27
0
16
1
0
0
0
0
0
0
0
0
0
0
0
0
6
2
0
0
13
62
127
174
254
255
253
255
187
0
0
0
0
0
0
0
0
0
0
0
0
0
0
0
4
0
0
7
65
198
254
250
255
248
249
252
255
195
10
0
0
0
0
0
0
0
0
0
0
0
0
0
7
2
27
119
225
254
255
243
255
245
255
255
242
207
5
0
0
0
0
0
0
0
0
0
0
0
0
0
0
0
85
251
255
255
248
255
222
60
136
191
255
246
214
88
0
0
0
0
0
0
0
0
0
0
0
0
4
86
247
254
255
230
169
67
11
7
68
203
255
240
248
120
0
0
0
0
0
0
0
0
0
0
0
0
2
195
251
243
224
122
27
10
64
174
211
255
250
254
246
104
0
0
0
0
0
0
0
0
0
0
0
0
56
240
255
246
255
96
166
208
247
240
255
237
249
255
190
32
0
0
0
0
0
0
0
0
0
0
0
0
72
255
241
255
247
237
255
249
245
255
249
255
239
196
11
0
0
0
0
0
0
0
0
0
0
0
0
0
87
247
254
249
255
255
230
255
255
244
247
193
119
25
0
12
0
0
0
0
0
4
0
0
4
1
2
1
36
122
126
132
255
252
243
255
255
188
52
0
0
4
0
10
0
0
0
0
0
3
0
0
0
0
4
0
7
0
0
180
249
252
255
251
198
25
0
21
15
0
0
0
0
0
0
0
0
0
5
2
0
1
5
0
3
0
133
228
245
255
248
85
15
1
4
3
0
0
8
0
0
0
0
0
3
0
7
3
0
3
1
0
0
107
232
255
254
254
95
0
0
20
1
0
13
11
0
9
0
0
0
0
6
0
6
1
0
5
0
4
28
223
255
236
245
187
8
0
15
0
0
0
6
3
0
0
0
0
0
0
6
0
4
0
2
5
0
37
203
243
255
255
196
17
0
15
0
0
18
10
0
0
15
0
0
0
0
0
3
0
4
0
4
1
0
83
248
255
250
193
25
0
17
0
5
0
0
1
10
1
0
7
0
0
0
0
1
0
6
0
3
0
4
117
255
245
222
24
0
15
0
2
0
6
2
0
0
4
1
0
0
0
0
0
0
14
0
0
4
11
37
250
247
218
83
1
5
0
0
0
0
0
0
0
0
0
0
0
0
0
0
0
2
7
0
8
0
0
21
223
255
140
4
0
4
6
4
0
0
0
0
0
0
0
0
0
0
0
0
0
2
3
0
7
0
0
4
137
245
87
5
4
0
0
0
8
0
0
0
0
0
0
0
0
0
0
0
0
0
5
0
0
0
13
0
29
3
0
0
17
0
0
0
2
0
0
0
0
0
0
0
0
0
0
0
0
