3
7
0
0
1
3
0
1
7
0
0
4
4
0
0
3
1
1
0
0
0
0
0
0
0
0
0
0
0
0
2
2
4
1
0
0
2
9
4
0
0
4
6
1
0
0
0
0
0
0
0
0
0
0
0
0
0
0
0
3
0
0
0
0
0
0
0
2
0
0
0
0
9
0
0
0
0
0
0
0
0
0
0
0
0
3
0
0
0
0
10
2
0
3
2
0
0
13
11
0
1
0
0
0
1
1
1
0
0
0
0
0
0
6
0
3
0
0
4
0
0
0
2
1
1
0
0
0
0
0
0
0
1
1
1
0
0
0
0
0
0
1
0
12
0
0
9
0
5
9
0
0
2
0
0
9
13
3
2
1
0
0
0
0
0
0
0
0
0
2
0
8
0
38
108
105
104
94
30
3
5
0
6
8
0
7
5
1
0
0
0
0
1
0
0
0
0
8
0
0
4
108
248
255
247
255
217
202
158
66
38
66
66
9
6
2
0
0
0
0
1
0
0
0
0
0
6
0
7
99
223
255
241
250
251
245
255
246
241
255
252
197
165
167
156
169
113
0
1
0
0
0
0
4
0
0
0
0
13
77
142
253
254
251
255
253
250
251
233
253
243
255
255
255
158
0
1
0
0
0
0
6
0
0
6
5
0
0
2
9
38
107
168
189
175
176
216
248
255
255
246
248
166
14
0
0
0
0
0
0
6
9
0
0
9
7
0
13
0
0
0
1
0
0
73
249
242
255
236
154
43
0
13
0
0
0
0
1
1
0
0
0
0
0
11
1
0
6
7
0
3
76
219
255
242
214
96
0
9
13
0
0
0
0
0
5
0
0
4
13
8
0
0
10
10
0
0
61
178
238
254
247
91
16
3
0
0
11
9
0
0
0
0
0
2
4
0
0
0
7
4
0
0
49
176
250
249
245
243
89
13
0
9
8
0
0
0
0
0
0
0
7
1
0
2
5
3
0
0
1
108
198
248
255
247
195
76
6
3
0
0
3
1
0
8
0
0
0
0
0
0
0
9
0
4
0
0
136
255
255
254
242
255
255
240
237
114
23
0
0
8
0
5
0
0
0
0
5
5
0
8
0
6
3
5
183
255
237
252
255
254
245
255
255
236
146
43
3
0
3
0
0
0
0
0
0
0
0
6
0
2
0
0
19
106
99
88
94
67
87
215
242
255
255
71
0
0
0
12
0
0
0
0
0
2
0
4
6
5
0
2
14
0
0
9
0
10
14
0
96
248
245
227
6
9
0
2
0
0
0
0
6
3
0
0
1
0
0
10
0
2
12
0
0
0
0
0
12
125
251
219
0
5
0
55
0
0
0
0
0
0
0
0
19
0
0
0
7
0
5
2
0
0
10
3
15
160
233
242
0
0
14
26
0
0
0
0
0
4
12
13
45
15
0
2
0
12
0
0
8
0
14
24
210
238
255
133
0
0
6
9
0
0
0
0
0
0
0
0
23
0
0
7
9
0
0
2
13
90
245
240
255
254
168
61
0
10
0
0
0
0
0
0
0
0
0
0
0
0
0
0
41
46
55
177
207
255
236
255
223
126
27
0
0
0
0
0
0
0
0
0
0
0
0
0
0
0
0
0
94
93
88
116
108
114
100
109
39
10
0
0
1
0
0
3
0
0
0
0
0
0
0
0
0
0
0
0
6
8
15
0
0
0
2
0
0
0
3
8
4
0
0
0
0
0
0
0
0
0
0
0
0
0
0
0
0
0
3
0
9
4
17
0
2
3
1
0
0
1
2
1
0
0
0
0
