1
0
0
0
0
0
0
0
0
0
0
16
0
0
0
0
0
0
7
4
0
0
0
4
0
0
0
0
0
0
0
0
0
0
0
0
0
2
0
3
0
8
2
6
0
7
0
6
0
5
2
2
0
0
0
0
0
0
0
0
0
0
0
0
0
4
0
0
0
3
0
4
0
6
0
7
2
0
0
4
9
0
0
0
0
0
0
0
0
0
0
0
0
0
3
0
2
0
0
6
0
0
15
0
7
7
0
0
2
0
0
0
0
0
0
0
0
0
0
0
0
0
5
0
0
1
2
5
11
225
217
12
0
0
2
0
0
0
0
0
0
0
0
0
0
0
0
0
0
0
3
0
0
6
7
0
33
255
243
12
2
7
8
0
0
0
0
0
0
0
0
0
0
0
0
0
0
5
1
0
0
4
0
0
123
255
194
18
0
0
0
0
13
0
0
0
0
0
0
0
0
0
0
0
0
0
0
5
0
3
1
20
239
239
107
1
0
11
3
0
0
0
0
0
0
0
0
0
0
0
0
0
0
1
3
0
0
7
0
102
253
255
38
9
4
3
0
13
0
0
0
0
0
0
0
0
0
0
0
0
0
2
0
1
18
0
14
93
255
214
10
0
0
7
0
9
1
0
0
0
0
0
0
0
0
0
0
0
0
0
4
0
0
7
0
200
249
154
16
0
0
10
0
1
0
0
0
0
0
0
0
0
0
0
0
0
0
6
0
4
1
0
90
238
252
32
0
9
0
0
0
6
0
0
0
0
0
0
0
0
0
0
0
0
0
2
0
11
9
0
166
248
214
0
0
12
0
0
0
3
0
0
0
0
0
0
0
0
0
0
0
0
0
0
17
0
0
0
183
255
169
16
6
5
5
8
0
0
0
0
0
0
0
0
0
0
0
0
0
0
0
1
1
0
0
32
254
235
120
0
0
0
0
2
0
2
5
0
0
0
0
0
0
0
0
0
0
0
0
0
0
10
1
174
238
255
22
0
4
5
8
0
0
5
0
0
0
0
0
0
0
0
0
0
0
0
0
0
5
0
2
238
252
164
0
0
0
0
0
0
0
0
0
0
0
0
0
0
0
0
0
0
0
0
0
8
0
2
30
240
247
81
0
0
0
0
0
0
0
0
0
0
0
0
0
0
0
0
0
0
0
0
0
2
0
0
102
251
193
11
0
0
0
0
0
0
0
0
0
0
0
0
0
0
0
0
0
0
0
0
0
0
13
0
202
255
99
0
5
0
0
0
0
0
0
0
0
0
0
0
0
0
0
0
0
0
0
0
0
0
10
39
255
245
31
2
1
0
0
0
0
0
0
0
0
0
0
0
0
0
0
0
0
0
0
0
0
0
0
103
255
173
16
0
0
0
0
0
0
0
0
0
0
0
0
0
0
0
0
0
0
0
0
0
0
0
26
186
243
85
11
0
2
0
0
0
0
0
0
0
0
0
0
0
0
0
0
0
0
0
0
0
0
0
103
255
246
32
0
0
4
0
0
0
0
0
0
0
0
0
0
0
0
0
0
0
0
0
0
0
0
0
0
0
0
0
0
0
0
0
0
0
0
0
0
0
0
0
0
0
0
0
0
0
0
0
0
0
0
0
0
0
0
0
0
0
0
0
0
0
0
0
0
0
0
0
0
0
0
0
0
0
0
0
0
0
0
0
0
0
0
0
0
0
0
0
0
0
0
0
0
0
0
0
0
0
0
0
0
0
0
0
0
0
0
0
0
0
0
0
0
0
0
0
0
0
0
0
0
0
0
0
0
0
0
