8
0
0
0
0
0
0
0
0
0
8
0
5
16
0
0
4
8
4
0
2
6
0
1
0
0
0
0
0
0
0
0
0
0
0
0
0
5
0
10
0
0
3
8
0
0
0
8
0
0
23
4
0
0
0
0
0
0
0
0
0
0
0
0
0
0
0
13
0
0
0
0
10
0
0
0
7
0
0
0
0
0
0
0
0
0
0
0
0
0
0
0
0
0
3
0
11
0
0
9
0
8
0
9
0
0
0
10
4
0
0
0
0
0
0
0
0
0
0
0
0
7
0
0
11
0
22
8
0
0
105
239
178
31
0
0
14
0
0
0
0
0
0
0
0
0
0
0
0
2
0
4
0
0
10
0
91
208
255
244
245
61
6
1
0
0
0
0
0
0
0
0
0
0
0
0
0
0
2
3
0
16
0
46
226
252
205
93
155
47
0
2
0
0
0
0
0
0
0
0
0
0
0
0
0
5
0
0
8
0
16
234
254
203
28
7
0
0
16
0
14
0
0
0
0
0
0
0
0
0
0
0
0
0
0
0
7
0
113
245
235
22
11
1
0
0
0
3
5
3
0
0
2
0
0
0
0
0
0
0
0
8
3
0
0
0
208
255
152
0
0
0
4
3
0
46
146
33
15
1
1
0
0
0
0
0
0
0
0
0
0
9
8
2
245
248
78
11
0
8
0
1
145
251
201
29
10
0
0
0
0
0
0
0
0
0
0
9
0
2
0
0
230
245
45
5
0
5
90
199
246
172
59
4
0
0
0
0
0
0
0
0
0
0
0
0
10
18
0
0
206
254
34
0
46
147
245
244
117
2
0
0
0
3
5
0
0
0
0
0
0
0
0
7
0
0
0
29
195
251
82
123
216
255
186
49
0
9
9
0
2
4
1
0
0
0
0
0
0
0
0
0
7
12
13
0
130
244
255
255
238
132
23
0
0
0
0
0
0
0
0
0
0
0
0
0
0
0
0
4
0
0
8
43
229
255
253
214
57
0
6
0
0
8
0
1
1
0
0
5
0
7
2
0
5
0
0
21
0
30
118
241
255
255
176
0
0
0
0
0
0
0
0
0
0
0
0
0
0
11
0
0
3
0
1
0
33
173
255
247
250
254
137
0
0
0
0
0
0
0
0
0
0
0
0
0
0
8
0
0
4
0
0
48
196
245
251
96
201
250
50
0
0
0
0
0
0
0
0
0
0
0
0
5
0
0
0
4
5
0
7
222
255
224
34
16
209
255
40
0
0
0
0
0
0
0
0
0
0
0
0
7
0
0
2
6
0
3
54
255
252
32
0
85
255
225
35
0
0
0
0
0
0
0
0
0
0
0
0
0
0
2
1
0
0
14
93
251
253
67
115
247
248
136
0
0
0
0
0
0
0
0
0
0
0
0
0
0
1
3
0
0
0
3
63
244
255
249
255
237
219
9
6
0
0
0
0
0
0
0
0
0
0
0
0
0
5
0
0
8
7
0
1
135
221
252
253
168
9
0
9
0
0
0
0
0
0
0
0
0
0
0
0
0
0
0
0
0
0
0
0
0
0
0
0
0
0
0
0
0
0
0
0
0
0
0
0
0
0
0
0
0
0
0
0
0
0
0
0
0
0
0
0
0
0
0
0
0
0
0
0
0
0
0
0
0
0
0
0
0
0
0
0
0
0
0
0
0
0
0
0
0
0
0
0
0
0
0
0
0
0
0
0
0
0
0
0
0
0
0
0
0
0
0
0
0
0
0
0
0
0
0
0
0
0
0
0
0
0
0
0
0
0
0
0
