5
0
0
0
0
0
0
0
0
0
0
10
7
0
1
0
0
7
0
0
5
0
0
3
4
0
0
0
0
0
0
0
0
0
0
0
0
0
10
0
0
9
4
0
19
0
0
0
2
3
0
0
1
0
0
0
0
0
0
0
0
0
0
0
0
0
3
14
11
0
0
0
0
0
5
1
0
0
0
0
0
0
0
0
0
0
0
0
0
0
0
0
0
17
0
0
8
0
0
18
0
0
5
0
0
3
7
5
10
0
0
0
0
0
0
0
0
0
0
0
0
0
18
2
0
0
0
1
0
0
3
1
0
0
0
0
0
0
0
0
0
0
0
0
0
0
0
0
0
4
0
0
16
5
0
11
10
0
0
2
13
7
6
9
2
0
0
0
0
0
0
0
0
0
0
0
0
4
7
0
4
46
161
210
81
18
0
0
9
0
0
3
0
0
0
0
0
0
0
0
0
0
0
0
0
0
0
30
160
240
244
255
248
210
143
121
100
34
8
19
3
0
0
0
0
1
0
0
0
0
3
0
4
0
37
162
250
254
250
253
254
255
251
253
255
253
253
251
243
240
87
0
0
1
0
0
2
10
0
24
0
51
200
255
255
255
235
229
240
224
244
244
242
255
255
255
255
255
244
21
18
6
0
3
0
1
0
0
23
224
254
250
242
133
1
0
0
0
7
55
86
79
116
198
249
244
255
0
0
0
0
5
1
1
9
0
177
253
255
157
55
15
1
9
0
0
4
2
3
4
0
40
144
255
186
14
0
3
0
6
0
0
9
51
255
251
107
8
5
10
0
0
13
15
0
0
15
0
0
14
23
75
13
0
0
4
0
1
0
0
0
167
244
255
46
0
11
0
0
9
0
0
13
3
0
10
10
0
0
0
5
0
6
0
0
0
4
13
10
248
255
255
150
30
0
7
4
3
5
0
0
10
5
0
0
11
0
0
13
0
0
0
13
0
0
0
0
196
249
247
255
244
253
240
202
145
21
9
0
0
2
9
0
0
7
7
0
15
0
0
0
0
5
11
0
67
231
238
255
250
255
251
254
248
233
130
0
9
2
0
4
8
0
0
0
0
0
1
10
0
0
6
0
0
39
80
73
108
185
169
199
254
242
234
173
0
0
22
0
3
1
0
0
0
0
0
7
4
0
5
11
1
0
5
0
22
12
0
20
75
255
255
244
24
0
9
0
2
0
0
0
0
0
0
0
3
0
0
0
5
10
1
0
0
13
0
0
10
136
232
245
53
8
0
10
4
0
0
0
0
0
11
0
0
2
0
0
0
0
0
89
117
8
0
18
10
212
250
255
30
0
0
0
1
2
0
0
0
0
0
0
3
3
3
12
12
0
0
191
245
135
0
43
176
246
255
151
5
0
0
8
0
0
0
0
0
0
0
8
8
0
0
0
0
0
76
251
255
183
170
241
255
250
170
6
2
6
0
14
0
0
0
0
0
0
0
0
0
1
6
0
0
6
34
248
248
251
255
253
251
202
39
0
0
6
10
0
3
1
0
0
0
0
0
0
0
0
0
0
0
0
4
121
250
253
254
252
124
8
0
0
0
0
0
0
0
0
0
0
0
0
0
0
0
0
0
0
0
0
0
99
243
245
152
59
0
10
0
0
0
0
0
0
0
0
0
0
0
0
0
0
0
0
0
0
0
0
0
0
7
2
0
0
0
7
0
0
0
0
0
0
0
0
0
0
0
0
0
0
0
0
0
0
0
0
0
2
17
0
0
11
0
0
0
0
0
0
0
0
0
0
0
0
0
0
