4
0
0
0
0
0
0
0
0
0
5
5
0
2
3
0
11
2
0
0
17
0
0
0
0
0
0
0
0
0
0
0
0
0
0
0
0
0
1
3
0
1
11
0
0
0
3
0
1
1
8
5
2
0
0
0
0
0
0
0
0
0
0
0
0
12
0
1
0
1
0
0
14
0
0
0
0
0
0
0
0
0
0
0
0
0
0
0
0
0
0
0
0
0
0
1
11
0
7
0
6
6
3
1
14
2
0
0
8
0
0
0
0
0
0
0
0
0
0
0
0
2
0
0
9
0
7
0
3
1
0
0
18
0
6
0
6
0
0
0
0
0
0
0
0
0
0
0
0
0
0
132
180
248
80
12
0
0
25
7
0
0
9
0
0
0
0
0
0
0
0
0
0
0
0
0
0
0
77
230
251
255
100
12
0
21
157
133
0
2
13
1
1
0
0
0
0
0
0
0
0
0
0
0
0
4
239
255
255
112
134
0
0
47
255
252
0
7
0
0
2
0
0
0
0
4
0
0
0
0
4
8
0
135
255
255
130
0
5
0
5
243
255
255
0
4
3
4
0
0
0
1
0
0
1
6
7
4
0
0
13
240
255
240
53
0
0
9
0
255
252
123
15
0
0
2
8
3
5
5
0
0
4
3
3
0
2
0
125
255
253
180
15
12
0
6
3
255
248
135
0
0
0
3
0
0
0
2
3
7
2
0
0
0
0
13
245
255
253
75
1
0
0
5
110
255
252
130
0
22
0
0
13
0
3
0
0
3
0
0
8
1
0
5
255
255
255
0
1
0
2
1
208
244
255
6
0
1
3
0
0
6
11
2
0
1
0
1
6
3
0
3
229
255
246
6
0
9
3
0
239
254
244
0
3
1
24
0
15
0
0
3
3
3
0
6
0
0
2
6
145
255
250
116
20
0
0
8
255
255
131
0
2
6
0
18
122
23
0
0
15
0
0
16
0
0
8
0
55
242
255
255
113
0
8
2
250
251
129
0
0
2
8
186
255
114
17
0
11
0
0
0
0
0
0
0
0
123
254
253
255
184
66
68
253
255
112
9
126
180
255
255
190
0
0
0
0
0
0
0
0
0
0
0
0
11
66
255
245
255
255
237
255
255
239
249
255
255
254
196
60
0
0
0
0
0
0
0
0
0
0
0
0
0
0
29
197
242
245
255
250
255
255
247
255
98
57
6
5
0
0
0
0
0
0
0
0
0
0
0
0
16
2
6
0
0
147
119
252
251
255
132
0
10
25
0
0
0
0
0
0
0
0
0
0
0
0
0
0
0
7
0
4
14
0
0
189
243
126
0
1
0
2
0
16
0
0
0
0
0
0
0
0
0
0
0
0
10
1
0
0
17
0
3
134
255
174
24
1
0
7
7
0
0
0
0
0
0
0
0
0
0
0
0
0
0
0
16
10
0
3
0
67
253
255
160
145
0
0
7
4
0
0
0
0
0
0
0
0
0
0
0
0
0
5
0
0
3
2
2
0
189
255
255
245
255
8
0
0
0
0
0
0
0
0
0
0
0
0
0
0
0
0
0
0
0
0
0
0
8
117
189
142
49
1
0
1
0
0
0
0
0
0
0
0
0
0
0
0
0
0
0
0
0
0
0
0
0
4
5
0
6
18
11
0
0
0
0
0
0
0
0
0
0
0
0
0
0
0
0
0
0
0
0
0
5
0
0
0
0
0
0
4
0
0
0
0
0
0
0
0
0
0
0
0
0
0
0
0
0
0
0
0
6
2
6
12
8
0
0
0
0
0
0
0
