7
0
0
0
0
0
0
0
0
7
0
0
0
0
0
0
4
0
0
0
0
0
0
0
0
0
0
0
0
0
0
0
0
0
0
0
0
1
0
1
3
17
7
2
0
0
0
0
0
0
0
0
0
0
0
0
0
0
0
0
0
0
0
0
0
4
5
14
0
0
0
0
5
0
0
0
0
0
0
0
0
0
0
0
0
0
0
0
0
0
0
0
0
0
0
0
0
11
14
9
0
0
0
0
0
0
0
0
0
0
0
0
0
0
0
0
0
0
0
0
0
0
4
0
0
0
2
0
0
0
0
0
0
0
0
0
0
0
0
0
0
0
0
0
0
0
0
0
0
0
0
5
8
0
0
0
3
0
0
0
0
0
0
0
0
0
0
0
0
0
0
0
0
0
0
0
0
10
0
4
0
18
0
9
9
0
0
0
0
0
0
0
0
0
0
0
0
0
0
0
0
0
0
0
0
4
93
255
255
226
50
12
0
0
0
0
0
0
0
0
0
0
0
0
0
4
0
1
0
0
4
0
2
5
150
253
255
240
222
70
37
49
40
56
200
192
201
124
0
0
0
0
0
7
0
10
4
0
3
4
0
44
168
252
248
255
247
241
255
253
251
255
255
255
253
138
5
0
0
0
0
0
0
1
1
0
6
8
0
89
255
255
244
234
247
255
238
254
255
252
241
245
255
80
4
0
0
0
0
11
0
1
0
2
0
0
7
210
241
250
255
255
236
76
63
54
104
255
255
255
122
8
0
0
0
0
0
0
8
0
0
16
0
0
83
244
255
241
252
219
58
0
3
6
82
242
255
209
54
0
0
0
0
0
0
0
3
0
0
9
0
15
130
255
229
101
13
11
17
0
6
89
214
253
214
31
0
0
25
0
0
0
0
5
8
9
0
0
0
0
58
52
78
0
9
0
0
0
49
238
255
247
100
18
0
10
0
0
0
0
0
6
0
0
4
2
8
0
0
18
0
7
0
1
0
34
218
255
243
160
8
0
4
11
2
0
0
0
0
0
0
0
0
0
0
0
0
8
0
0
13
0
0
235
245
255
122
22
1
0
0
7
0
0
0
0
0
0
0
0
0
0
0
0
0
0
5
0
0
1
95
231
254
227
59
0
0
15
0
0
7
0
0
0
0
0
0
0
0
0
0
0
0
3
6
9
0
109
176
255
240
0
0
8
5
0
0
9
0
0
0
0
0
0
0
0
0
0
0
0
0
0
11
0
42
193
255
255
176
0
0
6
6
0
0
9
0
0
0
0
0
0
0
0
0
0
0
0
0
2
0
23
98
251
255
177
35
29
0
0
0
1
0
0
1
0
0
0
0
0
0
0
0
0
0
0
0
0
0
68
229
237
255
38
0
0
0
13
0
0
7
6
0
0
0
0
0
0
0
0
0
0
0
0
0
0
25
161
255
255
246
43
19
9
6
0
0
8
6
0
1
0
0
0
0
0
0
0
0
0
0
0
0
6
144
250
248
255
244
84
0
0
0
0
0
2
0
0
5
0
0
0
0
0
0
0
0
0
0
0
0
96
242
249
255
243
193
27
0
0
0
0
0
0
0
0
0
0
0
0
0
0
0
0
0
0
0
0
0
95
254
255
214
101
28
0
22
0
0
0
0
0
0
0
0
0
0
0
0
0
0
0
0
0
0
0
0
89
255
245
89
0
13
1
0
0
0
0
0
0
0
0
0
0
0
0
0
0
0
0
0
0
0
0
0
2
10
0
0
2
0
0
20
0
0
0
0
0
0
0
0
0
0
0
0
