0
0
0
0
0
0
0
0
0
0
14
0
9
0
0
6
0
0
7
8
0
6
8
0
0
0
0
0
0
0
0
0
0
0
0
0
0
0
4
6
0
0
14
0
0
4
4
0
0
0
0
0
16
0
0
0
0
0
0
0
0
0
0
0
0
8
0
0
0
3
0
0
10
1
0
2
18
0
2
17
0
0
0
0
0
0
0
0
0
0
0
0
0
0
4
0
0
7
3
11
0
4
19
0
1
9
3
0
6
0
0
0
0
0
0
0
0
0
0
0
0
12
0
9
8
0
0
87
226
170
76
0
0
0
13
2
0
0
0
0
0
0
0
0
0
0
0
0
0
0
0
13
0
44
215
233
255
255
236
103
27
7
19
0
3
0
0
0
0
0
0
0
0
0
0
0
0
11
0
0
67
142
255
250
248
239
255
255
190
18
0
3
4
0
0
0
0
0
0
0
0
0
0
0
0
0
13
3
218
255
249
255
255
212
196
236
255
116
33
0
0
0
0
0
0
0
0
2
10
0
7
0
8
0
12
128
251
255
252
243
255
103
25
78
241
245
218
8
0
0
0
0
0
3
0
2
0
0
6
5
0
0
111
239
255
226
121
167
149
6
2
0
58
234
248
80
0
0
0
0
0
0
7
3
0
0
3
8
0
98
255
255
219
57
15
0
0
0
10
0
2
161
252
230
69
0
0
0
0
0
8
1
0
2
1
0
36
193
255
230
70
0
2
1
7
0
0
0
9
26
178
255
135
0
0
0
0
0
5
0
2
4
3
0
138
255
252
183
0
3
0
8
0
8
10
0
1
3
164
253
202
0
0
0
0
3
2
0
0
1
5
55
235
251
200
32
9
0
9
5
0
0
0
0
0
7
159
239
207
0
0
0
0
3
0
0
1
0
1
146
255
255
130
0
0
4
0
11
0
2
0
16
5
2
159
255
200
0
0
0
0
0
0
8
4
3
0
211
249
242
65
0
0
13
0
0
9
0
0
0
7
0
159
255
197
0
0
0
0
1
0
13
0
10
0
200
254
253
66
3
0
0
12
0
9
0
2
0
7
0
193
255
206
0
0
0
0
6
2
2
0
0
9
221
255
250
59
3
9
0
13
9
1
4
0
0
3
179
255
229
87
0
0
0
0
0
6
0
1
0
6
183
243
253
58
0
7
0
0
0
0
0
16
5
93
245
251
151
6
0
0
0
0
0
2
1
15
4
0
102
251
255
89
12
4
0
12
3
0
25
62
171
255
253
247
4
0
0
0
0
0
3
2
0
0
3
0
39
246
230
250
154
8
15
11
0
130
211
255
251
255
235
160
2
15
0
0
0
0
0
7
0
0
3
10
0
149
255
255
255
244
240
255
247
255
255
238
255
199
22
0
0
0
0
0
0
0
0
6
1
0
4
8
0
34
213
241
251
255
255
255
255
239
214
217
81
31
3
0
6
10
0
0
0
0
1
2
0
11
0
0
8
0
39
224
248
253
255
243
251
151
57
0
8
0
0
0
4
0
0
0
0
0
0
0
0
0
0
0
0
0
0
0
0
0
0
0
0
0
0
0
0
0
0
0
0
0
0
0
0
0
0
0
0
0
0
0
0
0
0
0
0
0
0
0
0
0
0
0
0
0
0
0
0
0
0
0
0
0
0
0
0
0
0
0
0
0
0
0
0
0
0
0
0
0
0
0
0
0
0
0
0
0
0
0
0
0
0
0
0
0
0
0
0
0
0
0
0
0
0
0
0
0
0
0
0
0
0
0
0
0
0
0
0
0
