5
0
0
0
0
0
0
0
0
6
0
0
6
2
0
0
0
0
3
0
6
0
6
0
0
0
0
0
0
0
0
0
0
0
0
0
0
0
5
3
0
1
21
1
5
12
0
8
0
8
8
0
11
0
0
0
0
0
0
0
0
0
0
0
0
0
0
10
6
0
0
0
0
0
3
3
9
0
17
0
4
0
0
0
0
0
0
0
0
0
0
0
0
2
10
0
0
2
10
10
0
24
2
0
12
0
0
12
0
0
0
0
0
0
0
0
0
0
0
0
0
0
19
0
10
8
0
30
78
111
85
53
185
154
153
0
3
0
0
0
0
0
0
0
0
0
0
0
0
11
0
0
2
0
56
229
255
255
254
251
243
255
230
0
2
0
0
0
0
0
0
0
0
0
0
0
0
0
0
12
0
21
197
234
64
118
174
186
173
162
191
0
4
0
0
0
0
0
0
0
0
0
0
0
0
0
5
3
0
134
242
134
44
5
0
0
8
5
14
7
0
0
0
0
0
0
0
0
0
0
0
0
0
5
0
9
0
185
200
27
5
0
0
0
5
8
0
0
2
0
0
0
0
0
0
0
0
0
0
0
0
0
20
0
99
207
134
0
10
17
2
5
0
0
8
19
0
0
0
0
0
0
0
0
0
0
0
0
0
20
0
19
0
70
225
31
0
0
0
9
9
0
0
6
1
0
0
0
0
0
0
0
0
0
0
0
0
0
12
0
0
36
151
212
0
8
14
0
0
4
5
0
2
0
0
0
0
0
0
0
0
0
0
0
0
4
14
0
8
2
58
236
88
0
0
0
0
0
5
5
0
0
0
0
0
0
0
0
0
0
0
0
0
0
1
0
7
2
31
100
54
61
0
0
23
0
0
10
0
0
0
0
0
0
0
0
0
0
0
0
0
16
0
0
3
0
0
0
67
206
110
24
0
1
3
3
0
0
0
0
0
0
0
0
0
0
0
0
0
0
0
0
7
4
0
8
0
127
200
117
0
0
8
0
5
0
0
0
0
0
0
0
0
0
0
0
0
0
1
1
6
1
0
0
0
55
233
115
20
0
0
5
0
0
0
0
0
0
0
0
0
0
0
0
0
22
0
3
0
0
0
14
67
226
255
99
0
0
12
0
6
0
0
0
0
0
0
0
0
0
0
0
0
0
19
0
15
0
4
63
253
244
208
12
0
26
0
13
0
0
0
0
0
0
0
0
0
0
0
0
0
13
7
0
12
97
158
255
255
255
59
8
0
0
0
0
10
0
0
0
0
0
0
0
0
0
0
0
0
97
77
77
192
254
255
229
243
205
3
4
0
0
9
6
0
0
0
0
0
0
0
0
0
0
0
0
0
177
135
249
254
255
255
158
20
22
7
0
4
18
0
24
0
0
0
0
0
0
0
0
0
0
0
0
0
230
251
255
255
189
180
45
0
0
0
20
0
0
0
0
9
0
0
0
0
0
0
0
0
0
0
0
0
185
227
142
146
29
3
0
0
12
0
0
8
0
0
0
6
0
0
0
0
0
0
0
0
0
0
0
0
0
0
0
0
0
0
0
0
0
0
0
0
0
0
0
0
0
0
0
0
0
0
0
0
0
0
0
0
0
0
0
0
0
0
0
0
0
0
0
0
0
0
0
0
0
0
0
0
0
0
0
0
0
0
0
0
0
0
0
0
0
0
0
0
0
0
0
0
0
0
0
0
0
0
0
0
0
0
0
0
0
0
0
0
0
0
0
0
0
0
0
0
0
0
0
0
0
0
0
0
0
0
0
0
