1
0
0
0
0
0
0
0
0
0
0
0
0
0
0
0
0
0
0
7
0
7
0
0
0
0
0
0
0
0
0
0
0
0
0
0
0
0
0
0
0
0
0
0
0
4
13
0
5
2
0
11
0
0
0
0
0
0
0
0
0
0
0
0
0
0
0
0
0
0
0
0
0
2
0
13
0
3
0
0
10
0
0
0
0
0
0
0
0
0
0
0
0
0
0
0
0
0
0
0
0
5
0
5
0
0
19
8
0
0
0
0
0
0
0
0
0
0
0
0
0
0
0
0
0
0
0
0
0
0
16
50
255
172
0
0
20
0
0
0
0
0
0
0
0
0
0
0
0
0
0
0
0
0
0
0
0
1
5
105
255
243
36
12
0
0
0
0
0
0
0
0
0
0
0
0
0
0
0
0
0
0
0
0
0
0
5
223
255
225
27
0
6
0
0
0
0
0
0
0
0
0
0
0
0
0
0
0
0
0
0
0
0
0
94
255
248
111
0
0
7
0
0
0
0
0
0
0
0
0
0
0
0
0
9
0
0
6
0
0
0
18
234
252
255
61
4
6
0
0
0
0
0
0
0
0
0
0
0
0
0
0
1
0
10
9
0
21
3
118
224
255
137
1
0
0
0
0
0
0
0
0
0
0
0
0
0
0
0
6
5
0
5
0
3
0
68
241
255
250
48
0
11
15
11
0
0
0
0
0
0
0
0
0
0
0
0
1
0
7
7
0
24
47
208
255
251
113
0
0
1
0
0
0
0
0
0
0
0
0
0
0
0
0
0
2
0
5
6
0
28
219
255
255
176
19
0
19
4
4
0
0
0
0
0
0
0
0
0
0
0
0
0
0
19
0
0
12
131
255
249
222
49
0
0
0
0
7
0
0
0
0
0
0
0
0
0
0
0
0
0
0
14
0
0
109
255
243
255
121
0
6
0
0
0
4
0
0
0
0
0
0
0
0
0
0
0
0
0
6
0
9
17
209
242
255
201
5
0
5
0
5
6
0
5
0
0
0
0
0
0
0
0
0
0
0
0
4
0
14
177
255
252
221
72
0
0
0
0
0
0
0
0
0
0
0
0
0
0
0
0
0
0
0
0
0
9
99
228
248
239
105
0
0
0
0
0
0
0
0
0
0
0
0
0
0
0
0
0
0
0
0
0
19
0
251
245
255
148
0
9
0
0
0
0
0
0
0
0
0
0
0
0
0
0
0
0
0
0
0
0
0
108
255
255
224
10
0
4
0
0
0
0
0
0
0
0
0
0
0
0
0
0
0
0
0
0
0
0
33
255
232
252
106
0
14
0
0
0
0
0
0
0
0
0
0
0
0
0
0
0
0
0
0
0
0
0
138
254
255
254
176
17
6
6
0
0
0
0
0
0
0
0
0
0
0
0
0
0
0
0
0
0
0
0
138
229
255
255
236
0
18
0
0
0
0
0
0
0
0
0
0
0
0
0
0
0
0
0
0
0
0
0
104
255
255
155
19
12
0
1
0
0
0
0
0
0
0
0
0
0
0
0
0
0
0
0
0
0
0
0
0
0
0
0
0
0
0
0
0
0
0
0
0
0
0
0
0
0
0
0
0
0
0
0
0
0
0
0
0
0
0
0
0
0
0
0
0
0
0
0
0
0
0
0
0
0
0
0
0
0
0
0
0
0
0
0
0
0
0
0
0
0
0
0
0
0
0
0
0
0
0
0
0
0
0
0
0
0
0
0
0
0
0
0
0
0
0
0
0
0
0
0
0
0
0
0
0
0
0
0
0
0
0
0
