8
0
0
0
0
0
0
0
0
0
8
3
0
6
5
0
0
6
0
1
6
0
9
0
0
0
0
0
0
0
0
0
0
0
0
0
0
0
0
0
0
0
0
0
13
0
0
0
0
11
9
2
0
0
0
0
0
0
0
0
0
0
0
0
0
12
2
8
0
5
9
0
1
0
11
1
0
5
0
0
9
0
0
0
0
0
0
0
0
0
0
0
0
0
0
9
0
0
6
0
11
0
6
0
10
0
0
0
0
0
0
0
0
0
0
0
0
0
0
0
0
7
6
10
0
1
14
0
1
16
0
0
1
8
2
15
0
0
0
0
0
0
0
0
0
0
0
0
0
0
2
0
2
28
82
172
251
238
157
134
45
24
0
0
3
0
0
0
0
0
0
0
0
0
0
0
0
12
0
0
107
224
251
255
255
246
241
255
241
215
119
3
0
0
0
0
0
0
0
0
0
0
0
0
0
0
1
33
191
255
243
246
245
253
255
242
255
253
210
0
5
0
0
0
0
5
0
9
7
0
0
0
6
0
5
204
251
254
174
19
34
35
37
161
243
247
255
74
0
0
0
0
0
8
0
0
0
20
8
0
13
37
22
150
118
61
0
19
0
0
8
4
231
240
232
0
16
0
0
0
0
0
12
4
0
0
0
21
148
245
144
32
0
0
5
0
0
8
16
191
240
249
148
25
0
0
0
0
0
0
5
1
0
8
0
0
94
245
255
199
112
0
19
0
6
45
196
255
255
153
45
0
2
0
0
0
0
5
0
0
2
12
6
0
0
130
229
255
255
168
0
0
84
219
249
248
117
21
0
0
9
0
0
0
0
8
0
10
2
0
1
11
9
0
103
238
239
248
184
57
233
255
222
95
2
4
0
11
0
0
0
0
0
9
0
6
2
0
4
0
0
0
12
31
203
255
255
240
252
172
0
0
1
0
0
7
1
0
0
0
0
0
0
11
6
0
1
0
9
5
0
8
16
148
246
253
255
87
18
0
0
0
9
0
3
0
0
0
0
0
0
0
0
0
0
0
0
0
8
0
0
127
239
255
246
153
0
3
0
0
7
0
2
0
0
0
0
0
0
0
0
0
0
0
0
0
2
5
17
178
249
249
255
233
66
0
13
0
0
2
0
0
0
0
0
0
0
0
0
0
0
0
0
15
0
2
146
255
222
126
255
255
155
0
12
0
0
4
0
0
0
0
0
0
0
0
0
0
0
0
0
0
1
14
222
255
193
14
199
239
183
0
0
10
2
0
3
0
0
0
0
0
0
0
0
0
0
0
0
7
13
89
253
255
111
0
205
240
126
6
0
9
0
0
3
0
0
0
0
0
0
0
0
0
0
0
0
0
0
186
255
250
0
8
214
255
40
2
5
0
0
9
0
0
0
0
0
0
0
0
0
0
0
0
0
0
35
224
255
254
110
157
235
227
0
0
6
0
0
6
0
0
0
0
0
0
0
0
0
0
0
0
0
7
0
73
226
249
254
252
255
141
0
3
0
3
11
0
1
0
0
0
0
0
0
0
0
0
0
0
0
0
17
0
137
255
255
246
127
2
2
0
0
0
0
0
0
0
0
0
0
0
0
0
0
0
0
0
0
0
12
0
8
4
0
10
0
2
1
0
0
0
0
0
0
0
0
0
0
0
0
0
0
0
0
0
0
0
0
2
0
2
9
0
2
2
1
0
0
0
0
0
0
0
0
0
0
0
0
0
0
0
0
0
0
6
0
2
0
0
8
0
0
1
1
0
0
0
0
0
1
0
0
0
0
