7
0
2
6
4
0
0
1
6
0
3
0
3
2
0
3
0
0
0
0
0
0
0
0
0
0
0
0
0
5
0
0
0
0
0
0
0
10
7
0
0
0
0
5
6
0
0
0
0
0
0
0
0
0
0
0
0
0
0
0
3
9
10
5
0
0
0
2
1
2
1
0
0
0
0
0
0
0
0
0
0
0
0
0
0
0
1
3
1
0
0
0
0
1
0
4
0
0
10
5
12
0
0
0
0
0
0
0
0
0
0
0
0
2
1
0
0
0
0
4
9
0
1
6
0
0
0
0
0
0
0
0
0
0
0
0
0
0
0
0
0
0
0
0
2
7
5
0
0
0
5
0
2
1
0
10
0
0
0
0
0
0
0
0
0
0
0
0
0
1
3
3
0
0
0
0
4
0
14
0
0
3
0
15
0
0
0
0
0
0
0
0
0
0
0
0
0
0
4
5
0
0
32
99
153
217
255
242
255
247
169
128
38
0
0
0
0
0
0
0
0
0
0
0
0
10
0
20
0
11
111
250
251
247
255
255
242
255
254
243
254
193
172
164
152
19
2
1
1
0
0
0
0
0
18
7
5
0
195
255
255
253
190
171
170
222
243
246
255
255
249
255
254
77
12
1
0
0
0
0
0
3
11
0
0
17
192
244
244
150
7
0
0
12
21
63
132
210
253
255
251
96
0
7
19
0
0
0
0
7
0
0
0
12
92
247
255
198
5
0
15
10
0
0
0
18
64
248
255
136
17
0
0
0
0
0
0
0
5
0
7
0
81
255
241
255
56
9
0
0
15
9
0
0
133
242
246
198
2
0
6
0
0
0
0
3
12
0
11
2
81
255
254
243
48
0
0
0
0
0
3
0
198
254
244
209
0
0
1
0
0
0
0
0
0
4
0
0
9
177
255
220
59
0
0
15
0
0
6
0
89
255
241
85
13
1
2
0
0
0
0
0
0
2
0
11
1
0
45
1
0
11
0
0
0
7
0
0
206
246
255
98
0
1
0
0
0
0
0
0
0
0
0
0
0
0
0
0
0
0
0
0
0
0
0
3
202
252
254
76
4
0
8
0
0
0
0
0
0
0
0
0
0
0
0
0
0
0
0
0
0
0
0
0
193
245
255
81
8
0
2
0
0
0
0
0
0
0
0
0
0
0
0
0
0
0
0
0
0
0
0
8
206
246
255
84
9
0
0
0
0
0
0
0
0
0
0
0
0
0
0
0
0
0
0
0
0
0
0
49
237
255
255
81
5
0
2
0
0
0
0
0
0
0
0
0
0
0
0
0
0
0
0
0
0
0
0
69
254
255
255
79
2
2
3
0
0
0
0
0
0
0
0
0
0
0
0
0
0
0
0
0
0
0
0
58
248
250
255
82
1
3
0
0
0
0
0
0
0
0
0
0
0
0
0
0
0
0
0
0
0
0
0
51
247
248
255
83
0
4
0
0
0
0
0
0
0
0
0
0
0
0
0
0
0
0
0
0
0
0
0
60
255
251
255
82
0
5
0
0
0
0
0
0
0
0
0
0
0
0
0
0
0
0
0
0
0
0
0
46
255
247
254
82
2
1
0
0
0
0
0
0
0
0
0
0
0
0
0
0
0
0
0
0
0
0
0
64
255
253
245
86
2
0
6
0
0
0
0
0
0
0
0
0
0
0
0
0
0
0
0
0
0
0
0
56
224
255
245
98
0
0
7
0
0
0
0
0
0
0
0
0
0
0
0
0
0
0
0
0
0
0
0
10
20
0
0
0
4
3
0
0
0
0
0
