0
0
0
0
0
0
0
0
0
0
12
0
0
0
2
0
9
0
0
2
4
0
2
8
0
0
0
0
0
0
0
0
0
0
0
0
0
0
0
8
12
6
0
3
0
0
2
0
1
5
1
0
7
0
0
0
0
0
0
0
0
0
0
0
0
6
7
0
0
0
8
8
0
0
6
0
0
3
3
0
3
0
0
0
0
0
0
0
0
0
0
0
0
0
0
0
14
0
0
0
14
0
6
6
3
2
0
0
0
0
0
0
0
0
0
0
0
0
0
0
0
4
2
2
11
86
252
255
117
17
0
0
5
0
0
5
11
0
0
0
0
0
0
0
0
0
0
0
0
0
11
0
16
194
253
244
255
230
102
12
7
9
0
0
0
0
0
0
0
0
0
0
0
0
0
0
0
14
0
39
188
252
255
254
255
255
171
31
0
0
7
0
9
0
0
0
0
0
0
0
0
0
0
0
0
0
23
42
248
255
202
108
249
246
255
144
11
5
8
0
6
0
0
0
0
0
0
0
0
0
0
0
0
0
31
175
246
246
72
0
153
245
255
241
77
5
0
3
0
0
0
0
0
0
0
0
0
0
0
0
0
4
143
255
255
179
23
0
92
255
244
254
186
24
0
13
0
0
0
0
0
0
0
0
0
0
0
0
0
0
204
255
246
109
0
0
8
221
240
255
255
50
0
10
3
0
0
0
0
0
0
0
0
0
0
0
0
1
209
248
247
93
2
3
0
97
246
252
255
70
1
0
4
0
0
0
0
0
0
0
0
0
0
0
0
0
205
255
255
86
6
0
6
5
240
250
235
77
2
0
2
0
0
0
0
0
0
0
0
0
0
0
0
0
203
255
255
80
10
0
0
0
225
255
249
74
0
4
0
0
0
0
0
0
0
0
0
0
0
0
0
1
212
250
255
97
18
1
0
6
223
255
255
68
0
1
1
0
0
0
0
0
0
0
0
0
0
0
0
0
213
239
255
98
0
0
3
0
235
253
251
64
8
0
5
0
0
0
0
0
0
0
0
0
0
0
0
0
211
250
241
149
0
0
0
0
238
242
255
62
7
8
0
0
0
0
0
0
0
0
0
0
0
0
0
0
60
255
251
229
0
0
23
10
223
255
237
69
0
0
13
0
0
0
0
0
0
0
0
0
0
0
0
10
195
250
254
234
128
4
0
0
223
243
255
65
0
0
0
0
0
0
0
0
0
0
0
0
0
0
0
0
67
180
255
255
221
31
3
92
251
242
225
13
0
16
0
0
0
0
0
0
0
0
0
0
0
0
0
4
0
181
242
254
255
204
15
197
238
255
79
0
8
3
6
0
0
0
0
0
0
0
0
0
0
0
0
4
0
20
140
238
254
255
198
249
255
202
11
3
12
0
4
0
0
0
0
0
0
0
0
0
0
0
0
6
0
0
12
187
255
231
255
250
234
90
12
0
0
0
3
0
0
0
0
0
0
0
0
0
0
0
0
0
7
0
2
17
195
248
190
116
23
0
0
3
0
19
0
0
0
0
0
0
0
0
0
0
0
0
0
0
0
0
0
0
0
0
0
0
0
0
0
0
0
0
0
0
0
0
0
0
0
0
0
0
0
0
0
0
0
0
0
0
0
0
0
0
0
0
0
0
0
0
0
0
0
0
0
0
0
0
0
0
0
0
0
0
0
0
0
0
0
0
0
0
0
0
0
0
0
0
0
0
0
0
0
0
0
0
0
0
0
0
0
0
0
0
0
0
0
0
0
0
0
0
0
0
0
0
0
0
0
0
0
