7
0
0
0
0
0
0
0
0
0
0
0
0
0
0
0
0
0
0
0
0
0
0
0
0
0
0
0
0
0
0
0
0
0
0
0
0
0
0
0
0
0
0
0
0
0
0
0
0
0
0
0
0
0
0
0
0
0
0
0
0
0
0
0
0
0
0
0
0
0
0
0
0
0
0
0
0
0
0
0
0
0
0
0
0
0
0
0
0
0
0
0
0
0
0
0
0
0
0
0
0
0
0
0
0
0
0
0
0
0
0
0
0
0
0
0
0
0
0
0
0
0
0
0
0
0
0
0
0
0
0
0
0
0
0
0
0
0
0
0
0
0
0
0
0
0
0
0
0
0
0
0
0
0
0
0
0
0
0
0
0
0
0
0
0
0
0
0
0
0
0
0
0
0
0
0
0
0
0
0
0
0
0
0
0
0
0
0
0
0
0
0
0
0
0
0
0
0
0
0
0
0
0
0
0
0
0
0
0
0
0
0
0
0
0
0
0
0
0
0
0
0
0
0
0
0
5
0
0
1
42
37
145
143
141
142
176
246
255
221
239
255
249
254
248
193
30
0
7
0
0
0
0
0
4
0
9
71
226
244
254
243
255
255
232
252
255
245
253
255
245
255
248
232
87
0
0
0
0
0
0
0
0
0
12
81
255
255
180
202
240
250
195
155
149
142
156
146
142
204
241
255
139
6
0
0
0
0
0
4
0
0
5
25
119
94
17
0
1
11
0
0
7
0
3
3
41
171
248
255
116
10
0
0
0
0
0
5
0
0
1
0
13
0
0
12
1
4
0
0
3
0
1
0
85
247
248
193
21
15
0
0
0
0
0
0
3
0
0
4
0
0
16
0
0
5
0
1
5
0
2
63
233
255
250
24
6
0
8
0
0
0
0
0
2
0
0
3
0
0
0
17
3
0
0
15
8
0
8
174
255
246
89
7
0
8
9
0
0
0
0
7
4
0
0
0
0
8
0
0
0
4
6
2
0
25
155
250
255
164
7
3
16
0
3
0
0
0
0
0
0
0
0
0
0
0
0
2
0
0
14
0
9
28
215
249
197
14
0
1
0
0
3
0
0
0
0
0
0
0
0
0
0
0
0
0
0
13
0
12
17
242
250
239
109
0
0
7
4
0
4
0
0
0
0
0
0
0
0
0
0
0
0
0
14
0
5
3
153
253
255
123
0
3
0
5
0
0
3
0
0
0
0
0
0
0
0
0
0
0
0
5
0
19
3
82
255
249
218
6
0
27
1
0
0
2
0
0
0
0
0
0
0
0
0
0
0
0
0
0
0
0
2
129
255
247
81
0
3
12
0
0
7
4
0
0
0
0
0
0
0
0
0
0
0
0
0
17
8
0
60
248
255
172
1
0
20
0
0
3
3
0
0
0
0
0
0
0
0
0
0
0
0
0
0
0
5
3
190
255
233
22
5
0
4
0
9
7
0
0
7
0
0
0
0
0
0
0
0
0
0
0
0
0
15
162
255
255
85
10
0
6
0
0
1
0
2
4
0
0
0
0
0
0
0
0
0
0
0
0
0
0
27
252
248
197
0
0
8
0
0
0
0
0
0
0
0
0
0
0
0
0
0
0
0
0
0
0
0
0
113
255
255
120
1
0
0
0
0
0
0
0
0
0
0
0
0
0
0
0
0
0
0
0
0
0
0
2
125
241
205
37
14
0
5
0
0
0
0
0
0
0
0
0
0
0
0
0
0
0
0
0
0
0
0
0
28
189
79
0
2
0
7
0
0
0
0
0
0
0
0
0
0
0
0
