7
0
0
0
0
0
0
0
0
1
0
0
1
3
1
0
0
4
0
0
2
0
0
5
9
0
0
0
0
0
0
0
0
0
0
0
0
0
4
4
8
0
0
0
8
1
0
1
7
7
6
0
0
0
0
0
0
0
0
0
0
0
0
0
0
6
6
0
3
0
11
0
0
0
4
7
0
0
0
2
11
0
0
0
0
0
0
0
0
0
0
0
0
0
4
0
10
0
0
0
4
0
0
0
0
10
8
0
0
0
0
0
0
0
0
0
0
0
0
0
0
2
5
0
8
0
6
0
5
4
5
0
0
7
0
0
5
0
0
0
0
0
0
0
0
0
0
0
0
0
0
0
3
3
0
0
6
0
8
0
0
3
2
0
0
0
0
0
0
0
0
0
0
0
0
0
0
19
4
11
0
0
4
107
193
255
233
114
0
0
10
6
0
0
0
0
0
0
0
0
0
0
0
0
0
0
0
85
161
251
237
255
255
236
255
218
73
0
0
0
0
0
0
0
0
0
6
4
0
3
44
109
120
228
231
247
255
255
252
249
255
255
241
255
126
0
3
1
0
0
0
0
0
4
0
0
9
163
239
253
248
248
249
255
252
175
106
117
224
251
255
255
153
5
0
0
1
0
0
0
0
0
17
9
53
242
255
254
211
154
72
15
17
7
3
13
161
255
255
235
122
3
0
1
2
0
0
0
0
8
0
0
0
139
152
59
21
0
0
0
14
1
3
0
166
255
249
229
75
0
0
0
1
0
0
0
0
0
17
0
4
16
0
4
0
11
6
0
0
0
9
5
172
248
255
255
55
6
0
0
2
0
0
0
0
18
0
0
1
0
26
0
4
0
1
4
8
0
0
16
200
253
251
221
12
4
5
0
3
0
0
0
0
0
0
0
13
0
0
1
0
2
4
0
1
0
0
65
238
255
247
135
0
0
6
4
1
0
0
0
0
4
0
4
0
8
0
0
4
0
8
1
0
3
17
116
255
247
255
103
1
5
0
0
0
0
0
0
0
0
0
0
0
0
0
0
0
6
0
10
0
1
30
235
251
255
247
76
7
0
0
2
8
0
0
0
0
0
0
0
0
0
0
0
0
4
0
0
0
0
92
247
254
243
134
17
0
1
7
0
0
0
0
0
0
0
0
0
0
0
0
0
0
1
4
0
0
23
179
255
253
255
61
1
0
4
14
3
2
0
0
0
0
0
0
0
0
0
0
0
0
0
7
0
0
96
242
255
246
185
14
0
3
0
0
0
4
0
0
0
0
0
0
0
0
0
0
0
0
0
1
0
0
180
255
255
234
45
0
0
6
5
0
1
1
0
0
0
0
0
0
0
0
0
0
0
0
0
0
1
44
235
253
255
202
0
5
0
3
13
0
10
1
0
0
0
0
0
0
0
0
0
0
0
0
0
0
12
138
255
247
253
141
1
17
0
0
0
0
0
0
0
0
0
0
0
0
0
0
0
0
0
0
2
6
27
223
255
250
249
86
0
2
0
8
0
7
0
4
0
0
0
0
0
0
0
0
0
0
0
0
6
0
71
255
254
244
255
71
0
0
0
0
0
0
0
0
0
0
0
0
0
0
0
0
0
0
0
0
3
0
46
201
236
223
218
45
0
0
0
0
0
0
0
0
0
0
0
0
0
0
0
0
0
0
0
0
0
6
0
10
0
0
15
0
0
0
0
0
0
0
0
0
0
0
0
0
0
0
0
0
0
0
0
0
0
7
2
5
9
0
4
11
0
0
0
0
0
0
0
0
0
0
0
0
