4
0
0
0
0
0
0
0
0
0
0
0
0
0
0
0
0
0
1
0
7
6
0
17
0
0
0
0
0
0
0
0
0
0
0
0
0
0
0
0
0
0
0
0
0
11
0
0
23
0
6
4
2
0
0
0
0
0
0
0
0
0
0
0
0
0
0
0
0
0
0
0
0
3
0
3
0
20
0
0
0
0
0
0
0
0
0
0
0
0
0
0
0
0
0
0
0
0
0
0
0
0
0
7
2
0
23
0
15
0
0
0
0
0
0
0
0
0
0
0
0
0
0
0
0
0
0
0
0
0
13
0
0
0
1
184
0
0
0
0
0
0
0
0
0
0
0
0
0
0
0
0
0
0
0
0
0
9
0
6
0
52
196
170
9
0
0
0
0
0
0
0
0
0
0
0
0
0
0
0
0
0
0
0
0
2
0
8
25
212
255
78
0
0
0
0
0
0
0
0
0
0
0
0
0
0
0
0
0
0
0
0
0
0
12
0
125
255
212
0
5
0
0
0
0
0
0
0
0
0
0
0
1
0
4
6
1
48
33
6
0
3
4
0
148
255
105
0
0
0
0
0
0
0
0
0
0
0
0
0
0
5
5
0
44
250
234
0
4
0
0
10
226
146
2
0
7
0
0
0
0
0
0
0
0
0
0
0
0
4
0
3
53
255
150
5
1
0
9
110
255
29
0
25
0
0
0
0
0
0
0
1
1
1
0
0
0
1
11
2
49
255
130
0
0
3
0
176
200
0
4
0
7
0
0
0
0
0
0
1
1
1
0
0
0
0
0
21
114
249
228
26
0
2
23
234
108
12
18
0
6
0
0
0
0
0
0
0
0
0
1
2
3
0
30
160
246
247
255
191
147
125
165
219
7
0
0
0
4
0
0
0
0
1
0
0
0
0
1
5
7
9
158
235
237
255
242
240
255
246
254
243
169
75
9
0
0
0
0
0
0
1
0
0
0
0
2
6
9
175
251
255
190
167
212
182
251
253
255
250
238
28
0
0
1
0
0
0
0
4
0
0
3
0
0
0
172
249
255
129
0
0
0
8
55
255
244
194
53
0
13
3
6
0
0
0
0
0
0
3
14
0
0
17
221
255
119
19
0
2
0
5
76
242
102
32
0
0
11
0
0
0
0
0
0
2
0
0
7
0
0
47
250
216
19
0
0
8
3
0
167
217
24
0
6
0
2
2
1
0
0
0
0
9
0
0
0
0
5
29
164
62
0
8
0
1
5
119
250
120
5
0
20
0
0
0
3
0
0
0
0
0
0
0
3
5
6
0
28
0
2
0
14
0
7
255
217
17
0
0
0
0
1
3
0
0
0
0
0
0
0
7
0
0
4
0
0
9
3
5
1
1
96
255
182
0
3
0
0
7
10
2
4
0
0
0
0
4
1
6
0
0
4
6
6
0
0
13
0
13
222
232
142
0
9
2
0
0
0
0
0
0
0
0
0
6
0
5
3
0
2
2
0
0
12
0
3
0
255
241
14
1
0
0
1
0
1
8
0
0
0
0
0
0
0
0
0
0
0
0
0
0
0
0
0
0
0
0
0
0
0
0
0
0
0
0
0
0
0
0
0
0
0
0
0
0
0
0
0
0
0
0
0
0
0
0
0
0
0
0
0
0
0
0
0
0
0
0
0
0
0
0
0
0
0
0
0
0
0
0
0
0
0
0
0
0
0
0
0
0
0
0
0
0
0
0
0
0
0
0
0
0
0
0
0
0
0
0
0
0
0
0
0
0
0
0
0
0
0
0
0
0
0
0
0
