1
0
0
0
0
0
0
0
0
0
4
1
4
1
0
0
7
0
0
0
0
0
0
0
0
0
0
0
0
0
0
0
0
0
0
0
0
0
0
4
0
10
10
0
0
0
0
0
0
0
0
0
0
0
0
0
0
0
0
0
0
0
0
0
0
0
10
3
6
0
3
3
0
0
0
0
0
0
0
0
0
0
0
0
0
0
0
0
0
0
0
0
0
0
7
0
4
4
0
24
0
0
0
0
0
0
0
0
0
0
0
0
0
0
0
0
0
0
0
0
0
7
0
0
16
157
67
14
0
0
0
0
0
0
0
0
0
0
0
0
0
0
0
0
0
0
0
0
0
4
3
11
81
255
180
0
11
0
0
0
0
0
0
0
0
0
0
0
0
0
0
0
0
0
0
0
0
0
1
0
100
255
235
34
1
0
0
0
0
0
0
0
0
0
0
0
0
0
0
0
0
0
0
0
0
13
0
4
67
254
255
216
0
0
0
0
0
0
0
0
0
0
0
0
0
0
0
0
0
0
0
0
0
1
0
17
3
142
254
244
42
0
0
0
0
0
0
0
0
0
0
0
0
0
0
0
0
0
0
0
0
12
0
4
0
110
246
255
81
0
0
0
0
0
0
0
0
0
0
0
0
0
0
0
0
0
0
0
0
2
0
1
0
98
248
255
96
0
0
0
0
0
0
0
0
0
0
0
0
0
0
0
0
0
0
0
0
0
0
1
7
97
253
249
90
0
0
0
0
0
0
0
0
0
0
0
0
0
0
0
0
0
0
0
0
4
2
0
1
88
254
250
95
0
0
0
0
0
0
0
0
0
0
0
0
0
0
0
0
0
0
0
0
3
0
0
0
91
255
253
95
0
0
0
0
0
0
0
0
0
0
0
0
0
0
0
0
0
0
0
0
0
0
1
3
100
253
252
90
0
0
0
0
0
0
0
0
0
0
0
0
0
0
0
0
0
0
0
0
4
0
5
0
93
243
253
95
0
0
0
0
0
0
0
0
0
0
0
0
0
0
0
0
0
0
0
0
0
0
0
0
99
246
255
95
2
4
0
0
0
2
0
7
0
0
0
0
0
0
0
0
0
0
0
0
7
2
5
10
80
255
255
173
0
0
4
0
0
5
0
2
0
0
0
0
0
0
0
0
0
0
0
0
0
2
4
0
16
229
248
218
6
0
7
0
0
6
1
0
0
0
0
0
0
0
0
0
0
0
0
0
5
3
1
0
0
134
252
242
50
0
3
0
0
4
0
0
0
0
0
0
0
0
0
0
0
0
0
0
15
0
0
12
8
25
255
255
114
0
0
0
5
0
0
2
0
0
0
0
0
0
0
0
0
0
0
0
0
0
0
0
11
0
255
251
164
3
0
0
8
0
0
4
0
0
0
0
0
0
0
0
0
0
0
0
0
17
17
0
11
8
203
253
182
4
0
0
6
0
1
1
0
0
0
0
0
0
0
0
0
0
0
0
4
0
0
0
8
0
90
254
181
3
7
0
2
0
5
0
0
0
0
0
0
0
0
0
0
0
0
0
0
0
0
0
0
0
0
0
0
0
0
0
0
0
0
0
0
0
0
0
0
0
0
0
0
0
0
0
0
0
0
0
0
0
0
0
0
0
0
0
0
0
0
0
0
0
0
0
0
0
0
0
0
0
0
0
0
0
0
0
0
0
0
0
0
0
0
0
0
0
0
0
0
0
0
0
0
0
0
0
0
0
0
0
0
0
0
0
0
0
0
0
0
0
0
0
0
0
0
0
0
0
0
0
