9
0
0
0
0
0
0
0
0
1
3
0
0
1
0
0
7
12
0
2
1
6
0
13
0
0
0
0
0
0
0
0
0
0
0
0
0
3
1
7
5
1
12
10
0
0
8
5
3
0
4
0
0
0
0
0
0
0
0
0
0
0
0
0
0
0
0
0
0
0
0
0
22
0
6
0
0
6
15
0
6
0
0
0
0
0
0
0
0
0
0
0
0
4
6
8
8
9
8
0
0
0
3
7
0
11
0
0
3
0
0
0
0
0
0
0
0
0
0
0
0
0
0
0
11
0
0
11
3
0
1
2
0
4
0
12
0
0
0
0
0
0
0
0
0
0
0
0
0
0
21
4
0
6
4
0
5
0
11
0
18
3
0
1
8
0
0
0
0
0
0
0
0
0
0
0
0
15
0
0
9
10
0
80
253
255
229
49
0
0
8
0
0
0
0
0
0
0
0
0
0
0
0
0
0
4
0
15
0
5
177
239
72
14
202
160
6
3
0
4
0
0
0
0
0
0
0
0
0
0
0
0
0
0
5
3
0
170
245
35
8
0
146
206
2
2
0
12
0
0
0
0
0
0
0
0
0
0
0
0
0
0
10
0
92
249
128
5
0
48
234
135
0
1
0
0
0
0
0
0
0
0
0
0
0
0
0
0
0
10
0
0
194
166
0
10
0
111
202
43
0
2
0
0
5
0
0
0
0
0
0
0
0
0
0
0
0
2
0
11
239
126
0
4
52
174
62
0
0
6
3
0
7
0
0
0
0
0
0
0
0
0
0
0
0
0
4
32
245
89
29
95
233
241
11
4
3
5
3
0
0
0
0
0
0
0
0
0
0
0
0
0
0
9
0
9
233
231
237
254
235
255
55
2
1
0
3
0
0
0
0
0
0
0
0
0
0
0
0
0
0
0
21
0
34
114
94
54
101
229
50
0
0
0
2
2
0
0
0
0
0
0
0
0
0
0
0
0
0
0
0
5
0
0
0
1
200
200
0
0
0
5
2
2
0
0
0
0
0
0
0
0
0
0
0
0
0
0
1
3
0
5
0
8
251
151
9
0
8
0
0
0
5
0
0
0
0
0
0
0
0
0
0
0
0
10
0
3
8
0
0
53
250
93
0
0
1
0
5
0
2
0
0
0
0
0
0
0
0
0
0
0
0
0
0
10
0
0
5
124
238
28
0
5
0
0
9
0
0
0
0
0
0
0
0
0
0
0
0
0
0
0
13
1
0
13
0
184
221
0
1
11
0
0
9
0
0
0
0
0
0
0
0
0
0
0
0
0
0
8
0
0
0
23
0
236
171
0
3
5
0
2
4
0
4
0
0
0
0
0
0
0
0
0
0
0
0
4
0
6
6
0
63
255
74
1
0
0
0
3
0
0
6
0
0
0
0
0
0
0
0
0
0
0
0
0
3
14
0
0
162
237
3
2
0
0
1
1
0
0
2
0
0
0
0
0
0
0
0
0
0
0
0
0
8
0
0
27
217
150
0
2
0
0
6
0
0
4
0
0
0
0
0
0
0
0
0
0
0
0
0
0
1
6
0
103
243
31
1
0
0
0
0
0
0
0
0
0
0
0
0
0
0
0
0
0
0
0
0
5
6
0
15
115
199
28
0
0
0
0
0
0
0
0
0
0
0
0
0
0
0
0
0
0
0
0
0
0
7
0
0
1
20
0
8
0
0
0
0
0
0
0
0
0
0
0
0
0
0
0
0
0
0
0
0
6
11
4
4
0
0
0
11
0
0
0
0
0
0
0
0
0
0
0
0
