3
0
7
0
0
5
1
0
1
0
13
0
0
12
8
0
0
0
0
10
0
0
7
0
2
0
0
0
0
11
0
4
19
0
0
8
0
0
4
3
0
0
1
3
2
3
10
2
0
0
2
8
0
0
0
0
0
2
10
0
0
0
13
5
0
16
0
5
11
0
0
2
0
0
0
0
14
5
0
3
6
0
0
0
0
0
8
2
0
7
0
0
21
0
0
0
4
8
2
1
2
20
15
0
0
4
1
7
0
0
0
0
0
4
0
3
9
0
5
13
0
1
23
9
0
1
2
0
9
0
0
15
0
0
16
3
0
0
0
0
0
11
0
0
0
0
0
2
0
25
116
150
136
139
111
52
23
19
0
1
3
3
0
0
13
0
0
0
0
0
0
0
16
13
0
34
168
242
255
253
245
253
254
246
248
222
83
0
0
12
2
0
10
0
0
0
0
0
9
11
0
0
97
211
255
189
96
46
62
70
69
93
122
236
151
31
0
0
0
8
0
0
0
0
0
0
4
5
4
4
225
236
105
0
8
0
0
1
25
0
50
255
155
10
0
0
3
4
0
0
2
0
6
11
0
10
0
0
137
24
18
0
4
8
22
0
0
30
169
250
74
0
16
6
5
6
0
5
4
0
0
2
1
0
0
14
8
0
0
0
0
0
0
14
94
201
251
135
10
0
0
0
0
0
1
0
0
0
10
7
0
25
0
5
2
5
0
0
0
31
130
218
251
249
132
0
0
12
0
10
0
0
15
2
2
0
10
6
0
0
16
0
2
0
33
136
205
250
245
246
255
246
74
73
83
72
60
69
15
0
0
10
12
0
0
9
0
0
3
0
7
30
225
246
242
251
255
254
209
211
133
212
209
210
237
235
188
135
26
0
0
9
0
0
22
0
0
23
0
106
242
243
255
230
161
66
0
5
0
27
20
32
77
114
177
225
229
70
0
14
2
1
0
10
1
0
17
2
28
42
20
0
9
18
0
0
1
1
0
0
10
0
0
48
211
239
16
0
0
0
0
0
0
0
0
0
0
0
0
16
0
0
19
0
0
0
0
6
0
15
0
24
239
255
5
0
0
0
0
0
0
0
0
0
0
6
24
0
19
0
0
10
9
6
11
4
0
3
75
181
255
146
0
0
0
0
0
0
0
0
0
0
0
0
0
49
0
0
12
3
0
0
1
12
78
180
215
255
206
30
0
0
0
0
0
0
0
0
0
0
0
5
4
235
235
198
142
91
173
179
184
243
255
255
215
185
0
0
9
0
0
0
0
0
0
0
0
0
0
0
44
138
250
241
255
252
255
253
254
255
223
166
34
6
9
0
11
0
9
0
0
0
0
0
0
0
0
0
6
40
221
255
246
255
250
255
236
224
104
19
0
3
0
7
2
0
13
0
0
0
0
0
0
0
0
13
0
0
36
126
140
140
96
44
28
8
0
3
8
0
12
2
0
0
5
0
0
0
0
0
0
0
0
0
6
4
3
2
0
0
7
0
4
11
4
0
3
8
0
0
3
2
0
0
0
0
0
0
0
0
0
0
0
0
0
0
0
0
0
0
0
0
0
0
0
0
0
0
0
0
0
0
0
0
0
0
0
0
0
0
0
0
0
0
0
0
0
0
0
0
0
0
0
0
0
0
0
0
0
0
0
0
0
0
0
0
0
0
0
0
0
0
0
0
0
0
0
0
0
0
0
0
0
0
0
0
0
0
0
0
0
0
0
0
0
0
0
0
0
0
0
0
0
0
0
0
0
0
0
0
0
0
0
0
0
