9
0
0
0
0
0
0
0
0
0
0
2
2
1
0
2
4
0
0
2
6
0
19
0
6
0
0
0
0
0
0
0
0
0
0
0
0
8
3
0
2
5
4
0
0
10
0
0
0
0
0
0
7
0
0
0
0
0
0
0
0
0
0
0
0
3
0
0
0
0
0
7
14
0
0
4
0
8
23
6
0
0
0
0
0
0
0
0
0
0
0
0
0
0
2
8
11
8
3
0
0
0
8
10
0
0
0
0
2
0
0
0
0
0
0
0
0
0
0
0
0
0
0
0
0
2
7
4
0
2
0
0
17
1
5
0
8
0
0
0
0
0
0
0
0
0
0
0
0
2
8
12
7
0
0
0
1
0
8
0
5
0
5
0
0
0
0
0
0
0
0
0
0
0
0
0
0
0
0
0
0
30
90
159
205
243
255
253
172
79
0
0
5
0
0
0
0
0
0
0
0
0
0
0
0
0
1
34
111
202
255
255
242
246
219
255
255
209
14
0
2
0
0
0
0
7
0
5
6
2
0
13
0
0
73
205
255
243
193
119
77
22
0
60
255
241
79
8
0
0
0
0
0
0
4
3
0
0
9
0
17
109
239
255
226
142
13
0
21
9
10
0
157
254
66
2
0
0
0
0
0
0
7
0
0
0
14
0
111
226
255
153
13
0
14
9
0
0
0
2
239
221
20
0
15
0
0
0
0
1
1
0
7
0
6
55
228
255
89
4
0
0
1
0
20
7
13
164
255
245
0
8
0
0
0
0
0
5
0
0
7
2
7
162
255
145
11
12
14
0
4
0
0
124
222
245
255
246
215
21
1
0
0
0
0
4
1
0
0
1
21
241
237
39
0
0
1
0
1
14
12
231
255
255
235
255
215
0
0
0
0
0
0
2
0
1
0
0
24
255
219
11
4
0
3
7
0
0
25
255
235
255
255
244
71
0
14
0
0
0
0
3
0
1
9
0
14
253
238
80
0
9
0
0
13
0
47
200
254
246
253
146
11
2
0
0
0
0
0
3
0
3
3
0
22
146
255
223
149
143
66
58
139
211
253
249
255
255
191
9
16
0
8
0
0
0
0
0
0
0
3
0
0
65
144
253
255
255
242
251
255
210
139
191
242
255
41
0
0
5
0
0
0
0
0
3
0
0
6
0
0
1
22
48
107
163
180
137
92
15
42
219
255
173
0
1
0
1
9
0
0
0
0
5
0
0
3
6
2
0
0
10
0
0
19
0
8
0
152
255
229
37
5
5
0
0
2
0
0
0
0
0
0
0
0
0
6
4
0
0
2
0
0
0
0
101
252
239
111
0
0
2
2
9
0
0
0
0
0
0
2
3
0
0
0
3
1
0
3
0
0
30
2
204
251
173
8
3
3
0
18
0
4
0
0
0
0
0
3
5
1
0
0
0
0
0
8
7
0
0
46
255
248
73
0
0
13
0
8
0
10
0
0
0
0
0
0
0
0
0
0
1
1
0
0
0
8
0
229
255
98
0
8
3
0
10
0
8
0
0
0
0
0
0
0
0
0
0
0
0
0
6
0
7
0
142
255
144
6
0
0
0
0
0
0
0
0
0
0
0
0
0
0
0
0
0
0
0
0
0
31
0
6
239
218
8
0
0
0
0
0
0
0
0
0
0
0
0
0
0
0
0
0
0
0
0
0
0
0
7
0
0
0
1
7
0
0
0
0
0
0
0
0
0
0
0
0
0
0
0
0
0
0
0
0
0
13
9
0
2
9
9
0
0
0
0
0
0
0
0
0
0
0
0
0
