2
0
0
0
0
0
0
0
0
1
0
9
3
3
0
11
1
8
1
0
0
3
5
0
0
0
0
0
0
0
0
0
0
0
0
0
0
0
10
0
0
3
0
5
0
0
0
0
21
0
7
0
9
0
0
0
0
0
0
0
0
0
0
0
0
0
13
0
3
29
0
0
0
15
8
9
0
1
7
0
5
0
0
0
0
0
0
0
0
0
0
0
0
0
0
0
0
0
16
169
255
209
21
0
25
11
0
15
0
0
0
0
0
0
0
0
0
0
0
0
0
22
0
5
9
4
137
255
242
255
210
22
0
0
23
0
0
0
0
0
0
0
0
0
0
0
0
0
0
0
0
14
0
32
226
248
122
191
252
118
16
0
0
2
0
0
0
0
0
0
0
0
0
0
0
0
0
8
7
0
0
129
255
136
1
34
234
234
5
5
0
3
1
0
0
0
0
0
0
0
0
0
0
0
0
0
7
0
12
178
228
17
4
0
148
255
95
8
0
0
2
0
0
0
0
0
0
0
0
0
0
0
0
0
0
15
131
255
172
0
16
4
38
255
216
2
8
0
2
0
0
0
0
0
0
0
0
0
0
0
0
0
6
0
125
233
117
17
0
6
11
236
255
25
3
12
0
0
0
0
0
0
0
0
0
0
0
0
0
0
5
9
38
246
59
0
5
0
0
199
255
33
0
8
0
0
0
0
0
0
0
0
0
0
0
0
0
2
0
0
0
67
5
0
5
0
16
196
247
35
0
2
6
0
0
0
0
0
0
0
0
0
0
0
0
0
9
1
20
0
0
15
0
0
8
207
235
22
0
0
6
0
0
0
0
0
0
0
0
0
0
0
0
13
0
0
0
6
5
1
15
1
17
227
220
12
0
0
0
0
0
0
0
0
0
0
0
0
0
0
0
0
58
185
255
234
245
98
0
11
117
253
156
12
2
14
2
0
0
0
0
0
0
0
0
0
0
0
0
71
251
239
150
206
254
246
76
0
215
250
51
0
0
0
0
0
0
0
0
0
3
0
12
0
0
0
3
203
230
38
0
12
108
251
227
124
255
186
1
0
1
0
2
0
0
0
0
0
2
0
7
0
0
2
44
248
151
0
8
16
0
199
247
255
236
68
8
0
0
7
0
0
0
0
0
2
0
0
3
0
1
8
98
241
113
22
0
0
0
106
255
248
105
0
16
0
0
9
4
0
0
0
0
1
0
3
1
0
1
8
128
255
98
4
0
4
119
231
245
255
44
0
0
4
2
3
0
0
0
0
0
0
0
5
2
0
1
3
118
255
66
21
56
183
246
255
223
239
54
0
0
8
8
0
0
0
0
0
0
0
1
2
3
0
1
0
75
234
219
193
248
240
218
34
169
248
134
0
2
0
0
1
9
0
0
0
0
0
6
0
4
0
3
0
25
208
236
255
209
143
0
4
40
255
174
5
0
4
0
10
0
0
0
0
0
1
9
0
4
0
5
0
0
4
0
3
0
0
13
0
0
0
4
1
0
12
0
4
0
0
0
0
0
0
0
0
0
0
0
0
0
0
0
0
0
0
0
0
0
0
0
0
0
0
0
0
0
0
0
0
0
0
0
0
0
0
0
0
0
0
0
0
0
0
0
0
0
0
0
0
0
0
0
0
0
0
0
0
0
0
0
0
0
0
0
0
0
0
0
0
0
0
0
0
0
0
0
0
0
0
0
0
0
0
0
0
0
0
0
0
0
0
0
0
0
0
0
0
0
0
0
0
0
0
0
0
0
0
0
0
0
0
0
0
0
