9
0
0
0
0
0
0
0
0
4
0
0
0
0
0
0
0
0
0
0
1
0
0
0
0
0
0
0
0
0
0
0
0
0
0
0
0
0
3
4
0
0
6
9
4
1
1
1
0
0
0
0
0
0
0
0
0
0
0
0
0
0
0
0
0
0
0
0
5
2
0
0
0
4
2
0
0
0
0
0
0
0
0
0
0
0
0
0
0
0
0
0
0
16
4
0
2
1
0
1
12
1
0
0
0
0
0
0
0
0
0
0
0
0
0
0
0
0
0
0
0
0
0
1
0
0
10
4
0
0
0
0
0
2
2
0
0
0
0
0
0
0
0
0
0
0
0
0
0
7
0
0
1
3
0
0
1
0
0
0
0
2
3
0
0
0
0
0
0
0
0
0
0
0
0
0
0
0
0
0
0
0
0
2
10
9
4
0
0
0
2
1
0
0
0
0
0
0
0
0
0
0
0
0
0
70
184
255
250
248
255
217
130
19
10
0
0
0
1
2
0
0
0
0
0
0
0
0
0
0
0
0
0
179
255
249
253
243
255
243
255
204
17
0
1
5
0
4
0
0
0
0
0
0
0
0
0
0
0
0
0
207
251
230
92
43
103
223
252
255
124
15
0
14
0
0
7
0
0
0
0
0
0
0
0
0
0
0
0
173
255
199
15
0
0
99
255
243
130
0
0
0
0
4
0
0
0
0
0
0
0
0
0
0
0
0
0
165
255
230
82
0
6
103
244
236
170
0
11
0
3
11
0
0
0
0
0
0
0
0
0
0
0
0
0
10
156
255
244
84
16
74
255
252
254
8
0
9
0
0
6
0
0
0
0
0
0
0
0
0
0
0
0
0
70
211
255
244
255
255
250
245
254
6
0
0
0
4
8
0
0
0
0
0
0
0
0
0
0
0
0
1
3
10
38
160
169
154
255
255
247
21
18
0
0
15
0
0
0
0
0
0
0
0
0
0
0
0
0
6
0
6
8
10
0
6
135
252
255
9
0
3
0
0
0
0
0
0
0
0
0
0
0
0
0
0
0
4
0
7
0
0
0
8
124
253
255
117
2
6
0
6
0
0
0
0
0
0
0
0
0
0
0
0
0
6
0
5
0
4
3
0
61
245
255
110
8
0
2
0
2
0
0
0
0
0
0
0
0
0
0
0
0
1
0
6
0
5
11
0
16
248
250
130
1
0
7
0
3
0
0
0
0
0
0
0
0
0
0
0
0
0
0
8
0
0
6
0
21
255
254
179
0
8
0
0
0
0
0
0
0
0
0
0
0
0
0
0
0
0
0
2
0
0
0
2
25
235
255
218
10
4
0
0
0
0
0
0
0
0
0
0
0
0
0
0
0
11
0
0
4
7
0
0
5
161
255
234
51
0
8
0
5
0
0
0
0
0
0
0
0
0
0
0
0
8
0
0
5
5
0
0
0
67
245
246
79
0
9
0
2
0
0
0
0
0
0
0
0
0
0
0
0
0
0
0
4
0
0
8
2
3
218
255
83
2
0
5
0
0
0
0
0
0
0
0
0
0
0
0
0
0
0
0
0
0
0
0
0
33
236
252
190
0
0
4
0
0
0
0
0
0
0
0
0
0
0
0
0
0
0
0
0
0
0
0
0
97
241
240
187
20
0
0
0
0
0
0
0
0
0
0
0
0
0
0
0
0
0
0
0
0
0
0
0
68
254
255
139
0
0
23
0
0
0
0
0
0
0
0
0
0
0
0
0
0
0
0
0
0
0
0
0
8
4
0
14
13
0
1
2
0
0
0
0
