9
0
0
0
0
0
0
0
0
2
0
0
1
0
0
0
5
0
0
4
3
0
0
8
1
0
0
0
0
0
0
0
0
0
0
0
0
1
0
0
8
14
2
0
4
0
0
5
2
0
4
6
0
0
0
0
0
0
0
0
0
0
0
0
0
1
16
14
0
0
0
0
0
14
0
0
5
0
0
0
1
0
0
0
0
0
0
0
0
0
0
0
0
0
0
0
6
13
6
1
4
0
0
0
2
0
4
4
5
0
0
0
0
0
0
0
0
0
0
0
0
0
5
4
0
0
1
2
0
2
0
0
23
1
0
0
7
0
0
0
0
0
0
0
0
0
0
0
0
2
0
0
0
3
3
0
0
0
18
0
11
0
0
8
0
0
0
0
0
0
0
0
0
0
0
0
0
6
0
0
15
0
0
91
224
242
129
54
235
201
23
0
23
0
0
0
0
0
0
0
0
0
0
0
0
0
2
5
32
118
212
229
191
104
41
2
242
250
77
10
0
0
0
0
0
0
6
3
0
0
0
0
2
2
10
176
237
250
215
52
3
0
0
3
201
238
187
9
0
0
0
0
0
0
3
0
0
3
1
0
3
22
189
250
225
85
0
18
0
6
4
70
241
255
168
0
14
0
0
0
0
0
0
0
0
6
0
0
11
192
246
199
76
2
15
0
19
0
97
234
255
235
71
20
0
0
0
0
0
0
0
0
1
5
0
3
26
255
252
54
0
10
4
0
66
192
235
255
246
92
1
0
0
0
0
0
0
0
0
0
2
1
0
7
39
244
231
29
107
219
217
229
244
255
249
247
102
0
18
0
23
0
0
0
0
0
3
3
1
0
0
7
35
255
252
245
255
255
255
239
255
243
255
208
0
5
0
0
0
0
0
0
0
0
5
3
0
0
0
2
17
224
239
255
235
173
141
150
224
255
215
14
0
13
4
5
11
0
0
0
0
0
6
2
0
1
1
0
0
0
0
6
0
9
0
53
255
244
155
1
12
0
0
8
0
0
0
0
0
0
0
0
0
0
0
0
0
4
0
3
0
0
10
211
250
255
65
0
1
1
9
0
1
0
0
0
0
0
0
0
0
0
0
0
0
0
0
0
5
18
84
255
254
126
18
0
0
0
2
0
5
0
0
0
0
0
0
0
0
0
0
0
0
0
13
0
17
130
255
232
153
16
0
5
0
0
6
0
6
0
0
0
0
0
0
0
0
0
0
0
0
1
0
6
124
245
246
183
14
0
0
7
0
0
10
0
0
0
0
0
0
0
0
0
0
0
0
0
0
0
6
50
232
255
222
0
11
1
4
1
0
0
4
0
0
0
0
0
0
0
0
0
0
0
0
0
0
9
18
206
251
247
106
0
0
0
1
1
0
2
0
0
7
0
0
0
0
0
0
0
0
0
0
0
0
0
204
255
255
187
0
23
0
0
0
0
4
2
0
4
4
0
0
0
0
0
0
0
0
0
0
0
0
91
242
249
253
99
4
0
0
5
2
0
0
0
1
5
0
0
0
0
0
0
0
0
0
0
0
2
2
210
255
249
148
4
0
13
0
0
0
0
0
0
0
0
0
0
0
0
0
0
0
0
0
0
0
1
2
117
242
137
0
0
18
0
6
0
0
0
0
0
0
0
0
0
0
0
0
0
0
0
0
0
0
1
2
4
0
0
3
3
5
0
12
0
0
0
0
0
0
0
0
0
0
0
0
1
0
0
0
0
0
1
1
4
0
0
14
0
0
0
0
0
0
0
0
0
0
0
0
0
0
0
0
