6
5
0
0
1
5
4
3
1
1
1
0
2
0
8
0
0
0
0
0
0
0
0
0
0
0
0
0
0
0
10
9
0
0
0
0
2
0
0
14
0
1
2
0
7
0
0
0
0
0
0
0
0
0
0
0
0
0
0
0
8
24
0
1
53
211
23
0
0
0
4
5
0
0
0
0
0
0
0
0
0
0
0
0
0
0
24
0
0
0
19
33
250
203
17
0
19
7
0
6
0
0
0
0
0
0
0
0
0
0
0
0
0
1
6
10
0
0
36
255
252
254
184
16
0
0
0
0
8
0
0
0
0
0
0
0
0
0
0
0
0
0
0
5
0
2
255
236
246
255
202
0
0
0
9
4
0
0
0
0
0
0
0
0
0
0
0
0
0
10
0
10
4
0
255
235
255
255
162
1
24
0
0
6
0
0
0
0
0
0
0
0
0
0
0
0
0
1
0
2
0
9
238
255
243
236
151
0
0
3
1
0
2
0
0
0
0
0
0
0
0
0
0
0
0
0
2
0
1
2
245
255
248
207
0
0
2
0
5
2
0
8
0
7
0
74
12
18
0
0
7
0
0
4
0
4
11
0
255
246
255
191
0
7
6
7
0
0
0
0
52
100
125
204
122
93
11
6
15
0
0
8
0
0
5
0
255
255
250
210
8
4
0
10
0
11
17
65
210
249
228
255
255
250
129
0
0
3
0
0
4
0
0
9
246
255
228
103
0
10
0
0
8
54
106
203
252
248
255
255
237
253
239
25
0
4
0
0
7
9
1
0
249
253
229
107
18
0
0
47
140
194
248
242
249
248
250
249
255
254
255
131
4
6
5
6
0
2
6
0
255
245
251
224
106
3
2
101
239
254
255
255
243
255
255
246
252
232
255
234
18
0
0
10
0
0
3
0
232
252
255
255
218
167
149
201
255
242
251
246
253
254
242
235
255
255
245
255
7
0
0
0
13
1
2
0
100
249
249
245
252
255
235
255
254
240
255
155
79
76
205
255
249
242
255
245
0
1
1
0
0
3
0
2
14
241
255
255
247
250
253
243
247
255
248
204
184
182
223
255
232
255
253
239
15
0
1
0
0
2
7
0
8
81
253
251
251
249
254
255
255
255
248
255
244
255
247
253
247
255
245
79
0
8
1
7
0
0
3
0
16
18
243
247
255
255
249
247
240
240
253
255
240
253
255
237
254
255
63
0
0
11
0
2
0
0
12
4
0
5
81
255
246
249
255
254
255
255
253
240
255
242
251
248
255
77
0
5
8
0
0
3
0
0
3
3
0
7
0
17
107
233
255
233
248
255
236
250
255
255
231
255
41
0
11
8
0
0
8
3
5
0
0
0
10
3
17
0
0
88
245
255
243
249
255
246
242
241
96
5
10
3
0
0
0
0
12
0
3
2
0
7
4
0
0
8
8
4
0
0
2
7
0
2
19
7
0
9
0
0
3
1
2
4
6
6
5
0
0
4
0
21
0
0
9
0
0
13
1
0
8
4
0
8
0
0
8
0
1
2
0
0
7
0
0
0
0
0
0
0
0
0
0
0
0
0
0
0
0
0
0
0
0
0
0
0
0
0
0
0
0
0
0
0
0
0
0
0
0
0
0
0
0
0
0
0
0
0
0
0
0
0
0
0
0
0
0
0
0
0
0
0
0
0
0
0
0
0
0
0
0
0
0
0
0
0
0
0
0
0
0
0
0
0
0
0
0
0
0
0
0
0
0
0
0
0
0
0
0
0
0
0
0
0
0
0
0
0
0
0
0
0
0
0
0
