4
0
8
0
0
7
2
5
0
2
0
0
1
0
0
0
5
0
1
15
0
7
2
8
0
0
0
1
5
0
3
0
5
0
0
0
0
0
0
0
2
3
0
0
0
15
0
0
5
0
0
3
2
3
0
0
1
11
4
0
0
0
10
0
12
0
0
0
0
2
4
0
0
4
0
1
19
7
6
3
0
2
2
0
0
7
0
0
9
0
8
0
0
4
5
1
0
0
2
3
0
0
6
0
0
1
0
0
8
0
0
0
0
0
0
4
17
0
2
3
13
0
0
0
0
0
0
2
1
0
0
1
11
0
5
1
1
0
0
2
0
10
0
0
5
0
0
11
0
0
0
0
1
2
0
0
0
4
5
0
9
3
168
239
223
7
2
0
2
5
0
0
7
7
0
44
24
25
5
0
1
6
0
0
0
0
6
0
6
86
235
255
240
33
10
0
0
0
4
1
0
0
11
199
255
63
23
0
0
5
0
0
2
1
3
1
36
247
255
241
252
55
17
0
0
2
5
0
6
3
74
249
217
2
0
0
7
0
0
0
0
0
0
56
248
242
255
246
202
0
0
0
0
1
0
8
0
0
177
255
131
0
13
4
0
0
0
0
19
0
32
165
255
252
251
249
28
0
0
0
0
0
14
0
8
0
152
255
50
0
0
11
12
1
9
6
0
40
176
255
255
235
255
161
1
0
0
0
0
1
0
5
9
2
160
255
152
7
0
0
0
0
0
6
11
154
255
255
248
255
255
30
3
0
0
0
0
0
0
11
0
7
129
255
255
213
181
62
0
17
0
11
138
254
241
251
244
248
109
0
0
0
0
0
0
0
17
0
0
4
14
177
253
235
255
242
188
145
71
99
246
255
248
251
255
186
0
5
12
0
0
0
0
7
0
13
12
0
0
51
169
255
255
255
255
255
244
248
255
241
255
236
255
130
14
2
0
0
0
0
0
0
6
0
10
0
0
4
0
1
101
190
229
252
255
255
253
255
255
255
217
21
2
0
2
0
0
0
0
3
0
1
0
13
0
4
0
12
0
41
228
255
255
247
155
123
119
84
29
0
0
6
4
0
0
0
0
3
0
3
0
6
0
7
0
0
1
160
255
242
239
100
10
0
8
11
0
0
0
3
0
0
0
0
0
3
0
5
0
0
0
7
0
11
87
252
238
255
56
14
0
0
0
2
0
0
0
0
0
0
0
0
0
2
0
5
0
0
2
1
0
45
227
255
253
161
0
8
0
12
5
0
0
0
0
2
6
0
0
0
0
1
0
2
0
0
4
0
23
180
250
247
253
0
19
0
0
0
0
0
2
6
2
0
2
0
0
0
0
0
0
0
0
3
3
0
87
255
242
255
172
0
0
0
10
8
5
4
6
6
2
0
0
0
0
0
0
0
4
0
0
4
0
17
174
229
255
246
88
12
5
2
0
0
0
0
0
0
0
4
6
0
0
0
0
0
8
0
0
2
0
31
237
255
237
187
6
0
0
0
9
0
3
6
2
0
1
0
0
0
0
0
0
10
0
0
3
5
0
53
239
255
217
67
0
2
0
0
8
0
0
0
0
0
0
0
0
0
0
0
0
0
9
10
0
4
5
0
17
0
14
0
0
20
5
0
0
0
0
0
0
0
0
0
0
0
0
0
0
2
3
0
0
1
13
0
0
0
10
3
3
2
0
0
6
0
0
0
0
0
0
0
0
0
0
0
0
3
0
0
9
4
0
0
9
0
0
0
0
0
0
5
4
0
0
0
0
0
0
0
0
0
0
0
0
