2
0
0
0
0
0
0
0
0
2
0
3
0
1
0
2
1
10
0
0
0
0
0
0
0
0
0
0
0
0
0
0
0
0
0
0
0
0
7
3
0
0
11
7
0
0
0
0
4
17
7
0
0
0
0
0
0
0
0
0
0
0
0
0
0
0
2
0
9
0
0
0
1
0
16
2
0
0
5
4
6
0
0
0
0
0
0
0
0
0
0
0
0
11
3
0
0
11
11
1
8
11
0
0
14
12
0
0
1
0
0
0
0
0
0
0
0
0
0
0
0
0
6
16
0
11
0
0
0
0
0
7
11
0
0
20
3
0
0
0
0
0
0
0
0
0
0
0
0
15
0
0
6
126
146
211
255
255
255
252
174
50
0
0
0
0
0
0
0
0
0
0
0
0
0
0
0
0
0
18
98
252
255
249
247
254
239
255
255
185
47
0
15
0
0
0
0
0
0
0
0
0
0
0
0
42
163
241
231
255
253
251
253
249
255
248
253
255
174
46
0
0
0
0
0
0
0
0
0
0
0
0
0
155
252
255
248
255
250
252
251
144
104
138
253
255
251
134
1
0
0
0
0
0
0
0
0
0
0
0
0
0
166
248
255
232
247
241
51
12
0
18
110
237
255
8
1
0
0
0
0
0
0
0
0
0
0
0
0
13
109
255
239
255
237
30
8
31
0
0
85
244
255
17
0
0
0
0
0
0
0
0
0
0
0
0
0
1
3
105
186
91
0
1
0
4
15
0
76
251
253
31
0
0
0
0
0
0
0
0
0
0
0
0
0
9
0
1
0
5
15
0
7
6
0
17
173
242
255
59
0
0
0
0
0
0
0
0
0
0
0
0
0
0
13
5
0
0
0
4
0
0
19
0
210
255
199
0
2
0
0
0
0
0
0
0
0
0
0
0
0
4
0
0
21
19
0
10
0
0
8
44
247
239
81
9
0
0
0
0
0
0
0
0
0
0
0
0
0
0
11
6
0
2
3
0
9
5
0
172
255
247
31
0
0
0
0
0
0
9
0
9
0
13
0
1
0
49
99
164
160
160
164
168
154
81
122
248
251
131
0
8
0
0
0
0
0
0
17
0
0
0
0
71
200
242
255
249
250
249
245
254
255
255
232
255
243
39
21
67
109
0
0
0
0
5
0
25
19
0
155
255
255
246
189
99
89
128
200
219
255
255
240
252
255
254
245
228
83
0
0
0
0
4
7
0
0
189
253
250
163
71
8
2
9
0
0
93
248
255
253
255
249
237
228
78
0
0
0
0
0
2
5
0
9
255
240
217
25
0
0
9
0
15
16
214
250
244
180
73
76
73
4
0
6
0
0
0
0
0
0
13
0
255
252
103
0
8
3
7
8
0
236
243
255
170
14
0
0
21
0
0
0
0
0
0
0
18
0
8
0
252
243
18
8
0
0
0
75
231
250
255
158
0
1
0
29
0
0
13
5
0
0
0
0
0
12
0
0
245
255
147
47
42
148
231
237
253
211
78
15
5
8
0
0
2
6
0
0
0
0
0
0
7
0
0
0
95
236
255
251
250
255
255
220
116
11
0
7
0
0
0
0
0
0
0
0
0
0
0
0
6
2
11
0
0
4
0
0
0
0
0
9
9
0
0
6
0
0
0
0
0
0
0
0
0
0
0
0
0
0
3
10
5
0
0
9
10
8
0
0
0
3
3
0
0
0
0
0
0
0
0
0
0
0
0
0
9
4
0
0
0
4
1
0
0
1
6
0
0
0
7
6
0
0
0
0
0
0
0
0
0
0
0
0
