9
0
0
6
4
1
1
0
0
5
0
5
5
0
0
0
4
0
0
0
0
0
0
0
0
0
0
0
0
11
0
0
0
1
3
4
5
0
0
0
0
2
0
8
6
0
0
0
0
0
0
0
0
0
0
0
0
7
0
0
0
5
0
0
0
1
12
0
1
0
0
5
0
0
0
0
0
0
0
0
0
0
0
0
0
0
0
2
4
2
0
0
3
0
0
0
0
0
0
1
1
0
0
0
0
0
0
0
0
0
0
0
0
0
4
4
0
0
4
9
5
3
0
5
1
0
1
0
9
0
0
0
0
0
0
0
0
0
0
0
0
2
5
3
0
0
3
0
0
4
0
3
1
0
1
0
3
0
0
0
0
0
0
0
0
0
0
0
0
2
0
3
8
3
0
4
20
0
15
0
0
3
2
20
0
0
0
0
0
0
0
0
0
0
0
0
0
5
0
0
4
0
0
49
119
167
211
137
137
133
112
142
60
0
0
0
0
0
0
0
0
0
0
0
0
0
14
2
4
2
102
255
249
255
246
244
255
254
255
242
252
181
64
9
0
4
0
2
0
0
0
0
0
14
0
0
0
73
252
242
255
239
174
107
192
218
195
225
255
255
241
173
5
0
0
1
5
0
0
0
0
0
0
12
7
28
247
251
227
69
1
0
3
0
6
12
97
234
246
242
163
12
0
0
2
0
0
0
0
0
6
0
0
9
244
255
100
0
7
0
7
1
0
0
0
66
243
250
255
139
0
5
3
0
0
0
0
2
10
0
0
31
225
228
38
2
0
0
3
11
0
11
8
1
46
255
231
185
18
0
6
0
0
0
0
0
10
2
3
0
98
248
166
25
0
12
0
0
2
0
1
3
1
146
250
255
107
87
1
0
0
0
0
7
0
0
17
0
24
227
255
231
181
68
4
4
0
26
0
6
0
112
254
243
255
201
16
0
0
0
0
7
0
16
0
0
0
24
167
255
242
252
224
232
226
227
233
224
236
247
253
254
206
37
0
0
0
0
0
0
0
0
0
0
0
0
0
14
103
124
134
182
255
255
255
251
255
249
249
217
27
0
4
0
0
0
0
0
0
0
0
0
0
0
0
0
11
3
0
7
2
97
0
70
204
255
249
169
0
0
0
0
0
0
0
0
0
0
0
0
0
0
0
10
0
0
0
0
0
24
3
25
225
255
255
88
13
1
0
0
0
0
0
0
0
0
0
0
0
0
0
0
0
0
10
0
22
0
11
106
253
250
201
20
5
0
1
0
0
0
0
0
0
0
0
0
0
0
0
5
2
5
1
0
5
0
0
180
245
255
107
11
0
4
4
0
0
0
0
0
0
0
0
0
0
0
0
0
0
1
2
0
0
2
143
248
253
221
46
2
0
12
0
0
0
0
0
0
0
0
0
0
0
0
0
1
0
3
6
0
3
36
255
255
229
90
4
0
6
0
0
0
0
0
0
0
0
0
0
0
0
0
0
3
0
0
0
12
0
178
246
242
172
8
0
16
0
5
7
0
0
0
0
0
0
0
0
0
0
0
0
5
0
18
0
0
112
251
255
228
60
0
0
0
0
0
4
0
0
0
0
0
0
0
0
0
0
0
0
0
14
0
8
36
227
247
243
82
2
0
12
3
2
0
0
0
0
0
0
0
0
0
0
0
0
0
0
0
1
25
12
0
193
249
58
0
0
3
5
0
1
0
0
0
0
0
0
0
0
0
0
0
0
0
0
5
0
0
0
11
0
7
1
2
7
4
0
0
4
3
3
0
0
0
0
