8
0
0
0
0
0
0
0
0
0
4
3
0
0
4
2
0
0
3
2
2
7
1
0
4
0
0
0
0
0
0
0
0
0
0
0
0
5
0
0
0
9
1
6
9
0
0
0
0
7
3
9
0
0
0
0
0
0
0
0
0
0
0
0
0
0
0
20
0
0
0
0
0
15
5
1
12
0
0
0
11
0
0
0
0
0
0
0
0
0
0
0
0
13
0
0
0
9
6
15
0
0
0
0
13
6
10
0
0
0
0
0
0
0
0
0
0
0
0
0
0
5
0
2
8
16
0
0
0
6
9
15
0
0
0
12
0
0
0
0
0
0
0
0
0
0
0
0
0
0
8
5
0
0
2
7
4
0
9
0
11
0
8
0
5
0
0
0
0
0
0
0
0
0
0
0
0
2
0
0
55
137
244
255
253
248
193
46
5
0
17
0
11
0
0
0
0
0
0
0
0
0
0
0
0
0
2
59
215
255
255
231
255
247
255
209
5
15
0
17
0
0
0
0
0
0
0
0
0
0
0
0
0
0
11
216
253
213
143
138
90
189
255
249
3
4
0
8
7
0
0
0
0
0
0
0
0
0
0
0
0
3
0
211
255
221
0
20
4
145
255
252
18
2
0
0
0
0
0
0
0
0
0
0
0
0
0
0
0
3
0
158
255
232
111
14
90
240
255
235
58
0
6
21
5
0
0
0
0
0
0
0
0
0
0
0
0
0
0
7
207
255
226
41
254
255
210
99
0
0
0
0
7
0
0
0
0
0
0
0
0
0
0
0
0
4
10
9
143
237
251
255
255
200
78
10
11
0
7
7
0
0
0
0
0
0
0
0
0
0
0
0
0
0
0
0
32
242
234
255
234
42
18
0
0
4
6
0
5
0
0
0
0
0
0
0
0
0
0
0
0
4
4
19
0
137
255
243
122
0
0
0
10
0
0
13
0
0
0
0
0
0
0
0
0
0
0
0
0
0
0
0
10
71
247
245
80
0
9
0
0
0
1
0
0
0
0
0
0
0
0
0
0
0
0
0
0
4
0
2
0
75
240
255
189
17
0
4
0
0
9
3
0
0
0
0
0
0
0
0
0
0
0
0
0
2
0
8
0
173
255
255
254
96
9
0
7
5
5
0
3
0
0
0
0
0
0
0
0
0
0
0
0
0
0
0
0
207
250
240
255
137
10
0
6
5
0
0
3
0
0
0
0
0
0
0
0
0
0
0
0
8
2
0
9
184
255
244
251
118
0
0
0
0
0
1
1
0
0
0
0
0
0
0
0
0
0
0
0
0
5
1
4
186
255
249
254
131
0
7
1
0
5
10
0
0
0
0
0
0
0
0
0
0
0
0
0
0
3
0
0
210
253
232
255
191
0
0
2
0
0
2
0
0
0
0
0
0
0
0
0
0
0
0
0
3
8
4
0
193
254
240
255
231
0
0
1
0
0
0
0
0
0
0
0
0
0
0
0
0
0
0
0
5
0
0
13
128
255
255
248
232
0
4
3
0
0
8
5
0
0
0
0
0
0
0
0
0
0
0
0
0
0
0
13
60
236
255
236
227
9
0
5
0
0
0
0
0
0
0
0
0
0
0
0
0
0
0
0
4
1
0
0
6
149
234
255
93
0
5
0
0
4
0
2
0
0
0
0
0
0
0
0
0
0
0
0
0
0
15
10
0
0
4
0
1
0
11
0
3
5
0
1
0
0
0
0
0
0
0
0
0
0
0
0
13
0
0
0
4
0
4
0
0
4
0
0
11
0
0
1
0
0
0
0
