0
0
0
0
0
0
0
0
0
10
0
0
1
2
7
0
3
2
0
9
0
0
7
0
0
0
0
0
0
0
0
0
0
0
0
0
0
11
0
18
0
0
0
13
0
4
9
0
2
2
0
8
4
0
0
0
0
0
0
0
0
0
0
0
0
5
0
14
0
0
0
5
0
0
0
0
3
0
0
3
0
0
0
0
0
0
0
0
0
0
0
0
0
0
0
0
0
12
0
0
11
22
0
4
1
0
14
3
1
0
0
0
0
0
0
0
0
0
0
0
0
8
5
15
0
2
0
10
0
0
0
0
10
1
0
0
0
0
0
0
0
0
0
0
0
0
0
0
0
0
13
196
255
202
31
96
148
148
130
20
14
16
0
17
0
0
0
0
0
0
0
0
0
0
0
0
0
7
135
254
255
254
238
255
239
233
255
252
219
157
49
0
0
0
0
0
0
0
0
0
0
0
0
0
0
38
247
255
248
244
255
235
255
255
238
255
241
255
203
24
4
0
0
0
0
0
1
0
4
0
0
7
39
225
250
254
255
253
176
67
29
37
29
46
179
250
248
142
5
1
10
0
0
0
2
0
11
3
0
5
89
242
255
226
237
86
3
0
0
0
15
0
30
189
244
255
54
0
4
1
4
0
9
0
4
0
0
71
232
253
248
255
138
0
0
0
14
1
4
0
0
127
255
254
173
4
0
6
6
0
0
0
4
20
14
148
255
251
248
184
44
0
1
17
0
0
6
0
5
204
230
252
236
62
0
0
3
0
5
1
3
0
9
196
252
255
167
2
11
0
0
11
0
16
0
18
7
0
65
255
245
156
0
0
1
0
8
10
0
0
74
249
255
251
13
0
0
0
17
0
17
0
0
4
0
0
128
247
255
235
11
0
2
4
0
0
0
26
229
255
236
176
0
18
0
0
0
4
0
0
5
0
0
18
18
255
237
255
7
0
3
3
6
8
0
0
255
243
255
104
8
0
6
0
0
8
0
5
0
7
0
0
23
249
255
249
0
0
1
5
0
13
0
0
238
255
246
25
0
0
0
3
8
0
0
0
0
0
3
5
26
250
251
237
13
2
3
3
0
0
0
6
255
232
255
30
14
0
0
11
0
2
7
9
11
3
0
5
31
255
248
158
0
0
0
1
3
0
0
5
241
234
255
104
0
12
0
0
13
16
0
0
0
0
0
0
139
255
248
130
7
12
0
1
0
3
2
0
134
255
244
228
8
0
16
4
0
0
4
17
0
1
2
13
75
254
239
60
0
6
0
2
0
10
3
0
36
213
255
245
157
0
0
13
0
4
0
0
1
17
0
9
237
255
183
0
0
5
0
2
0
3
3
0
5
88
239
244
255
170
102
26
4
5
0
11
0
31
109
231
255
222
49
8
4
16
2
0
0
0
4
5
3
3
125
255
231
241
255
239
228
179
170
164
188
238
255
245
206
79
0
3
0
0
0
0
11
0
3
5
0
0
0
51
166
228
251
253
242
251
253
246
255
239
162
81
0
0
9
4
0
0
9
0
0
0
0
0
0
0
0
0
0
24
73
121
144
146
141
126
58
5
2
9
0
0
4
0
0
0
0
0
0
0
0
0
0
0
0
3
0
0
0
7
6
0
0
5
0
0
0
0
0
0
2
0
0
0
0
0
0
0
0
0
0
0
0
12
6
2
1
1
0
2
6
0
5
10
2
0
0
2
0
0
0
0
0
0
0
0
0
0
0
0
0
0
0
0
0
0
0
0
3
3
7
2
0
0
6
9
2
0
0
0
0
