0
0
0
0
0
0
0
0
0
0
0
10
0
0
0
8
0
0
6
1
0
4
3
0
5
0
0
0
0
0
0
0
0
0
0
0
0
17
0
0
0
15
0
0
1
0
0
4
0
0
3
9
0
0
0
0
0
0
0
0
0
0
0
0
0
0
0
15
5
4
0
1
0
0
4
2
0
1
3
1
1
0
0
0
0
0
0
0
0
0
0
0
0
6
10
4
0
0
8
12
0
0
6
0
0
17
1
0
15
0
0
0
0
0
0
0
0
0
0
0
0
0
0
0
10
2
0
0
5
3
4
5
1
0
0
0
0
0
0
0
0
0
0
0
0
0
0
0
0
12
11
2
6
0
3
6
19
99
78
104
85
26
57
80
5
0
0
0
0
0
0
0
0
0
0
0
0
0
0
0
31
93
179
197
189
255
244
255
247
200
222
237
178
0
0
0
0
0
0
0
0
0
0
0
0
0
63
149
240
254
255
244
255
244
253
247
250
255
254
243
255
0
0
0
0
0
4
0
0
6
6
0
18
156
221
255
255
243
241
255
248
255
247
255
244
254
252
243
255
0
0
0
0
0
10
12
3
14
0
16
162
255
255
234
248
255
255
244
244
240
255
245
254
251
255
250
234
0
0
0
0
3
0
0
0
7
13
107
255
243
253
253
246
255
179
157
174
90
0
163
255
255
177
31
5
0
0
0
0
16
0
0
0
0
133
232
255
254
255
247
215
73
32
7
0
0
10
44
248
253
229
15
0
0
0
0
0
3
1
8
3
0
194
255
243
246
249
143
0
13
0
0
3
6
0
0
251
255
247
49
3
0
0
0
0
0
7
0
0
33
216
233
255
255
128
16
0
0
18
5
5
0
6
14
145
255
242
24
0
0
0
0
0
6
6
0
1
96
254
245
255
144
0
0
10
23
0
0
0
0
0
0
255
255
236
42
5
0
0
0
0
0
0
10
0
98
255
255
219
63
5
0
2
0
5
1
9
0
5
69
246
245
255
25
0
0
0
0
0
0
0
0
19
202
255
255
62
0
0
0
8
0
4
0
1
4
0
187
247
247
255
34
0
0
0
0
0
14
0
1
0
243
251
251
111
7
8
8
4
0
6
0
0
59
165
239
240
255
248
25
4
0
0
0
0
0
9
2
0
255
255
247
239
106
43
0
0
30
44
62
70
163
253
255
255
230
149
17
0
0
0
0
0
0
12
4
0
143
242
249
255
255
210
161
163
215
220
245
250
255
238
251
242
253
28
0
8
0
0
0
0
5
0
7
1
3
195
255
241
239
255
255
247
255
251
255
250
245
255
252
223
47
6
8
0
0
0
0
0
7
0
4
0
0
83
181
255
247
255
247
250
255
231
249
255
243
255
223
31
0
0
6
1
0
0
0
0
3
7
0
0
8
0
20
149
242
255
239
249
255
251
251
243
250
133
50
0
20
6
0
9
0
0
0
0
0
5
0
3
0
3
0
1
34
181
194
183
181
193
135
34
28
17
0
0
0
3
0
1
0
0
0
0
0
0
0
0
0
0
0
0
0
0
0
0
0
0
0
0
0
0
0
0
0
0
0
0
0
0
0
0
0
0
0
0
0
0
0
0
0
0
0
0
0
0
0
0
0
0
0
0
0
0
0
0
0
0
0
0
0
0
0
0
0
0
0
0
0
0
0
0
0
0
0
0
0
0
0
0
0
0
0
0
0
0
0
0
0
0
0
0
0
0
0
0
0
0
0
0
0
0
0
0
0
0
0
0
0
0
0
0
0
0
0
0
