8
0
0
0
0
0
0
0
0
2
0
0
13
0
10
0
5
0
5
6
1
0
0
0
1
0
0
0
0
0
0
0
0
0
0
0
0
0
4
0
0
0
4
0
1
0
0
0
9
6
7
0
1
0
0
0
0
0
0
0
0
0
0
0
0
12
5
0
0
4
10
2
0
6
1
0
3
0
0
0
2
0
0
0
0
0
0
0
0
0
0
0
0
0
1
0
7
0
0
2
1
0
4
0
7
0
4
0
12
0
0
0
0
0
0
0
0
0
0
0
0
1
12
5
0
0
5
8
0
0
4
0
5
0
9
0
0
0
0
0
0
0
0
0
0
0
0
0
0
7
0
0
1
12
0
0
11
2
0
0
0
2
12
11
0
0
0
0
0
0
0
0
0
0
0
0
0
0
60
216
248
197
82
0
8
43
31
37
14
12
0
0
0
0
0
0
0
0
0
0
0
0
0
0
0
0
77
236
237
247
254
207
201
244
233
250
192
126
5
0
6
0
0
0
0
0
0
0
0
0
0
0
0
8
0
23
59
243
255
255
245
229
226
239
247
244
130
0
9
0
0
0
0
0
0
0
0
0
0
0
0
0
9
0
137
250
244
250
215
3
8
93
238
255
67
15
0
0
0
0
0
0
0
0
0
0
0
0
0
5
14
0
56
200
184
202
242
97
142
247
255
156
0
1
7
0
0
0
0
0
0
0
0
0
0
0
0
0
9
3
0
0
7
97
252
255
255
232
116
14
0
0
10
0
0
0
0
0
0
0
0
0
0
0
0
26
0
3
4
0
16
214
236
255
137
28
0
0
4
4
0
0
0
0
0
0
0
0
0
0
0
0
0
0
5
0
14
0
178
247
255
246
29
9
4
7
0
4
4
0
0
0
0
0
0
0
0
0
0
0
0
7
16
0
0
124
244
134
198
241
15
8
0
0
3
0
5
0
0
0
0
0
0
0
0
0
0
0
0
0
0
0
118
244
163
8
146
255
114
0
0
12
1
0
0
0
0
0
0
0
0
0
0
0
0
0
0
0
4
75
248
232
31
0
153
254
68
5
0
16
0
0
0
0
0
0
0
0
0
0
0
0
0
0
0
4
79
211
255
32
9
13
130
243
32
0
0
3
0
5
4
0
0
0
0
0
0
0
0
0
0
0
0
0
124
255
182
20
0
0
169
254
17
0
6
0
0
7
0
0
0
0
0
0
0
0
0
0
0
0
0
39
239
229
55
0
14
19
250
228
17
1
1
0
7
2
0
0
0
0
0
0
0
0
0
0
0
0
0
142
255
216
0
0
0
157
255
118
2
0
0
0
12
0
0
0
0
0
0
0
0
0
0
0
0
0
0
178
246
94
23
7
116
255
208
12
0
6
0
2
4
0
6
0
0
0
0
0
0
0
0
0
0
0
0
166
245
69
0
122
240
255
97
0
1
5
4
2
0
0
1
0
0
0
0
0
0
0
0
0
0
0
0
167
255
122
122
255
248
100
0
3
3
0
1
0
0
11
0
0
0
0
0
0
0
0
0
0
0
0
0
167
255
255
253
245
127
15
0
0
0
0
0
0
0
0
0
0
0
0
0
0
0
0
0
0
0
0
0
26
174
255
253
146
13
0
7
0
0
0
0
0
0
0
0
0
0
0
0
0
0
0
0
0
0
0
0
4
0
0
3
2
5
16
0
0
0
0
0
0
0
0
0
0
0
0
0
0
0
0
0
0
0
0
0
5
0
5
9
0
0
2
0
0
0
0
0
0
0
0
0
0
0
0
0
