1
0
0
0
0
0
0
0
0
0
2
5
3
1
1
1
0
0
0
6
0
5
5
0
8
0
0
0
0
0
0
0
0
0
0
0
0
1
2
2
0
0
0
0
0
8
0
0
13
0
0
19
0
0
0
0
0
0
0
0
0
0
0
0
0
4
1
0
0
0
0
0
0
0
1
1
0
12
10
0
1
0
0
0
0
0
0
0
0
0
0
0
0
3
0
0
0
3
3
3
4
0
6
5
0
0
9
10
0
0
0
0
0
0
0
0
0
0
0
0
0
2
0
0
3
4
0
0
2
135
245
70
0
29
0
2
0
0
0
0
0
0
0
0
0
0
0
0
0
2
0
0
3
0
0
0
1
191
255
98
5
4
0
24
0
0
0
0
0
0
0
0
0
0
0
0
0
3
0
0
2
0
0
0
15
227
254
128
0
9
17
0
7
0
0
0
0
0
0
0
0
0
0
0
0
3
0
0
2
0
0
12
32
255
237
108
5
0
0
9
0
0
0
0
0
0
0
0
0
0
0
0
0
1
0
0
0
19
0
0
133
255
255
35
0
8
4
0
2
0
0
0
0
0
0
0
0
0
0
0
0
3
0
5
0
0
8
5
205
247
169
5
0
0
0
1
5
0
0
0
0
0
0
0
0
0
0
0
0
2
0
7
0
0
7
55
252
255
96
6
11
0
0
2
0
0
0
0
0
0
0
0
0
0
0
0
0
0
5
0
1
14
0
149
248
222
19
0
6
0
0
1
1
0
0
0
0
0
0
0
0
0
0
0
0
0
4
0
10
0
6
230
250
148
0
0
0
4
3
0
5
0
0
0
0
0
0
0
0
0
0
0
0
3
0
0
11
0
96
255
251
79
5
10
0
11
3
0
2
0
0
0
0
0
0
0
0
0
0
0
0
4
0
6
0
11
198
255
191
0
0
0
0
2
0
3
5
0
0
0
0
0
0
0
0
0
0
0
0
2
0
6
0
78
254
248
106
0
13
0
6
2
0
7
0
0
0
0
0
3
2
2
1
0
0
0
0
0
1
7
0
195
253
216
18
0
0
0
0
0
0
0
0
0
0
0
0
0
0
0
0
0
4
7
9
0
0
2
106
255
255
69
0
0
0
0
0
0
0
0
0
0
0
0
0
1
0
0
0
0
4
10
13
3
13
8
222
248
133
0
4
0
0
0
0
0
0
0
0
0
0
0
0
4
2
0
0
0
1
4
5
5
0
186
255
226
33
5
7
0
0
0
0
0
0
0
0
0
0
0
0
2
2
2
1
1
0
0
0
0
60
235
239
71
0
8
0
0
0
0
0
0
0
0
0
0
0
0
0
0
0
0
2
2
0
0
0
13
226
254
233
12
14
2
0
0
0
0
0
0
0
0
0
0
0
0
0
0
0
0
1
1
1
1
0
153
249
247
54
0
0
0
17
0
0
0
0
0
0
0
0
0
0
0
0
3
2
1
0
0
0
1
2
224
247
125
0
0
5
1
0
0
0
0
0
0
0
0
0
0
0
0
0
0
0
0
0
0
0
0
0
0
0
0
0
0
0
0
0
0
0
0
0
0
0
0
0
0
0
0
0
0
0
0
0
0
0
0
0
0
0
0
0
0
0
0
0
0
0
0
0
0
0
0
0
0
0
0
0
0
0
0
0
0
0
0
0
0
0
0
0
0
0
0
0
0
0
0
0
0
0
0
0
0
0
0
0
0
0
0
0
0
0
0
0
0
0
0
0
0
0
0
0
0
0
0
0
0
0
0
0
0
0
0
0
