9
0
0
0
0
0
0
0
0
0
5
6
0
2
4
0
0
0
0
0
0
0
0
0
0
0
0
0
0
0
0
0
0
0
0
0
0
7
0
0
0
0
0
4
4
0
0
0
0
0
0
0
0
0
0
0
0
0
0
0
0
0
0
0
0
1
0
5
12
3
0
0
0
0
0
0
0
0
0
0
0
0
0
0
0
0
0
0
0
0
0
0
0
1
0
2
3
0
0
3
0
0
0
0
0
0
0
0
0
0
0
0
0
0
0
0
0
0
0
0
0
2
1
0
0
3
14
10
0
0
0
0
0
0
0
0
0
0
0
0
0
0
0
0
0
0
0
0
0
0
9
3
0
0
0
0
0
0
0
0
0
0
0
0
0
0
0
0
0
0
0
0
0
0
0
0
0
1
6
0
0
20
2
0
12
0
0
0
0
0
0
0
0
0
0
0
0
0
0
0
0
0
0
0
0
0
0
6
86
169
121
24
2
0
0
0
0
0
0
0
0
0
0
0
0
0
0
0
0
0
0
0
0
4
0
45
161
255
247
223
52
1
0
0
8
0
1
4
0
0
0
0
0
0
0
0
0
0
0
0
0
0
152
254
255
255
255
255
202
10
0
9
0
6
0
0
3
0
0
0
0
0
0
0
0
0
0
0
0
111
251
241
245
246
251
252
255
167
11
0
0
8
3
3
0
0
0
0
0
0
0
0
0
0
0
0
0
176
255
253
251
164
143
243
255
238
8
2
6
4
0
0
6
0
0
0
0
0
0
0
0
0
0
0
0
167
253
254
116
7
86
255
253
255
122
9
5
8
0
2
0
0
0
0
0
0
0
0
0
0
0
0
0
101
253
255
49
122
247
255
242
244
255
57
0
13
0
16
0
0
0
0
0
0
0
0
0
0
0
0
0
24
238
255
115
223
255
240
233
61
254
176
20
2
0
7
0
0
0
0
0
0
0
0
0
0
0
0
0
3
167
254
244
255
252
243
70
9
186
255
43
0
13
4
4
0
0
0
0
0
0
0
0
0
0
0
0
6
39
246
236
255
246
127
0
5
29
248
181
10
2
4
0
0
0
0
0
0
0
0
0
0
0
0
0
0
0
175
255
230
71
0
0
0
12
214
246
73
0
0
8
0
0
0
0
0
0
0
0
0
0
0
0
10
0
14
50
52
0
3
5
0
9
140
254
121
10
0
0
0
0
0
0
0
0
0
0
0
0
0
0
0
5
0
0
5
0
1
0
0
5
75
248
170
4
4
0
0
0
0
0
0
0
0
0
0
0
0
0
6
14
6
3
0
0
0
14
1
0
49
255
238
0
0
12
0
0
0
0
0
0
0
0
0
0
0
0
0
0
1
0
3
24
0
0
2
0
30
247
255
12
0
0
0
0
0
0
0
0
0
0
0
0
0
0
16
0
6
1
0
0
0
12
3
6
6
202
250
61
8
0
0
0
0
0
0
0
0
0
0
0
0
0
0
0
2
0
0
2
17
0
0
0
0
213
253
71
0
5
0
0
0
0
0
0
0
0
0
0
0
0
0
0
0
0
0
0
0
0
0
2
2
208
253
51
0
3
0
0
0
0
0
0
0
0
0
0
0
0
0
0
0
0
0
0
0
0
9
0
1
203
255
81
6
2
0
0
0
0
0
0
0
0
0
0
0
0
0
0
0
0
0
0
0
0
0
0
21
175
231
98
9
0
0
0
0
0
0
0
0
0
0
0
0
0
0
0
0
0
0
0
0
0
8
0
0
0
26
2
0
11
0
0
0
0
