7
0
0
0
0
0
0
0
0
0
9
4
2
0
8
0
5
0
0
0
0
0
0
0
0
0
0
0
0
0
0
0
0
0
0
0
0
0
0
0
10
0
0
0
5
0
0
0
0
0
0
0
0
0
0
0
0
0
0
0
0
0
0
0
0
0
4
0
13
2
3
9
0
0
0
0
0
0
0
0
0
0
0
0
0
0
0
0
0
0
0
0
0
4
0
0
0
0
0
8
1
0
0
0
0
0
0
0
0
0
0
0
0
0
0
0
0
0
0
0
0
6
0
10
6
3
1
0
4
0
0
0
0
0
0
0
0
0
0
0
0
0
0
0
0
0
0
0
0
0
0
6
0
0
0
0
0
0
0
0
0
0
0
0
0
0
0
0
0
0
0
0
0
0
0
0
0
0
12
0
0
35
0
0
5
0
0
0
0
0
0
0
0
0
0
0
0
0
0
0
0
0
0
0
0
0
5
4
161
219
30
0
3
0
0
0
0
0
0
0
0
0
0
0
0
0
0
0
0
0
0
0
0
0
3
44
255
247
161
155
152
154
145
92
9
4
0
4
0
0
0
0
0
0
0
0
0
0
0
0
0
14
9
202
240
255
255
246
226
225
225
255
23
0
1
2
7
0
0
0
0
0
0
0
0
0
0
0
0
0
71
255
255
239
90
47
3
0
185
162
0
0
6
0
7
0
0
0
0
0
0
0
0
0
0
0
0
29
255
227
145
34
0
0
0
31
237
55
18
0
12
0
0
0
0
0
0
0
0
0
0
0
0
0
0
74
255
220
7
2
0
17
3
183
143
5
0
0
6
10
0
0
0
0
0
0
0
0
0
0
0
0
0
15
66
32
0
0
11
0
25
255
89
0
0
7
0
0
0
0
0
0
0
0
0
0
0
0
0
0
0
0
9
0
3
4
4
1
75
233
78
0
9
6
0
0
17
0
0
0
0
0
0
0
0
0
0
0
0
0
3
11
0
0
5
0
192
157
0
2
10
0
0
10
0
0
0
0
0
0
0
0
0
0
0
0
0
0
14
0
0
0
13
9
230
60
16
0
1
3
0
0
0
0
0
0
0
0
0
0
0
0
0
0
0
0
6
0
3
0
0
48
230
34
6
0
2
2
0
2
3
0
0
0
0
0
0
0
0
0
0
0
0
2
0
0
4
6
0
115
185
8
0
0
4
0
0
4
2
0
0
0
0
0
0
0
0
0
0
0
0
0
0
2
0
7
6
179
106
0
0
3
3
0
0
4
0
0
0
0
0
0
0
0
0
0
0
0
0
0
0
6
0
0
11
213
59
1
0
2
0
0
2
6
0
0
0
0
0
0
0
0
0
0
0
0
0
3
0
7
1
0
19
226
60
3
0
0
0
0
4
8
0
0
0
0
0
0
0
0
0
0
0
0
0
5
0
5
2
0
67
243
64
4
0
0
3
0
0
5
2
0
0
0
0
0
0
0
0
0
0
0
0
1
0
4
0
5
125
255
53
5
0
2
8
0
0
0
0
0
0
0
0
0
0
0
0
0
0
0
0
0
0
20
0
0
219
251
32
0
0
0
0
0
0
0
0
0
0
0
0
0
0
0
0
0
0
0
0
11
1
0
0
0
239
183
0
0
0
0
0
0
0
0
0
0
0
0
0
0
0
0
0
0
0
0
0
2
0
0
8
16
220
133
16
0
0
0
0
0
0
0
0
0
0
0
0
0
0
0
0
0
0
0
0
0
0
24
2
0
11
0
0
0
0
0
0
0
0
0
0
0
0
0
0
