7
0
0
0
0
0
0
0
0
0
6
1
2
2
0
0
6
0
3
0
2
0
8
0
7
0
0
0
0
0
0
0
0
0
0
0
0
0
0
0
5
9
3
3
3
5
0
3
2
0
9
0
0
0
0
0
0
0
0
0
0
0
0
0
0
6
0
0
4
1
0
0
0
5
0
15
0
0
0
0
13
0
0
0
0
0
0
0
0
0
0
0
0
3
0
7
2
0
0
1
0
5
0
1
0
6
12
0
0
0
0
0
0
0
0
0
0
0
0
0
0
0
0
9
0
0
12
2
0
8
4
6
4
0
0
0
8
0
0
0
0
0
0
0
0
0
0
0
0
4
0
2
0
3
11
0
7
0
10
0
11
3
0
0
3
0
0
0
0
0
0
0
0
0
0
0
0
7
0
2
0
4
0
0
83
255
208
6
0
0
9
6
0
0
0
0
0
0
0
0
0
0
0
0
0
0
0
8
2
5
0
31
191
255
223
1
1
0
0
1
0
0
0
0
0
1
0
8
0
0
9
61
88
16
0
3
73
93
148
215
251
244
162
0
0
9
0
8
0
0
0
0
0
4
0
0
3
0
20
236
255
237
150
236
255
255
241
255
254
255
147
0
0
3
0
5
2
0
0
0
0
0
8
0
5
3
9
244
255
249
255
255
240
240
171
96
253
255
108
0
0
0
3
0
1
0
0
0
0
0
5
12
0
8
0
74
105
201
194
153
82
26
8
27
255
245
63
0
3
0
8
0
0
0
0
0
0
0
0
4
0
0
2
0
9
10
0
19
4
0
0
108
245
251
46
0
5
0
7
0
0
0
0
0
0
6
0
0
18
0
0
12
0
0
16
0
0
9
8
114
255
255
51
6
4
0
1
0
3
0
0
0
0
1
0
0
19
0
0
16
0
0
7
0
22
0
4
107
245
244
43
2
1
0
0
0
3
0
0
0
0
0
5
0
0
15
0
0
0
6
0
0
0
6
0
114
255
208
24
0
0
6
0
2
0
0
0
0
0
0
0
0
0
0
0
0
0
0
10
111
104
175
160
134
253
203
4
0
6
0
0
0
2
0
0
0
0
0
0
0
0
0
0
0
0
10
202
247
255
255
255
246
255
224
94
78
58
100
81
0
14
0
0
0
0
0
0
0
0
0
0
0
0
40
173
113
162
204
237
255
243
240
255
252
255
251
113
16
0
0
0
0
0
0
0
0
0
0
0
0
0
0
9
0
0
13
31
187
255
255
235
175
148
84
0
14
0
0
0
0
0
0
0
0
0
0
0
0
0
13
0
12
0
0
39
230
255
140
0
6
0
0
8
0
0
0
0
0
0
0
0
0
0
0
0
0
0
0
0
3
14
0
52
255
238
128
0
1
2
13
11
0
0
0
0
0
0
0
0
0
0
0
0
0
0
7
2
0
15
2
46
255
255
103
11
0
1
0
0
7
19
0
0
0
0
0
0
0
0
0
0
0
0
0
0
4
0
0
8
205
255
142
0
1
0
0
13
5
0
0
0
0
0
0
0
0
0
0
0
0
0
0
10
0
0
0
5
169
255
202
16
0
1
0
15
0
2
0
0
0
0
0
0
0
0
0
0
0
0
0
2
0
3
6
0
98
159
100
0
0
7
0
5
0
3
0
0
0
0
0
0
0
0
0
0
0
0
6
0
2
0
0
0
0
13
11
0
5
7
0
0
0
0
0
0
0
0
0
0
0
0
0
0
0
0
5
0
3
0
4
9
0
0
0
0
0
0
0
2
6
0
0
0
0
0
