4
0
0
0
0
0
0
0
0
0
21
0
0
7
5
0
5
0
4
0
0
8
0
0
6
0
0
0
0
0
0
0
0
0
0
0
0
0
0
12
6
0
2
10
0
0
7
2
0
2
5
2
2
0
0
0
0
0
0
0
0
0
0
0
0
7
0
0
0
10
0
0
8
1
0
0
3
0
0
0
0
0
0
0
0
0
0
0
0
0
0
0
0
0
0
12
0
0
10
22
0
11
0
3
2
0
0
7
3
0
0
0
0
0
0
0
0
0
0
0
0
9
0
0
3
1
0
9
0
2
2
4
8
0
0
12
0
0
0
0
0
0
0
0
0
0
0
0
0
0
0
15
6
0
187
238
17
0
0
0
106
105
4
0
0
0
0
0
0
0
0
0
0
0
0
0
0
4
3
1
0
33
250
183
0
11
0
10
215
235
42
0
8
0
0
0
0
0
0
0
0
0
0
0
0
1
0
2
10
76
244
99
0
0
0
6
211
249
62
13
0
0
0
0
0
0
1
12
0
0
3
0
5
4
0
2
21
215
248
42
0
0
9
37
245
254
51
5
2
2
3
2
1
11
0
0
11
8
0
11
0
3
0
6
71
250
242
45
3
0
0
65
240
241
6
0
0
1
1
1
1
0
2
6
0
0
4
0
0
0
15
87
229
251
85
12
0
5
24
255
255
103
1
0
0
0
0
0
1
2
0
0
11
0
0
0
4
7
9
221
247
183
0
7
0
0
66
255
239
43
0
15
2
0
0
0
0
0
7
0
7
0
0
29
0
8
173
251
240
18
0
8
4
53
229
255
109
0
4
4
0
1
0
0
0
0
12
16
0
5
11
0
55
232
255
252
63
0
15
0
6
182
236
241
96
55
4
0
12
6
2
0
0
7
0
6
0
25
0
0
212
253
251
173
74
93
113
182
233
245
255
252
241
251
207
232
131
11
5
0
0
0
11
0
13
0
21
209
255
255
244
255
255
255
242
255
246
253
228
217
217
206
209
213
215
15
8
0
0
2
0
0
0
0
103
255
250
255
240
209
165
175
231
243
255
220
42
0
1
0
0
8
49
0
0
0
0
2
0
1
11
7
92
212
192
122
43
6
0
19
199
255
164
88
2
1
5
0
10
0
0
0
0
0
0
0
2
2
7
0
0
23
0
9
0
2
20
123
255
251
85
2
0
7
0
0
12
0
0
0
0
0
0
0
7
0
3
0
0
14
0
0
0
3
135
244
251
81
0
1
0
4
0
0
2
0
12
0
0
0
0
2
8
0
0
0
0
0
0
0
0
166
242
248
113
20
0
2
0
0
0
7
2
0
4
0
0
0
0
0
0
0
5
10
2
0
2
12
11
210
255
200
2
0
12
0
2
0
0
4
9
0
0
0
0
0
0
15
12
5
0
0
0
0
3
0
196
249
215
33
12
0
1
0
4
0
0
0
4
9
0
0
0
0
0
0
0
0
0
3
8
0
0
113
241
255
243
121
0
9
0
0
0
0
10
0
0
0
0
0
0
0
0
0
0
0
0
0
0
0
0
90
241
250
211
28
8
0
10
0
0
0
0
0
0
0
0
0
0
0
0
0
0
0
0
0
0
0
0
0
19
0
16
0
3
0
0
0
0
0
0
0
0
0
0
0
0
0
0
0
0
0
0
0
0
0
0
3
0
0
0
6
0
7
11
0
0
0
0
0
0
0
0
0
0
0
0
0
0
0
0
0
0
0
0
4
7
10
0
5
0
0
0
0
0
0
0
0
0
0
0
0
0
0
0
