4
0
0
0
0
0
0
0
0
0
0
0
0
0
0
0
0
0
2
0
0
1
3
0
0
0
0
0
0
0
0
0
0
0
0
0
0
0
0
0
0
0
0
0
0
7
7
1
0
0
7
7
1
0
0
0
0
0
0
0
0
0
0
0
0
0
0
0
0
0
0
0
0
0
0
0
12
2
0
0
8
0
0
0
0
0
0
0
0
0
0
0
0
0
0
0
0
0
0
0
0
0
1
6
0
0
11
14
0
0
0
0
0
0
0
0
0
0
0
0
0
0
0
0
0
0
0
0
0
9
3
5
5
0
0
0
11
0
0
0
0
0
0
0
0
0
0
0
0
0
0
0
0
0
0
0
0
0
0
0
0
12
10
0
0
0
0
0
0
0
0
0
0
0
0
0
0
0
0
0
0
0
0
0
0
63
243
255
104
0
3
8
0
0
0
0
0
0
0
0
0
0
0
0
0
0
0
0
0
0
0
0
0
99
250
246
85
0
0
0
6
0
0
0
0
2
0
11
0
0
10
0
4
0
7
0
0
0
10
8
0
92
255
250
40
0
8
0
0
0
0
0
0
5
0
11
0
0
5
65
142
153
12
0
5
0
0
0
13
99
255
253
39
5
0
0
1
0
0
0
0
5
0
5
0
0
0
135
255
239
1
0
11
2
1
0
0
125
241
204
13
4
0
6
6
0
0
0
0
2
0
0
0
11
0
154
255
252
0
8
0
0
10
0
0
218
254
141
0
7
0
0
0
0
0
0
0
0
0
0
0
12
0
151
245
233
0
0
0
8
0
0
68
255
237
63
0
1
7
0
0
0
0
0
0
0
6
3
0
0
0
152
255
247
100
100
89
89
42
21
94
245
219
26
0
0
4
0
7
0
0
0
0
0
4
1
4
0
3
143
255
255
231
251
253
255
244
230
245
255
248
50
13
2
0
0
0
0
0
0
0
6
0
0
10
0
8
125
249
250
255
255
254
245
250
255
251
247
231
39
0
0
0
13
0
0
0
0
0
0
6
0
0
7
0
47
184
254
162
69
66
32
61
162
226
255
223
0
0
6
0
0
1
0
0
0
0
0
11
0
0
6
0
0
11
14
0
7
0
6
1
0
162
250
221
1
0
4
0
0
4
0
0
0
0
0
4
1
0
8
13
0
0
0
0
14
0
6
7
0
194
250
224
4
0
3
0
0
4
0
0
0
0
3
0
0
1
0
0
2
13
2
13
0
0
0
0
8
112
255
228
6
0
4
0
0
0
0
0
0
0
16
0
0
5
0
0
0
0
0
4
0
18
8
0
20
68
255
227
2
0
5
2
1
0
0
0
0
0
1
0
0
4
4
10
11
1
1
0
0
0
0
0
1
125
250
224
1
0
3
2
3
0
0
0
0
0
0
5
5
0
0
0
0
0
4
4
14
3
2
2
0
126
251
232
12
0
0
0
2
1
0
0
0
0
1
0
0
1
9
2
0
0
0
0
0
0
0
7
5
69
255
244
27
8
0
0
0
3
0
0
0
0
0
0
0
0
0
0
0
0
0
0
1
0
10
0
16
128
255
225
16
5
0
7
0
4
0
0
0
0
0
0
0
0
0
0
0
0
5
4
0
0
8
0
0
46
171
147
5
1
0
0
0
5
0
0
0
0
0
0
0
0
0
0
0
0
1
1
2
0
4
7
0
0
2
11
0
7
7
4
0
0
0
0
0
0
0
0
0
0
0
0
0
0
0
0
5
0
0
2
5
3
0
0
0
3
0
0
1
10
0
0
0
0
