0
0
0
0
0
0
0
0
0
0
1
0
0
0
0
0
0
0
0
0
0
0
0
2
4
0
0
0
0
0
0
0
0
0
0
0
0
4
0
0
6
9
1
4
10
0
0
0
15
15
1
0
2
0
0
0
0
0
0
0
0
0
0
0
0
0
0
4
6
0
0
0
0
0
12
8
0
0
6
11
0
0
0
0
0
0
0
0
0
0
0
0
0
2
2
3
0
0
8
8
7
5
0
0
9
9
0
0
5
0
0
0
0
0
0
0
0
0
0
0
0
0
0
8
2
4
10
0
0
0
0
0
0
0
0
0
0
0
0
0
0
0
0
0
0
0
0
0
0
0
0
14
5
0
0
21
81
69
170
248
255
255
252
175
75
0
0
0
0
0
0
0
0
0
0
0
0
11
0
4
0
12
101
176
255
248
248
249
249
250
251
251
251
0
0
0
0
0
0
0
0
0
0
0
0
2
0
5
8
106
242
255
244
255
251
250
254
254
249
250
255
0
0
0
0
2
0
0
1
2
1
1
7
0
5
0
114
254
251
239
255
236
134
143
145
210
255
249
247
0
0
0
0
6
0
0
7
0
0
15
0
3
0
104
111
255
255
255
129
66
6
0
9
33
223
252
254
0
0
0
0
5
0
0
11
11
8
3
0
52
253
248
250
250
241
189
0
0
0
2
0
3
224
245
253
0
0
0
0
0
10
3
0
0
7
4
150
229
240
255
254
185
106
73
18
3
5
11
3
0
217
243
255
0
0
0
0
0
6
0
0
0
0
78
246
255
247
229
57
17
3
15
0
11
0
0
17
18
225
249
244
0
0
0
0
0
0
0
0
6
6
195
255
244
211
64
0
0
4
0
21
1
3
0
0
145
246
255
247
0
0
0
0
2
3
17
0
0
84
255
251
255
60
0
0
0
15
0
0
0
13
9
52
220
246
255
255
0
0
0
0
2
0
0
2
67
255
240
147
0
1
0
12
0
0
23
0
7
24
66
255
231
255
246
199
0
0
0
0
6
0
4
0
72
253
224
68
7
0
0
10
4
0
5
0
1
115
244
255
245
248
184
30
0
0
0
0
0
6
0
5
110
255
205
5
0
2
9
0
0
5
42
141
211
239
255
245
249
200
24
6
0
0
0
0
15
0
10
0
243
255
227
0
0
0
0
98
101
114
253
253
255
242
240
252
205
21
0
8
0
0
0
0
2
0
0
7
255
249
246
180
182
177
184
245
255
254
250
250
245
251
255
191
19
12
0
0
0
0
0
0
0
0
1
11
252
253
233
255
255
255
254
255
234
249
237
255
248
223
179
16
0
7
14
0
0
0
0
0
10
0
7
0
238
255
254
242
248
243
229
255
250
255
255
233
121
92
0
0
2
0
0
11
0
0
0
0
0
11
0
3
97
236
255
254
255
255
245
244
243
197
42
37
10
0
22
0
2
12
0
1
0
0
0
0
2
0
4
0
44
142
227
137
209
228
136
142
73
8
0
3
2
1
0
6
0
0
2
1
0
0
0
0
0
3
2
0
0
13
19
15
52
34
12
0
0
0
0
0
0
0
0
0
0
0
0
0
0
0
0
0
0
4
2
0
0
4
7
2
11
4
0
0
2
4
1
0
0
0
0
0
0
0
0
0
0
0
0
0
0
4
2
0
0
0
0
0
0
0
0
2
4
3
0
0
0
0
0
0
0
0
0
0
0
0
0
0
0
2
2
0
0
3
3
0
4
4
4
2
0
0
0
0
0
0
0
0
0
0
0
0
0
0
0
0
