7
0
0
0
0
0
0
0
0
0
0
0
0
0
0
0
0
0
0
0
0
0
0
0
0
0
0
0
0
0
0
0
0
0
0
0
0
0
0
0
0
0
0
0
0
0
0
0
0
0
0
0
0
0
0
0
0
0
0
0
0
0
0
0
0
0
0
0
0
0
0
0
0
0
0
0
0
0
0
0
0
0
0
0
0
0
0
0
0
0
0
0
0
0
0
0
0
0
0
0
0
0
0
0
0
0
0
0
0
0
0
0
0
0
0
0
0
0
0
0
0
0
0
0
0
0
0
0
0
0
0
0
0
0
0
0
0
0
0
0
0
0
0
0
0
0
0
0
0
0
0
0
0
0
0
0
0
0
0
0
0
0
0
0
0
0
0
0
0
0
0
0
0
0
0
0
0
0
0
0
0
0
0
0
0
0
0
0
0
0
0
0
0
0
0
0
0
0
0
0
0
0
0
0
0
0
0
0
0
0
0
0
0
0
0
0
0
0
0
0
0
0
0
0
0
5
0
13
3
0
13
0
0
103
255
148
9
3
0
0
5
0
0
3
7
0
9
0
4
7
0
0
1
0
6
2
0
0
0
6
3
155
245
255
124
101
122
216
212
128
105
27
0
0
3
4
0
0
1
0
0
0
5
0
1
12
1
15
61
255
250
255
250
255
255
247
252
243
255
216
133
94
49
13
0
2
0
6
0
11
0
0
2
0
9
0
95
234
254
255
251
251
255
252
255
255
242
248
236
255
232
201
251
113
0
9
0
11
0
7
0
0
0
24
172
255
247
255
210
127
15
38
31
28
119
180
180
244
255
255
242
240
4
0
0
0
0
8
0
12
0
152
255
255
250
166
38
0
0
25
0
1
0
0
105
240
255
255
248
194
0
6
2
0
9
0
0
0
38
215
255
255
168
53
8
4
7
0
3
0
4
56
165
249
255
203
187
54
0
13
12
0
5
0
12
0
135
250
255
246
37
0
0
5
1
3
5
0
2
172
253
255
236
23
0
0
8
2
0
0
2
3
9
0
220
255
255
151
0
4
0
0
10
0
0
12
155
234
253
197
58
0
8
0
0
0
0
7
0
0
0
2
168
235
255
8
15
3
5
0
4
0
5
27
176
255
251
87
23
1
0
0
0
0
0
0
0
6
1
8
44
74
74
13
0
0
5
15
0
0
0
131
223
249
180
12
0
8
0
0
0
0
0
0
8
0
0
3
0
0
0
2
0
18
0
0
17
19
63
228
255
210
62
4
0
6
7
0
0
0
0
0
13
0
0
4
0
11
11
13
0
0
14
1
0
2
188
251
250
147
0
3
4
0
0
0
0
0
0
0
13
0
8
4
5
0
0
0
3
7
0
23
31
179
255
255
141
35
2
0
7
0
1
0
0
0
0
6
8
0
1
0
2
6
7
7
0
14
0
0
17
207
242
202
35
0
7
4
0
0
9
0
0
0
0
0
0
2
7
3
0
0
0
0
11
0
5
34
232
255
248
79
0
14
0
3
0
8
0
0
0
0
0
0
0
0
0
0
0
0
0
5
0
0
0
141
231
250
149
21
9
0
0
0
4
2
0
0
0
0
0
0
0
0
0
0
0
0
0
0
0
10
0
85
115
110
35
10
3
0
0
1
3
1
0
0
0
0
0
0
0
0
0
0
0
0
0
3
0
7
0
17
9
7
0
0
0
0
0
1
2
0
0
0
0
0
0
0
0
0
0
0
0
0
0
3
0
0
0
0
0
0
8
0
0
0
1
0
0
0
0
0
0
0
0
