0
0
0
0
0
0
0
0
0
5
0
5
0
0
13
0
11
0
0
3
2
0
1
0
1
0
0
0
0
0
0
0
0
0
0
0
0
2
0
6
6
4
0
0
0
5
3
0
0
1
0
3
0
0
0
0
0
0
0
0
0
0
0
0
0
5
0
1
1
4
0
18
1
0
5
0
12
2
0
1
7
0
0
0
0
0
0
0
0
0
0
0
0
4
1
2
0
0
8
7
0
0
0
0
0
0
0
1
7
0
0
0
0
0
0
0
0
0
0
0
0
0
7
7
0
0
1
0
18
5
6
18
0
3
27
0
0
0
0
0
0
0
0
0
0
0
0
0
0
0
0
1
8
0
0
60
158
245
255
221
102
3
0
0
15
0
0
0
0
0
0
0
0
0
0
0
0
2
0
0
1
3
6
192
255
247
255
255
244
136
2
0
4
0
0
0
0
0
0
0
0
0
0
0
0
2
5
2
0
4
4
255
246
255
188
127
255
255
67
18
0
0
0
0
0
0
9
2
0
0
0
3
5
0
0
8
2
0
63
253
214
73
1
6
209
250
198
2
4
0
0
0
0
1
0
0
0
5
4
4
0
16
0
0
4
190
250
238
59
8
0
0
207
248
214
0
0
0
0
0
0
9
0
0
0
0
1
0
0
0
0
12
172
224
255
71
0
0
6
0
193
252
214
5
6
0
0
0
0
4
0
6
2
0
2
1
0
3
15
165
253
223
79
0
0
0
3
2
145
255
239
62
0
0
0
0
0
0
0
9
0
0
11
0
0
5
158
253
241
93
16
0
8
10
11
0
0
189
255
165
14
0
0
0
0
5
0
4
0
0
5
0
10
92
255
246
95
6
0
5
0
0
0
9
0
218
255
152
0
0
0
0
0
8
0
3
0
0
0
9
114
235
238
107
0
7
4
7
0
12
0
1
17
244
238
70
5
0
0
0
0
0
0
9
2
4
0
65
251
248
119
0
4
0
0
0
9
0
4
5
46
253
236
8
9
0
0
0
0
4
0
6
3
0
3
208
250
196
9
0
0
9
0
0
2
0
14
11
202
255
195
10
3
0
0
0
0
0
11
4
0
13
15
251
234
113
0
9
0
0
6
0
12
8
0
102
255
184
98
0
0
0
0
0
0
0
9
0
0
15
40
255
244
0
19
0
13
15
0
20
0
0
90
232
241
145
0
0
10
0
0
0
0
2
0
0
6
1
114
242
198
0
4
0
0
6
2
0
0
58
223
255
169
12
0
9
0
0
0
0
0
0
0
8
2
0
160
255
125
7
1
7
0
0
0
6
65
216
243
228
32
0
11
0
0
0
0
0
0
0
6
8
0
0
85
255
175
0
0
9
2
0
13
139
247
253
218
18
19
6
0
2
7
0
0
0
0
0
0
0
0
0
0
196
255
170
11
0
0
108
240
252
243
166
2
0
0
0
5
0
0
0
0
0
0
0
0
0
0
1
0
108
248
255
186
193
202
244
247
214
78
0
17
0
1
10
0
4
2
0
0
0
0
7
0
0
7
0
0
23
73
164
202
194
118
47
24
16
2
0
0
0
0
0
0
0
0
0
0
0
0
0
0
1
5
0
0
0
18
0
12
14
0
0
0
0
0
0
0
0
0
0
0
0
0
0
0
0
0
0
1
5
1
0
2
0
0
3
0
0
0
8
10
5
2
0
0
0
0
0
0
0
0
0
0
0
0
0
2
2
0
0
7
7
0
8
0
0
3
1
0
0
0
0
0
0
0
0
0
0
0
0
0
0
0
