6
0
0
0
0
0
0
0
0
0
0
0
2
8
0
0
8
9
0
6
0
8
0
16
0
0
0
0
0
0
0
0
0
0
0
0
0
0
5
7
0
0
0
0
0
0
8
0
1
4
6
0
19
0
0
0
0
0
0
0
0
0
0
0
0
0
0
2
2
2
12
12
0
1
0
10
0
0
4
1
0
0
0
0
0
0
0
0
0
0
0
0
0
11
0
0
4
0
0
0
0
2
21
200
245
232
0
15
4
0
0
0
0
0
0
0
0
0
0
0
0
0
1
5
1
0
0
5
10
0
118
255
255
234
0
0
0
0
0
0
0
0
0
0
0
0
0
0
0
0
7
4
0
5
9
0
0
131
215
253
255
167
8
0
4
0
0
0
0
0
0
0
0
0
0
0
0
0
10
0
0
5
0
0
36
201
255
255
163
6
0
12
0
0
0
0
0
0
0
0
0
0
0
0
0
0
2
0
7
12
0
67
230
251
255
233
56
3
0
0
5
0
0
0
0
0
0
0
0
0
0
0
0
0
0
0
19
0
0
128
248
247
220
27
0
5
0
4
0
0
0
0
0
0
0
0
0
0
0
0
0
3
4
0
0
0
98
244
249
238
142
3
2
5
0
0
9
0
0
0
0
0
0
0
0
0
0
0
0
0
0
0
0
76
241
255
255
84
8
0
8
3
8
0
0
0
0
0
0
0
0
0
0
0
0
0
0
1
0
15
20
176
255
232
196
25
0
3
12
0
1
2
0
0
0
0
0
0
0
0
0
0
0
0
0
0
2
0
91
251
250
255
76
0
0
0
0
2
0
0
13
0
0
0
0
0
0
0
0
0
0
0
0
0
4
0
190
255
245
136
12
40
77
52
0
0
1
1
0
0
0
0
0
0
0
0
0
0
0
0
0
8
4
83
245
236
204
33
76
230
252
208
39
0
7
0
0
0
0
0
0
0
0
0
0
0
0
0
0
0
0
230
255
255
175
198
255
254
250
255
87
1
3
0
16
0
0
0
0
0
0
0
0
0
0
0
0
0
66
248
247
255
255
240
255
255
236
255
101
0
2
0
5
0
0
0
0
0
0
0
0
0
0
0
0
7
87
255
251
249
254
255
255
255
255
238
81
0
2
2
0
0
0
0
0
0
0
0
0
0
0
0
0
10
165
255
255
245
247
254
237
234
245
115
13
0
2
7
3
0
0
0
0
0
0
0
0
0
0
0
0
0
233
255
250
254
255
246
255
255
196
19
0
7
6
0
0
0
0
0
0
0
0
0
0
0
0
0
0
1
233
255
241
255
245
242
254
204
107
0
0
10
8
0
0
0
0
0
0
0
0
0
0
0
0
0
0
10
146
252
247
255
232
255
214
41
4
0
2
0
0
0
7
0
0
0
0
0
0
0
0
0
0
0
0
0
69
225
255
253
158
96
0
0
0
11
4
0
0
3
0
0
0
0
0
0
0
0
0
0
0
0
0
9
0
4
1
0
4
0
5
0
13
0
0
15
0
10
0
0
0
0
0
0
0
0
0
0
0
0
0
0
0
0
0
0
0
0
0
0
0
0
0
0
0
0
0
0
0
0
0
0
0
0
0
0
0
0
0
0
0
0
0
0
0
0
0
0
0
0
0
0
0
0
0
0
0
0
0
0
0
0
0
0
0
0
0
0
0
0
0
0
0
0
0
0
0
0
0
0
0
0
0
0
0
0
0
0
0
0
0
0
0
0
0
0
0
0
0
0
0
0
0
0
0
0
0
0
0
0
0
0
0
0
0
