1
0
0
0
0
0
0
0
0
0
4
0
10
6
0
1
2
0
3
3
1
0
0
1
1
0
0
0
0
0
0
0
0
0
0
0
0
0
13
4
0
0
5
0
0
0
1
2
1
0
0
0
0
0
0
0
0
0
0
0
0
0
0
0
0
1
0
1
0
8
8
0
5
0
0
0
1
1
0
0
0
0
0
0
0
0
0
0
0
0
0
0
0
6
0
0
4
0
0
12
0
1
0
0
1
2
0
0
0
0
0
0
0
0
0
0
0
0
0
0
0
0
5
3
5
0
22
144
66
5
0
0
1
2
0
0
0
0
0
0
0
0
0
0
0
0
0
0
0
0
1
0
12
0
41
249
209
12
2
0
0
2
0
0
1
0
0
0
0
0
0
0
0
0
0
0
0
14
0
0
10
0
0
212
250
19
5
0
0
2
0
0
3
0
0
0
0
0
0
0
0
0
0
0
0
0
4
4
5
2
1
188
255
23
7
0
0
1
0
0
4
0
0
0
0
0
0
0
0
0
0
0
0
9
0
2
0
1
13
184
255
23
2
0
4
2
0
3
2
0
0
0
0
0
0
0
0
0
0
0
0
0
2
10
0
0
0
201
255
23
2
0
3
1
0
3
1
0
0
0
0
0
0
0
0
0
0
0
0
11
9
0
0
26
44
255
255
23
3
0
2
0
0
2
1
0
0
0
0
0
0
0
0
0
0
0
0
0
0
0
0
1
64
255
251
20
3
0
1
0
0
2
0
0
0
0
0
0
0
0
0
0
0
0
0
4
6
15
7
0
128
255
230
15
2
0
1
0
0
3
0
0
0
0
0
0
0
0
0
0
0
0
0
3
0
0
0
0
176
254
171
8
0
0
1
0
0
3
0
0
0
0
0
0
0
0
0
0
0
0
0
0
2
12
13
3
178
255
145
2
0
1
2
0
1
4
0
0
0
0
0
0
0
0
0
0
0
0
0
5
3
0
0
10
167
248
70
0
0
1
3
0
2
5
0
0
0
0
0
0
0
0
0
0
0
0
0
1
0
10
0
11
183
204
30
0
0
0
0
0
0
0
0
0
0
0
0
0
0
0
0
0
0
0
0
0
0
4
15
15
244
202
0
0
0
0
0
0
0
0
0
0
0
0
0
0
0
0
0
0
0
0
0
6
5
0
3
128
255
148
4
0
0
0
0
0
0
0
0
0
0
0
0
0
0
0
0
0
0
0
0
0
0
0
19
255
249
63
7
0
0
0
0
0
0
0
0
0
0
0
0
0
0
0
0
0
0
0
0
3
0
0
37
250
217
18
0
0
0
0
0
0
0
0
0
0
0
0
0
0
0
0
0
0
0
0
0
12
4
1
22
254
181
14
0
0
0
0
0
0
0
0
0
0
0
0
0
0
0
0
0
0
0
0
0
0
0
12
18
251
208
79
0
0
0
0
0
0
0
0
0
0
0
0
0
0
0
0
0
0
0
0
0
0
6
0
0
120
255
203
18
0
0
0
0
0
0
0
0
0
0
0
0
0
0
0
0
0
0
0
0
0
0
0
0
0
0
0
0
0
0
0
0
0
0
0
0
0
0
0
0
0
0
0
0
0
0
0
0
0
0
0
0
0
0
0
0
0
0
0
0
0
0
0
0
0
0
0
0
0
0
0
0
0
0
0
0
0
0
0
0
0
0
0
0
0
0
0
0
0
0
0
0
0
0
0
0
0
0
0
0
0
0
0
0
0
0
0
0
0
0
0
0
0
0
0
0
0
0
0
0
0
0
0
0
