4
0
0
0
0
0
0
0
0
0
0
0
0
0
2
7
0
9
0
10
0
2
9
0
0
0
0
0
0
0
0
0
0
0
0
0
0
2
3
3
1
0
2
2
0
0
0
4
12
0
0
2
9
0
0
0
0
0
0
0
0
0
0
0
0
0
2
0
0
4
0
0
1
0
9
2
0
7
0
0
0
0
0
0
0
0
0
0
0
0
0
0
0
0
0
0
0
7
0
0
4
8
15
2
0
5
8
0
0
0
0
0
0
0
0
0
0
0
0
0
0
0
1
0
1
4
0
0
3
0
0
2
4
0
10
0
7
0
0
0
0
0
0
0
0
0
0
0
0
2
0
1
0
0
0
3
0
28
0
0
11
189
115
24
0
0
0
0
0
0
0
0
0
0
0
0
0
1
0
4
2
0
3
21
0
0
0
14
87
237
38
0
0
0
0
0
0
0
0
0
0
0
0
0
0
5
0
12
11
0
18
46
9
14
0
5
212
157
0
10
0
0
0
0
0
0
0
7
0
0
0
6
0
2
8
0
5
4
63
241
26
0
4
116
249
20
0
0
3
0
0
0
0
8
0
0
0
0
3
6
1
0
22
0
4
41
242
95
0
4
21
231
134
0
7
0
1
0
0
0
0
3
0
0
2
3
0
0
0
0
0
0
59
227
179
0
0
2
126
255
27
0
8
0
0
0
0
0
0
0
0
1
1
2
0
0
6
20
0
53
255
146
24
0
0
39
254
132
0
0
1
0
0
0
0
0
0
0
9
2
0
2
4
2
10
0
30
238
176
38
0
3
1
153
245
19
0
7
0
0
5
0
0
0
0
0
6
0
0
7
0
0
0
61
245
148
10
0
0
3
54
253
108
7
0
7
0
0
10
0
0
0
0
0
1
0
1
6
0
21
88
248
236
129
36
0
13
0
167
220
9
13
0
6
0
3
4
0
0
0
0
3
7
0
0
0
4
104
251
168
163
186
234
157
22
56
230
119
2
0
7
9
0
7
0
0
0
0
0
0
0
0
0
6
10
200
70
0
0
13
70
218
240
204
255
53
96
101
47
2
0
3
0
0
0
0
0
4
0
9
0
8
0
11
0
0
7
0
8
36
141
250
245
246
178
74
0
0
4
14
3
0
0
0
0
0
0
4
0
15
10
0
14
0
10
1
4
0
120
245
83
18
11
6
6
4
0
0
0
0
0
0
0
1
3
0
3
0
3
6
4
0
6
0
0
22
206
188
0
12
1
0
0
0
0
0
10
0
0
0
0
0
2
1
9
0
0
20
0
0
12
0
0
70
255
68
0
0
0
0
2
8
8
2
0
0
0
0
0
1
0
5
0
13
0
4
10
1
0
17
10
189
214
0
0
0
5
14
7
0
0
1
6
0
0
0
0
8
0
0
0
3
0
0
8
4
0
10
69
255
107
11
11
4
0
0
0
0
2
3
2
0
0
0
0
0
2
0
10
1
0
8
0
0
11
0
175
226
10
0
0
1
0
0
8
7
0
0
2
0
0
0
0
0
0
0
0
0
0
0
0
1
0
81
245
70
22
0
0
0
0
0
0
0
0
0
0
0
0
0
0
0
0
0
0
0
0
0
0
0
5
0
10
0
2
0
6
0
0
0
0
0
0
0
0
0
0
0
0
0
0
0
0
0
0
0
0
0
7
0
0
19
1
0
3
0
0
0
0
0
0
0
0
0
0
0
0
0
0
0
0
0
0
0
0
2
0
3
23
6
0
0
9
0
0
0
0
0
0
0
0
0
0
0
0
