4
0
0
0
0
0
0
0
0
2
0
0
0
0
0
0
2
2
0
3
10
0
0
5
0
0
0
0
0
0
0
0
0
0
0
0
0
0
3
7
1
1
7
3
0
4
0
0
7
0
2
0
1
0
0
0
0
0
0
0
0
0
0
0
0
0
2
0
0
0
0
2
0
0
5
14
0
4
8
9
0
0
0
0
0
0
0
0
0
0
0
0
0
8
0
0
1
1
0
0
8
5
1
0
13
0
0
0
13
0
0
0
0
0
0
0
0
0
0
0
0
0
0
2
7
7
2
0
0
0
2
9
0
2
8
10
0
0
0
0
0
0
0
0
0
0
0
0
0
0
4
3
0
0
3
4
0
3
0
4
0
0
0
8
0
0
0
0
0
0
0
0
0
0
0
0
0
0
0
2
7
7
2
0
0
2
2
84
244
131
33
0
7
0
0
0
0
0
0
0
0
0
0
0
0
4
0
11
63
63
11
0
4
3
17
231
255
207
0
12
0
0
0
0
0
0
0
0
0
0
0
0
0
0
0
33
222
245
90
0
0
4
18
255
251
160
0
10
0
0
0
0
0
0
0
0
0
0
0
0
0
10
0
64
253
255
140
14
3
0
90
255
254
94
11
0
2
0
0
0
0
0
0
0
0
0
0
0
0
2
0
147
255
237
70
0
0
15
181
246
192
21
16
0
1
0
0
0
0
0
0
0
0
0
0
0
0
0
10
218
250
216
0
0
0
70
241
251
105
0
0
6
0
0
0
0
0
0
0
0
0
0
0
0
0
0
91
235
252
164
3
19
0
127
255
243
48
3
0
11
0
0
0
0
0
0
0
0
0
0
0
0
0
5
200
249
252
41
0
0
29
205
255
187
5
0
1
7
0
0
0
0
0
0
0
0
0
0
0
0
0
0
209
255
249
55
8
7
106
255
255
175
14
0
13
0
0
0
0
0
0
0
0
0
0
0
0
0
0
0
131
250
254
230
131
113
192
246
255
236
73
10
0
0
9
0
0
0
0
0
0
0
0
0
0
0
0
2
10
81
209
255
238
249
255
252
255
220
37
0
0
0
10
0
0
0
0
0
0
0
0
0
0
0
0
0
0
0
4
63
67
224
251
242
107
39
0
13
15
0
0
0
0
0
0
0
0
0
0
0
0
0
0
13
0
7
0
0
39
239
247
188
17
0
0
5
0
0
9
0
0
0
0
0
0
0
0
0
0
0
0
3
0
2
9
0
136
242
255
121
6
0
10
9
0
2
2
0
0
0
0
0
0
0
0
0
0
0
0
2
12
2
0
24
240
247
186
29
0
0
0
5
6
5
0
0
0
0
0
0
0
0
0
0
0
0
0
0
6
2
0
41
255
255
31
0
0
3
0
0
0
0
9
0
0
0
0
0
0
0
0
0
0
0
0
7
0
0
11
116
255
214
8
12
5
0
1
9
4
0
0
0
0
0
0
0
0
0
0
0
0
0
0
0
0
2
43
234
255
43
6
0
0
0
12
0
0
6
1
0
0
0
0
0
0
0
0
0
0
0
0
0
21
0
123
254
234
34
0
0
0
0
0
0
0
0
0
0
0
0
0
0
0
0
0
0
0
0
0
0
0
12
190
247
145
0
6
0
0
0
0
0
0
0
0
0
0
0
0
0
0
0
0
0
0
0
0
9
2
0
3
0
5
0
12
0
0
0
0
0
0
0
0
0
0
0
0
0
0
0
0
0
0
0
0
0
6
11
3
0
4
6
0
0
0
0
0
0
0
0
0
0
0
0
0
