0
0
0
0
0
0
0
0
0
5
0
0
3
4
1
1
4
4
0
5
0
1
5
0
0
0
0
0
0
0
0
0
0
0
0
0
0
3
0
2
0
1
8
0
0
0
3
0
11
6
0
0
6
0
0
0
0
0
0
0
0
0
0
0
0
1
0
6
0
0
9
4
14
0
19
0
0
3
13
1
0
0
0
0
0
0
0
0
0
0
0
0
0
0
3
0
5
3
0
0
0
0
16
5
0
0
0
0
9
0
0
0
0
0
0
0
0
0
0
0
0
0
12
0
9
5
0
11
4
9
0
7
0
15
13
0
0
0
0
0
0
0
0
0
0
0
0
0
0
0
19
0
0
0
30
139
185
255
228
146
28
0
0
7
0
0
0
0
0
0
0
0
0
0
0
0
0
0
9
2
0
35
147
232
255
230
255
238
161
6
0
8
0
0
0
0
0
0
0
0
0
0
0
0
0
4
0
10
12
123
252
198
121
202
250
191
248
77
0
8
0
0
0
0
0
1
0
0
0
0
0
0
0
0
5
0
142
250
230
0
0
155
215
51
220
172
0
10
0
0
0
0
0
0
0
0
0
0
0
1
1
4
2
62
233
233
66
10
0
220
62
0
178
249
52
0
10
0
0
0
0
0
0
0
1
1
1
1
1
2
5
203
255
101
13
0
8
234
29
14
91
255
92
0
12
0
0
0
0
0
0
0
0
1
0
0
0
0
89
255
172
0
2
0
0
12
0
0
1
253
139
3
0
0
0
0
0
0
0
0
0
0
0
0
0
20
170
249
46
0
0
0
7
0
18
1
7
238
202
16
0
0
0
0
0
1
0
0
0
0
0
0
0
80
240
178
0
0
18
0
9
11
0
0
0
166
245
42
11
0
0
0
0
2
0
0
0
0
1
4
6
145
255
50
9
0
1
17
0
0
0
5
10
150
255
42
0
0
0
0
0
1
0
0
0
0
5
10
13
233
179
11
0
0
0
0
2
0
18
0
0
168
245
41
0
0
0
0
0
5
0
5
0
0
0
0
118
245
175
0
0
7
1
0
10
0
0
11
1
160
219
18
1
0
0
0
0
0
0
1
0
3
7
1
131
255
109
13
12
0
0
11
0
3
0
0
8
228
163
0
0
0
0
0
0
1
0
0
0
4
1
0
130
255
47
0
2
9
6
0
5
0
10
0
72
255
97
0
2
0
0
0
0
0
5
0
0
2
0
0
130
248
82
23
2
0
0
0
5
0
14
5
212
221
3
26
0
0
0
0
0
0
6
0
0
3
0
8
128
247
80
0
0
0
5
3
0
8
0
174
241
70
5
0
8
0
0
0
0
0
6
0
0
0
0
2
85
249
175
32
0
5
8
0
0
0
164
242
124
8
0
4
0
0
0
0
0
3
4
0
3
0
0
0
23
105
248
197
35
0
0
0
12
85
230
170
0
2
13
0
0
0
0
0
0
3
0
0
7
2
10
0
0
3
146
255
232
201
134
169
219
247
135
20
0
1
0
0
3
0
0
0
0
0
0
0
0
0
0
0
0
0
0
96
225
255
255
246
203
49
15
0
0
4
0
0
7
0
0
0
0
0
0
0
0
0
0
0
0
30
0
0
12
0
0
9
0
15
0
0
1
4
0
0
0
0
0
0
0
0
0
0
0
0
0
0
0
0
0
0
0
0
3
11
0
0
0
1
6
4
0
0
0
0
0
0
0
0
0
0
0
0
0
0
0
0
11
12
3
2
3
0
0
0
5
7
2
0
0
3
4
0
0
0
0
