6
0
0
0
0
0
0
0
0
3
3
0
0
6
8
0
4
0
0
0
0
0
0
0
0
0
0
0
0
0
0
0
0
0
0
0
0
0
0
9
9
0
0
4
0
0
0
0
0
0
0
0
0
0
0
0
0
0
0
0
0
0
0
0
0
0
13
0
6
135
255
207
24
0
0
0
0
0
0
0
0
0
0
0
0
0
0
0
0
0
0
0
0
0
2
14
41
234
111
111
0
0
0
0
0
0
0
0
0
0
0
0
0
0
0
0
0
0
0
0
0
2
2
0
188
205
14
0
7
0
0
0
0
0
0
0
0
0
0
0
0
0
0
0
0
0
0
0
0
0
12
74
241
100
0
0
8
0
0
0
0
0
0
0
0
0
0
0
0
0
0
0
0
0
0
0
0
2
9
120
221
11
15
0
0
0
0
0
0
0
0
0
0
0
0
0
0
0
0
0
0
0
0
0
0
3
21
241
140
7
0
1
0
0
0
0
0
0
0
0
0
0
0
0
0
0
0
0
0
0
0
0
0
0
73
253
52
17
0
1
6
1
0
7
11
0
0
0
3
0
0
0
0
0
0
0
0
0
0
0
0
10
120
212
0
0
3
5
0
0
0
0
4
0
21
5
0
0
0
0
0
0
0
0
0
0
0
0
0
0
121
193
1
3
2
2
0
7
1
5
0
13
0
0
9
0
0
0
0
0
0
0
0
0
0
0
0
0
113
179
7
0
0
0
0
0
16
129
208
221
100
4
0
0
0
0
0
0
0
0
0
0
0
0
0
9
138
175
0
0
11
0
11
41
233
209
157
173
232
25
0
0
0
0
0
0
0
0
0
0
0
0
0
0
175
190
0
11
0
30
165
255
145
20
0
7
222
80
0
0
0
0
0
0
0
0
0
0
0
0
0
6
197
186
0
0
12
159
246
97
10
10
4
16
222
82
7
0
0
0
0
0
0
0
0
0
0
0
0
0
188
177
0
6
106
254
88
1
0
0
0
11
255
46
5
0
0
0
0
0
0
0
0
0
0
0
0
1
117
188
0
18
239
142
5
0
0
7
13
190
216
0
7
0
0
0
0
0
0
0
0
0
0
0
0
0
122
223
18
140
244
29
3
0
16
2
202
212
28
32
0
0
0
0
0
0
0
0
0
0
0
0
0
0
61
255
182
202
184
6
5
25
73
209
202
60
2
5
1
0
0
0
0
0
0
0
0
0
0
0
0
14
0
108
238
255
162
93
184
255
244
122
13
1
0
0
5
0
0
0
0
0
0
0
0
0
0
0
0
0
0
7
133
237
255
245
206
124
20
12
11
0
0
0
0
0
0
0
0
0
0
0
0
0
0
0
0
11
13
0
11
149
92
21
18
1
3
0
0
7
15
6
2
0
0
0
0
0
0
0
0
0
0
0
0
0
0
12
0
11
0
7
0
0
5
4
0
0
0
0
4
0
0
0
0
0
0
0
0
0
0
0
0
0
8
0
1
11
0
0
7
0
5
0
0
11
0
0
0
0
0
0
0
0
0
0
0
0
0
0
0
0
0
0
0
0
0
0
0
0
0
0
0
0
0
0
0
0
0
0
0
0
0
0
0
0
0
0
0
0
0
0
0
0
0
0
0
0
0
0
0
0
0
0
0
0
0
0
0
0
0
0
0
0
0
0
0
0
0
0
0
0
0
0
0
0
0
0
0
0
0
0
0
0
0
0
0
0
0
0
0
0
0
0
0
0
0
0
0
0
0
0
0
0
0
0
0
0
0
0
0
0
0
0
0
