5
0
0
0
0
0
0
0
0
3
0
0
1
0
0
10
0
0
0
0
11
0
4
0
7
0
0
0
0
0
0
0
0
0
0
0
0
0
16
8
0
1
1
0
0
7
1
0
0
0
3
0
0
0
0
0
0
0
0
0
0
0
0
0
0
0
0
3
4
6
2
0
17
0
0
4
0
0
1
5
4
0
0
0
0
0
0
0
0
0
0
0
0
19
0
0
2
0
0
1
0
0
3
1
6
0
0
0
0
0
0
0
0
0
0
0
0
0
0
0
0
0
4
9
0
0
13
11
0
8
3
0
12
0
14
0
9
0
0
0
0
0
0
0
0
0
0
0
0
0
18
0
0
17
0
0
6
0
1
0
2
0
0
0
9
0
0
0
0
0
0
0
0
0
0
0
0
2
15
0
0
2
0
15
0
0
4
17
0
7
2
8
0
0
0
0
0
0
0
0
0
0
0
0
0
0
4
0
5
0
92
186
43
2
0
29
15
116
131
130
50
0
0
0
0
0
0
0
0
0
0
0
0
0
0
7
0
39
172
246
229
121
200
246
255
253
253
249
198
0
0
0
0
0
0
0
0
0
0
0
0
10
0
6
0
142
255
247
255
255
237
255
247
252
255
215
90
0
0
0
0
0
0
0
0
0
0
0
0
0
22
0
157
255
245
255
243
251
179
102
116
110
23
23
0
0
0
0
0
0
0
0
0
0
0
0
0
0
0
83
242
253
235
255
255
255
116
34
5
0
3
0
0
0
0
0
0
0
0
0
0
0
0
0
0
16
55
234
255
255
255
252
240
251
249
78
0
17
2
9
0
0
0
0
0
0
0
0
0
0
0
0
0
35
255
243
244
208
131
73
85
232
255
240
56
0
0
3
0
0
0
0
0
0
0
0
0
0
0
0
0
156
251
252
188
15
5
6
0
73
255
245
91
0
0
24
0
0
0
0
0
0
0
0
0
0
0
0
0
92
180
224
2
4
0
0
8
19
184
247
214
2
0
0
3
0
0
0
0
0
8
4
0
0
6
0
7
0
6
3
0
2
5
0
0
7
198
255
192
0
14
0
0
0
0
0
0
4
6
0
0
15
15
14
0
0
1
0
24
0
0
0
3
118
255
246
114
13
0
0
1
0
0
0
0
0
12
6
5
190
255
132
31
8
2
4
0
0
15
46
161
233
255
255
73
6
0
8
0
0
0
0
0
5
10
0
0
254
241
255
205
98
45
15
1
23
57
220
255
255
237
72
0
8
4
8
0
0
0
0
0
0
0
0
10
67
241
255
255
255
245
254
184
231
250
245
249
237
84
22
10
0
11
0
0
0
0
0
0
4
3
7
4
3
18
164
233
251
252
241
255
253
255
246
123
0
0
0
4
18
0
8
14
0
0
0
0
0
0
16
0
0
3
0
21
27
114
195
197
113
82
14
0
7
0
25
0
0
4
7
0
0
0
0
0
11
0
0
6
2
0
7
2
6
0
0
11
0
2
19
0
0
11
0
0
17
0
0
16
0
0
0
0
0
0
0
0
0
0
0
0
0
0
0
0
0
0
0
0
0
0
0
0
0
0
0
0
0
0
0
0
0
0
0
0
0
0
0
0
0
0
0
0
0
0
0
0
0
0
0
0
0
0
0
0
0
0
0
0
0
0
0
0
0
0
0
0
0
0
0
0
0
0
0
0
0
0
0
0
0
0
0
0
0
0
0
0
0
0
0
0
0
0
0
0
0
0
0
0
0
0
0
0
0
0
0
0
0
0
0
0
0
0
0
0
