3
0
0
0
0
0
0
0
0
5
3
0
1
5
5
11
0
0
0
3
2
8
0
0
12
0
0
0
0
0
0
0
0
0
0
0
0
0
0
2
0
0
0
2
7
9
0
0
0
0
8
4
0
0
0
0
0
0
0
0
0
0
0
0
0
7
0
9
0
19
6
0
1
0
0
0
7
0
0
12
0
0
0
0
0
0
0
0
0
0
0
0
0
4
0
11
0
0
0
0
3
2
1
0
8
4
0
3
3
0
0
0
0
0
0
0
0
0
0
0
0
0
0
9
0
15
10
2
0
5
11
0
0
6
0
0
6
0
0
0
0
0
0
0
0
0
0
0
0
4
3
0
10
0
0
5
2
0
0
7
0
0
6
0
3
0
0
0
0
0
0
0
0
0
0
0
0
9
0
6
181
253
255
224
143
51
0
11
9
0
7
0
2
0
0
0
0
0
0
0
0
0
0
0
0
0
9
59
250
248
225
255
249
216
12
0
3
0
14
0
2
0
0
0
0
0
0
0
0
0
0
0
0
5
1
4
178
57
24
184
245
212
12
8
0
5
2
0
12
0
0
0
0
0
0
0
0
0
0
0
0
0
0
0
12
2
0
19
220
248
20
7
0
0
0
0
0
0
0
0
0
0
0
0
0
0
0
0
0
4
11
0
0
0
15
75
255
230
5
0
0
0
4
12
2
0
0
0
0
0
0
0
0
0
0
0
0
0
0
6
13
13
0
203
254
177
16
3
3
0
0
0
0
0
0
0
0
0
0
0
0
0
0
0
0
0
5
0
0
0
83
235
251
45
0
0
0
7
6
6
13
0
0
0
0
0
0
0
0
0
0
0
0
5
18
0
3
92
237
255
147
0
5
6
0
4
0
0
0
0
0
0
0
0
0
0
0
0
0
0
0
0
0
12
7
245
249
255
45
0
0
0
0
2
2
9
5
0
0
0
0
0
0
0
0
0
0
0
0
2
10
0
0
213
253
246
214
28
8
0
9
0
0
11
0
0
0
0
0
0
0
0
0
0
0
0
0
0
10
0
0
18
76
226
255
155
0
4
3
7
0
6
0
0
0
0
0
0
0
0
0
0
0
0
0
1
0
0
6
0
18
98
247
213
9
0
0
0
0
2
4
0
0
0
0
0
0
0
0
0
0
0
0
3
0
0
8
0
0
13
232
236
5
0
1
5
1
0
4
0
0
0
0
0
0
0
0
0
0
0
0
3
0
0
0
3
6
70
239
221
3
0
4
5
10
0
0
0
0
0
0
0
0
0
0
0
0
0
0
0
6
2
0
11
13
189
255
175
9
5
0
0
10
0
3
0
0
0
0
0
0
0
0
0
0
0
0
0
4
5
0
1
32
254
242
76
0
1
0
0
11
0
0
0
0
0
0
0
0
0
0
0
0
0
0
0
0
0
3
8
132
250
151
0
0
0
2
1
7
0
0
0
0
0
0
0
0
0
0
0
0
0
0
10
0
0
5
29
253
231
54
0
9
3
3
0
0
0
5
0
0
0
0
0
0
0
0
0
0
0
0
0
11
0
0
36
255
110
2
0
0
0
0
0
0
0
0
0
0
0
0
0
0
0
0
0
0
0
0
2
0
6
1
21
148
43
5
0
0
0
0
0
0
0
0
0
0
0
0
0
0
0
0
0
0
0
0
7
0
9
2
4
30
0
2
0
0
0
0
0
0
0
0
0
0
0
0
0
0
0
0
0
0
0
0
1
0
6
0
0
0
0
0
0
0
0
0
0
0
0
0
0
0
0
0
