9
0
0
0
0
0
0
0
0
0
0
0
1
4
0
0
7
0
0
0
0
0
0
0
0
0
0
0
0
0
0
0
0
0
0
0
0
1
13
0
0
0
1
8
3
0
0
0
0
0
0
0
0
0
0
0
0
0
0
0
0
0
0
0
0
0
8
0
0
6
12
14
0
0
0
0
0
0
0
0
0
0
0
0
0
0
0
0
0
0
0
0
0
3
0
0
8
0
0
0
16
0
0
0
0
0
0
0
0
0
0
0
0
0
0
0
0
0
0
0
0
9
0
9
0
0
19
7
0
0
0
0
0
0
0
0
0
0
0
0
0
0
0
0
0
0
0
0
0
6
0
5
6
0
0
0
0
0
0
0
0
0
0
0
0
0
0
0
0
0
0
0
0
0
0
0
0
0
9
0
10
109
230
249
112
0
0
0
0
0
0
0
0
0
0
0
0
0
0
0
0
0
0
0
0
3
0
12
190
250
196
225
174
0
0
0
0
0
0
0
0
0
0
0
0
0
16
0
1
4
0
0
9
0
17
190
243
138
9
25
11
0
95
73
14
0
3
1
3
0
0
0
0
0
5
0
9
6
11
0
0
38
170
244
120
26
0
0
64
216
240
238
0
0
14
5
0
0
0
0
0
11
0
2
0
0
0
0
19
177
255
140
3
0
36
147
252
201
215
248
0
0
0
0
8
0
0
0
0
7
0
4
1
0
6
12
143
255
170
13
0
74
216
254
73
26
210
225
0
0
0
12
0
0
0
0
0
0
0
5
6
11
0
19
242
218
65
58
139
255
165
14
14
0
255
230
9
6
0
2
0
0
0
0
0
5
2
0
0
1
0
23
255
180
161
255
245
172
32
0
5
6
247
228
0
16
0
0
20
0
0
0
0
2
0
0
0
2
11
38
195
255
249
155
43
0
0
29
0
2
253
254
0
0
14
0
0
0
0
0
0
0
0
5
6
0
1
0
31
46
16
0
7
3
0
0
0
3
238
231
19
0
0
0
0
0
0
0
0
0
0
0
0
0
0
0
0
0
0
0
0
0
0
0
0
9
247
227
0
2
0
9
3
0
0
0
0
0
0
0
0
0
0
0
0
0
0
0
0
0
0
0
0
0
255
243
0
9
6
0
0
0
0
0
0
0
0
0
0
0
0
0
0
0
0
0
0
0
0
0
0
0
251
244
0
0
3
0
4
0
0
0
0
0
0
0
0
0
0
0
0
0
0
0
0
0
0
0
0
11
237
232
5
0
0
8
1
0
0
0
0
0
0
0
0
0
0
0
0
0
0
0
0
0
0
0
0
3
248
226
9
8
0
10
0
0
0
0
0
0
0
0
0
0
0
0
0
0
0
0
0
0
0
0
0
0
255
229
0
5
0
4
0
0
0
0
0
0
0
0
0
0
0
0
0
0
0
0
0
0
0
0
0
4
191
238
26
0
0
4
3
0
0
0
0
0
0
0
0
0
0
0
0
0
0
0
0
0
0
0
0
1
92
252
102
0
0
7
0
0
0
0
0
0
0
0
0
0
0
0
0
0
0
0
0
0
0
0
0
0
16
249
234
135
1
5
6
0
0
0
0
0
0
0
0
0
0
0
0
0
0
0
0
0
0
0
0
3
0
120
238
177
0
2
0
0
0
0
0
0
0
0
0
0
0
0
0
0
0
0
0
0
0
0
0
0
0
0
23
0
0
19
0
0
0
0
0
0
0
0
0
0
0
0
0
0
0
0
0
0
0
0
0
3
2
3
0
0
16
8
0
0
0
0
0
