1
0
0
0
0
0
0
0
0
4
0
0
9
4
0
0
1
0
5
1
4
0
0
17
0
0
0
0
0
0
0
0
0
0
0
0
0
4
0
0
0
0
0
9
7
6
0
5
9
0
8
0
9
0
0
0
0
0
0
0
0
0
0
0
0
0
4
2
0
0
5
0
0
8
0
15
0
4
2
0
1
0
0
0
0
0
0
0
0
0
0
0
0
0
5
3
2
0
4
0
18
0
14
0
2
7
0
4
0
0
0
0
0
0
0
0
0
0
0
0
0
0
6
0
0
0
1
7
99
255
192
2
0
0
14
2
0
0
0
0
0
0
0
0
0
0
0
0
0
1
4
0
4
0
0
5
143
247
242
147
17
0
0
0
6
0
0
0
0
0
0
0
0
0
0
0
0
0
6
0
11
2
0
0
151
249
255
174
0
6
0
11
0
0
0
0
0
0
0
0
0
0
0
0
0
0
10
0
1
0
3
7
174
254
236
37
0
0
0
0
0
0
0
0
0
0
0
0
0
0
0
0
0
0
0
0
9
6
0
70
241
249
226
2
0
11
0
0
2
0
0
0
0
0
0
0
0
0
0
0
0
0
0
0
0
0
0
120
255
255
189
7
0
7
1
7
0
0
0
0
0
0
0
0
0
0
0
0
0
4
10
0
0
3
4
196
255
255
111
0
0
2
1
2
0
0
0
0
0
0
0
0
0
0
0
0
0
0
3
0
3
14
16
239
246
229
30
0
3
3
0
0
1
0
0
0
0
0
0
0
0
0
0
0
0
0
2
0
3
0
116
255
254
161
0
4
4
0
3
0
2
0
0
0
0
0
0
0
0
0
0
0
0
4
4
13
0
0
243
254
250
71
0
16
0
0
10
6
0
0
0
0
0
0
0
0
0
0
0
0
0
0
0
0
0
57
255
243
177
9
0
10
0
0
4
0
0
0
0
0
0
0
0
0
0
0
0
0
0
0
10
0
20
172
247
255
110
0
6
0
2
15
0
0
13
0
0
0
0
0
0
0
0
0
0
0
0
1
10
0
66
233
255
246
68
0
0
0
0
0
0
0
0
0
0
0
0
0
0
0
0
0
0
0
0
0
6
0
124
255
238
233
9
0
0
0
0
0
0
0
0
0
0
0
0
0
0
0
0
0
0
0
0
0
8
54
221
238
255
80
2
0
0
0
0
0
0
0
0
0
0
0
0
0
0
0
0
0
0
0
0
7
0
124
255
254
250
41
0
0
0
0
0
0
0
0
0
0
0
0
0
0
0
0
0
0
0
0
0
3
1
173
255
254
255
65
0
0
0
0
0
0
0
0
0
0
0
0
0
0
0
0
0
0
0
0
0
0
116
245
253
250
216
18
1
0
0
0
0
0
0
0
0
0
0
0
0
0
0
0
0
0
0
0
0
0
166
255
242
255
48
7
0
0
0
0
0
0
0
0
0
0
0
0
0
0
0
0
0
0
0
0
0
0
33
228
255
158
4
0
8
0
0
0
0
0
0
0
0
0
0
0
0
0
0
0
0
0
0
0
0
0
0
0
0
0
0
0
0
0
0
0
0
0
0
0
0
0
0
0
0
0
0
0
0
0
0
0
0
0
0
0
0
0
0
0
0
0
0
0
0
0
0
0
0
0
0
0
0
0
0
0
0
0
0
0
0
0
0
0
0
0
0
0
0
0
0
0
0
0
0
0
0
0
0
0
0
0
0
0
0
0
0
0
0
0
0
0
0
0
0
0
0
0
0
0
0
0
0
0
0
0
0
0
0
