4
0
0
0
0
0
0
0
0
0
3
1
16
0
0
5
0
0
0
7
0
10
2
0
0
0
0
0
0
0
0
0
0
0
0
0
0
4
0
0
0
1
0
3
0
3
9
5
0
0
0
0
11
0
0
0
0
0
0
0
0
0
0
0
0
0
0
14
0
13
0
2
12
0
0
2
8
7
4
0
0
0
0
0
0
0
0
0
0
0
0
0
0
12
0
2
0
0
6
0
0
5
0
0
0
15
0
3
0
0
0
0
0
0
0
0
0
0
0
0
0
1
0
0
11
0
7
0
16
1
9
3
3
6
0
9
0
0
0
0
0
0
0
0
0
0
0
0
0
0
19
1
0
93
221
111
0
0
6
0
4
0
11
10
0
0
0
0
0
0
0
0
0
0
0
0
0
7
0
0
67
251
255
86
19
1
0
10
63
69
0
0
2
0
0
0
0
0
0
0
0
0
0
0
0
0
19
0
44
255
236
32
0
1
19
168
252
254
0
0
9
0
0
0
0
0
0
0
0
0
0
0
0
1
2
13
135
252
246
12
0
9
27
255
254
69
13
0
0
0
0
0
0
0
0
0
0
0
0
0
0
0
7
0
201
255
207
0
0
0
142
246
182
11
0
7
0
0
0
0
0
0
0
0
0
0
0
0
0
0
10
103
255
249
97
7
5
24
245
243
91
0
0
0
0
0
0
0
0
0
0
0
0
0
0
0
0
6
18
221
255
200
11
0
5
52
250
226
6
2
1
0
0
0
0
0
0
0
0
0
0
0
0
0
0
11
128
253
255
209
91
11
0
135
255
187
0
5
0
6
2
0
0
0
0
0
0
0
0
0
0
0
0
5
253
244
235
246
255
235
203
248
255
73
8
14
0
0
0
0
0
0
0
0
0
0
0
0
0
0
0
1
227
255
255
255
235
255
241
255
217
20
0
7
0
0
5
0
0
0
0
0
0
0
0
0
0
0
0
10
44
136
228
133
66
160
254
248
251
131
2
0
11
4
0
0
0
0
0
0
0
0
0
0
0
0
0
3
0
3
0
8
0
109
246
255
222
151
0
0
4
0
4
0
0
0
0
0
0
0
0
0
0
0
0
0
1
9
0
5
8
176
255
238
47
2
0
8
0
2
2
0
0
0
0
0
0
0
0
0
0
0
0
0
3
6
0
2
44
236
255
176
0
0
6
4
0
12
0
0
0
0
0
0
0
0
0
0
0
0
0
6
0
0
0
0
93
253
245
39
1
16
0
0
1
9
0
0
0
0
0
0
0
0
0
0
0
0
0
9
0
1
5
9
170
255
205
0
0
3
0
8
1
0
0
0
0
0
0
0
0
0
0
0
0
0
0
0
0
10
0
42
245
255
138
16
0
0
5
7
0
0
0
0
0
0
0
0
0
0
0
0
0
0
0
0
4
7
0
95
255
241
60
0
0
0
0
0
0
8
4
0
0
0
0
0
0
0
0
0
0
0
0
1
6
0
0
138
253
215
3
0
14
0
0
10
1
0
5
0
0
0
0
0
0
0
0
0
0
0
0
0
12
0
1
136
255
191
13
0
0
0
0
0
0
0
0
0
0
0
0
0
0
0
0
0
0
0
0
0
0
2
0
0
0
0
0
0
0
0
0
0
0
0
0
0
0
0
0
0
0
0
0
0
0
0
0
18
2
0
6
6
0
0
8
0
0
0
0
0
0
0
0
0
0
0
0
0
0
0
0
0
0
0
0
0
0
0
0
1
7
3
0
0
0
0
0
0
0
0
0
0
0
0
0
