6
0
8
0
7
10
0
0
0
2
0
8
0
1
2
0
5
0
0
0
0
0
0
0
0
0
0
0
0
1
9
0
0
0
2
15
0
0
15
11
0
16
0
7
2
0
0
0
0
0
0
0
0
0
0
0
0
0
0
0
2
0
0
7
0
0
2
0
61
0
4
9
0
0
0
0
0
0
0
0
0
0
0
0
0
3
0
0
15
4
0
0
0
0
50
196
241
150
27
0
19
0
0
0
0
0
0
0
0
0
0
0
0
9
0
0
1
0
1
1
5
53
242
254
245
236
243
35
0
0
0
0
0
0
0
0
0
0
0
0
0
0
6
4
0
1
12
0
0
115
235
246
255
255
146
18
0
0
0
0
0
0
0
0
0
0
0
0
0
0
5
7
0
6
2
0
38
219
255
246
247
88
10
0
5
0
0
0
0
0
0
0
0
0
0
0
0
1
0
0
0
3
0
18
153
249
249
255
163
8
0
4
0
0
0
0
0
0
0
0
0
0
0
0
0
0
15
0
7
0
0
26
166
253
250
219
42
6
0
3
6
6
0
0
4
0
0
0
0
7
3
0
0
0
0
1
0
21
16
47
255
250
240
129
15
0
0
0
1
0
0
8
9
0
0
5
8
0
0
0
2
3
3
3
0
3
0
160
255
255
229
0
0
0
0
19
2
20
7
0
0
0
4
2
0
0
2
1
0
0
4
2
15
0
0
255
249
243
158
14
2
0
5
0
1
0
0
5
10
9
1
0
8
3
6
3
0
7
0
0
3
0
0
255
255
255
139
12
0
0
0
22
0
0
5
19
44
57
27
0
0
0
0
5
0
8
0
0
7
0
0
255
246
240
43
0
0
9
2
0
24
132
139
159
212
252
200
97
37
15
0
5
0
0
0
1
18
0
14
223
249
255
163
0
3
0
27
149
230
244
255
244
237
255
255
236
235
128
20
1
2
6
0
14
0
4
0
33
222
241
255
19
0
26
177
255
242
247
255
247
217
238
255
253
254
253
64
0
0
5
0
3
0
3
0
11
153
254
254
123
68
140
242
255
244
249
247
49
52
85
87
157
255
255
133
0
3
0
0
7
0
5
0
0
80
201
255
255
247
255
255
244
248
217
19
23
0
8
36
207
237
247
255
0
0
0
0
9
0
2
10
0
9
32
207
255
255
242
251
230
138
9
30
0
26
42
252
255
255
255
169
0
0
2
0
7
0
0
14
0
0
10
98
215
255
247
253
217
218
186
220
116
208
255
236
255
183
174
0
6
6
6
0
5
0
0
6
7
1
2
0
16
190
255
255
255
254
243
252
255
255
244
255
120
31
18
0
7
0
2
0
3
5
0
0
3
4
1
0
13
28
13
26
7
15
20
41
13
17
30
35
0
0
0
22
0
2
0
1
0
3
3
0
0
0
0
13
0
5
0
0
12
12
4
0
0
18
0
2
0
7
13
0
0
10
1
6
0
0
5
4
2
0
0
10
0
2
0
8
0
0
3
0
5
0
4
0
6
0
0
0
0
2
0
0
0
0
0
0
0
0
0
0
0
0
0
0
0
0
0
0
0
0
0
0
0
0
0
0
0
0
0
0
0
0
0
0
0
0
0
0
0
0
0
0
0
0
0
0
0
0
0
0
0
0
0
0
0
0
0
0
0
0
0
0
0
0
0
0
0
0
0
0
0
0
0
0
0
0
0
0
0
0
0
0
0
0
0
0
0
0
0
0
0
0
0
0
0
0
0
0
0
0
0
0
0
0
0
0
0
0
0
0
0
0
