7
0
0
0
0
0
0
0
0
0
0
0
0
0
0
0
0
0
0
0
0
0
0
0
0
0
0
0
0
0
0
0
0
0
0
0
0
0
0
0
0
0
0
0
0
0
0
0
0
0
0
0
0
0
0
0
0
0
0
0
0
0
0
0
0
0
0
0
0
0
0
0
0
0
0
0
0
0
0
0
0
0
0
0
0
0
0
0
0
0
0
0
0
0
0
0
0
0
0
0
0
0
0
0
0
0
0
0
0
0
0
0
0
0
0
0
0
0
0
0
0
0
0
0
0
0
0
0
0
0
0
0
0
0
0
0
0
0
0
0
0
0
0
0
0
0
0
0
0
0
0
0
0
0
0
0
0
0
0
0
0
0
0
0
0
0
0
0
0
0
0
0
0
0
0
0
0
0
0
0
0
0
0
0
0
0
0
0
0
0
0
0
0
0
0
0
0
0
0
0
0
0
0
0
0
0
0
0
0
0
0
0
0
0
0
0
0
0
0
0
0
0
0
0
0
0
13
0
6
255
249
205
234
251
255
238
255
243
158
130
121
26
23
0
1
4
0
1
7
0
0
0
0
0
0
1
0
252
240
253
255
253
248
254
255
253
240
234
255
252
237
236
116
110
28
0
0
0
0
0
0
4
0
6
9
253
247
255
246
211
131
143
143
142
159
170
255
255
255
239
255
235
144
67
0
0
0
0
0
0
6
1
0
23
16
81
189
153
12
0
0
1
14
0
17
16
29
94
215
255
251
241
56
0
0
0
0
2
2
0
18
2
0
0
24
12
0
12
4
0
0
3
11
0
0
0
27
35
248
250
118
0
0
0
0
0
0
0
3
0
10
3
0
8
3
0
5
5
5
2
0
4
0
8
0
140
255
245
86
0
0
0
0
3
5
10
0
0
0
7
0
0
0
0
1
1
0
0
19
0
3
12
120
227
255
135
0
0
0
0
0
4
0
0
10
0
2
1
0
0
6
8
0
3
9
0
0
0
16
153
251
251
250
81
6
0
0
0
0
0
0
0
0
0
0
0
0
3
0
6
5
0
0
9
0
6
114
238
255
238
48
2
2
0
0
0
0
0
0
0
0
0
0
0
0
2
9
0
0
23
0
8
6
140
255
255
180
61
6
0
0
0
0
0
0
0
0
0
0
0
0
0
0
0
0
13
11
0
18
31
175
242
230
115
51
0
2
0
6
0
0
0
0
0
0
0
0
0
0
0
0
7
0
0
0
4
64
203
255
240
104
0
0
6
11
1
0
0
0
0
0
0
0
0
0
0
0
0
0
7
0
3
3
37
242
242
229
103
25
0
1
9
0
2
0
0
0
0
0
0
0
0
0
0
0
0
0
0
11
0
52
204
246
205
83
0
0
2
1
0
2
3
0
0
0
0
0
0
0
0
0
0
0
0
0
11
0
9
164
255
202
63
0
12
0
0
3
0
11
0
0
0
0
0
0
0
0
0
0
0
0
0
0
0
2
100
255
236
43
12
0
2
0
14
0
0
0
0
5
0
0
0
0
4
0
0
7
0
9
0
0
0
134
248
235
102
6
8
0
0
0
0
0
0
0
0
0
0
0
0
0
0
0
0
1
0
2
0
13
69
241
240
100
7
0
0
2
0
0
0
0
0
0
0
0
0
0
0
0
0
4
0
2
0
4
0
56
233
244
114
0
7
18
3
6
0
0
0
0
0
0
0
0
0
0
0
0
0
6
0
2
7
7
3
97
255
112
0
0
0
0
0
0
0
0
0
0
0
0
0
0
0
0
0
0
