0
0
0
0
0
0
0
0
0
3
0
6
0
3
10
0
1
0
6
4
0
0
2
0
0
0
0
0
0
0
0
0
0
0
0
0
0
0
15
0
0
15
0
0
13
6
0
0
0
0
0
0
9
0
0
0
0
0
0
0
0
0
0
0
0
15
5
13
1
0
3
8
0
0
2
6
7
6
3
0
0
0
0
0
0
0
0
0
0
0
0
0
0
0
0
0
7
6
0
4
2
0
0
0
0
0
2
3
0
0
0
0
0
0
0
0
0
0
0
0
0
0
13
0
3
1
92
200
134
24
20
15
0
0
0
8
0
0
0
0
0
0
0
0
0
0
0
0
0
0
0
10
0
53
226
255
243
185
53
0
0
15
2
0
0
0
0
0
0
0
0
0
0
0
0
0
0
0
0
14
89
251
212
70
202
232
250
225
113
3
0
13
0
0
0
0
0
0
0
0
0
0
0
0
0
3
0
30
225
234
42
0
0
9
81
207
245
131
10
0
7
0
0
0
0
2
0
0
0
1
3
2
0
0
7
133
255
178
0
2
4
8
0
18
224
236
104
0
3
0
0
0
0
1
0
0
0
1
2
0
0
19
0
247
203
25
0
0
0
0
18
3
38
255
168
14
0
0
0
0
0
0
0
0
0
0
0
0
0
0
91
255
127
0
0
12
9
0
2
0
14
163
160
3
0
0
0
0
0
0
0
0
0
0
0
0
0
8
198
222
39
17
8
0
4
10
0
0
3
153
170
0
11
0
0
0
0
0
0
0
0
0
0
0
0
39
238
144
0
2
0
9
0
6
0
0
0
139
201
8
0
0
0
0
0
0
0
0
0
0
0
1
3
67
255
100
4
0
0
34
0
0
0
0
13
141
177
1
0
0
0
0
0
0
0
1
0
0
0
5
9
178
252
109
4
0
23
0
1
3
20
0
0
255
162
0
10
0
0
0
0
0
1
1
0
0
0
7
12
255
249
32
8
0
4
2
0
0
4
0
44
247
170
11
0
0
0
0
0
0
0
0
0
0
0
0
0
206
255
36
13
0
2
18
0
3
0
3
110
252
118
0
1
0
0
0
0
0
0
0
0
0
0
0
0
182
244
0
0
14
6
0
14
0
26
0
174
234
46
4
0
0
0
0
0
0
0
0
0
0
0
0
0
161
255
101
0
8
0
0
0
0
0
90
240
126
0
0
6
0
0
0
0
0
0
0
0
0
0
0
0
170
250
94
11
0
10
8
9
1
55
224
199
6
5
0
5
0
0
0
0
0
0
0
0
0
0
0
0
88
255
202
0
3
0
8
0
104
223
217
70
0
7
9
0
0
0
0
0
0
0
0
0
0
0
0
0
42
207
246
151
35
14
78
192
241
213
85
0
4
0
9
0
0
0
0
0
0
0
0
0
0
0
0
0
0
90
255
255
248
244
255
231
192
60
0
0
5
0
1
6
0
0
0
0
0
0
0
0
0
0
0
0
7
0
60
135
203
227
136
47
3
0
0
4
0
0
8
0
0
0
0
0
0
0
0
0
0
0
0
0
0
0
0
0
0
0
0
0
0
0
0
0
0
0
0
0
0
0
0
0
0
0
0
0
0
0
0
0
0
0
0
0
0
0
0
0
0
0
0
0
0
0
0
0
0
0
0
0
0
0
0
0
0
0
0
0
0
0
0
0
0
0
0
0
0
0
0
0
0
0
0
0
0
0
0
0
0
0
0
0
0
0
0
0
0
0
0
0
0
0
0
0
0
0
0
0
0
0
0
0
0
0
0
0
