0
0
0
0
0
0
0
0
0
5
0
0
8
0
1
0
3
5
6
0
0
11
2
0
3
0
0
0
0
0
0
0
0
0
0
0
0
0
20
0
0
11
0
12
0
0
0
0
18
4
0
8
2
0
0
0
0
0
0
0
0
0
0
0
0
0
0
0
39
0
4
0
13
19
1
0
0
0
0
19
0
0
0
0
0
0
0
0
0
0
0
0
0
3
11
15
0
4
0
1
2
0
0
22
0
7
0
11
0
0
0
0
0
0
0
0
0
0
0
0
0
0
0
0
0
4
0
168
242
255
255
241
143
0
0
0
8
0
0
0
0
0
0
0
0
0
0
0
0
0
3
14
0
72
215
255
255
255
254
251
216
0
5
0
2
0
0
0
0
0
0
0
0
0
0
0
0
3
0
0
12
191
255
231
249
250
255
243
233
99
3
0
0
0
0
0
0
0
0
0
0
0
0
0
0
1
0
0
248
247
255
255
39
161
251
255
252
255
8
0
3
0
0
0
0
0
0
0
6
4
0
2
6
8
68
222
248
255
255
157
10
119
170
255
255
243
145
8
0
0
0
0
0
6
0
2
0
1
0
4
0
5
198
243
255
227
210
54
0
0
4
201
242
255
156
0
11
0
0
0
0
4
0
1
0
3
0
10
12
159
239
255
255
214
5
14
0
1
0
94
254
255
175
0
0
0
0
0
0
1
0
2
1
5
4
0
90
255
255
240
211
45
0
0
0
0
27
34
237
223
153
4
7
0
0
0
0
5
0
5
9
0
0
0
173
252
248
255
38
0
22
0
1
4
0
3
176
255
183
0
0
0
0
0
0
0
0
0
7
0
0
38
234
246
252
174
3
5
0
0
8
0
11
39
219
255
154
0
14
0
0
0
0
0
3
0
1
0
14
153
255
249
253
62
10
0
0
32
0
0
13
69
249
251
168
0
4
0
0
0
0
0
15
0
0
4
30
248
253
255
186
0
0
9
2
2
0
5
0
205
255
242
179
0
2
0
0
0
0
5
0
5
6
0
59
255
239
250
75
5
0
2
0
4
0
12
0
230
255
255
148
19
0
0
0
0
0
0
4
0
0
11
56
248
255
252
71
0
0
0
11
9
0
0
74
250
227
254
101
0
5
0
0
0
0
0
10
0
0
9
56
246
255
255
81
4
0
0
6
0
1
38
161
248
255
213
14
19
0
0
0
0
0
4
1
0
10
0
63
255
247
255
62
0
27
0
0
23
146
232
245
255
213
19
7
0
4
0
0
0
0
0
0
0
17
0
49
237
255
242
176
127
69
35
125
189
251
255
231
212
43
15
7
9
0
0
0
0
0
0
10
0
2
5
6
123
245
255
253
255
255
240
252
254
255
253
218
28
0
0
0
3
0
0
0
0
0
0
12
0
0
6
0
16
125
245
248
249
251
252
246
251
216
115
40
0
9
7
16
0
10
0
0
0
0
0
0
5
0
4
11
0
9
83
118
178
249
255
163
102
21
0
3
0
1
0
0
11
0
0
0
0
0
0
0
0
0
0
0
0
0
0
0
0
0
0
0
0
0
0
0
0
0
0
0
0
0
0
0
0
0
0
0
0
0
0
0
0
0
0
0
0
0
0
0
0
0
0
0
0
0
0
0
0
0
0
0
0
0
0
0
0
0
0
0
0
0
0
0
0
0
0
0
0
0
0
0
0
0
0
0
0
0
0
0
0
0
0
0
0
0
0
0
0
0
0
0
0
0
0
0
0
0
0
0
0
0
0
0
0
0
0
0
0
0
