4
0
0
0
0
0
0
0
0
0
0
0
0
0
0
0
0
0
13
0
1
15
0
0
7
0
0
0
0
0
0
0
0
0
0
0
0
0
0
0
0
0
0
0
0
10
3
3
0
0
7
10
0
0
0
0
0
0
0
0
0
0
0
0
0
0
0
0
0
0
0
0
0
8
0
0
18
0
13
0
0
0
0
0
0
0
0
0
0
0
0
0
0
0
0
0
0
0
0
0
0
0
13
9
0
0
3
0
11
0
0
0
0
0
0
0
0
0
0
0
0
0
0
0
0
0
0
0
0
0
5
0
0
24
0
0
0
0
0
0
0
0
0
0
0
0
0
0
0
0
0
0
0
0
0
0
0
0
0
2
3
0
70
231
255
0
0
0
0
0
0
0
0
0
0
0
0
0
0
0
0
0
0
0
0
8
6
0
0
15
218
255
128
0
0
0
0
0
0
0
0
0
0
0
0
0
0
0
0
0
0
0
0
0
0
11
116
133
244
126
0
0
0
0
0
0
0
4
12
0
0
6
1
11
0
26
0
11
0
0
6
0
0
14
96
255
201
9
0
0
0
0
0
8
2
10
3
0
4
5
6
0
48
186
144
0
1
6
0
6
2
44
243
255
11
0
26
0
0
0
0
7
0
0
0
0
16
0
0
105
211
255
100
3
2
0
12
0
59
184
255
154
19
14
0
0
0
0
0
0
3
25
12
7
0
0
16
198
254
208
29
0
0
1
0
11
21
239
242
135
0
0
0
0
0
0
0
5
0
0
0
0
0
15
82
217
250
111
27
0
11
1
7
0
134
241
241
58
0
6
13
0
0
0
0
6
0
0
14
12
0
19
64
248
204
32
0
11
0
0
2
21
230
252
224
39
5
0
0
0
0
0
0
0
10
2
0
0
11
154
250
255
142
81
79
90
54
31
0
168
238
195
6
0
0
18
2
0
0
0
0
0
13
0
0
9
70
214
255
252
255
238
255
255
227
112
196
241
215
61
0
0
19
0
2
0
0
0
0
0
2
6
0
10
8
243
255
247
181
207
190
176
230
246
255
255
225
46
0
17
0
0
5
0
0
0
0
0
0
8
0
0
2
126
139
45
18
4
0
0
100
255
251
214
56
0
13
0
2
16
0
0
0
0
0
3
0
6
1
0
4
12
21
0
0
12
6
0
153
249
198
57
0
12
10
0
0
0
8
0
0
0
0
3
0
1
0
0
9
0
0
3
0
0
0
68
246
255
128
0
2
14
0
1
21
0
6
0
0
0
0
0
3
0
0
7
0
0
1
0
18
0
4
164
238
255
76
8
0
0
0
16
11
0
0
0
0
0
0
0
6
0
0
9
0
6
1
0
7
0
100
229
255
142
3
2
2
0
12
1
0
0
11
0
0
0
0
0
2
1
0
1
0
3
0
10
0
22
176
251
255
65
3
0
12
0
0
3
3
6
0
0
0
0
0
5
0
0
1
0
5
2
1
0
8
147
244
225
53
0
0
2
0
2
5
0
6
10
0
0
0
0
0
0
0
0
0
0
0
0
0
0
7
169
242
89
0
9
1
0
0
0
0
0
0
0
0
0
0
0
0
0
0
0
0
0
0
0
0
13
0
0
10
6
2
1
0
0
0
0
0
0
0
0
0
0
0
0
0
0
0
0
0
0
0
0
0
0
9
0
0
1
5
0
1
0
0
0
0
0
0
0
0
0
0
0
0
0
0
0
0
0
0
0
0
7
0
6
14
2
0
2
0
0
0
0
0
0
0
0
0
0
0
0
0
