3
0
2
0
1
5
0
0
0
6
7
0
11
2
2
0
3
5
0
2
9
0
0
0
0
0
0
0
0
8
0
0
0
3
0
0
4
0
0
0
5
0
0
0
0
0
0
0
0
0
2
7
0
0
0
0
0
0
0
0
6
0
0
0
0
20
6
0
0
1
5
4
0
7
7
11
8
0
3
4
0
0
0
0
0
0
0
6
6
0
0
6
3
0
0
6
0
7
0
0
9
0
0
0
3
0
0
1
1
0
0
0
0
4
5
4
0
0
6
10
2
0
12
73
126
187
255
255
244
103
33
0
0
4
0
0
6
0
0
0
0
1
3
0
0
8
0
0
0
0
134
247
255
255
255
230
255
255
117
7
0
8
2
0
0
0
0
0
0
0
0
0
3
11
0
6
80
255
228
255
255
106
140
199
252
255
123
0
0
1
5
2
2
0
0
0
0
0
7
0
0
3
0
79
245
244
209
54
4
5
0
0
255
248
121
15
0
3
3
0
0
0
0
0
0
0
0
13
0
10
7
121
255
121
12
4
0
0
5
69
252
241
138
6
0
1
8
0
6
0
0
0
0
7
0
0
13
0
0
202
0
0
0
0
7
20
0
185
255
255
124
0
5
5
0
5
0
0
0
0
0
0
1
8
0
12
2
0
6
17
0
2
8
0
209
251
247
241
77
10
15
0
15
0
9
0
0
0
0
14
0
3
4
0
18
0
9
0
22
0
0
55
246
255
255
255
233
183
0
0
3
0
4
0
0
0
0
3
4
4
0
9
1
12
0
10
0
18
201
255
255
254
253
255
255
241
255
65
8
7
2
0
0
0
0
5
0
12
19
0
0
0
6
0
0
196
253
235
255
177
136
126
205
255
247
191
55
5
0
0
0
0
0
0
13
0
2
0
6
19
0
1
9
242
252
255
130
10
0
0
10
124
251
255
190
0
14
0
0
0
0
0
0
12
0
17
0
1
0
0
0
255
255
44
1
0
3
7
0
0
255
252
255
0
0
0
0
0
0
0
0
0
0
0
0
0
0
0
0
124
74
7
0
0
5
0
5
0
133
255
255
0
5
0
0
0
0
0
0
0
0
0
0
0
0
0
7
18
0
12
2
60
1
0
14
5
187
255
255
6
3
0
0
0
0
0
0
0
0
0
0
0
0
14
2
0
200
255
255
116
0
5
0
0
255
252
246
2
5
0
0
0
0
0
0
0
0
0
0
0
0
0
0
194
255
239
180
15
2
0
11
199
243
255
141
0
12
0
0
0
0
0
0
0
0
0
0
0
0
71
182
255
251
201
0
1
0
55
191
254
255
255
0
0
10
0
0
0
0
0
0
0
0
0
0
0
0
112
255
255
247
192
135
129
255
255
241
255
255
53
5
16
0
0
0
0
0
0
0
0
0
0
0
0
0
85
247
255
254
249
255
245
255
252
255
233
73
0
10
0
0
0
0
0
0
0
0
0
0
0
0
0
0
0
73
177
255
253
253
255
251
132
45
16
0
0
9
0
8
0
0
0
0
0
0
0
0
0
0
0
0
0
0
0
0
0
0
0
0
0
0
0
0
0
0
0
0
0
0
0
0
0
0
0
0
0
0
0
0
0
0
0
0
0
0
0
0
0
0
0
0
0
0
0
0
0
0
0
0
0
0
0
0
0
0
0
0
0
0
0
0
0
0
0
0
0
0
0
0
0
0
0
0
0
0
0
0
0
0
0
0
0
0
0
0
0
0
0
0
0
0
0
0
0
0
0
0
0
0
0
0
0
0
0
0
