1
0
0
0
0
0
0
0
0
3
3
1
0
2
8
0
7
4
0
12
0
5
7
4
0
0
0
0
0
0
0
0
0
0
0
0
0
0
0
1
1
5
0
0
2
2
10
0
0
0
2
0
9
0
0
0
0
0
0
0
0
0
0
0
0
0
0
0
8
5
0
0
0
0
8
0
2
20
0
1
1
0
0
0
0
0
0
0
0
0
0
0
0
0
3
0
3
1
0
6
0
2
0
8
0
0
9
7
0
0
0
0
0
0
0
0
0
0
0
0
0
0
5
0
0
1
2
4
0
106
254
0
9
23
0
0
0
0
0
0
0
0
0
0
0
0
0
0
0
0
0
3
0
4
2
0
37
199
252
43
3
0
6
5
5
0
0
0
0
0
0
0
0
0
0
0
0
0
0
10
0
4
0
3
125
255
255
95
2
8
0
12
0
0
0
0
0
0
0
0
0
0
0
0
0
7
0
11
0
2
0
18
207
255
249
81
7
0
0
6
0
0
0
0
0
0
0
0
0
0
0
0
0
0
6
0
0
0
0
111
255
248
252
26
4
2
8
0
0
0
0
0
0
0
0
0
0
0
0
0
0
0
6
0
12
6
0
143
251
255
161
11
0
0
5
0
7
0
0
0
0
0
0
0
0
0
0
0
0
1
0
0
0
6
0
198
254
253
41
0
3
0
7
0
6
0
0
0
0
0
0
0
0
0
0
0
0
3
0
10
0
5
26
246
254
248
0
0
5
5
4
0
0
0
0
0
0
0
0
0
0
0
0
0
0
0
0
16
2
0
119
255
248
228
17
3
0
5
0
3
3
0
0
0
0
0
0
0
0
0
0
0
0
0
6
0
5
0
201
250
244
132
17
0
0
5
0
5
1
0
0
0
0
0
0
0
0
0
0
0
0
6
6
0
0
20
236
245
224
28
0
0
3
1
3
2
0
0
0
0
0
0
0
0
0
0
0
0
0
0
0
7
7
102
247
249
189
0
0
6
13
0
6
0
0
0
0
0
0
0
0
0
0
0
0
0
0
0
13
2
2
178
253
255
145
0
0
0
0
0
0
0
0
0
0
0
0
0
0
0
0
0
0
0
0
17
0
6
32
250
255
229
34
0
0
0
0
0
0
0
0
0
0
0
0
0
0
0
0
0
0
0
0
3
0
0
150
254
249
162
0
0
0
0
0
0
0
0
0
0
0
0
0
0
0
0
0
0
0
0
0
0
0
95
255
244
252
14
0
0
0
0
0
0
0
0
0
0
0
0
0
0
0
0
0
0
0
0
0
7
15
133
235
242
103
5
11
0
0
0
0
0
0
0
0
0
0
0
0
0
0
0
0
0
0
0
0
0
15
230
248
251
32
0
0
0
0
0
0
0
0
0
0
0
0
0
0
0
0
0
0
0
0
0
0
12
102
239
255
142
0
13
0
0
0
0
0
0
0
0
0
0
0
0
0
0
0
0
0
0
0
0
0
0
52
188
215
4
2
0
5
0
0
0
0
0
0
0
0
0
0
0
0
0
0
0
0
0
0
0
0
0
0
0
0
0
0
0
0
0
0
0
0
0
0
0
0
0
0
0
0
0
0
0
0
0
0
0
0
0
0
0
0
0
0
0
0
0
0
0
0
0
0
0
0
0
0
0
0
0
0
0
0
0
0
0
0
0
0
0
0
0
0
0
0
0
0
0
0
0
0
0
0
0
0
0
0
0
0
0
0
0
0
0
0
0
0
0
0
0
0
0
0
0
0
0
0
0
0
0
0
0
0
0
0
