2
0
0
0
0
0
0
0
0
16
0
5
2
0
25
0
0
0
3
0
0
3
10
0
0
0
0
0
0
0
0
0
0
0
0
0
0
0
0
0
17
1
0
0
0
0
1
13
10
0
0
0
6
0
0
0
0
0
0
0
0
0
0
0
0
0
26
3
0
4
6
9
2
8
0
0
15
0
1
0
5
0
0
0
0
0
0
0
0
0
0
0
0
2
0
103
119
123
207
243
184
114
27
0
0
4
14
0
1
0
0
0
0
0
0
0
0
0
0
0
0
52
134
255
252
248
253
247
255
251
171
77
0
1
12
0
5
0
0
0
0
0
0
0
0
0
0
0
0
211
255
240
193
222
248
255
244
255
255
193
10
0
6
0
6
0
0
0
0
0
0
0
0
0
0
0
0
79
177
85
0
32
52
107
255
236
255
248
33
2
0
4
0
0
0
0
0
0
0
0
0
0
0
0
0
0
2
0
0
3
0
27
254
255
251
255
43
6
0
11
0
0
0
0
0
0
5
0
2
7
0
0
1
6
0
8
0
0
12
51
251
250
248
255
29
6
6
0
3
0
0
0
0
0
15
4
1
0
0
12
5
0
12
0
14
4
31
150
250
255
255
222
38
0
0
0
2
0
0
0
0
0
3
0
1
0
2
8
0
2
0
20
0
49
230
250
255
255
212
86
2
0
0
8
7
0
0
0
0
3
0
0
3
1
1
6
0
3
19
0
142
255
240
245
253
246
145
9
0
14
3
0
0
0
0
0
0
0
0
6
0
0
0
6
13
0
0
137
252
243
251
255
239
59
5
0
0
12
0
0
11
0
0
0
0
0
6
9
0
0
6
0
0
0
138
255
255
255
246
176
85
6
0
26
1
6
1
0
0
0
0
0
0
0
0
0
0
9
6
0
55
238
242
255
230
176
69
5
0
0
0
5
0
0
6
9
0
0
0
0
0
4
0
2
2
4
0
52
224
254
249
253
98
4
0
0
3
9
2
0
9
2
0
4
0
0
0
0
0
0
0
0
6
0
7
116
252
255
252
71
18
4
6
1
0
3
0
3
8
0
0
0
3
0
0
4
7
7
0
0
0
0
8
118
254
251
216
198
108
0
0
0
14
4
0
0
0
0
3
6
2
2
5
0
0
1
0
2
7
0
8
120
255
253
239
250
255
205
184
214
162
121
78
46
44
54
64
57
37
3
6
0
0
0
0
7
5
0
0
113
255
255
253
255
252
253
255
238
255
252
248
255
255
253
253
255
250
160
84
15
0
0
0
0
3
1
22
119
233
244
255
235
252
255
255
239
255
255
253
255
255
250
253
255
249
255
104
10
0
11
5
0
0
0
0
0
36
225
252
165
236
236
238
255
237
250
247
251
251
245
251
255
249
242
45
0
15
0
0
0
7
18
11
0
0
14
0
0
9
7
76
104
133
124
130
128
98
74
114
199
255
157
23
0
7
0
5
0
0
0
0
0
2
0
2
0
0
2
3
6
0
0
0
5
4
0
1
4
0
9
0
9
0
0
0
0
0
0
0
0
0
0
0
0
0
0
0
0
0
0
0
0
0
0
0
0
0
0
0
0
0
0
0
0
0
0
0
0
0
0
0
0
0
0
0
0
0
0
0
0
0
0
0
0
0
0
0
0
0
0
0
0
0
0
0
0
0
0
0
0
0
0
0
0
0
0
0
0
0
0
0
0
0
0
0
0
0
0
0
0
0
0
0
0
0
0
0
0
0
0
0
0
0
0
0
0
0
0
0
0
0
0
0
0
0
