4
0
0
0
0
0
0
0
0
4
1
0
0
11
4
0
0
0
0
0
5
0
2
12
0
0
0
0
0
0
0
0
0
0
0
0
0
0
0
7
22
0
6
4
0
5
0
4
0
0
2
0
2
0
0
0
0
0
0
0
0
0
0
0
0
2
0
0
0
0
0
0
9
4
0
5
0
0
6
0
2
0
0
0
0
0
0
0
0
0
0
0
0
0
8
1
0
19
10
0
0
0
0
0
4
4
3
0
0
0
0
0
0
0
0
0
0
0
0
0
0
9
0
10
0
0
0
13
0
1
2
0
6
0
0
8
2
0
0
0
0
0
0
0
0
0
0
0
0
0
0
104
250
86
33
0
0
1
8
0
0
9
0
0
4
0
0
0
0
0
0
0
0
0
0
0
0
8
19
239
255
168
0
15
0
0
6
0
7
112
104
0
2
0
0
0
0
0
0
0
0
0
0
0
0
0
153
255
232
62
9
0
5
0
4
5
36
234
233
0
2
0
0
0
0
0
9
0
17
2
0
7
0
56
255
240
164
7
0
0
9
0
4
13
205
252
225
0
2
0
0
0
0
3
9
0
3
0
0
0
66
238
255
241
46
3
15
1
0
0
0
61
255
249
94
11
0
0
0
0
0
0
2
4
0
3
0
23
182
252
237
102
0
0
0
4
17
7
0
150
253
244
81
1
2
0
0
0
0
0
0
7
0
7
7
90
255
255
219
0
10
13
0
0
0
2
0
124
255
229
7
0
8
0
0
0
0
1
0
1
2
0
0
152
255
222
62
0
0
0
10
1
0
0
36
221
255
166
1
21
0
0
0
0
0
1
0
0
5
0
0
200
249
222
0
17
19
0
0
0
2
0
60
255
245
182
0
0
11
0
0
0
0
0
1
0
0
2
2
219
255
209
31
0
9
6
0
10
0
0
211
253
243
211
6
17
2
0
0
0
0
1
5
2
0
3
0
209
255
255
232
102
0
3
0
0
2
21
234
246
255
168
2
0
0
0
0
0
0
2
0
8
0
0
0
58
237
254
251
255
237
169
99
62
75
175
250
254
255
37
13
0
0
0
0
0
0
0
0
9
2
10
0
0
83
209
236
255
248
244
243
255
255
252
255
255
141
13
0
0
4
0
0
0
0
5
0
4
0
3
8
0
0
0
81
179
219
255
255
255
253
255
253
195
27
1
0
0
2
0
0
0
0
3
0
5
0
0
9
3
4
4
0
0
20
96
124
144
242
241
255
84
0
0
0
9
0
0
0
0
0
0
0
10
6
0
0
3
4
0
3
7
0
0
0
48
255
255
253
21
5
0
0
3
0
0
0
0
0
3
0
3
10
1
0
0
0
0
6
0
0
4
12
89
250
255
147
6
0
0
7
0
4
0
0
0
0
9
2
0
0
2
0
1
4
0
6
0
0
0
3
196
255
238
37
2
0
0
12
0
2
0
0
0
0
0
6
0
0
4
0
0
3
2
0
0
8
3
0
255
245
255
14
2
3
0
6
7
0
0
0
0
0
0
0
0
0
0
0
0
0
0
1
0
2
6
0
72
241
55
20
0
0
4
0
0
3
0
0
0
0
0
0
0
0
0
0
0
0
0
8
0
0
15
0
0
23
10
0
0
1
5
0
0
4
0
0
0
0
0
0
0
0
0
0
0
0
3
11
0
0
1
10
0
0
0
0
0
5
4
0
0
1
0
0
0
0
0
0
0
0
0
0
0
0
0
0
3
4
0
0
4
3
1
6
7
2
0
0
0
0
0
0
0
0
