1
0
0
0
0
0
0
0
0
0
9
0
0
0
3
5
0
6
0
9
4
0
0
4
0
0
0
0
0
0
0
0
0
0
0
0
0
0
1
1
3
1
0
0
0
0
23
0
0
12
8
0
4
0
0
0
0
0
0
0
0
0
0
0
0
0
0
4
9
0
0
0
2
6
0
0
3
0
0
4
0
0
0
0
0
0
0
0
0
0
0
0
0
6
0
2
3
0
2
2
0
6
0
15
0
11
0
0
8
0
0
0
0
0
0
0
0
0
0
0
0
7
0
3
0
0
9
0
0
0
3
0
0
0
3
14
0
0
0
0
0
0
0
0
0
0
0
0
0
1
0
6
0
1
8
0
8
152
235
35
12
4
8
0
0
0
0
0
0
0
0
0
0
0
0
0
0
0
0
7
0
4
0
0
73
228
185
0
4
0
0
11
1
0
0
0
0
0
0
0
0
0
0
0
0
3
0
5
0
2
0
10
141
255
69
0
4
5
4
2
0
0
0
0
0
0
0
0
0
0
0
0
0
0
13
0
8
9
0
39
233
200
0
0
4
0
0
0
4
0
0
0
0
0
0
0
0
0
0
0
0
9
0
10
0
0
9
82
255
137
0
0
3
0
1
1
0
0
0
0
0
0
0
0
0
0
0
0
0
3
5
0
0
0
0
178
255
57
0
5
2
0
0
6
0
0
0
0
0
0
0
0
0
0
0
0
0
0
5
0
5
7
12
252
219
4
2
2
1
0
0
6
0
0
0
0
0
0
0
0
0
0
0
0
0
3
0
16
1
2
74
255
174
0
7
0
2
1
0
2
2
0
0
0
0
0
0
0
0
0
0
0
0
4
0
5
0
0
111
255
101
0
8
0
2
0
0
0
6
0
0
0
0
0
0
0
0
0
0
0
0
0
8
0
0
3
141
246
27
0
4
0
2
0
7
0
4
0
0
0
0
0
0
0
0
0
0
0
0
2
0
11
0
3
197
204
0
0
0
0
1
0
14
0
0
0
0
0
0
0
0
0
0
0
0
0
0
0
7
0
4
61
255
152
1
0
0
0
0
0
0
0
0
0
0
0
0
0
0
0
0
0
0
0
0
0
1
3
7
101
255
133
12
0
0
0
0
0
0
0
0
0
0
0
0
0
0
0
0
0
0
0
0
0
0
10
0
137
238
72
0
0
0
0
0
0
0
0
0
0
0
0
0
0
0
0
0
0
0
0
0
2
0
0
0
173
179
12
0
0
0
0
0
0
0
0
0
0
0
0
0
0
0
0
0
0
0
0
0
0
3
0
27
226
145
0
1
0
0
0
0
0
0
0
0
0
0
0
0
0
0
0
0
0
0
0
0
0
9
0
54
255
137
0
7
0
0
0
0
0
0
0
0
0
0
0
0
0
0
0
0
0
0
0
0
3
3
3
45
248
141
0
0
0
0
0
0
0
0
0
0
0
0
0
0
0
0
0
0
0
0
0
0
4
0
0
19
222
151
0
0
0
0
0
0
0
0
0
0
0
0
0
0
0
0
0
0
0
0
0
0
0
14
0
0
192
200
0
4
0
0
0
0
0
0
0
0
0
0
0
0
0
0
0
0
0
0
0
0
1
0
10
0
0
17
0
11
0
0
0
0
0
0
0
0
0
0
0
0
0
0
0
0
0
0
0
0
3
0
0
9
0
0
7
0
0
0
0
0
0
0
0
0
0
0
0
0
0
0
0
0
0
0
0
0
0
18
0
0
14
0
0
7
0
0
0
0
0
0
0
0
0
0
0
0
