1
0
0
0
0
0
0
0
0
0
0
0
0
0
0
0
0
5
0
8
9
0
5
11
0
0
0
0
0
0
0
0
0
0
0
0
0
0
0
0
0
0
0
0
0
2
14
0
0
9
0
0
2
0
0
0
0
0
0
0
0
0
0
0
0
0
0
0
0
0
0
0
0
0
0
0
11
5
0
13
1
0
0
0
0
0
0
0
0
0
0
0
0
0
0
0
0
0
0
0
0
11
0
0
8
0
0
0
1
0
0
0
0
0
0
0
0
0
0
0
0
0
0
0
0
0
0
0
0
0
7
174
230
10
0
10
1
0
0
0
0
0
0
0
0
0
0
0
0
0
0
0
0
0
0
0
0
0
68
225
225
7
6
0
3
0
0
0
0
0
0
0
0
0
0
0
0
0
0
0
0
0
0
0
0
0
119
255
199
0
0
5
0
0
0
0
0
0
0
0
0
0
0
0
0
0
0
0
0
0
0
0
0
4
190
250
107
4
0
0
1
0
0
0
0
0
0
0
0
0
0
0
0
0
8
0
0
2
13
0
7
21
197
255
70
4
0
0
0
0
0
0
0
0
0
0
0
0
0
0
0
0
0
1
10
0
0
1
0
156
255
173
16
0
9
4
0
0
0
0
0
0
0
0
0
0
0
0
0
0
0
0
6
0
3
5
58
230
255
84
0
0
7
0
0
0
0
0
0
0
0
0
0
0
0
0
0
2
5
0
0
0
18
0
155
245
202
28
0
3
0
0
5
0
0
0
0
0
0
0
0
0
0
0
0
0
3
0
7
0
0
37
220
255
116
0
0
6
1
0
3
0
0
0
0
0
0
0
0
0
0
0
0
1
0
1
10
0
0
174
255
207
39
0
0
1
0
0
3
0
0
0
0
0
0
0
0
0
0
0
0
7
0
4
0
0
110
255
248
96
0
5
2
0
0
0
3
0
0
0
0
0
0
0
0
0
0
0
0
0
0
10
0
17
248
241
189
39
1
3
0
0
10
0
0
0
0
0
0
0
0
0
0
0
0
0
0
0
0
1
4
150
255
244
42
0
0
0
0
0
0
0
0
0
0
0
0
0
0
0
0
0
0
0
0
21
0
6
34
217
255
122
3
0
0
0
0
0
0
0
0
0
0
0
0
0
0
0
0
0
0
0
0
0
18
23
204
255
217
44
4
0
0
0
0
0
0
0
0
0
0
0
0
0
0
0
0
0
0
0
0
17
0
147
249
253
119
4
2
0
0
0
0
0
0
0
0
0
0
0
0
0
0
0
0
0
0
0
0
0
56
252
255
164
27
0
0
0
0
0
0
0
0
0
0
0
0
0
0
0
0
0
0
0
0
0
0
10
216
255
223
58
0
0
9
0
0
0
0
0
0
0
0
0
0
0
0
0
0
0
0
0
0
0
0
180
254
197
48
5
5
0
7
0
0
0
0
0
0
0
0
0
0
0
0
0
0
0
0
0
0
0
0
178
211
53
4
0
0
3
0
0
0
0
0
0
0
0
0
0
0
0
0
0
0
0
0
0
0
0
0
0
0
0
0
0
0
0
0
0
0
0
0
0
0
0
0
0
0
0
0
0
0
0
0
0
0
0
0
0
0
0
0
0
0
0
0
0
0
0
0
0
0
0
0
0
0
0
0
0
0
0
0
0
0
0
0
0
0
0
0
0
0
0
0
0
0
0
0
0
0
0
0
0
0
0
0
0
0
0
0
0
0
0
0
0
0
0
0
0
0
0
0
0
0
0
0
0
0
0
0
0
0
0
0
