1
0
0
0
0
0
0
0
0
0
6
0
0
11
0
0
9
3
1
0
0
2
0
0
14
0
0
0
0
0
0
0
0
0
0
0
0
4
0
0
0
0
0
0
0
4
1
1
0
0
7
0
0
0
0
0
0
0
0
0
0
0
0
0
0
3
0
7
8
0
0
9
3
0
0
6
0
0
8
0
0
0
0
0
0
0
0
0
0
0
0
0
0
6
0
0
11
17
4
0
0
21
0
6
0
0
2
1
0
0
0
0
0
0
0
0
0
0
0
0
0
0
12
6
0
0
0
99
255
117
5
2
0
2
0
0
4
0
0
0
0
0
0
0
0
0
0
0
0
0
10
0
0
11
0
75
241
224
35
0
0
8
0
0
0
0
0
0
0
0
0
0
0
0
0
0
0
0
7
0
3
4
0
89
254
248
34
0
0
9
0
0
0
0
0
0
0
0
0
0
0
0
0
0
0
6
0
0
4
0
7
117
255
210
11
3
0
6
0
0
8
0
0
0
0
0
0
0
0
0
0
0
0
0
4
2
0
0
0
231
253
211
13
0
2
0
6
6
0
0
0
0
0
0
0
0
0
0
0
0
0
2
3
0
0
11
7
248
243
117
2
2
0
0
3
0
1
0
0
0
0
0
0
0
0
0
0
0
0
2
0
2
0
11
147
252
230
20
0
4
0
9
0
0
3
0
0
0
0
0
0
0
0
0
0
0
0
2
0
9
6
4
184
245
231
4
0
2
0
8
0
1
0
0
0
0
0
0
0
0
0
0
0
0
0
4
0
0
0
4
48
239
246
63
0
0
4
2
0
12
0
0
0
0
0
0
0
0
0
0
0
0
0
1
0
0
0
0
49
236
254
125
4
0
5
0
0
13
0
0
0
0
0
0
0
0
0
0
0
0
0
0
0
8
4
0
138
246
250
138
5
1
0
0
3
2
0
0
0
0
0
0
0
0
0
0
0
0
0
0
0
0
0
10
111
255
248
123
2
5
0
2
8
0
4
0
0
0
0
0
0
0
0
0
0
0
0
0
7
0
0
10
174
248
254
117
11
0
10
0
0
1
3
0
0
0
0
0
0
0
0
0
0
0
0
0
0
0
14
32
234
255
236
58
0
0
8
0
3
1
0
0
0
0
0
0
0
0
0
0
0
0
0
5
0
0
0
29
250
255
235
3
0
3
2
0
6
1
0
0
0
0
0
0
0
0
0
0
0
0
0
7
0
0
0
82
250
250
182
0
0
3
0
0
3
0
3
0
0
0
0
0
0
0
0
0
0
0
0
0
0
0
3
185
255
240
87
3
8
0
0
5
0
0
7
0
0
0
0
0
0
0
0
0
0
0
0
0
4
1
4
176
255
248
66
3
5
0
3
10
0
0
2
0
0
0
0
0
0
0
0
0
0
0
0
4
6
0
0
70
241
255
87
0
2
0
4
5
0
5
0
0
0
0
0
0
0
0
0
0
0
0
0
0
0
0
17
10
255
255
67
0
6
0
0
0
0
13
0
0
0
0
0
0
0
0
0
0
0
0
0
0
0
0
0
0
0
0
0
0
0
0
0
0
0
0
0
0
0
0
0
0
0
0
0
0
0
0
0
0
0
0
0
0
0
0
0
0
0
0
0
0
0
0
0
0
0
0
0
0
0
0
0
0
0
0
0
0
0
0
0
0
0
0
0
0
0
0
0
0
0
0
0
0
0
0
0
0
0
0
0
0
0
0
0
0
0
0
0
0
0
0
0
0
0
0
0
0
0
0
0
0
0
0
0
