6
0
0
0
0
0
0
0
0
7
3
0
0
21
0
4
0
1
0
6
0
6
0
13
0
0
0
0
0
0
0
0
0
0
0
0
0
0
10
10
0
0
16
0
13
0
20
0
1
3
0
0
0
0
0
0
0
0
0
0
0
0
0
0
0
0
7
0
24
0
0
2
10
147
235
78
0
16
8
0
21
0
0
0
0
0
0
0
0
0
0
0
0
5
4
0
0
4
5
45
208
255
151
6
0
0
0
8
0
0
0
0
0
0
0
0
0
0
0
0
0
0
0
0
21
0
33
237
252
124
9
0
6
5
3
17
0
0
0
0
0
0
0
0
0
0
0
0
0
0
0
24
0
25
174
242
124
0
8
31
0
6
1
0
7
0
0
0
0
0
0
0
0
0
0
0
0
18
0
0
8
114
245
201
18
25
0
0
2
0
3
6
0
0
0
0
0
0
0
0
0
0
0
0
0
0
0
0
53
233
255
19
0
0
14
0
5
0
1
4
0
0
0
0
0
0
0
0
0
0
0
0
0
3
0
0
125
241
180
14
0
0
0
2
6
0
0
5
1
0
0
0
0
0
0
0
0
0
0
0
0
0
2
84
245
236
60
0
0
8
0
4
0
3
12
0
0
0
0
0
0
0
0
0
0
0
0
0
0
10
0
133
255
174
0
0
9
0
0
0
4
0
0
5
3
0
0
0
0
0
0
0
0
0
0
0
0
0
4
231
252
55
0
27
6
54
62
0
0
12
0
10
0
0
0
0
0
0
0
0
0
0
0
0
0
0
100
253
178
5
2
82
233
250
243
106
0
1
8
0
0
0
0
0
0
0
0
0
0
0
0
0
0
0
108
253
183
6
113
246
250
209
209
244
112
0
0
0
5
0
0
0
0
0
0
0
0
0
0
0
0
5
191
255
76
40
248
254
86
0
14
217
245
60
0
9
0
0
0
0
0
0
0
0
0
0
0
0
0
0
170
243
74
162
255
97
0
5
15
104
245
167
2
0
0
0
0
0
0
0
0
0
0
0
0
0
0
0
166
250
211
244
191
9
0
0
7
71
247
176
12
1
0
0
0
0
0
0
0
0
0
0
0
0
0
4
181
254
251
249
42
9
0
11
0
88
250
99
0
3
6
0
0
0
0
0
0
0
0
0
0
0
0
0
119
255
242
210
20
0
0
0
36
203
255
36
0
0
0
0
0
0
0
0
0
0
0
0
0
0
0
0
0
177
255
255
126
6
41
158
211
251
156
0
7
0
1
0
0
0
0
0
0
0
0
0
0
0
0
3
0
77
232
255
244
242
255
253
193
98
11
0
4
0
5
0
0
0
0
0
0
0
0
0
0
0
0
2
0
0
83
181
249
255
163
92
28
0
0
11
0
5
0
0
0
0
0
0
0
0
0
0
0
0
0
16
0
7
0
0
0
4
8
0
0
7
7
0
0
4
6
0
0
0
0
0
0
0
0
0
0
0
0
0
0
2
5
1
6
0
0
2
2
0
0
1
12
0
8
0
0
0
0
0
0
0
0
0
0
0
0
0
0
0
0
0
0
0
0
0
0
0
0
0
0
0
0
0
0
0
0
0
0
0
0
0
0
0
0
0
0
0
0
0
0
0
0
0
0
0
0
0
0
0
0
0
0
0
0
0
0
0
0
0
0
0
0
0
0
0
0
0
0
0
0
0
0
0
0
0
0
0
0
0
0
0
0
0
0
0
0
0
0
0
0
0
0
0
0
0
0
0
0
0
0
0
0
0
0
0
0
0
0
0
0
