8
0
0
0
0
0
0
0
0
3
0
0
0
1
0
0
1
4
0
2
9
0
1
0
5
0
0
0
0
0
0
0
0
0
0
0
0
0
7
8
0
0
0
6
4
0
16
0
0
3
3
3
0
0
0
0
0
0
0
0
0
0
0
0
0
4
0
0
2
13
9
0
0
11
0
0
4
0
0
6
4
0
0
0
0
0
0
0
0
0
0
0
0
5
3
1
0
0
0
3
14
0
0
23
0
0
15
0
0
0
0
0
0
0
0
0
0
0
0
0
0
0
8
9
0
0
7
4
0
13
8
1
0
10
0
0
3
0
0
0
0
0
0
0
0
0
0
0
0
2
0
0
5
4
0
0
11
29
93
173
255
245
165
188
50
0
0
0
0
0
0
0
0
0
0
0
0
7
0
0
2
1
25
97
171
248
255
240
203
207
234
255
67
0
0
0
0
0
0
0
0
0
0
0
0
0
6
0
0
83
205
255
241
188
116
24
12
209
230
106
14
0
0
0
0
0
0
0
0
0
0
0
0
12
0
17
162
244
255
99
40
0
0
19
182
234
47
0
0
0
0
0
0
0
0
0
0
0
0
0
0
0
28
203
245
191
31
0
6
6
49
206
255
73
0
0
0
0
0
0
0
0
0
0
0
0
0
0
0
18
210
255
144
15
0
3
0
0
135
255
136
0
0
6
0
0
0
0
0
0
0
0
0
0
0
0
0
95
251
165
33
0
1
1
9
91
255
192
0
4
0
0
6
0
0
0
0
0
0
0
0
0
0
0
0
162
255
82
0
0
13
0
57
240
212
41
0
10
7
0
0
0
0
0
0
0
0
0
0
0
0
0
0
172
255
73
0
0
0
12
219
215
50
0
0
2
12
4
0
0
0
0
0
0
0
0
0
0
0
0
0
20
225
227
24
0
31
149
204
80
0
24
0
0
0
0
7
0
0
0
0
0
0
0
0
0
0
0
0
3
106
253
208
37
147
248
89
10
0
0
7
0
10
0
5
0
0
0
0
0
0
0
0
0
0
0
0
0
20
69
244
242
248
184
0
6
0
0
0
0
0
6
3
0
0
0
0
0
0
0
0
0
0
0
0
0
0
37
200
255
249
140
10
4
4
10
8
0
0
2
0
0
0
0
0
0
0
0
0
0
0
0
0
29
0
206
255
243
255
218
27
0
0
8
8
0
0
3
0
0
0
0
0
0
0
0
0
0
0
0
0
0
112
255
240
255
144
255
170
9
0
0
2
0
0
2
2
0
0
0
0
0
0
0
0
0
0
0
0
1
12
250
255
141
10
214
252
58
12
0
5
6
0
0
2
0
0
0
0
0
0
0
0
0
0
0
0
5
13
239
255
21
0
227
254
69
16
0
4
8
0
0
1
0
0
0
0
0
0
0
0
0
0
0
0
0
19
255
205
21
142
253
232
30
2
0
0
2
1
2
0
0
0
0
0
0
0
0
0
0
0
0
0
0
20
242
249
196
253
255
118
0
0
3
3
0
2
4
0
0
0
0
0
0
0
0
0
0
0
0
0
0
6
86
211
255
194
71
0
0
0
0
0
0
0
0
0
0
0
0
0
0
0
0
0
0
0
0
0
8
0
0
1
4
0
0
12
0
0
0
0
0
0
0
0
0
0
0
0
0
0
0
0
0
0
0
0
0
7
11
5
0
0
0
0
0
0
0
0
0
0
0
0
0
0
0
0
0
0
0
0
0
0
0
0
0
0
0
0
0
10
7
0
0
0
0
0
0
0
0
0
0
0
0
0
