2
1
6
0
0
2
5
0
0
0
10
0
0
3
0
12
0
6
0
0
0
0
2
9
0
0
0
0
0
0
0
3
5
9
1
18
8
0
0
16
4
0
3
0
12
4
4
3
8
4
0
0
0
0
0
0
0
3
0
3
3
0
0
10
0
18
0
0
0
7
12
0
0
0
1
0
2
5
0
0
3
0
0
0
0
2
0
0
1
4
0
6
3
0
3
3
10
1
0
0
2
0
1
0
0
3
7
0
1
0
0
0
0
0
0
0
0
2
9
0
1
0
0
2
0
0
10
2
5
0
0
12
0
0
10
0
0
0
0
0
0
2
4
3
0
0
0
0
29
53
122
58
141
175
124
149
26
4
0
11
3
0
4
0
5
0
0
0
0
0
0
5
0
5
6
137
168
242
242
255
243
245
255
251
253
83
0
0
3
0
2
0
8
0
0
0
0
7
0
6
0
0
0
245
255
251
255
247
255
252
234
255
251
194
33
0
4
0
6
0
0
0
0
0
0
0
0
9
0
0
0
255
255
253
247
255
246
255
237
255
253
251
111
1
0
0
11
0
10
0
9
0
5
10
0
0
0
1
19
239
253
255
201
177
182
173
227
255
247
255
185
11
0
2
0
1
0
6
4
0
0
1
0
3
0
0
0
62
45
38
23
0
3
3
55
98
212
250
255
106
11
6
0
4
2
0
0
10
5
0
0
0
7
6
0
15
5
0
8
10
0
4
0
0
120
249
255
220
22
0
3
0
0
1
0
15
6
5
5
0
0
0
0
0
0
12
0
5
0
7
10
0
24
252
236
240
2
0
17
2
0
9
0
0
0
0
0
0
7
7
17
0
8
0
0
0
11
0
0
22
158
255
254
213
1
0
0
6
0
0
14
0
6
4
6
0
0
0
0
0
0
0
20
3
2
3
0
68
242
242
244
152
16
15
15
16
18
77
98
3
13
0
3
0
5
3
2
2
0
17
13
21
22
121
186
255
251
255
255
175
139
215
255
227
255
248
212
5
0
6
0
0
3
7
0
9
103
206
255
251
246
252
245
255
245
254
255
254
248
248
253
254
249
235
206
0
2
0
1
11
0
0
11
81
255
255
255
235
255
255
251
232
255
255
247
248
255
255
255
250
248
255
163
0
7
0
0
9
8
0
1
41
255
253
236
255
255
232
255
255
249
244
255
255
237
236
249
231
193
174
52
0
12
9
0
0
4
0
0
17
255
255
253
255
241
255
244
244
252
123
145
131
84
64
69
43
0
24
0
0
9
2
6
0
4
0
3
10
204
242
255
252
255
247
255
215
54
0
0
0
3
2
0
0
1
0
0
11
0
0
10
5
2
0
8
0
46
166
245
210
255
165
96
17
4
4
1
1
3
0
0
0
8
0
17
0
0
1
6
0
0
0
12
1
0
7
29
0
31
0
24
10
0
0
5
6
0
0
6
8
0
0
1
0
0
1
0
0
12
0
0
10
0
0
5
7
0
8
0
0
7
2
0
0
4
6
0
0
0
4
4
4
3
0
0
0
0
0
0
0
0
0
0
0
0
0
0
0
0
0
0
0
0
0
0
0
0
0
0
0
0
0
0
0
0
0
0
0
0
0
0
0
0
0
0
0
0
0
0
0
0
0
0
0
0
0
0
0
0
0
0
0
0
0
0
0
0
0
0
0
0
0
0
0
0
0
0
0
0
0
0
0
0
0
0
0
0
0
0
0
0
0
0
0
0
0
0
0
0
0
0
0
0
0
0
0
0
0
0
0
0
0
0
0
0
