7
4
0
9
0
6
0
0
0
0
0
0
2
0
3
8
2
4
0
0
3
1
0
0
0
0
0
0
0
6
0
5
0
5
0
9
12
0
0
5
6
0
0
0
0
0
0
5
1
1
7
8
2
0
0
0
0
0
0
4
8
4
0
0
0
9
0
0
0
0
6
10
2
3
8
5
0
0
0
0
0
0
0
0
0
6
3
0
0
0
0
17
11
6
0
0
0
0
0
0
0
6
0
0
1
3
0
0
3
0
0
0
0
0
6
0
2
5
2
0
0
0
0
9
18
3
0
2
8
0
0
0
0
1
2
0
0
0
0
0
0
0
6
4
3
7
2
0
20
21
0
0
0
0
0
1
0
5
11
5
0
0
6
10
4
0
0
0
0
9
7
0
0
0
9
18
165
236
189
156
154
159
161
152
135
59
54
57
56
32
0
0
0
0
0
0
0
0
0
9
2
3
0
0
191
252
239
243
255
253
250
254
255
255
243
255
255
199
62
0
8
0
0
0
0
0
0
0
0
0
0
0
0
57
9
39
67
71
111
109
59
84
155
194
255
255
91
0
0
0
0
0
0
0
0
0
0
0
0
0
0
11
0
6
4
0
0
4
3
0
27
92
255
221
32
11
3
0
0
0
0
0
0
0
0
0
0
0
0
0
7
0
0
3
0
0
11
12
0
196
255
192
5
0
1
0
0
0
0
0
0
0
0
0
0
0
0
0
13
0
0
13
5
1
0
0
125
244
255
95
3
0
0
0
0
0
0
0
0
0
0
0
0
0
0
0
4
0
0
0
0
0
0
22
226
254
154
12
3
1
1
0
0
0
0
0
0
0
0
0
0
0
0
3
0
4
3
5
8
0
12
166
255
242
30
5
0
0
0
0
0
0
0
0
0
0
0
0
0
0
0
7
0
2
0
5
0
0
80
237
255
78
20
0
0
16
0
0
0
0
0
0
0
0
0
0
0
0
0
0
0
15
0
6
3
40
250
255
163
7
0
0
4
8
0
0
0
0
0
4
0
0
0
0
0
0
4
12
0
6
1
1
20
217
249
218
41
0
4
0
0
0
13
0
0
0
0
0
1
3
5
3
0
0
0
0
0
0
0
34
218
246
255
70
0
5
8
0
10
0
0
0
0
0
0
0
1
4
2
0
0
0
0
0
13
16
0
144
255
231
125
0
0
13
0
0
8
0
0
0
0
0
0
0
2
0
0
0
1
4
1
10
0
0
96
255
246
125
0
9
0
5
0
0
2
0
9
0
0
0
0
4
3
0
0
2
7
5
0
0
4
142
255
255
109
5
10
4
0
0
0
8
3
0
5
0
0
0
0
0
0
0
4
6
1
0
0
2
124
255
255
155
8
0
0
0
1
2
0
1
2
0
0
0
0
0
0
0
0
0
4
1
0
0
15
58
243
252
168
4
0
16
4
1
6
2
0
0
0
4
1
0
0
0
0
7
0
0
4
0
0
15
49
249
241
218
31
9
8
0
0
10
0
0
7
6
0
2
0
0
0
0
0
7
0
8
0
7
0
14
229
255
251
107
9
0
0
2
0
0
0
0
0
0
0
0
0
0
0
0
0
0
0
8
4
14
10
26
154
237
188
42
0
0
5
14
2
0
0
0
0
0
0
0
0
0
0
0
0
8
0
5
4
0
0
0
17
0
7
0
7
12
0
0
2
0
0
0
0
0
0
0
0
0
0
0
0
7
0
0
2
0
1
5
0
11
6
0
4
0
0
3
3
0
0
0
0
0
0
0
0
0
0
0
0
