9
0
0
0
0
0
0
0
0
0
0
0
0
1
3
2
0
0
2
0
0
7
0
1
0
0
0
0
0
0
0
0
0
0
0
0
0
6
4
0
0
0
0
0
0
11
5
0
5
8
0
0
6
0
0
0
0
0
0
0
0
0
0
0
0
0
0
0
3
7
7
7
6
0
0
11
0
0
2
3
9
0
0
0
0
0
0
0
0
0
0
0
0
4
0
0
0
0
0
0
0
4
0
1
0
0
9
0
0
0
0
0
0
0
0
0
0
0
0
0
0
8
0
0
0
1
0
1
5
5
0
2
14
0
0
1
19
0
0
0
0
0
0
0
0
0
0
0
0
0
0
3
8
3
0
0
7
1
0
0
0
0
0
12
0
0
0
0
0
0
0
0
0
0
0
0
0
0
1
6
2
0
0
28
68
215
255
255
221
82
0
5
0
0
0
0
0
0
0
0
0
0
0
0
0
3
3
1
0
3
59
165
255
247
222
209
255
167
5
1
0
0
0
0
0
0
5
1
0
0
3
10
0
1
9
0
7
90
239
250
174
47
0
106
255
208
0
0
4
0
0
0
0
6
0
0
3
0
0
0
0
0
0
11
68
247
244
134
0
17
19
223
237
82
2
16
0
0
0
0
0
4
0
0
3
0
0
2
0
0
47
138
239
255
116
3
7
32
153
249
255
174
54
0
2
0
0
0
0
0
0
7
0
0
12
7
0
0
132
255
255
75
2
2
31
165
250
227
169
255
65
14
7
0
0
0
0
0
0
7
0
0
2
0
9
55
255
228
65
25
0
4
147
237
157
170
255
233
74
5
0
0
0
0
0
6
0
0
0
9
0
0
98
225
255
125
7
0
0
0
117
0
150
247
243
154
0
0
17
0
0
0
0
1
0
0
0
16
0
34
209
255
175
32
0
0
12
0
33
203
255
247
226
22
0
16
0
0
0
0
0
0
6
8
0
3
0
57
255
220
14
0
2
2
0
162
245
249
255
250
84
0
12
0
9
0
0
0
0
0
0
10
2
6
0
64
255
180
11
61
127
164
255
251
253
255
253
234
0
0
0
15
0
0
0
0
0
9
0
1
0
0
1
58
220
254
219
242
255
249
236
105
107
246
249
104
2
4
0
0
0
0
0
0
0
6
0
3
0
0
0
15
99
236
255
244
144
62
0
6
176
255
201
6
0
1
0
0
1
0
0
0
0
0
0
6
4
2
0
0
1
7
21
5
0
5
16
115
255
223
83
0
0
0
7
5
2
0
0
0
0
4
0
1
0
0
4
0
0
6
0
15
0
0
75
234
250
84
0
6
0
0
12
0
0
0
0
0
0
3
2
0
0
0
4
5
4
4
6
0
13
3
208
255
132
0
5
0
3
1
6
0
2
0
0
0
0
0
4
0
1
7
0
0
0
0
0
26
9
198
251
255
74
0
26
0
5
0
0
0
10
0
0
0
0
0
6
0
0
10
0
0
8
0
15
0
102
247
250
95
5
6
0
0
6
0
0
4
0
0
0
0
0
0
0
0
0
0
0
0
0
0
4
29
255
248
96
0
12
0
0
0
0
0
0
0
0
0
0
0
0
0
0
0
0
0
0
0
0
0
0
86
248
121
19
9
0
0
0
0
0
0
0
0
0
0
0
0
0
0
0
0
0
0
0
0
0
0
12
0
3
4
0
0
14
0
0
0
0
0
0
0
0
0
0
0
0
0
0
0
0
0
0
0
0
0
3
7
0
0
12
4
0
0
0
0
0
0
0
0
0
0
0
0
0
