0
0
0
0
0
0
0
0
0
0
11
3
0
1
3
0
0
3
0
4
0
0
7
0
1
0
0
0
0
0
0
0
0
0
0
0
0
10
0
0
7
7
6
3
0
0
1
6
0
0
0
0
8
0
0
0
0
0
0
0
0
0
0
0
0
0
0
0
3
0
0
7
0
0
0
0
5
14
0
0
0
0
0
0
0
0
0
0
0
0
0
0
0
0
12
11
0
0
3
1
6
0
19
1
0
0
0
4
13
0
0
0
0
0
0
0
0
0
0
0
0
8
0
0
6
58
107
136
151
226
255
220
140
68
10
0
0
0
0
0
0
0
0
0
0
0
0
0
0
0
0
5
89
219
255
246
255
255
249
255
254
218
104
0
0
0
0
0
0
0
0
0
0
0
0
0
0
12
8
161
255
252
248
225
98
109
79
110
170
250
210
48
0
0
0
0
0
0
0
0
0
0
0
0
0
0
170
255
249
233
145
32
1
0
1
1
0
131
255
123
5
0
0
0
0
0
16
0
4
0
3
0
0
78
255
253
219
80
7
0
8
7
0
0
3
30
255
239
0
0
0
0
0
0
11
0
3
0
0
0
41
229
247
254
19
9
7
0
2
0
6
0
3
9
193
247
9
0
0
0
0
1
0
0
4
6
0
5
124
255
245
175
0
0
0
0
11
0
15
0
2
0
102
252
1
0
0
0
0
2
0
0
0
9
3
5
170
247
238
20
16
2
0
7
0
0
7
0
0
3
55
249
0
0
0
0
0
4
0
3
0
2
0
0
159
255
215
0
0
0
13
0
0
6
0
0
0
9
48
250
15
0
0
0
0
0
1
3
0
3
1
0
149
247
196
8
3
0
6
0
11
5
0
5
0
1
51
255
71
0
0
0
0
0
0
0
1
7
2
8
154
255
213
11
0
0
1
0
7
0
2
2
2
0
53
254
103
0
0
0
0
4
0
0
5
4
0
8
150
248
255
161
13
1
3
4
0
0
9
0
4
0
55
247
100
0
0
0
0
0
0
0
5
0
2
17
255
255
243
255
163
132
32
6
0
8
0
1
7
0
153
255
0
0
0
0
0
5
0
0
0
0
3
145
254
255
112
231
240
255
235
136
98
0
10
0
0
1
254
246
1
0
0
0
0
0
0
7
0
2
6
181
247
160
0
5
115
179
197
221
172
65
0
13
2
126
229
239
0
0
0
0
0
0
1
8
0
0
10
89
255
254
125
2
0
0
0
5
0
3
1
3
17
216
255
120
0
0
0
0
0
3
3
0
0
0
3
17
226
252
255
160
68
19
1
7
5
0
0
47
174
255
210
0
8
0
0
0
0
3
0
1
4
6
0
3
95
200
255
255
233
206
198
165
81
103
217
244
240
255
83
0
4
0
0
0
0
0
0
5
2
14
0
0
0
0
64
247
255
248
255
242
255
252
253
229
217
131
0
12
5
0
0
0
0
0
7
0
0
1
10
0
9
1
6
33
108
165
157
216
250
212
52
67
0
0
9
8
0
0
0
0
0
0
0
0
0
0
0
0
0
0
0
0
0
0
0
0
0
0
0
0
0
0
0
0
0
0
0
0
0
0
0
0
0
0
0
0
0
0
0
0
0
0
0
0
0
0
0
0
0
0
0
0
0
0
0
0
0
0
0
0
0
0
0
0
0
0
0
0
0
0
0
0
0
0
0
0
0
0
0
0
0
0
0
0
0
0
0
0
0
0
0
0
0
0
0
0
0
0
0
0
0
0
0
0
0
0
0
0
0
0
0
0
0
