6
0
0
0
0
0
0
0
0
0
10
0
0
8
3
0
14
2
0
8
0
7
0
2
3
0
0
0
0
0
0
0
0
0
0
0
0
0
6
0
0
8
0
3
0
11
0
0
7
7
5
0
1
0
0
0
0
0
0
0
0
0
0
0
0
0
2
0
0
7
0
11
0
46
255
137
0
0
3
9
4
0
0
0
0
0
0
0
0
0
0
0
0
2
1
0
0
2
0
1
53
221
255
122
5
12
0
6
0
0
0
0
0
0
0
0
0
0
0
0
0
0
3
0
3
0
1
0
112
246
252
152
2
6
6
0
20
0
0
0
0
0
0
0
0
0
0
0
0
0
2
0
7
0
0
2
162
255
245
64
0
0
0
0
0
0
0
0
0
0
0
0
0
0
0
0
0
0
0
0
5
0
0
92
218
243
218
0
0
21
0
2
4
0
0
0
0
0
0
0
0
0
0
0
0
3
0
0
0
2
3
185
255
251
31
9
13
0
0
3
1
0
0
0
0
0
0
0
0
0
0
0
0
0
3
9
0
5
101
255
250
118
6
0
12
0
0
0
4
0
0
0
0
0
0
0
0
0
0
0
0
14
10
0
0
99
217
255
141
15
0
0
8
0
8
0
0
0
0
0
0
0
0
0
0
0
0
0
0
0
0
8
10
223
255
246
51
6
7
3
0
0
10
0
6
0
0
0
0
0
0
0
0
0
0
0
0
0
0
9
44
252
255
192
24
0
0
0
2
7
8
0
0
0
0
0
0
0
0
0
0
0
0
0
0
0
11
0
159
250
255
74
0
0
6
10
0
0
0
2
4
0
0
0
0
0
0
0
0
0
0
0
0
0
0
35
255
254
136
0
44
135
150
141
81
1
0
15
6
0
0
0
0
0
0
0
0
0
0
0
0
10
5
137
255
234
70
79
202
248
255
255
226
49
1
4
0
0
0
0
0
0
0
0
0
0
0
0
0
0
61
219
243
244
186
237
255
255
254
243
255
44
2
4
3
0
0
0
0
0
0
0
0
0
0
0
0
8
161
255
252
253
255
240
254
126
236
255
227
0
8
0
0
0
0
0
0
0
0
0
0
0
0
0
0
0
73
255
255
242
255
244
51
46
248
238
200
0
27
0
8
0
0
0
0
0
0
0
0
0
0
0
0
1
89
255
247
251
244
104
149
236
253
248
42
0
0
13
0
0
0
0
0
0
0
0
0
0
0
0
0
0
65
232
255
244
255
255
250
255
253
73
0
2
5
0
5
0
0
0
0
0
0
0
0
0
0
0
0
5
52
255
241
253
246
255
223
132
19
20
0
6
1
5
1
0
0
0
0
0
0
0
0
0
0
0
0
0
11
101
189
255
178
160
65
9
4
0
0
10
0
1
3
0
0
0
0
0
0
0
0
0
0
0
0
0
0
0
0
0
12
0
0
1
0
10
22
0
18
5
0
0
0
0
0
0
0
0
0
0
0
0
0
4
0
0
6
0
0
2
0
0
10
2
0
0
0
2
1
0
0
0
0
0
0
0
0
0
0
0
0
0
0
0
0
0
0
0
0
0
0
0
0
0
0
0
0
0
0
0
0
0
0
0
0
0
0
0
0
0
0
0
0
0
0
0
0
0
0
0
0
0
0
0
0
0
0
0
0
0
0
0
0
0
0
0
0
0
0
0
0
0
0
0
0
0
0
0
0
0
0
0
0
0
0
0
0
0
0
0
0
0
0
0
0
0
0
0
0
0
0
0
0
0
0
0
0
0
0
0
0
0
0
0
0
