3
0
11
3
1
2
0
0
1
0
0
0
0
1
2
0
0
0
3
8
0
5
0
1
13
0
0
0
0
0
0
0
3
7
4
4
0
8
6
2
0
0
1
2
1
0
2
0
3
0
11
0
0
0
0
0
0
3
0
0
2
0
0
1
0
0
0
0
1
2
2
1
1
14
0
0
15
8
0
1
18
0
0
0
0
0
0
9
0
0
0
4
2
11
6
0
0
0
0
4
11
0
3
0
0
0
11
5
0
0
0
0
0
0
0
11
0
0
14
4
0
0
0
0
4
0
0
0
0
12
0
12
0
24
0
0
3
0
0
0
0
3
0
4
0
4
14
0
0
0
0
17
55
104
159
218
255
255
233
235
208
237
147
11
2
0
0
0
0
7
0
2
0
5
0
0
64
82
125
194
243
234
172
101
61
65
79
0
6
105
228
11
0
0
0
0
0
0
0
5
0
7
0
19
164
245
200
137
76
23
0
0
9
5
0
15
0
192
176
0
6
0
0
0
0
0
0
1
3
0
0
15
40
56
0
0
7
0
0
0
5
0
17
0
123
230
111
0
5
0
0
0
0
4
0
0
2
0
0
3
17
2
0
7
0
5
6
0
0
7
0
37
251
228
0
15
0
0
0
0
0
5
0
0
2
3
0
0
0
0
0
8
0
0
8
4
4
0
66
240
215
9
3
2
0
0
0
0
0
2
0
0
4
7
3
0
0
15
8
0
0
6
8
0
5
114
217
185
0
0
14
0
0
0
0
0
0
0
0
0
3
3
1
1
3
0
12
0
4
3
0
15
133
229
197
9
0
0
0
0
8
0
0
0
0
0
1
2
0
0
0
0
2
11
0
0
26
0
43
163
255
157
0
0
5
0
0
12
0
0
0
0
0
0
0
0
0
0
0
0
0
0
3
18
92
116
221
255
247
238
147
58
10
0
17
0
11
0
0
0
0
0
0
0
0
1
4
3
0
0
216
246
248
255
216
72
8
0
107
245
129
0
0
0
7
0
0
0
0
0
5
0
0
10
0
0
0
2
168
176
72
44
14
0
11
7
0
104
246
47
2
0
10
0
0
0
0
0
4
0
16
0
0
16
4
14
0
0
0
6
0
0
0
0
32
10
234
24
3
2
0
0
0
0
0
21
1
0
6
0
0
0
0
0
0
17
12
0
0
8
6
9
0
130
203
12
12
0
1
0
0
0
0
0
0
13
9
9
5
0
13
6
6
0
0
0
2
0
0
0
71
243
166
0
0
5
2
0
0
0
0
1
4
12
0
0
5
57
1
8
0
0
6
0
3
9
0
35
176
240
9
18
0
0
0
0
0
0
0
0
0
0
4
21
47
169
0
0
0
0
3
10
1
0
7
154
230
39
3
0
0
0
0
0
0
0
0
6
13
0
0
0
23
207
179
14
17
0
0
3
0
29
137
177
73
4
0
0
12
0
9
0
0
0
0
0
0
2
0
10
0
52
167
223
156
95
72
119
223
246
170
10
0
3
0
0
0
14
0
0
0
0
0
0
0
0
0
0
0
0
0
44
166
244
255
248
160
51
12
0
0
0
0
0
0
0
0
0
0
0
0
0
0
0
0
0
0
0
0
0
18
7
0
6
6
0
8
0
0
0
0
0
0
0
0
0
0
0
0
0
0
0
0
0
0
0
0
0
4
0
0
7
7
0
0
0
0
0
0
0
0
0
0
0
0
0
0
0
0
0
0
0
0
0
0
6
0
0
0
0
0
4
8
0
0
0
0
0
0
0
0
0
0
0
0
