6
0
0
0
0
0
0
0
0
0
0
10
0
2
0
0
1
0
0
5
5
1
0
0
2
0
0
0
0
0
0
0
0
0
0
0
0
0
0
0
4
0
10
0
0
6
4
1
0
0
0
1
4
0
0
0
0
0
0
0
0
0
0
0
0
5
0
0
21
0
0
0
12
0
0
0
0
2
2
0
0
0
0
0
0
0
0
0
0
0
0
0
0
0
11
1
0
0
4
11
0
0
0
0
2
2
1
0
0
0
0
0
0
0
0
0
0
0
0
0
0
7
0
17
39
104
4
3
0
5
4
2
0
0
0
0
6
0
0
0
0
0
0
0
0
0
0
0
0
0
22
125
197
251
36
0
8
0
0
0
0
0
0
0
0
0
0
0
0
0
0
0
0
0
0
0
0
8
167
255
255
255
101
18
0
13
6
0
0
4
5
0
0
0
0
0
0
0
0
0
0
0
0
0
0
117
250
245
252
219
99
0
2
86
53
13
0
0
0
3
0
0
0
0
0
0
5
0
7
0
0
10
0
131
252
255
237
134
4
0
3
6
0
0
0
0
1
0
5
1
0
9
6
3
0
3
0
0
0
0
65
233
251
241
111
6
6
0
17
0
4
9
0
11
2
0
0
0
0
0
0
2
0
10
0
3
0
23
175
255
255
109
4
0
2
0
1
8
1
0
4
0
3
0
0
4
7
0
0
0
0
9
0
7
0
100
252
251
213
7
0
19
0
0
0
0
9
47
159
49
18
0
13
0
0
8
0
0
4
3
0
5
2
193
255
243
70
0
11
0
9
5
15
0
0
30
250
238
163
39
30
12
0
7
6
0
9
0
0
0
56
248
253
177
0
0
0
0
16
0
0
37
211
255
255
253
247
249
255
124
0
5
0
1
2
0
1
0
153
255
250
94
16
0
0
16
0
10
37
206
248
241
247
255
246
255
247
233
13
5
0
3
0
1
4
2
234
244
255
29
0
9
1
0
0
137
221
255
225
154
99
60
130
255
255
254
0
6
0
0
0
4
0
0
169
247
255
27
6
0
0
0
30
225
255
226
38
0
6
0
92
215
255
132
24
0
7
0
4
5
0
19
115
255
254
179
51
4
0
7
163
247
255
101
4
0
69
158
247
234
143
33
0
0
17
4
0
5
0
11
17
172
253
255
247
156
162
171
255
255
236
246
255
255
255
245
187
93
0
0
0
6
9
9
0
8
10
0
0
39
163
253
249
255
253
255
255
237
248
161
127
126
192
153
13
0
9
5
9
2
0
0
3
4
4
0
17
0
16
71
114
183
158
171
236
255
106
0
1
0
18
16
3
13
0
1
0
0
0
0
14
0
0
8
1
3
0
0
7
0
12
10
32
120
32
1
0
0
11
0
0
7
4
0
0
0
0
6
3
0
2
8
0
9
10
0
12
15
0
0
10
0
10
0
4
7
0
0
7
0
0
8
4
2
0
4
0
9
0
0
11
0
0
0
0
0
1
2
0
2
0
0
0
2
0
13
6
0
14
0
0
4
4
0
0
0
0
0
0
0
0
0
0
0
0
0
0
0
0
0
0
0
0
0
0
0
0
0
0
0
0
0
0
0
0
0
0
0
0
0
0
0
0
0
0
0
0
0
0
0
0
0
0
0
0
0
0
0
0
0
0
0
0
0
0
0
0
0
0
0
0
0
0
0
0
0
0
0
0
0
0
0
0
0
0
0
0
0
0
0
0
0
0
0
0
0
0
0
0
0
0
0
0
0
0
0
0
0
0
0
0
0
0
0
0
