5
0
0
0
0
0
0
0
0
7
0
0
15
0
0
0
0
0
6
0
0
5
0
0
0
0
0
0
0
0
0
0
0
0
0
0
0
0
0
0
4
0
1
6
7
0
4
2
0
0
6
11
0
0
0
0
0
0
0
0
0
0
0
0
0
6
0
0
0
5
9
1
0
6
0
0
2
0
7
3
0
0
0
0
0
0
0
0
0
0
0
0
0
0
1
10
0
0
0
5
13
0
0
0
10
0
0
0
7
0
0
0
0
0
0
0
0
0
0
0
0
5
0
0
3
4
0
0
0
10
5
4
3
0
12
0
4
0
0
0
0
0
0
0
0
0
0
0
0
2
3
66
191
239
255
255
255
234
255
255
255
255
242
84
0
0
0
0
0
0
0
0
0
0
0
0
0
0
11
113
255
252
249
238
255
255
255
239
243
255
255
98
17
0
0
0
0
0
0
0
0
0
0
0
0
11
0
57
246
246
255
248
255
252
254
226
216
194
153
8
2
0
0
0
0
0
0
0
0
0
0
0
0
0
6
18
254
249
196
32
76
87
29
7
11
0
0
5
0
0
0
0
0
0
0
0
0
0
0
0
0
8
28
191
255
214
10
5
3
4
0
0
4
0
0
7
2
0
0
0
0
0
0
0
0
0
0
0
0
0
112
255
255
182
0
0
0
0
3
1
0
0
3
2
0
0
0
0
0
0
0
0
0
0
0
0
0
0
238
244
178
35
20
12
0
0
9
3
0
0
3
0
0
0
0
0
0
0
0
0
0
0
0
0
0
0
226
245
167
0
0
9
0
0
2
7
6
7
0
0
4
0
0
0
0
0
0
0
0
0
0
0
0
6
207
255
237
118
15
0
7
13
0
0
0
0
0
0
0
0
0
0
0
0
0
0
0
0
0
0
0
0
164
236
254
246
240
216
210
100
79
54
18
0
0
10
0
0
0
0
0
0
0
0
0
0
0
0
0
0
0
100
228
251
249
255
246
252
255
247
150
28
0
4
0
0
0
0
0
0
0
0
0
0
0
0
0
0
4
0
2
91
134
168
218
250
241
255
251
16
0
0
0
0
0
0
0
0
0
0
0
0
0
0
0
8
0
10
5
0
0
9
0
32
239
255
255
9
5
0
7
0
0
0
0
0
0
0
0
0
0
0
0
0
2
0
0
7
20
0
6
53
252
244
211
9
6
0
7
0
0
0
0
0
0
0
0
0
0
0
0
0
0
9
3
0
0
0
32
221
255
249
132
2
0
0
2
0
0
0
0
0
0
0
0
0
0
0
0
7
47
71
0
10
0
46
165
252
255
239
64
0
0
13
2
0
0
0
0
0
0
0
0
0
0
0
0
2
67
250
169
47
43
184
255
255
244
129
10
0
0
10
1
0
0
0
0
0
0
0
0
0
0
0
0
0
46
240
255
255
255
255
249
255
146
16
0
5
2
0
0
0
0
0
0
0
0
0
0
0
0
0
0
0
7
172
244
254
255
249
255
170
6
0
6
0
3
0
2
0
0
0
0
0
0
0
0
0
0
0
0
0
0
9
98
187
205
171
100
0
0
0
0
0
0
0
0
0
0
0
0
0
0
0
0
0
0
0
0
0
1
0
2
10
2
6
0
0
0
0
0
0
0
0
0
0
0
0
0
0
0
0
0
0
0
0
0
5
13
3
0
0
0
1
6
0
0
0
0
0
0
0
0
0
0
0
0
0
0
0
0
0
0
0
0
0
0
0
2
7
4
2
0
0
0
0
0
0
0
0
0
0
0
0
0
