0
0
0
0
0
0
0
0
0
0
0
0
0
0
0
0
0
9
0
0
0
4
6
0
0
0
0
0
0
0
0
0
0
0
0
0
0
0
0
0
0
0
0
0
0
0
4
8
0
14
0
7
0
0
0
0
0
0
0
0
0
0
0
0
0
0
0
0
0
0
0
0
0
5
0
5
9
0
8
12
2
0
0
0
0
0
0
0
0
0
0
0
0
0
0
0
0
0
0
0
0
7
0
0
0
1
0
0
0
0
0
0
0
0
0
0
0
0
0
0
0
0
0
0
0
0
0
0
0
0
38
0
11
10
0
8
15
0
0
0
0
0
0
0
0
0
0
0
0
0
0
0
0
0
0
0
0
13
0
33
115
166
214
160
27
0
0
0
0
0
0
0
0
0
0
0
0
0
0
0
0
0
0
0
0
0
29
255
251
254
200
255
102
0
0
0
0
0
0
0
0
0
0
0
0
0
0
0
0
0
0
0
0
32
253
248
227
87
27
213
144
0
0
0
0
0
5
10
0
3
19
0
9
0
0
0
0
0
69
83
137
226
223
115
6
0
0
174
191
0
0
0
0
7
10
0
18
6
0
13
0
0
2
0
72
142
200
255
248
248
183
0
0
0
1
155
235
0
0
0
0
0
7
0
0
4
13
0
18
0
0
139
208
255
168
123
255
232
99
7
6
0
0
226
156
0
0
0
0
0
0
0
22
0
1
21
0
67
197
247
152
53
0
173
249
86
0
0
0
20
0
233
116
0
0
0
0
8
0
0
14
0
0
0
54
222
254
86
4
5
16
253
145
6
0
0
11
0
99
255
87
0
0
0
0
0
8
6
0
18
0
13
230
246
31
0
10
0
86
240
89
0
0
1
0
0
184
204
0
0
0
0
0
0
0
0
11
0
10
203
221
40
0
5
0
6
174
211
0
4
7
0
0
189
226
63
14
0
0
0
0
3
0
13
0
0
110
255
85
0
9
3
0
0
119
125
2
0
0
6
27
247
234
0
0
0
0
0
0
0
8
0
3
29
225
207
0
0
3
0
10
0
142
177
7
5
0
14
174
246
84
0
9
0
0
0
0
1
1
0
0
127
239
103
0
0
14
0
0
18
125
162
0
0
27
148
237
142
0
3
0
0
0
0
0
3
0
4
12
217
172
0
1
6
0
4
0
0
84
201
11
5
205
255
193
2
0
13
0
0
0
0
0
0
5
0
0
254
178
7
0
0
0
9
8
0
4
106
26
216
255
161
13
0
0
5
2
0
0
0
0
1
5
0
0
250
168
2
7
1
11
0
0
18
0
68
235
222
118
0
0
0
4
0
0
0
0
0
0
0
0
7
0
214
195
0
0
3
0
20
7
6
186
255
156
31
0
19
0
14
0
23
0
0
0
0
0
0
8
5
0
116
255
159
59
2
0
16
115
224
255
162
32
6
3
0
4
0
1
0
7
0
0
0
0
7
0
0
17
0
153
255
231
221
255
254
255
204
67
3
1
0
7
6
0
0
10
0
2
0
0
0
0
0
0
5
13
0
0
71
164
169
166
128
59
8
0
2
1
0
0
0
0
0
0
0
0
0
0
0
0
10
0
0
3
3
0
0
6
0
12
15
1
0
0
1
0
0
0
0
0
0
0
0
0
0
0
0
0
0
0
0
2
9
12
3
0
0
0
0
1
3
6
5
1
0
0
0
0
0
0
0
0
0
0
0
0
0
7
6
0
0
0
8
9
9
0
0
0
0
0
0
0
0
0
0
0
0
0
0
0
0
0
0
0
