2
0
0
0
0
0
0
0
0
0
6
0
0
4
9
0
8
5
0
1
7
0
1
5
0
0
0
0
0
0
0
0
0
0
0
0
0
12
0
3
13
0
0
6
0
3
6
8
0
15
0
0
0
0
0
0
0
0
0
0
0
0
0
0
0
0
12
0
0
7
0
0
9
0
8
8
0
4
0
1
3
0
0
0
0
0
0
0
0
0
0
0
0
0
0
5
9
0
8
18
0
0
0
0
15
5
0
0
1
0
0
0
0
0
0
0
0
0
0
0
0
8
0
0
12
8
43
125
149
204
247
255
196
134
50
0
1
0
0
0
0
0
0
0
0
0
0
0
0
10
0
0
115
231
250
255
255
136
64
60
109
249
139
0
11
0
0
0
0
0
0
0
0
0
0
0
0
0
7
111
235
204
128
98
16
8
0
0
0
147
241
74
0
0
0
0
0
0
0
0
0
0
0
0
0
0
6
0
12
9
0
16
0
2
0
6
3
19
222
94
6
0
0
0
0
0
0
0
0
0
0
0
0
0
0
0
0
0
0
0
0
6
1
0
4
0
230
96
3
0
0
0
0
0
0
0
0
0
0
0
0
0
0
0
0
0
0
0
0
0
0
3
0
147
246
73
0
0
0
0
0
0
0
0
0
0
0
0
0
0
0
0
0
0
0
0
0
1
0
16
1
166
178
0
7
0
0
0
0
0
0
0
0
0
0
0
0
0
0
0
0
0
0
0
0
12
0
0
30
254
105
0
0
0
0
0
0
0
0
0
0
0
0
0
0
0
0
0
0
0
0
0
0
0
18
8
153
225
13
1
11
0
0
0
0
0
0
0
0
0
0
0
0
0
0
0
0
0
0
0
0
8
13
69
236
76
20
0
0
0
0
0
0
0
0
0
0
0
0
0
0
0
0
0
0
0
0
0
0
0
22
211
175
16
3
4
7
0
0
0
0
0
0
0
0
0
0
0
0
0
0
0
0
0
0
0
0
14
158
173
9
4
0
0
5
0
0
0
0
0
26
0
0
15
0
3
0
0
13
27
58
83
90
24
0
138
214
0
0
12
0
6
1
0
0
0
0
2
0
5
13
0
12
0
15
18
87
247
245
245
250
231
246
169
88
0
0
0
0
6
2
0
0
0
0
10
0
0
5
0
10
36
160
220
255
102
57
85
177
255
254
195
0
2
2
0
7
0
0
0
0
0
0
0
14
0
0
0
9
179
255
115
12
10
7
50
253
167
178
228
49
9
1
0
10
0
0
0
0
0
0
0
7
3
7
0
98
236
71
14
11
90
199
252
162
11
22
229
198
10
0
0
3
0
6
0
0
0
0
0
0
0
10
4
190
220
21
4
175
255
217
56
0
11
0
134
219
1
0
8
2
0
2
0
0
0
0
0
11
0
0
0
193
255
242
255
214
53
9
0
10
0
0
31
93
1
0
12
1
0
0
0
0
0
0
8
0
0
6
9
187
255
218
49
26
4
0
11
0
7
0
7
0
13
0
0
0
1
7
0
0
0
0
0
0
0
0
0
0
0
0
0
0
0
0
0
0
0
0
0
0
0
0
0
0
0
0
0
0
0
0
0
0
0
0
0
0
0
0
0
0
0
0
0
0
0
0
0
0
0
0
0
0
0
0
0
0
0
0
0
0
0
0
0
0
0
0
0
0
0
0
0
0
0
0
0
0
0
0
0
0
0
0
0
0
0
0
0
0
0
0
0
0
0
0
0
0
0
0
0
0
0
0
0
0
0
0
0
0
0
0
0
0
0
0
