1
0
0
0
0
0
0
0
0
1
0
7
0
0
4
0
0
0
0
0
0
0
0
0
0
0
0
0
0
0
0
0
0
0
0
0
0
3
0
4
0
10
0
0
0
0
0
0
0
0
0
0
0
0
0
0
0
0
0
0
0
0
0
0
0
0
2
0
0
5
7
11
0
0
0
0
0
0
0
0
0
0
0
0
0
0
0
0
0
0
0
0
0
4
0
3
21
0
0
0
11
0
0
0
0
0
0
0
0
0
0
0
0
0
0
0
0
0
0
0
0
0
11
0
0
11
227
134
2
0
0
0
0
0
0
0
0
0
0
0
0
0
0
0
0
0
0
0
0
4
0
0
14
17
236
142
0
0
0
0
0
0
0
0
0
0
0
0
0
0
0
0
0
0
0
0
0
1
4
0
4
15
242
210
7
0
0
0
0
0
0
0
0
0
0
0
0
0
0
0
0
0
0
0
0
0
12
0
0
0
199
249
38
0
0
0
0
0
0
0
0
0
0
0
0
0
0
0
0
0
0
0
0
0
0
0
2
0
175
255
37
0
0
3
0
0
8
0
3
0
0
0
0
0
0
0
0
0
0
0
0
10
0
0
9
0
131
249
98
0
0
6
0
2
7
0
0
0
0
0
0
0
0
0
0
0
0
0
0
0
6
0
0
0
124
251
124
0
0
5
1
2
5
0
0
0
0
0
0
0
0
0
0
0
0
0
0
0
10
0
0
1
106
253
169
5
0
0
0
0
2
0
1
0
0
0
0
0
0
0
0
0
0
0
0
0
6
0
5
0
54
249
253
26
0
0
1
0
0
0
2
0
0
0
0
0
0
0
0
0
0
0
0
0
8
0
7
4
48
255
255
52
5
2
4
0
0
0
0
0
0
0
0
0
0
0
0
0
0
0
0
0
9
0
2
4
50
255
243
62
5
0
5
0
2
0
0
0
0
0
0
0
0
0
0
0
0
0
0
3
0
0
7
0
8
238
255
60
0
0
2
0
4
2
0
0
0
0
0
0
0
0
0
0
0
0
0
0
10
0
2
0
7
223
255
79
0
10
0
7
0
0
0
0
0
0
0
0
0
0
0
0
0
0
0
1
4
0
4
0
0
184
252
113
0
5
0
3
0
4
1
0
0
0
0
0
0
0
0
0
0
0
0
3
0
0
5
7
0
146
255
169
7
8
0
1
0
6
0
0
0
0
0
0
0
0
0
0
0
0
0
2
0
2
0
7
1
113
255
200
3
4
3
0
0
6
0
0
0
0
0
0
0
0
0
0
0
0
0
2
0
8
0
0
2
93
250
204
0
0
2
0
0
5
3
0
0
0
0
0
0
0
0
0
0
0
0
0
1
8
0
0
12
98
255
226
0
4
4
2
0
0
0
0
0
0
0
0
0
0
0
0
0
0
0
0
0
3
1
1
9
98
255
252
18
9
0
4
4
0
0
0
0
0
0
0
0
0
0
0
0
0
0
3
0
0
6
0
0
75
236
253
15
0
0
0
9
0
4
0
0
0
0
0
0
0
0
0
0
0
0
0
0
0
0
0
0
0
0
0
0
0
0
0
0
0
0
0
0
0
0
0
0
0
0
0
0
0
0
0
0
0
0
0
0
0
0
0
0
0
0
0
0
0
0
0
0
0
0
0
0
0
0
0
0
0
0
0
0
0
0
0
0
0
0
0
0
0
0
0
0
0
0
0
0
0
0
0
0
0
0
0
0
0
0
0
0
0
0
0
0
0
0
0
0
0
0
0
0
0
0
0
0
0
0
