8
0
0
0
0
0
0
0
0
0
9
0
0
0
7
0
0
0
5
8
0
3
0
4
3
0
0
0
0
0
0
0
0
0
0
0
0
0
0
12
22
0
0
6
0
6
0
2
0
0
5
0
0
0
0
0
0
0
0
0
0
0
0
0
0
11
0
0
3
0
0
13
1
15
0
0
9
4
6
0
8
0
0
0
0
0
0
0
0
0
0
0
0
2
12
0
0
12
5
0
0
0
0
15
9
0
0
0
0
0
0
0
0
0
0
0
0
0
0
0
0
0
11
10
55
177
255
255
255
250
153
19
0
7
0
21
0
0
0
0
0
0
0
0
0
0
0
0
0
14
14
115
255
255
160
114
148
227
254
244
98
21
0
0
1
0
0
0
0
0
0
0
0
0
0
0
0
0
170
255
222
86
13
2
1
31
161
244
255
230
45
16
0
0
0
0
0
0
0
0
0
0
0
0
0
81
250
250
85
0
0
0
3
0
28
243
48
120
230
18
0
0
0
0
0
2
5
0
0
8
0
0
23
212
255
107
15
0
0
12
0
0
81
192
3
1
150
162
3
0
0
0
0
0
3
0
1
0
0
0
130
255
161
4
0
5
2
0
0
9
202
76
0
0
50
247
19
0
0
0
0
0
2
0
6
0
1
7
227
234
32
0
19
7
0
4
6
140
84
0
21
6
48
234
46
0
0
0
0
7
2
0
4
0
6
42
251
200
0
6
1
0
0
0
0
106
53
0
0
0
75
224
42
0
0
0
0
3
1
0
0
0
8
96
251
146
0
11
0
8
0
0
7
14
0
3
19
11
135
198
0
0
0
0
0
0
0
4
0
0
4
118
255
158
0
6
11
4
0
5
0
0
8
0
8
112
240
91
5
0
0
0
0
0
0
2
1
0
0
69
244
223
41
0
0
0
35
68
8
59
64
89
221
248
124
4
0
0
0
0
0
4
0
0
4
0
0
1
212
253
243
149
92
184
239
255
248
247
255
255
236
190
3
0
0
0
0
0
0
0
2
6
4
0
0
11
30
209
250
253
252
255
255
246
255
255
202
141
246
198
0
11
6
0
0
0
0
2
1
2
1
0
0
1
9
21
174
255
255
212
110
173
246
103
26
0
94
247
137
4
0
0
0
0
0
4
0
0
0
1
0
0
0
58
238
253
150
7
19
0
47
23
0
24
9
196
178
6
0
0
0
0
0
3
0
0
1
5
3
0
0
180
247
221
0
0
0
7
11
0
0
0
0
126
244
0
0
0
0
0
0
2
0
0
2
2
1
2
6
248
243
12
12
0
0
0
6
1
20
1
0
189
186
0
7
0
0
0
0
2
0
0
0
0
0
0
6
255
243
24
0
2
0
0
0
0
0
19
131
235
138
0
1
0
0
0
0
3
0
0
1
0
0
0
3
204
255
204
67
39
49
64
53
107
125
255
255
200
23
0
0
0
0
0
0
2
0
0
2
4
2
1
2
119
255
243
255
228
255
253
248
255
255
246
122
15
0
0
8
0
0
0
0
0
0
0
0
0
0
0
0
0
0
0
0
0
0
0
0
0
0
0
0
0
0
0
0
0
0
0
0
0
0
0
0
0
0
0
0
0
0
0
0
0
0
0
0
0
0
0
0
0
0
0
0
0
0
0
0
0
0
0
0
0
0
0
0
0
0
0
0
0
0
0
0
0
0
0
0
0
0
0
0
0
0
0
0
0
0
0
0
0
0
0
0
0
0
0
0
0
0
0
0
0
0
0
0
0
0
0
0
0
0
0
0
