1
0
0
0
0
0
0
0
0
0
8
2
4
0
9
0
5
0
4
0
0
0
0
0
11
0
0
0
0
0
0
0
0
0
0
0
0
0
1
0
8
0
0
4
5
3
10
5
5
8
5
0
0
0
0
0
0
0
0
0
0
0
0
0
0
0
3
0
5
6
0
5
0
0
0
0
0
0
3
8
0
0
0
0
0
0
0
0
0
0
0
0
0
0
10
0
0
6
3
0
15
20
0
12
0
0
0
7
2
0
0
0
0
0
0
0
0
0
0
0
0
0
7
0
3
0
2
0
116
68
0
5
8
6
0
3
0
0
0
0
0
0
0
0
0
0
0
0
0
0
0
0
13
0
0
65
236
154
6
0
0
5
0
4
0
0
0
0
0
0
0
0
0
0
0
0
0
0
0
0
9
0
4
174
255
224
39
8
0
5
0
3
0
0
0
0
0
0
0
0
0
0
0
0
0
1
1
7
0
0
27
255
242
164
0
0
0
6
0
8
0
0
0
0
0
0
0
0
0
0
0
0
0
0
0
3
5
4
21
248
254
138
11
0
9
0
4
0
2
0
0
0
0
0
0
0
0
0
0
0
0
0
0
1
0
0
100
255
255
65
0
0
2
0
9
0
0
0
0
0
0
0
0
0
0
0
0
0
0
1
5
0
0
5
182
251
220
13
0
5
0
0
9
0
0
0
0
0
0
0
0
0
0
0
0
0
0
0
7
0
0
45
232
234
152
2
1
11
0
0
3
0
3
0
0
0
0
0
0
0
0
0
0
0
0
0
4
0
7
110
255
250
127
0
0
0
0
0
0
0
10
0
0
0
0
0
0
0
0
0
0
0
0
1
3
0
5
153
255
255
129
0
0
0
0
5
0
0
3
0
0
0
0
0
0
0
0
0
0
0
0
5
2
2
0
161
249
255
132
3
5
1
3
3
0
0
0
0
0
0
0
0
0
0
0
0
0
0
0
0
0
11
0
161
253
249
138
0
0
0
0
0
2
12
0
0
0
0
0
0
0
0
0
0
0
0
0
0
2
11
0
163
252
253
134
0
0
16
0
2
0
0
3
0
0
0
0
0
0
0
0
0
0
0
0
0
7
0
0
178
243
242
137
17
0
5
3
0
9
0
3
0
0
0
0
0
0
0
0
0
0
0
0
4
0
20
3
46
255
255
133
5
0
0
4
0
12
0
0
0
0
0
0
0
0
0
0
0
0
0
0
2
0
11
0
2
180
230
221
0
27
0
0
5
0
0
0
0
0
0
0
0
0
0
0
0
0
0
0
0
11
0
0
19
39
255
255
39
2
0
0
5
0
3
0
0
0
0
0
0
0
0
0
0
0
0
0
0
0
8
0
0
11
234
253
165
0
4
3
0
6
2
1
0
0
0
0
0
0
0
0
0
0
0
0
8
0
0
7
15
17
50
255
248
47
2
3
0
6
0
2
0
0
0
0
0
0
0
0
0
0
0
0
5
0
5
3
0
0
8
184
255
157
0
0
7
0
0
0
0
0
0
0
0
0
0
0
0
0
0
0
0
0
0
0
0
0
0
0
0
0
0
0
0
0
0
0
0
0
0
0
0
0
0
0
0
0
0
0
0
0
0
0
0
0
0
0
0
0
0
0
0
0
0
0
0
0
0
0
0
0
0
0
0
0
0
0
0
0
0
0
0
0
0
0
0
0
0
0
0
0
0
0
0
0
0
0
0
0
0
0
0
0
0
0
0
0
0
0
0
0
0
0
0
0
0
0
0
0
0
0
0
0
0
0
