8
0
0
0
0
0
0
0
0
3
4
0
6
5
0
6
0
0
9
0
0
4
0
6
0
0
0
0
0
0
0
0
0
0
0
0
0
0
11
0
0
0
0
8
8
11
0
15
1
7
2
0
1
0
0
0
0
0
0
0
0
0
0
0
0
0
15
0
6
0
1
0
0
0
0
0
0
0
0
16
7
0
0
0
0
0
0
0
0
0
0
0
0
12
0
0
7
0
0
7
21
20
0
4
8
1
12
0
0
0
0
0
0
0
0
0
0
0
0
0
0
2
0
11
0
0
18
120
189
239
176
0
19
0
0
22
0
0
0
0
0
0
0
0
0
0
0
0
0
0
3
8
0
56
180
254
255
247
137
0
0
1
8
0
3
0
0
0
0
0
0
0
0
0
0
0
0
14
8
0
74
198
255
193
219
255
213
71
0
2
0
2
0
0
0
0
0
0
0
0
0
0
0
0
0
0
2
30
240
255
102
0
238
221
238
196
8
0
7
0
3
0
0
0
0
0
0
0
0
0
0
0
0
0
24
208
234
92
0
8
142
153
173
241
38
11
0
9
3
0
0
0
0
0
0
0
0
0
0
0
0
0
75
241
106
14
0
0
118
184
217
245
64
0
6
8
0
0
0
0
0
0
0
0
0
0
0
0
0
13
165
255
16
0
2
14
3
202
241
255
27
10
1
0
7
0
0
0
0
0
0
0
0
0
0
0
0
25
246
236
60
4
41
54
146
249
237
80
0
4
0
6
1
0
0
0
0
0
0
0
0
0
0
0
0
6
95
255
215
220
244
251
255
255
109
22
10
0
0
0
0
0
0
0
0
0
0
0
0
0
0
0
0
8
0
125
255
255
244
254
255
168
8
2
0
12
0
0
18
0
0
0
0
0
0
0
0
0
0
0
0
0
25
0
28
211
250
255
243
255
230
59
10
10
0
5
0
0
0
0
0
0
0
0
0
0
0
0
0
0
0
60
224
250
199
54
49
216
231
243
32
0
3
0
7
0
0
0
0
0
0
6
0
0
7
0
0
0
103
240
240
138
12
0
0
53
251
255
111
10
0
0
2
0
0
0
0
2
0
4
0
0
0
0
12
79
249
230
79
0
0
6
8
7
119
249
197
0
1
0
4
0
0
0
0
3
0
2
0
2
0
0
46
235
229
48
0
0
24
0
0
0
64
255
229
18
0
14
0
0
0
0
0
2
0
0
1
9
0
5
76
255
188
0
15
2
0
0
3
21
185
251
231
0
0
0
2
0
0
0
0
2
0
0
1
9
0
5
76
233
170
7
0
0
0
8
0
125
255
248
141
0
1
0
5
0
0
0
0
3
0
2
0
2
0
0
46
232
255
165
72
47
33
93
162
255
227
190
4
3
0
9
0
0
0
0
0
2
0
4
0
0
0
0
12
62
212
255
248
247
244
244
253
231
121
49
0
0
21
0
0
0
0
0
0
0
0
6
0
0
7
0
0
0
53
146
252
255
245
198
162
57
12
0
7
10
0
0
5
0
0
0
0
0
0
0
0
0
0
0
0
0
0
0
0
0
0
0
0
0
0
0
0
0
0
0
0
0
0
0
0
0
0
0
0
0
0
0
0
0
0
0
0
0
0
0
0
0
0
0
0
0
0
0
0
0
0
0
0
0
0
0
0
0
0
0
0
0
0
0
0
0
0
0
0
0
0
0
0
0
0
0
0
0
0
0
0
0
0
0
0
0
0
0
0
0
0
0
0
0
0
0
0
0
0
0
0
0
0
0
0
0
0
0
0
