3
0
0
0
0
0
0
0
0
0
6
6
0
0
7
0
0
0
0
0
2
0
0
3
2
0
0
0
0
0
0
0
0
0
0
0
0
2
0
0
12
11
0
0
9
0
2
4
6
8
0
0
10
0
0
0
0
0
0
0
0
0
0
0
0
0
3
0
3
0
0
3
0
4
1
0
0
12
5
0
0
0
0
0
0
0
0
0
0
0
0
0
0
2
0
0
0
0
14
21
0
0
4
8
5
0
0
3
6
0
0
0
0
0
0
0
0
0
0
0
0
1
0
12
3
0
0
0
11
2
0
2
1
0
0
15
0
0
0
0
0
0
0
0
0
0
0
0
0
0
8
35
69
138
184
165
148
149
115
105
76
14
0
5
0
0
0
0
0
0
0
0
0
0
0
0
0
4
172
242
252
248
238
255
255
250
255
255
235
142
34
0
17
0
0
0
0
0
0
0
0
0
0
0
0
2
202
247
255
215
106
119
106
136
153
187
255
255
134
5
0
0
0
0
0
0
0
0
0
0
0
0
0
0
36
174
248
237
34
0
4
0
0
3
192
245
201
7
0
0
0
0
0
0
0
0
0
0
0
0
0
0
29
0
26
175
215
54
0
13
0
209
228
255
164
0
13
0
0
0
0
0
0
0
0
0
0
0
0
2
0
5
18
19
109
47
40
136
238
253
253
204
0
1
0
0
0
0
0
0
0
0
0
0
0
0
0
4
15
168
134
152
240
254
255
255
244
238
149
5
6
10
0
0
0
0
0
0
0
0
0
0
0
0
0
8
19
255
245
255
237
245
255
211
87
51
7
0
2
0
10
0
0
0
0
0
0
0
0
0
0
0
0
0
17
178
166
195
231
255
255
236
35
0
3
0
0
0
0
0
0
0
0
0
0
0
0
0
0
0
0
2
9
0
0
11
2
31
172
253
234
78
0
0
20
3
0
0
0
0
0
0
0
0
0
0
0
0
0
1
0
0
24
0
0
11
21
216
243
110
0
2
0
0
21
0
0
0
0
0
5
0
4
0
6
4
0
0
7
0
3
0
8
0
0
131
254
205
19
4
10
4
176
0
0
0
0
2
10
7
0
11
0
45
131
58
78
132
133
155
132
153
151
153
255
254
181
126
139
196
187
0
0
0
0
0
0
1
0
168
240
247
255
255
249
255
255
241
241
250
253
250
255
241
255
255
251
207
15
0
0
0
0
13
0
5
10
197
255
246
249
248
200
170
206
202
248
255
255
255
241
175
134
156
114
18
0
0
0
0
0
0
0
13
0
100
238
255
255
245
217
249
253
255
235
255
245
211
61
20
0
0
18
6
0
0
0
0
0
0
0
8
11
11
53
115
188
255
243
247
255
250
206
148
86
31
2
0
0
0
0
0
6
0
0
0
0
10
0
0
0
0
5
10
0
11
54
71
86
25
11
0
3
0
2
4
18
6
0
9
0
0
0
0
0
0
4
7
0
7
0
0
3
2
3
6
0
4
0
2
0
8
0
0
0
0
3
2
0
0
0
0
0
0
0
0
0
0
0
0
0
0
0
0
0
0
0
0
0
0
0
0
0
0
0
0
0
0
0
0
0
0
0
0
0
0
0
0
0
0
0
0
0
0
0
0
0
0
0
0
0
0
0
0
0
0
0
0
0
0
0
0
0
0
0
0
0
0
0
0
0
0
0
0
0
0
0
0
0
0
0
0
0
0
0
0
0
0
0
0
0
0
0
0
0
0
0
0
0
0
0
0
0
0
0
0
0
0
0
0
0
0
0
0
0
