4
0
0
0
0
0
0
0
0
1
0
0
3
15
7
0
0
3
2
5
0
15
3
0
7
0
0
0
0
0
0
0
0
0
0
0
0
3
8
3
0
0
0
4
6
0
0
5
0
0
1
0
6
0
0
0
0
0
0
0
0
0
0
0
0
0
3
12
8
0
2
5
0
10
0
10
3
0
9
0
0
0
0
0
0
0
0
0
0
0
0
0
0
6
0
0
1
0
0
2
0
0
0
0
4
0
8
5
0
0
0
0
0
0
0
0
0
0
0
0
0
4
2
4
6
4
5
4
0
3
10
1
7
5
0
3
0
0
0
0
0
0
0
0
0
0
0
0
0
0
12
9
0
0
0
0
0
0
153
236
246
166
0
0
8
0
0
0
0
0
0
0
0
0
0
0
0
0
4
0
0
21
2
0
13
106
251
255
255
240
22
0
0
0
0
0
0
0
0
0
0
0
0
0
0
1
0
16
104
161
76
0
6
96
255
248
251
250
7
2
5
0
0
0
0
5
0
5
8
0
0
21
0
18
181
244
255
255
250
0
4
133
255
242
244
255
0
6
0
0
0
0
0
6
0
0
0
7
3
0
16
166
255
247
255
243
246
30
15
207
255
255
255
202
0
10
2
0
0
0
0
3
0
1
0
18
0
0
94
240
242
255
234
255
203
18
66
248
251
252
250
96
0
0
0
0
0
0
0
0
0
5
0
8
0
27
195
255
255
255
255
252
55
0
140
250
255
253
250
85
9
0
6
0
0
0
0
0
6
0
5
0
0
90
252
251
246
255
245
107
22
4
226
245
255
254
250
192
15
0
6
0
0
0
0
4
5
0
5
0
2
117
253
251
255
247
255
146
147
220
255
255
241
255
250
255
8
0
0
0
0
0
0
4
0
0
0
2
8
98
249
255
236
255
254
232
255
255
236
255
250
255
255
232
9
6
2
0
0
0
0
0
0
7
0
0
5
70
255
249
255
236
255
255
255
247
255
247
255
251
251
97
0
0
0
0
0
0
0
0
0
8
0
1
0
18
156
252
255
255
249
249
255
255
245
253
255
237
95
1
0
9
0
0
0
0
0
6
0
3
0
2
0
0
59
248
227
255
255
255
249
249
255
255
238
103
7
5
3
0
2
0
0
0
0
5
0
3
0
5
11
0
0
9
137
253
255
237
255
255
240
248
158
5
0
0
1
0
2
0
0
0
0
0
0
9
1
0
10
0
1
8
0
35
221
255
244
255
255
248
93
0
9
0
0
4
4
0
0
0
0
4
0
6
4
0
0
0
5
0
12
127
255
255
255
255
252
255
73
0
0
14
6
0
6
0
0
0
0
4
0
0
3
0
0
0
0
2
0
182
242
253
235
246
255
192
22
8
0
1
7
0
0
0
0
0
0
0
0
0
0
4
4
4
0
2
0
165
252
255
255
255
236
75
0
13
14
0
4
5
0
0
0
0
0
0
11
4
0
0
0
1
0
0
12
78
252
246
254
243
140
3
16
0
0
1
12
0
11
0
0
0
0
0
0
0
0
0
0
0
0
0
10
27
223
255
255
222
45
0
0
0
0
0
0
0
0
0
0
0
0
0
0
0
0
0
0
0
0
0
0
0
26
0
0
13
0
0
0
0
0
0
0
0
0
0
0
0
0
0
0
0
0
0
0
0
0
6
7
1
0
0
3
0
6
0
0
0
0
0
0
0
0
0
0
0
0
0
0
0
0
0
0
0
0
0
0
7
0
16
13
0
8
0
0
0
0
0
0
0
0
0
0
0
0
