2
0
0
0
0
0
0
0
0
11
0
4
0
6
2
9
0
4
0
1
4
3
6
0
3
0
0
0
0
0
0
0
0
0
0
0
0
0
11
3
9
0
3
0
5
0
0
0
0
1
2
0
3
0
0
0
0
0
0
0
0
0
0
0
0
15
0
0
6
17
0
0
4
3
15
8
1
6
0
0
0
0
0
0
0
0
0
0
0
0
0
0
0
0
5
76
197
237
255
142
32
0
0
0
0
3
0
7
0
0
0
0
0
0
0
0
0
0
0
0
0
12
61
243
252
255
251
250
205
31
3
0
0
7
0
5
0
0
0
0
0
0
0
0
0
0
0
0
0
0
120
252
248
174
202
248
255
101
9
8
1
10
0
2
0
0
0
0
0
0
0
0
0
0
0
0
0
103
251
204
51
0
51
226
255
138
0
0
0
0
0
5
3
0
0
0
0
0
0
0
0
0
0
0
0
186
250
36
1
0
1
157
250
211
6
10
2
3
0
0
0
0
0
0
0
0
0
0
0
0
0
0
0
185
138
1
0
0
0
53
232
247
117
0
0
11
6
0
11
0
0
0
0
0
0
0
0
0
0
0
0
29
15
0
0
1
11
0
236
255
197
10
3
3
0
7
0
0
0
0
0
0
0
0
0
0
0
0
0
0
11
0
11
37
56
41
230
247
215
3
1
2
0
19
0
0
0
0
0
0
0
0
0
0
0
0
0
0
0
9
146
244
255
229
251
255
201
1
0
2
9
0
0
0
0
0
0
0
0
0
0
0
0
0
0
16
29
162
255
246
241
242
255
255
204
4
0
0
6
0
3
0
0
0
0
0
0
0
0
0
0
0
0
0
119
254
238
170
159
251
242
245
216
4
0
0
0
18
5
0
0
0
0
0
0
0
0
0
0
0
0
0
216
255
76
9
10
197
255
255
194
6
2
5
0
5
0
0
0
0
0
0
0
0
0
0
0
0
0
6
201
250
0
4
0
96
251
255
122
0
1
35
31
0
5
0
0
0
0
0
0
0
0
0
0
0
0
63
241
255
0
9
0
93
252
255
176
4
0
110
227
120
1
0
0
0
0
0
0
0
0
0
0
0
0
164
255
246
8
0
2
147
249
244
204
0
6
126
255
240
16
0
0
0
0
0
0
0
0
0
0
0
0
15
211
254
109
0
15
153
255
255
255
182
140
163
255
253
69
0
0
0
0
0
0
0
0
0
0
0
0
0
111
255
129
1
49
250
236
247
231
235
251
255
254
177
1
0
0
0
0
0
0
0
0
0
0
0
0
7
107
244
207
143
224
255
219
69
69
236
253
243
176
27
1
0
0
0
0
0
0
0
0
0
0
0
0
0
5
222
255
255
253
241
110
0
7
24
46
53
0
0
8
0
0
0
0
0
0
0
0
0
0
0
0
0
23
133
240
252
221
95
0
0
1
4
2
6
0
0
0
0
0
0
0
0
0
0
0
0
0
0
0
2
0
0
18
0
4
7
0
1
2
0
1
0
0
17
0
0
0
0
0
0
0
0
0
0
0
0
0
0
0
0
0
0
0
0
0
0
0
0
0
0
0
0
0
0
0
0
0
0
0
0
0
0
0
0
0
0
0
0
0
0
0
0
0
0
0
0
0
0
0
0
0
0
0
0
0
0
0
0
0
0
0
0
0
0
0
0
0
0
0
0
0
0
0
0
0
0
0
0
0
0
0
0
0
0
0
0
0
0
0
0
0
0
0
0
0
0
0
0
0
0
0
0
0
0
0
0
0
0
0
0
0
