9
0
0
0
0
0
0
0
0
2
3
1
3
5
0
0
4
2
3
0
0
1
0
0
1
0
0
0
0
0
0
0
0
0
0
0
0
0
3
1
0
0
0
6
5
0
0
7
0
4
0
0
0
0
0
0
0
0
0
0
0
0
0
0
0
4
0
0
10
9
5
0
0
9
0
4
0
3
0
8
0
0
0
0
0
0
0
0
0
0
0
0
0
1
0
6
4
0
0
2
3
1
0
3
9
6
0
2
0
0
0
0
0
0
0
0
0
0
0
0
0
1
1
0
0
2
17
10
0
2
1
0
5
0
0
0
19
0
0
0
0
0
0
0
0
0
0
0
0
5
0
0
4
6
0
0
20
0
3
0
0
6
11
0
0
0
0
0
0
0
0
0
0
0
0
0
0
0
1
0
7
17
7
63
174
255
232
138
0
1
0
3
0
0
0
0
0
0
0
0
0
0
0
0
0
0
13
0
28
167
255
255
252
249
255
212
14
13
0
11
2
0
0
0
0
0
0
0
0
0
0
0
0
2
0
34
227
240
252
254
253
249
255
248
93
0
2
1
2
0
0
0
0
0
0
0
0
0
0
0
0
0
51
204
247
255
255
139
68
239
253
254
84
0
0
0
0
0
0
0
0
0
0
0
0
0
0
0
0
3
99
252
249
198
50
28
0
218
255
255
97
0
4
0
18
0
0
0
0
0
0
0
0
0
0
0
0
26
235
250
255
65
0
0
0
236
253
220
47
0
16
0
0
0
0
0
0
0
0
0
0
0
0
0
0
96
255
252
53
0
2
0
104
253
251
229
5
8
0
4
0
0
0
0
0
0
0
0
0
0
0
0
0
86
252
245
3
3
4
0
213
247
255
200
8
0
6
0
13
0
0
0
0
0
0
0
0
0
0
0
0
82
255
255
0
4
5
100
229
254
246
144
0
0
34
0
0
0
0
0
0
0
0
0
0
0
0
0
0
103
240
242
129
75
195
250
252
255
255
219
0
21
0
0
13
0
0
0
0
0
0
0
0
0
0
0
0
66
244
252
251
254
255
254
247
255
249
229
0
19
0
0
11
0
0
0
0
0
0
0
0
0
0
0
0
0
181
253
255
243
255
198
133
250
255
170
10
4
0
0
0
0
0
0
0
0
0
0
0
0
0
0
0
22
8
22
8
28
21
4
8
234
243
110
0
0
8
8
3
0
0
0
0
0
0
0
0
0
0
0
0
0
0
21
9
0
0
0
102
254
251
106
0
0
7
0
5
0
0
0
0
0
0
0
0
0
0
0
0
10
4
0
4
0
7
19
205
251
253
57
0
12
1
0
0
0
0
0
0
0
0
0
0
0
0
0
0
5
0
0
0
38
3
67
241
255
235
0
0
1
0
5
1
0
0
0
0
0
0
0
0
0
0
0
0
0
0
15
45
208
203
254
255
243
152
0
12
0
0
6
1
0
0
0
0
0
0
0
0
0
0
0
0
0
3
7
170
255
249
250
253
130
0
8
4
0
6
0
0
0
0
0
0
0
0
0
0
0
0
0
0
0
3
0
255
251
244
238
50
0
0
0
0
0
0
0
0
0
0
0
0
0
0
0
0
0
0
0
0
0
17
0
97
243
232
24
9
0
0
0
0
0
0
0
0
0
0
0
0
0
0
0
0
0
0
0
0
2
0
9
5
0
2
0
9
0
0
0
0
0
0
0
0
0
0
0
0
0
0
0
0
0
0
0
0
1
22
0
0
29
0
3
0
0
0
0
0
0
0
0
0
0
0
0
0
