0
0
0
0
0
0
0
0
0
8
5
0
0
7
0
4
0
14
0
0
10
0
0
3
1
0
0
0
0
0
0
0
0
0
0
0
0
0
0
9
7
0
0
0
11
0
3
2
0
3
8
0
0
0
0
0
0
0
0
0
0
0
0
0
0
6
0
5
0
0
11
0
0
7
5
2
2
0
0
0
8
0
0
0
0
0
0
0
0
0
0
0
0
7
0
6
0
0
4
0
1
0
0
9
3
0
3
16
0
0
0
0
0
0
0
0
0
0
0
0
0
0
0
0
7
14
7
5
0
14
0
0
0
11
3
0
0
0
0
0
0
0
0
0
0
0
0
0
0
3
9
0
1
23
57
140
175
149
130
37
0
9
0
0
19
0
0
0
0
0
0
0
0
0
0
0
0
5
0
19
116
219
255
255
240
244
255
189
50
0
8
11
1
0
0
0
0
0
0
0
0
0
0
0
0
0
59
185
255
255
240
212
237
255
237
255
228
69
0
2
0
0
0
0
0
2
4
0
7
0
1
3
0
26
253
249
255
247
255
55
26
178
166
253
255
216
61
0
2
0
0
9
0
0
5
0
2
8
14
0
78
240
246
249
171
107
99
11
1
0
1
116
244
255
108
14
0
3
0
0
0
0
6
7
0
0
0
22
208
250
255
171
3
6
16
0
2
0
18
0
189
230
244
90
2
1
8
0
0
5
0
0
0
0
13
167
255
255
229
80
10
0
0
1
0
11
0
2
2
217
250
212
19
0
11
0
3
8
0
0
10
8
122
255
247
232
140
0
0
0
0
3
2
0
0
0
0
119
255
255
168
0
0
4
4
0
4
0
9
1
193
255
247
255
90
4
0
4
12
0
0
0
9
0
0
3
198
245
245
50
0
3
0
0
9
5
2
0
152
248
255
254
0
0
19
0
0
8
2
0
5
7
8
0
160
252
245
159
0
1
0
6
0
0
2
3
87
255
245
250
110
7
0
0
12
0
0
10
0
4
1
0
95
255
253
253
7
1
0
4
0
0
0
14
44
255
238
255
173
0
8
7
0
5
3
0
6
0
0
0
8
137
247
250
10
0
0
0
13
12
0
0
40
245
255
240
255
69
0
0
5
0
0
5
0
0
10
0
15
178
255
190
6
0
0
0
2
0
0
0
6
149
245
246
251
192
16
2
0
6
1
0
12
0
0
6
0
133
253
99
0
2
3
4
0
0
2
7
0
28
117
219
255
241
153
2
2
0
0
0
14
18
61
250
212
232
168
21
0
0
1
0
8
4
0
4
9
0
7
0
166
248
254
90
0
0
0
4
56
80
255
242
164
42
0
0
0
0
0
0
2
6
0
1
11
0
0
0
24
221
255
237
117
86
43
131
247
255
208
87
12
2
0
0
5
4
2
6
0
0
1
0
0
0
11
16
0
143
247
247
255
240
255
255
243
134
32
0
0
0
11
6
1
4
2
2
0
13
0
0
0
13
0
0
12
0
121
255
255
235
139
137
42
0
1
0
11
0
0
5
0
0
0
0
0
0
0
0
0
0
0
2
0
2
20
39
42
23
3
0
0
0
0
0
0
0
0
0
0
0
0
0
0
0
0
0
0
0
0
2
0
0
0
9
12
5
0
0
0
0
0
0
0
0
0
0
0
0
0
0
0
0
0
0
0
0
0
3
0
0
0
0
0
0
0
0
0
0
0
0
0
0
0
0
0
0
0
0
0
0
0
0
0
0
0
0
1
3
2
1
1
1
2
0
0
0
0
0
0
0
0
0
0
0
0
