0
0
0
0
0
0
0
0
0
0
6
0
0
1
18
0
0
0
15
0
5
4
0
10
4
0
0
0
0
0
0
0
0
0
0
0
0
20
0
13
14
0
0
0
0
9
0
9
1
3
14
0
0
0
0
0
0
0
0
0
0
0
0
0
0
0
18
0
0
0
6
5
16
0
4
0
4
0
0
20
0
0
0
0
0
0
0
0
0
0
0
0
0
8
0
0
9
10
140
239
152
74
0
7
8
0
4
0
8
0
0
0
0
0
0
0
0
0
0
0
0
0
11
14
0
172
253
255
255
147
15
0
0
2
11
0
2
0
0
0
0
0
0
0
0
0
0
0
0
0
17
0
135
255
255
239
253
201
155
59
6
0
0
27
0
0
0
0
0
0
0
0
0
0
0
0
0
1
0
2
255
255
248
241
255
255
255
242
118
26
17
0
0
0
0
0
0
0
0
0
0
0
0
0
0
2
0
149
249
255
196
53
137
209
251
254
255
153
4
0
9
0
0
0
0
0
7
0
0
5
5
0
0
0
152
251
244
246
46
0
11
71
206
236
255
248
52
0
13
0
0
0
0
0
3
0
5
4
3
0
0
108
232
251
255
144
15
0
0
0
87
255
252
252
166
1
0
0
0
0
0
0
2
0
12
0
0
0
29
215
255
255
217
36
0
5
0
0
16
248
252
255
255
35
0
0
0
0
0
5
0
1
5
0
0
6
128
253
240
255
102
0
3
2
3
5
0
158
241
243
252
34
0
0
0
0
0
0
0
9
0
0
11
38
233
255
243
219
7
0
4
0
0
6
4
117
255
255
255
36
8
0
0
0
0
0
0
11
0
0
8
82
255
255
255
121
0
7
1
0
0
0
0
140
243
246
255
16
0
0
0
0
0
1
0
2
0
0
7
163
251
251
215
28
2
0
2
6
0
10
13
223
250
246
255
33
9
0
0
0
0
3
2
0
8
0
23
251
254
253
148
0
15
0
3
0
0
3
3
255
255
249
245
41
0
0
0
0
0
3
0
4
3
0
104
253
242
246
156
0
0
0
10
1
0
0
16
250
249
255
248
26
0
0
0
0
0
7
3
0
0
14
154
242
255
250
20
2
0
1
0
0
2
0
88
255
250
249
157
17
0
0
0
0
0
0
5
12
0
0
161
235
255
255
25
10
0
2
1
12
1
60
232
223
235
255
28
1
12
0
0
0
0
9
0
3
0
0
166
255
241
255
88
0
5
0
0
18
104
218
245
255
250
158
7
0
0
0
0
0
0
10
0
0
11
1
106
248
255
255
245
196
119
97
184
188
255
255
236
237
126
4
1
6
2
0
0
0
0
0
11
2
8
1
5
133
247
237
255
255
255
245
250
255
250
250
252
102
18
0
0
2
4
0
0
0
0
3
10
0
0
1
0
23
105
194
245
242
255
255
243
255
152
82
16
0
0
0
17
0
0
0
0
0
0
0
3
7
11
0
17
0
2
4
0
3
0
0
4
0
4
0
6
0
0
11
0
0
6
0
0
0
0
0
0
0
0
0
0
0
0
0
0
0
0
0
0
0
0
0
0
0
0
0
0
0
0
0
0
0
0
0
0
0
0
0
0
0
0
0
0
0
0
0
0
0
0
0
0
0
0
0
0
0
0
0
0
0
0
0
0
0
0
0
0
0
0
0
0
0
0
0
0
0
0
0
0
0
0
0
0
0
0
0
0
0
0
0
0
0
0
0
0
0
0
0
0
0
0
0
0
0
0
0
0
0
0
0
0
0
0
0
0
0
0
