4
0
6
0
4
1
0
8
7
0
3
4
1
0
0
0
0
3
1
0
0
15
0
18
0
0
0
0
0
1
5
0
0
5
15
3
0
0
0
0
0
0
0
0
0
0
8
14
4
0
0
0
8
0
0
0
0
4
2
0
9
0
0
0
4
2
0
0
0
0
2
1
0
0
0
0
0
12
6
0
0
0
0
0
0
0
14
0
0
0
19
19
0
3
1
1
3
3
0
0
0
5
8
0
1
28
0
0
12
0
0
0
0
0
7
0
7
0
0
7
0
0
0
3
7
4
0
0
2
0
1
71
185
231
172
21
0
0
0
0
0
4
0
0
12
0
5
40
4
0
0
0
3
2
0
0
5
3
24
213
255
255
160
0
0
0
0
0
0
0
5
0
0
4
207
210
86
17
3
0
0
2
0
0
4
0
75
249
251
219
122
21
3
0
0
0
0
2
0
15
12
0
246
255
226
40
15
0
0
3
1
0
0
61
234
251
255
47
10
0
0
0
0
0
0
1
0
4
3
0
247
251
254
91
0
0
3
6
3
3
0
88
238
255
176
0
6
1
0
0
2
15
0
0
2
0
0
0
145
249
251
84
0
7
4
0
0
4
0
90
255
250
102
20
0
6
0
0
0
0
9
1
8
0
0
7
94
249
254
128
0
0
0
0
2
9
0
112
255
230
85
0
0
7
7
5
14
0
0
0
7
1
6
3
119
246
255
179
19
0
9
7
1
5
0
242
245
228
0
0
0
0
1
0
0
13
0
0
4
0
3
0
119
245
253
102
0
0
0
0
0
0
1
204
255
225
0
0
27
23
122
173
0
6
0
0
9
0
0
9
103
254
251
71
0
10
7
8
11
9
0
237
243
211
10
134
159
255
255
252
16
0
0
2
9
0
1
9
163
255
251
86
7
1
0
0
0
0
5
228
250
255
244
255
255
250
171
58
0
9
5
0
0
5
0
0
255
255
247
86
0
0
2
14
3
49
148
249
245
239
255
242
219
54
17
2
8
0
0
0
19
0
6
0
140
255
247
127
27
0
63
212
203
213
248
246
255
245
223
58
33
0
0
0
0
0
0
5
0
0
0
0
48
215
255
249
202
188
186
235
250
255
254
255
239
255
108
5
0
0
5
0
0
0
0
3
0
3
0
2
0
148
246
255
243
255
255
251
255
233
120
162
254
238
104
0
0
0
6
0
0
0
0
0
4
0
8
0
0
63
125
135
204
255
205
41
0
0
0
89
246
255
248
22
0
12
0
0
0
0
0
0
17
0
7
0
8
0
11
6
14
12
24
0
8
2
0
0
160
255
255
140
13
0
7
0
0
0
0
0
5
0
0
0
0
0
0
0
10
4
9
0
4
0
2
18
42
238
231
255
186
8
17
0
0
0
0
1
0
4
0
6
0
6
10
6
5
0
0
0
7
1
0
1
0
67
224
255
227
242
46
0
0
0
0
0
0
6
4
0
1
0
0
1
0
4
12
0
0
2
0
0
0
4
6
108
109
125
37
0
0
0
0
0
0
0
0
0
0
0
0
0
0
0
0
0
0
0
0
0
0
0
0
0
0
0
0
0
0
0
0
0
0
0
0
0
0
0
0
0
0
0
0
0
0
0
0
0
0
0
0
0
0
0
0
0
0
0
0
0
0
0
0
0
0
0
0
0
0
0
0
0
0
0
0
0
0
0
0
0
0
0
0
0
0
0
0
0
0
0
0
0
0
0
0
0
0
0
0
0
0
0
0
0
0
0
0
0
0
0
0
0
0
0
0
