2
0
0
0
0
0
0
0
0
0
0
0
6
0
0
0
0
0
20
0
0
18
0
2
0
0
0
0
0
0
0
0
0
0
0
0
0
11
3
0
0
14
0
0
14
0
0
0
3
18
4
0
0
0
0
0
0
0
0
0
0
0
0
0
0
0
12
14
0
0
5
0
0
10
1
14
5
0
0
6
8
0
0
0
0
0
0
0
0
0
0
0
0
8
0
0
8
0
14
5
5
0
2
0
6
4
13
0
0
0
0
0
0
0
0
0
0
0
0
0
0
0
13
0
0
30
105
184
255
255
215
33
0
9
0
0
10
0
0
0
0
0
0
0
0
0
0
0
0
0
0
0
45
232
246
218
212
169
255
108
2
8
0
0
5
0
0
0
0
0
0
0
0
0
0
0
0
0
13
102
213
255
111
0
0
47
243
164
8
0
0
6
0
0
0
0
0
0
0
0
0
0
0
0
0
7
116
236
248
64
10
8
11
168
255
156
0
3
5
4
1
0
0
0
0
0
0
0
0
0
0
0
0
0
231
234
53
6
0
5
18
255
234
113
0
4
0
0
10
0
0
0
0
0
0
0
0
0
0
0
0
55
239
127
17
0
0
1
44
240
252
41
0
3
4
1
0
0
0
0
0
0
0
0
0
0
0
0
0
0
83
43
0
1
13
0
134
251
201
0
1
0
7
5
0
0
0
0
0
0
0
0
0
0
0
0
0
1
12
4
15
0
1
24
221
255
84
2
3
0
0
5
0
0
0
0
0
0
0
0
0
0
0
0
0
0
0
0
1
21
0
166
255
202
7
12
0
1
0
0
5
0
0
0
0
0
0
0
0
0
0
0
0
5
4
16
0
0
44
237
239
68
6
0
0
9
0
0
2
0
0
0
0
0
0
0
0
0
0
0
0
0
4
0
3
0
209
255
222
0
10
0
0
8
0
5
0
0
0
0
0
0
0
0
0
0
0
0
0
2
0
11
0
128
229
233
40
4
0
7
8
0
0
15
0
0
0
0
0
0
0
0
0
0
0
0
0
0
5
0
28
246
249
139
0
0
0
12
0
4
0
3
0
0
0
0
0
0
0
0
0
0
0
0
0
4
3
6
131
244
172
23
7
15
0
0
0
1
1
0
0
0
0
0
0
0
0
0
0
0
0
0
0
0
0
68
255
238
64
0
0
0
13
13
7
0
12
7
2
0
0
0
0
0
0
0
0
0
0
0
0
2
18
143
246
235
25
0
1
6
3
18
56
32
0
0
7
0
0
0
0
0
0
0
0
0
0
0
0
0
66
255
243
104
0
25
118
159
187
249
255
191
60
2
3
0
0
0
0
0
0
0
0
0
0
0
0
10
200
255
248
122
160
219
242
244
251
231
131
58
0
1
0
0
0
0
0
0
0
0
0
0
0
0
0
0
241
251
249
255
244
255
247
159
88
23
0
0
0
0
8
0
0
0
0
0
0
0
0
0
0
0
0
15
0
219
248
250
159
136
20
0
0
0
7
0
1
0
4
0
0
0
0
0
0
0
0
0
0
0
0
0
0
0
0
0
0
0
0
0
0
0
0
0
0
0
0
0
0
0
0
0
0
0
0
0
0
0
0
0
0
0
0
0
0
0
0
0
0
0
0
0
0
0
0
0
0
0
0
0
0
0
0
0
0
0
0
0
0
0
0
0
0
0
0
0
0
0
0
0
0
0
0
0
0
0
0
0
0
0
0
0
0
0
0
0
0
0
0
0
0
0
0
0
0
0
0
0
0
0
0
0
0
0
0
