8
0
0
0
0
0
0
0
0
0
8
0
0
0
0
0
11
3
0
2
4
0
0
0
3
8
0
0
5
0
0
0
0
0
0
0
0
0
0
0
2
0
0
0
0
0
2
6
1
0
5
2
0
0
0
0
0
0
0
0
0
0
0
0
0
6
10
0
0
13
12
0
4
0
8
0
0
4
0
2
0
3
8
9
4
0
0
0
0
0
0
0
0
0
0
3
1
0
0
0
0
5
2
0
0
7
0
5
13
0
0
0
0
0
0
0
0
0
0
0
0
12
0
0
1
0
4
16
0
0
2
26
0
3
0
0
0
3
3
0
0
0
0
0
0
0
0
0
0
0
16
0
0
50
94
143
219
255
249
233
71
0
3
14
12
0
0
6
9
0
0
0
0
0
0
0
0
0
3
0
62
200
255
249
248
169
173
250
104
4
0
0
0
7
0
0
0
0
0
0
0
0
0
0
0
4
10
162
255
239
216
172
40
0
8
173
90
5
0
4
54
127
65
10
0
0
0
0
0
0
0
0
0
0
154
251
246
175
16
8
0
0
0
16
11
0
20
136
255
154
36
0
5
0
0
0
0
0
0
0
0
86
225
255
118
0
2
0
0
6
0
0
5
31
135
253
176
42
0
0
13
0
0
0
0
0
0
0
0
143
248
253
9
0
0
5
0
0
6
0
8
145
236
224
1
0
0
3
5
0
0
0
0
0
0
0
0
204
249
158
0
0
0
0
0
15
0
36
228
239
177
0
1
3
8
3
0
0
0
0
0
0
0
0
0
216
238
147
2
0
1
6
0
0
96
244
243
140
49
0
4
0
2
0
0
0
0
0
0
0
0
0
0
134
255
233
3
8
5
0
21
101
255
255
133
14
0
0
1
0
0
0
1
0
0
0
0
0
0
0
0
56
254
247
110
1
7
5
126
255
236
142
3
20
0
10
0
6
3
1
0
0
0
0
0
0
0
0
0
3
134
250
255
87
15
169
255
255
70
5
0
0
9
0
4
0
0
2
1
0
0
0
0
0
0
0
0
6
0
180
255
248
196
255
230
56
12
0
0
1
1
10
0
0
0
0
0
0
0
0
0
0
0
0
0
0
16
0
176
255
255
212
0
20
0
0
25
0
2
0
2
0
0
0
0
0
0
0
0
0
0
0
0
6
0
14
239
255
241
255
104
0
0
0
1
0
0
4
1
0
0
0
0
0
0
0
0
0
0
0
0
0
10
227
255
242
225
233
248
119
5
12
0
6
0
10
0
0
0
0
0
0
0
0
0
0
0
0
0
6
98
255
246
86
15
178
254
249
0
13
0
0
2
0
5
0
0
0
0
0
0
0
0
0
0
0
0
3
153
247
181
20
0
0
196
250
98
0
0
0
1
0
8
0
0
0
0
0
0
0
0
0
0
0
0
0
155
255
196
16
51
79
201
251
191
3
2
18
0
0
0
0
0
0
0
0
0
0
0
0
0
0
0
3
38
218
255
246
255
255
254
255
67
7
3
0
0
0
6
0
0
0
0
0
0
0
0
0
0
0
0
0
0
35
132
230
255
240
205
101
22
0
2
0
0
6
0
0
0
0
0
0
0
0
0
0
0
0
0
9
0
0
7
8
0
0
0
15
0
0
11
0
0
7
0
0
0
0
0
0
0
0
0
0
0
0
0
0
0
0
0
0
0
3
15
0
0
6
5
0
0
12
0
0
0
0
0
0
0
0
0
0
0
0
0
7
0
0
5
10
3
0
0
8
4
4
0
0
3
11
0
0
0
0
0
