9
0
0
0
0
0
0
0
0
1
0
9
0
2
0
8
1
0
0
0
0
0
0
2
7
0
0
0
0
0
0
0
0
0
0
0
0
1
0
5
3
15
0
0
0
0
2
4
7
6
3
0
0
0
0
0
0
0
0
0
0
0
0
0
0
9
0
0
0
0
0
1
0
6
0
0
0
0
0
0
0
0
0
0
0
0
0
0
0
0
0
0
0
0
2
8
0
3
11
11
0
0
0
2
7
10
10
7
4
0
0
0
0
0
0
0
0
0
0
0
0
0
8
6
0
0
0
0
0
1
3
3
2
0
0
0
0
0
0
0
0
0
0
0
0
0
0
0
0
0
0
0
8
0
1
0
16
0
0
0
0
1
4
6
6
0
0
0
0
0
0
0
0
0
0
0
0
0
5
0
4
0
12
0
0
14
4
0
0
2
4
0
0
0
0
0
0
0
0
0
0
0
0
0
0
0
17
0
2
55
190
253
255
250
184
93
23
0
0
0
3
0
0
0
0
3
0
1
6
0
0
7
0
6
0
164
213
232
243
255
251
254
255
250
144
8
0
0
0
0
0
0
0
0
2
1
1
0
1
5
0
44
195
244
255
255
208
173
190
237
255
241
244
62
0
9
0
0
0
0
0
0
7
1
0
4
4
0
8
80
239
248
219
95
23
10
0
35
191
249
255
100
6
0
4
0
0
0
0
0
8
1
0
5
0
0
52
255
255
149
41
8
0
0
0
10
12
211
255
60
0
2
2
0
0
0
0
1
3
2
0
6
0
8
108
250
219
54
0
0
0
0
14
0
3
220
210
8
0
0
2
0
0
0
0
2
0
4
0
7
0
15
127
255
216
1
9
8
11
3
0
5
174
255
176
0
12
0
6
0
0
0
0
2
0
7
0
4
0
4
90
247
255
69
5
0
0
41
140
219
255
250
181
0
0
8
0
0
0
0
0
3
0
9
0
0
2
0
40
250
254
255
196
129
152
230
255
254
255
246
135
2
0
4
0
0
0
0
0
0
0
0
0
0
0
0
0
138
215
255
249
244
255
255
220
129
255
237
62
10
0
7
10
0
0
0
0
0
0
0
0
0
0
0
0
1
32
133
247
254
152
57
28
57
248
195
3
0
2
2
0
0
0
0
0
0
0
0
0
0
0
0
0
3
0
0
0
0
2
0
0
133
251
133
0
6
5
0
0
0
0
0
0
0
0
0
0
0
0
0
0
4
6
5
0
0
0
3
5
227
252
118
6
4
0
9
2
0
0
0
0
0
0
0
0
0
0
0
0
0
0
3
17
11
0
0
1
172
252
158
10
0
0
13
0
0
0
0
0
0
0
0
0
0
0
0
0
4
10
4
0
0
7
9
0
123
255
194
0
7
1
0
0
0
0
0
0
0
0
0
0
0
0
0
0
4
0
0
3
6
0
0
0
112
249
216
0
14
3
0
1
0
0
0
0
0
0
0
0
0
0
0
0
0
5
7
0
0
1
5
3
57
201
240
1
0
0
15
0
0
0
0
0
0
0
0
0
0
0
0
0
0
0
0
0
0
0
0
0
9
78
245
0
0
8
0
0
0
0
0
0
0
0
0
0
0
0
0
0
0
0
0
0
0
0
0
0
1
56
210
18
4
2
0
9
0
0
0
0
0
0
0
0
0
0
0
0
0
0
0
0
0
0
0
0
0
14
123
21
7
0
0
8
0
0
0
0
0
0
0
0
0
0
0
0
0
0
0
0
0
0
0
0
0
0
30
1
0
0
1
0
0
0
0
0
