0
0
0
0
0
0
0
0
0
0
11
0
0
16
1
0
0
0
6
9
0
0
5
2
0
0
0
0
0
0
0
0
0
0
0
0
0
0
0
9
0
0
5
0
14
14
0
0
5
0
5
5
0
0
0
0
0
0
0
0
0
0
0
0
0
12
0
0
18
0
5
8
0
0
0
0
10
0
2
0
2
0
0
0
0
0
0
0
0
0
0
0
0
0
0
3
0
0
0
7
0
8
12
0
0
6
11
0
0
0
0
0
0
0
0
0
0
0
0
0
0
5
0
3
7
140
201
124
6
0
0
0
0
13
0
0
10
0
0
0
0
0
0
0
0
0
0
0
0
8
5
1
126
255
245
245
129
122
18
0
7
0
0
21
0
0
0
0
0
0
0
0
0
0
0
0
0
3
0
0
199
237
185
255
249
255
238
69
0
16
26
0
12
0
0
0
0
0
0
0
0
0
0
0
0
0
9
182
255
71
1
1
61
186
255
255
192
0
1
0
6
0
0
0
0
9
0
4
0
7
0
0
3
0
135
255
43
22
4
0
0
3
193
253
255
42
5
4
1
0
0
0
0
4
0
5
0
4
0
4
1
62
252
255
0
0
6
3
2
3
0
154
255
255
58
1
0
0
0
0
0
0
0
4
0
1
0
10
0
255
244
130
8
22
3
0
3
0
9
0
188
255
123
1
10
0
0
0
0
0
3
0
2
0
0
8
0
250
255
110
11
0
0
17
0
2
17
0
11
255
181
62
0
0
0
0
0
0
6
0
1
1
0
0
10
254
255
10
0
15
10
0
0
0
0
1
0
254
255
137
0
0
0
0
0
0
5
0
0
2
0
0
63
255
255
0
0
0
0
0
2
0
9
0
1
255
250
118
4
0
0
0
0
1
3
1
0
2
1
0
135
255
245
1
21
0
0
10
4
0
8
19
0
254
255
0
0
0
0
0
0
0
1
5
0
2
3
0
188
244
255
0
0
1
11
0
0
4
0
0
0
255
245
10
0
0
0
0
0
7
0
1
0
5
5
0
255
255
255
1
1
3
0
0
6
3
5
0
14
255
241
12
0
0
0
0
0
0
1
11
0
0
0
6
252
252
254
134
0
0
17
0
4
9
0
0
72
243
122
0
3
0
0
0
0
0
3
0
1
0
7
0
130
255
255
176
17
0
0
12
0
0
0
5
244
255
73
13
0
0
0
0
0
3
3
0
1
7
13
0
7
252
255
248
0
16
5
0
0
0
6
197
246
132
0
0
7
0
0
0
0
0
8
0
1
0
0
0
0
252
255
255
187
0
6
0
18
9
186
255
200
16
0
10
0
0
0
0
0
0
4
5
6
0
0
10
4
3
194
255
243
196
4
2
47
203
246
185
0
0
2
7
6
0
0
0
0
3
0
0
7
2
0
0
0
0
137
252
255
255
249
243
255
243
201
68
8
16
0
0
2
0
0
0
0
8
0
0
4
0
0
0
3
12
0
50
255
250
248
255
243
136
0
1
0
8
0
7
0
0
0
0
0
0
0
0
0
0
0
0
0
0
0
0
0
0
0
0
0
0
0
0
0
0
0
0
0
0
0
0
0
0
0
0
0
0
0
0
0
0
0
0
0
0
0
0
0
0
0
0
0
0
0
0
0
0
0
0
0
0
0
0
0
0
0
0
0
0
0
0
0
0
0
0
0
0
0
0
0
0
0
0
0
0
0
0
0
0
0
0
0
0
0
0
0
0
0
0
0
0
0
0
0
0
0
0
0
0
0
0
0
0
0
0
0
