3
1
6
0
8
0
3
9
0
7
0
0
7
4
0
0
0
3
1
0
0
10
5
0
0
0
0
0
0
0
1
0
17
10
0
14
3
0
0
3
2
0
1
4
0
0
2
21
7
0
0
4
5
0
0
0
0
0
0
0
4
8
0
0
0
0
29
3
0
7
2
0
13
10
0
2
0
2
0
13
0
0
0
0
0
11
0
0
0
0
22
0
0
0
0
5
13
1
7
15
0
5
0
1
0
4
0
2
8
0
0
0
0
0
0
13
7
1
0
1
4
19
3
0
0
0
0
0
2
0
11
9
0
17
5
0
0
0
0
0
0
4
9
0
0
5
6
204
255
232
130
108
113
87
149
248
255
255
232
128
16
0
5
10
4
0
0
0
0
0
2
0
5
11
75
238
255
255
243
245
255
253
249
251
247
251
255
231
141
4
0
3
1
0
0
0
0
4
0
0
2
0
201
254
249
255
249
252
253
248
253
255
254
249
245
255
227
44
4
4
0
0
0
0
0
0
2
0
0
12
180
241
255
254
244
243
255
198
134
206
255
255
244
255
252
80
5
0
4
0
0
0
0
0
3
7
0
0
100
255
221
191
182
183
108
9
88
238
255
255
255
238
130
10
0
6
0
0
0
0
0
0
1
3
1
7
23
159
93
16
77
170
183
177
235
255
243
247
231
170
20
5
10
4
0
0
0
0
0
0
5
0
2
14
0
4
81
255
255
255
254
247
250
255
255
234
31
2
0
0
0
9
0
0
0
0
0
0
9
0
0
0
0
0
180
253
245
244
255
253
255
234
100
9
0
6
1
5
11
0
0
0
0
0
0
0
3
1
0
4
0
20
126
250
255
241
238
248
255
255
135
41
4
0
15
2
0
0
8
0
0
0
0
1
0
5
4
12
0
4
2
170
242
255
255
254
235
245
255
221
158
7
0
7
8
0
0
0
0
0
0
7
0
5
0
0
9
0
4
3
41
159
247
255
255
255
255
251
252
248
255
155
29
21
0
0
0
0
0
9
0
2
0
0
3
0
0
0
15
0
42
44
168
217
255
255
240
250
251
255
226
55
0
0
15
0
1
0
0
7
2
3
11
2
13
2
0
2
1
0
6
53
93
214
245
243
247
245
255
219
129
2
0
0
0
0
0
8
0
0
0
0
0
0
0
5
11
13
0
0
0
0
0
54
190
255
234
245
240
132
0
19
9
0
0
3
0
1
6
2
1
12
0
0
0
0
1
3
0
7
20
0
4
179
255
255
239
249
0
0
0
0
0
0
2
3
0
0
0
0
0
0
0
0
0
3
4
1
26
33
77
218
251
239
255
255
0
0
0
2
3
0
2
0
0
3
18
2
48
142
129
88
17
76
131
174
236
253
255
255
241
255
254
157
8
13
1
0
0
0
8
1
8
90
158
247
225
247
245
255
228
248
250
248
255
245
255
248
255
246
197
16
0
0
0
0
5
0
1
0
13
145
255
250
255
254
255
238
255
255
250
255
246
255
252
240
206
69
52
0
14
0
3
3
0
0
4
0
0
20
55
111
222
255
246
254
251
241
255
248
255
255
193
90
10
0
7
0
0
0
0
4
0
0
5
1
0
0
10
0
11
0
0
8
13
0
1
0
0
0
3
3
0
0
3
0
0
0
0
1
0
0
4
5
0
0
0
13
9
0
0
4
0
0
0
10
2
0
0
2
0
0
0
0
0
0
0
0
0
0
0
2
7
6
1
0
0
2
10
0
0
0
8
0
0
3
2
0
0
1
9
0
0
0
0
