1
0
0
0
0
0
0
0
0
0
13
0
0
1
0
7
0
0
12
7
0
0
5
7
0
0
0
0
0
0
0
0
0
0
0
0
0
0
2
0
4
9
0
7
0
0
0
0
0
8
0
0
6
0
0
0
0
0
0
0
0
0
0
0
0
3
0
0
9
3
0
1
0
0
12
8
0
3
0
0
2
0
0
0
0
0
0
0
0
0
0
0
0
0
0
4
8
0
0
3
4
1
0
0
0
13
9
0
6
0
0
0
0
0
0
0
0
0
0
0
0
0
0
5
1
0
5
6
2
113
228
232
66
0
8
12
0
0
0
0
0
0
0
0
0
0
0
0
0
3
0
0
0
6
9
0
0
249
255
246
109
5
0
0
1
0
0
0
0
0
0
0
0
0
0
0
0
5
3
0
0
8
0
0
42
251
254
245
111
0
0
0
6
0
0
0
0
0
0
0
0
0
0
0
0
0
3
6
0
10
0
15
130
255
252
251
119
0
5
7
0
0
0
0
0
0
0
0
0
0
0
0
0
0
0
2
0
1
0
12
193
254
248
159
5
0
7
6
0
0
0
0
0
0
0
0
0
0
0
0
0
2
0
7
0
10
8
90
247
251
218
65
0
0
0
0
0
0
0
0
0
0
0
0
0
0
0
0
0
2
0
8
0
2
0
155
255
251
194
0
0
6
0
0
6
0
0
0
0
0
0
0
0
0
0
0
0
0
0
5
0
0
7
194
254
255
168
0
10
5
0
10
0
0
0
0
0
0
0
0
0
0
0
0
0
0
4
0
9
0
63
232
255
255
110
4
8
0
0
12
0
0
0
0
0
0
0
0
0
0
0
0
0
1
3
0
4
5
133
250
255
219
43
0
0
3
0
8
0
0
0
0
0
0
0
0
0
0
0
0
0
3
0
0
0
40
201
253
248
114
6
0
0
10
0
4
2
0
0
0
0
0
0
0
0
0
0
0
0
4
0
9
9
86
255
255
248
7
0
7
0
9
0
0
0
0
0
0
0
0
0
0
2
1
0
0
0
4
0
8
0
115
253
238
255
0
0
0
0
0
0
0
0
0
0
0
0
2
2
1
0
0
0
0
1
2
0
0
19
219
255
246
217
0
0
0
0
0
0
0
0
0
0
0
0
0
0
0
0
0
0
0
0
8
1
3
94
255
252
221
23
0
0
0
0
0
0
0
0
0
0
0
0
0
0
0
1
3
2
0
0
0
0
0
156
242
255
217
9
0
0
0
0
0
0
0
0
0
0
0
0
5
3
0
0
1
1
0
0
0
20
29
255
255
244
82
0
0
0
0
0
0
0
0
0
0
0
0
0
24
14
2
0
0
0
2
3
1
0
40
248
234
255
61
11
0
0
0
0
0
0
0
0
0
0
0
0
22
13
1
0
0
0
2
2
0
0
141
255
254
255
57
0
0
0
0
0
0
0
0
0
0
0
0
0
5
1
0
0
3
4
0
0
4
39
227
241
255
163
0
9
0
0
0
0
0
0
0
0
0
0
0
0
0
0
0
0
0
0
0
0
0
0
0
0
0
0
0
0
0
0
0
0
0
0
0
0
0
0
0
0
0
0
0
0
0
0
0
0
0
0
0
0
0
0
0
0
0
0
0
0
0
0
0
0
0
0
0
0
0
0
0
0
0
0
0
0
0
0
0
0
0
0
0
0
0
0
0
0
0
0
0
0
0
0
0
0
0
0
0
0
0
0
0
0
0
0
0
0
0
0
0
0
0
0
0
0
0
0
0
0
0
0
0
0
