9
0
0
0
0
0
0
0
0
0
5
0
0
1
0
0
9
0
0
1
0
1
2
2
0
0
0
0
0
0
0
0
0
0
0
0
0
6
9
1
0
8
7
0
0
19
0
0
0
5
0
0
0
0
0
0
0
1
1
0
0
0
0
0
0
0
0
0
3
1
0
0
16
0
0
10
4
0
4
7
2
0
0
0
0
2
2
1
0
0
0
0
0
0
11
16
0
0
10
8
0
23
1
0
1
5
0
0
3
0
0
0
0
3
2
0
0
0
0
0
0
0
0
0
0
0
0
0
9
0
0
2
4
3
3
0
0
0
0
0
0
2
1
0
0
0
0
1
2
11
0
0
70
152
154
117
110
9
3
0
0
2
8
6
0
0
0
0
0
1
0
0
0
0
1
3
5
0
142
232
244
255
255
243
251
221
102
4
0
4
0
0
8
0
0
0
0
0
0
0
0
0
2
5
6
169
236
255
253
246
194
187
255
255
247
159
31
0
6
21
0
0
0
0
0
1
0
0
13
2
0
91
206
255
244
241
66
41
34
0
82
204
252
255
149
8
1
5
0
0
0
0
0
0
1
12
0
0
103
228
255
255
151
25
4
13
0
11
7
50
239
255
255
139
6
0
2
0
0
0
0
7
0
2
2
85
229
255
237
226
40
22
16
52
158
145
168
241
255
244
240
197
0
14
2
0
0
0
0
0
0
0
0
123
247
250
255
255
131
183
249
255
255
244
248
252
197
255
255
226
26
0
0
0
0
0
0
6
14
2
0
129
255
252
248
244
255
255
249
255
250
255
170
7
0
45
231
255
212
11
0
0
0
0
0
0
0
11
0
19
141
228
255
255
235
255
175
161
112
39
0
3
5
6
231
245
255
70
7
0
0
0
0
19
0
2
7
0
12
47
49
40
56
52
0
0
10
11
0
0
0
12
170
255
246
108
0
0
0
0
0
0
4
0
4
4
0
0
3
8
0
0
3
5
0
0
2
0
7
0
74
255
252
85
9
0
0
0
0
0
0
0
0
0
0
0
0
0
8
0
0
5
3
0
3
6
0
5
33
218
255
177
6
0
0
0
0
0
0
0
0
0
0
0
0
0
10
0
17
2
0
23
0
0
0
0
0
211
246
238
4
0
0
0
0
0
0
0
0
0
0
0
0
11
0
75
196
11
0
0
13
0
7
28
0
194
255
222
7
0
0
0
0
0
0
0
0
0
0
0
0
0
12
237
255
30
0
7
0
5
8
0
132
255
254
231
0
0
0
0
0
0
0
0
0
0
0
0
0
16
141
240
255
24
7
11
0
0
9
71
247
253
254
207
0
0
0
0
0
0
0
0
0
0
0
0
0
0
141
255
255
200
82
10
2
78
125
254
255
249
231
76
0
0
0
0
0
0
0
0
0
0
0
0
0
9
132
221
255
255
255
187
202
253
255
248
245
254
106
1
4
0
0
0
0
0
0
0
0
0
0
0
0
0
4
51
217
245
241
255
241
250
255
248
189
79
0
0
0
0
0
0
0
0
0
0
0
0
0
0
0
0
5
0
0
52
155
238
255
166
122
61
15
0
0
0
1
0
0
0
0
0
0
0
0
0
0
0
0
0
4
4
0
0
0
0
0
10
4
0
0
0
2
0
0
0
0
0
0
0
0
0
0
0
0
0
0
1
0
0
1
4
1
4
13
0
0
1
4
3
0
0
0
0
0
0
0
0
0
0
0
0
0
0
0
9
0
0
4
2
0
0
0
8
8
5
0
0
0
2
8
0
0
0
0
