0
0
0
0
0
0
0
0
0
2
0
0
3
0
0
0
3
0
15
0
10
5
0
2
1
0
0
0
0
0
0
0
0
0
0
0
0
0
0
0
0
0
8
9
2
0
0
4
0
0
9
0
0
0
0
0
0
0
0
0
0
0
0
0
0
5
0
0
14
13
0
0
0
0
0
7
1
0
4
10
0
0
0
0
0
0
0
0
0
0
0
0
0
0
8
8
0
0
0
13
17
4
1
0
9
4
0
12
0
0
0
0
0
0
0
0
0
0
0
0
0
1
0
0
2
6
0
0
0
7
0
4
4
1
5
0
0
0
0
0
0
0
0
0
0
0
0
0
0
0
5
9
0
0
48
158
254
250
212
128
255
227
44
13
14
0
0
0
0
0
0
0
0
0
0
0
0
0
3
0
3
90
209
255
247
254
243
255
255
243
228
22
0
0
0
0
0
0
0
0
0
0
0
0
0
15
0
19
156
255
255
247
255
246
255
238
249
253
254
59
3
0
0
0
0
1
0
0
3
0
0
2
0
3
0
40
248
244
247
222
233
255
255
214
213
255
255
42
3
0
0
0
0
0
0
2
1
0
0
1
0
0
35
197
255
255
177
5
190
252
255
20
170
250
254
63
7
0
0
0
0
0
2
4
0
0
1
3
0
3
69
255
250
110
16
6
211
255
84
20
129
255
255
43
0
0
0
0
0
0
3
1
0
4
8
4
0
0
207
250
184
15
0
50
243
154
0
13
210
255
255
48
10
0
0
0
0
0
4
0
0
8
7
0
0
134
255
233
0
12
0
46
151
19
0
43
237
251
183
4
0
0
0
0
0
1
5
0
0
7
0
0
9
195
235
134
20
0
13
0
0
6
13
241
246
255
93
0
2
0
0
0
0
0
5
0
0
6
0
0
44
234
222
37
0
2
0
7
1
0
82
255
255
195
0
11
0
0
0
0
0
0
5
0
0
8
0
14
79
253
170
0
0
16
0
4
0
44
205
252
243
181
0
6
2
0
0
0
0
4
0
0
3
0
0
11
172
249
166
0
0
0
10
14
0
147
255
249
188
21
0
11
0
0
0
0
0
1
0
4
0
0
0
5
167
255
112
14
0
11
0
0
127
233
236
255
95
2
0
18
0
0
0
0
0
0
0
9
0
2
5
0
169
240
72
0
4
31
0
48
223
255
251
177
10
0
12
0
10
0
0
0
0
3
0
9
0
4
5
0
179
255
110
0
6
0
121
246
255
244
232
0
2
8
0
1
2
0
0
0
0
8
0
4
0
4
1
0
175
255
161
11
0
109
255
250
255
191
48
9
0
0
15
0
3
0
0
0
0
7
0
0
1
2
0
1
133
240
244
182
189
255
255
242
244
66
1
0
0
7
0
9
0
0
0
0
0
0
4
0
1
0
3
2
62
255
248
243
255
237
255
245
49
0
8
0
0
0
4
0
3
0
0
0
0
0
10
0
0
0
8
2
6
192
255
255
248
254
216
23
3
1
1
0
9
0
0
11
0
0
0
0
0
0
0
0
0
0
0
0
0
51
219
255
147
61
22
0
1
0
0
0
0
0
0
0
0
0
0
0
0
0
0
0
0
0
0
0
0
0
15
0
0
13
5
0
0
0
0
0
0
0
0
0
0
0
0
0
0
0
0
0
0
0
0
0
0
2
3
0
0
3
2
2
17
0
0
0
0
0
0
0
0
0
0
0
0
0
0
0
0
0
0
0
0
0
4
11
0
0
2
0
0
0
0
0
0
0
0
0
0
0
0
0
0
