0
0
0
0
0
0
0
0
0
0
1
18
0
2
1
7
0
3
0
1
5
0
11
0
11
0
0
0
0
0
0
0
0
0
0
0
0
7
0
0
3
6
0
0
3
6
0
13
0
0
0
11
0
0
0
0
0
0
0
0
0
0
0
0
0
1
12
0
0
3
5
0
2
4
0
0
4
3
12
13
0
0
0
0
0
0
0
0
0
0
0
0
0
0
0
0
2
3
0
7
0
0
0
6
2
8
0
0
6
0
0
0
0
0
0
0
0
0
0
0
0
7
0
18
0
15
101
248
251
190
90
58
0
0
10
13
1
0
0
0
0
0
0
0
0
0
0
0
0
0
31
0
11
200
245
243
255
255
236
229
159
0
4
2
0
0
0
0
0
0
0
0
0
0
0
0
0
21
0
54
246
255
243
255
246
236
255
245
222
46
1
0
7
0
0
0
0
0
0
0
0
0
0
0
0
0
3
68
255
246
248
178
61
60
183
243
255
236
14
0
5
0
0
0
0
0
0
2
0
4
2
0
6
11
60
239
249
249
179
9
0
2
0
199
255
246
34
7
0
0
0
0
0
1
0
1
0
0
0
0
0
0
142
246
255
248
79
7
0
6
0
111
252
247
185
0
0
0
0
0
0
0
4
0
0
0
3
6
0
53
255
254
247
186
1
0
11
0
16
114
246
255
187
0
17
0
0
0
0
0
7
0
4
0
2
2
0
171
252
255
242
40
0
8
1
0
0
5
217
255
214
3
0
0
0
0
0
1
10
0
5
0
0
0
15
203
255
251
160
0
24
0
2
2
16
68
246
241
184
11
0
0
0
0
0
0
6
0
7
4
2
0
98
236
254
231
89
0
1
9
0
2
0
118
245
255
235
57
12
0
0
0
0
0
2
0
6
3
7
16
202
248
255
182
8
13
0
0
8
4
5
110
255
237
206
2
0
0
0
0
0
0
5
1
0
0
0
13
255
251
248
139
0
0
3
0
3
0
0
117
245
255
113
0
6
0
0
0
0
6
0
0
3
0
0
16
255
243
255
46
0
10
0
0
0
0
14
124
243
246
27
7
0
0
0
0
0
0
0
4
0
0
13
19
243
255
237
35
16
0
0
10
0
0
104
239
255
115
11
0
12
0
0
0
0
0
0
10
0
0
8
14
250
255
247
39
0
3
1
0
0
97
254
255
255
85
0
1
0
0
0
0
0
7
0
7
0
0
0
15
255
241
255
48
0
0
11
0
18
253
250
228
136
2
0
20
0
0
0
0
0
5
0
2
0
6
0
14
208
254
244
189
46
82
43
207
225
255
255
161
14
0
0
0
1
0
0
0
0
0
3
1
0
7
5
0
67
221
255
245
254
253
249
255
253
251
225
54
0
23
0
0
1
0
0
0
0
0
10
0
0
4
0
0
0
43
226
249
255
250
252
241
255
238
47
4
0
0
9
9
0
0
0
0
0
0
7
0
3
8
0
14
2
8
180
254
251
247
253
208
86
49
7
0
2
12
0
9
0
0
0
0
0
0
0
0
0
0
0
0
0
0
0
0
0
0
0
0
0
0
0
0
0
0
0
0
0
0
0
0
0
0
0
0
0
0
0
0
0
0
0
0
0
0
0
0
0
0
0
0
0
0
0
0
0
0
0
0
0
0
0
0
0
0
0
0
0
0
0
0
0
0
0
0
0
0
0
0
0
0
0
0
0
0
0
0
0
0
0
0
0
0
0
0
0
0
0
0
0
0
0
0
0
0
0
0
0
0
0
0
0
0
0
0
0
