7
4
4
0
0
0
7
8
0
0
1
1
0
0
4
2
0
0
0
4
6
0
0
0
2
0
0
0
0
0
0
8
10
4
0
0
0
0
0
0
0
0
1
2
0
1
0
0
0
4
3
2
4
0
0
0
0
7
0
0
0
2
1
3
9
0
2
1
0
0
0
3
3
11
3
0
0
2
0
0
0
0
0
0
0
4
1
0
0
0
0
0
0
0
3
3
1
0
0
0
0
0
0
0
0
0
0
0
3
0
0
0
0
0
1
3
0
0
6
11
8
0
0
0
2
1
0
0
0
3
6
8
7
5
3
2
0
0
0
0
0
4
1
0
0
0
5
0
0
0
0
0
2
5
3
1
1
0
0
0
0
2
7
2
0
0
0
0
0
1
0
0
10
4
0
0
16
8
0
0
0
0
0
0
0
2
7
8
0
0
0
2
3
0
0
0
0
0
0
4
4
0
10
126
253
148
131
118
119
122
121
118
118
113
125
116
72
20
0
0
3
0
0
0
0
0
21
0
0
7
0
195
255
251
255
249
250
254
247
249
252
255
243
255
229
124
32
0
10
0
0
0
0
3
0
0
11
13
0
127
239
255
253
245
252
255
251
255
255
222
169
206
255
255
69
22
0
0
0
0
0
9
0
4
1
0
0
18
69
61
54
62
69
61
56
57
58
11
0
146
254
237
83
0
13
0
0
0
0
0
4
13
0
0
23
0
0
0
0
11
7
0
0
1
2
5
6
236
252
255
68
0
1
0
0
0
0
0
7
0
11
0
2
0
12
3
0
4
0
0
6
0
1
1
93
242
250
209
28
12
4
0
0
0
0
3
10
0
11
0
0
0
0
8
0
8
0
9
14
0
2
75
240
255
207
29
8
0
5
0
0
0
0
0
5
0
2
7
19
13
0
0
0
1
0
4
0
0
79
196
255
218
87
0
12
0
0
0
0
0
0
4
1
4
0
0
0
0
3
3
0
9
0
0
0
56
234
254
248
104
91
32
0
4
0
0
0
0
0
0
0
0
0
0
0
0
0
9
78
193
165
56
67
182
254
255
255
247
255
166
8
0
0
0
0
0
0
0
0
0
0
0
0
0
0
120
246
250
253
255
255
250
249
247
255
235
152
46
0
0
10
0
0
0
0
0
0
0
0
0
0
0
0
0
122
215
219
230
242
255
248
154
93
64
7
0
21
0
0
0
0
0
0
0
0
0
0
0
0
0
0
23
0
0
10
1
204
246
235
50
0
0
0
0
11
0
1
0
0
0
0
0
0
0
0
0
0
0
0
0
0
25
0
150
248
253
166
3
1
14
8
0
0
3
6
0
0
0
0
0
0
0
0
0
0
0
0
0
14
0
47
235
255
195
0
0
0
0
0
0
0
16
0
0
0
0
0
0
0
0
0
0
0
0
0
4
0
0
101
255
249
207
10
1
0
0
14
1
0
0
0
0
0
0
0
0
0
0
0
0
0
0
0
0
0
5
219
252
251
101
0
3
0
1
0
0
4
7
0
0
0
0
0
0
0
0
0
0
0
0
0
6
0
128
247
242
189
34
0
0
0
0
0
0
0
0
0
0
0
0
0
0
0
0
0
0
0
0
0
3
19
242
255
244
47
0
7
0
0
0
0
0
0
0
0
0
0
0
0
0
0
0
0
0
0
0
0
0
17
193
237
202
27
0
0
0
0
0
0
0
0
0
0
0
0
0
0
0
0
0
0
0
0
0
0
7
0
0
19
4
2
1
4
0
0
0
0
0
0
0
0
0
0
0
0
