4
0
6
2
0
1
1
5
0
7
0
2
9
0
0
2
2
0
3
8
1
0
0
2
5
1
0
0
0
0
0
0
0
3
0
4
0
0
2
1
0
0
12
7
0
11
0
0
6
0
0
8
0
1
0
0
0
2
0
1
0
7
0
4
1
0
11
2
3
5
0
0
6
2
0
0
17
8
0
3
4
1
0
0
0
5
0
9
0
8
0
1
6
0
6
0
0
3
10
10
0
0
12
0
0
0
1
0
0
1
0
0
0
3
0
13
0
2
0
0
7
9
5
4
9
0
0
0
1
5
0
0
11
7
0
0
15
1
0
0
0
0
0
9
0
0
12
0
3
0
0
0
0
11
31
9
0
3
0
19
2
0
55
142
138
1
0
0
0
1
0
2
1
0
38
0
0
0
24
6
0
128
242
118
3
0
5
0
3
136
255
188
0
1
0
0
0
6
1
0
4
0
61
7
0
0
0
0
14
192
227
41
0
1
11
6
102
221
143
7
5
1
0
0
0
0
0
0
0
0
0
0
0
1
0
7
120
255
168
0
10
3
0
147
249
147
22
0
0
0
0
0
0
0
0
0
0
0
0
0
0
3
0
0
244
245
183
22
0
0
151
248
175
23
0
0
15
0
0
0
0
0
0
0
0
0
0
0
0
0
10
0
184
255
203
77
21
163
222
255
196
33
17
0
0
0
0
0
0
0
0
0
0
0
0
0
0
0
11
0
15
216
255
244
250
255
245
240
151
0
0
13
7
0
0
0
0
0
0
0
0
0
0
0
0
4
2
3
0
56
132
226
244
255
161
68
0
5
10
2
0
0
0
0
0
0
0
0
0
0
0
0
0
0
0
4
23
0
24
224
249
167
32
0
0
24
0
0
0
0
0
0
0
0
0
0
0
0
0
0
0
12
7
0
0
0
37
248
247
78
0
3
0
0
0
19
0
0
0
0
0
0
0
0
0
0
0
0
0
0
0
6
3
14
148
248
148
0
0
4
0
3
2
0
3
0
0
0
0
0
0
2
1
0
0
0
0
0
1
0
0
124
245
255
0
0
0
0
0
0
0
0
0
0
0
0
0
0
0
0
0
0
0
1
2
2
1
0
64
254
217
53
8
0
0
0
0
0
0
0
0
0
0
0
0
1
0
0
0
0
2
3
3
6
0
15
207
234
131
0
0
0
0
0
0
0
0
0
0
0
0
0
0
1
0
0
0
0
1
0
0
0
0
132
255
219
8
5
1
0
0
0
0
0
0
0
0
0
0
0
0
0
0
0
0
1
0
0
0
3
38
247
240
58
0
14
0
0
0
0
0
0
0
0
0
0
0
0
0
0
0
2
1
0
0
0
0
74
201
252
244
2
24
0
9
0
0
0
0
0
0
0
0
0
0
0
0
0
1
3
1
0
0
3
10
209
230
255
241
75
0
7
0
0
0
0
0
0
0
0
0
0
0
0
0
0
2
4
0
0
0
9
21
236
255
247
43
10
4
0
3
0
0
0
0
0
0
0
0
0
0
0
0
0
0
1
3
0
0
15
40
254
210
70
0
7
0
0
6
0
0
0
0
0
0
0
0
0
0
0
0
4
0
0
2
0
0
3
17
1
21
0
0
17
2
0
0
0
0
0
0
0
0
0
0
0
0
0
0
5
0
0
2
3
0
0
0
0
2
0
2
9
0
5
10
0
0
0
0
0
0
0
0
0
0
0
0
2
0
0
4
7
3
0
0
8
4
0
0
0
0
0
0
0
0
0
0
0
0
0
0
0
0
0
0
