3
9
0
0
0
1
0
0
0
0
3
6
0
11
0
0
1
0
1
0
0
7
9
0
15
0
0
0
0
0
0
0
4
7
5
3
3
6
2
0
0
0
11
15
0
10
5
0
5
0
2
0
0
0
0
0
0
0
1
3
2
0
0
0
0
0
0
4
24
5
0
0
4
0
0
0
12
0
7
12
2
0
0
0
0
3
5
2
0
0
0
0
0
0
9
3
0
0
0
0
0
0
13
0
11
0
1
5
0
0
0
0
0
2
1
0
0
0
4
4
0
8
0
0
7
7
11
0
2
0
11
1
3
0
5
0
0
0
0
0
0
1
0
0
2
1
0
0
0
0
3
43
173
208
255
195
126
22
0
0
0
8
12
2
6
0
0
0
0
3
0
0
4
0
0
0
15
73
212
255
252
240
255
251
252
154
4
3
0
3
0
0
0
0
0
0
0
3
0
0
4
0
0
23
62
233
255
172
45
107
24
81
255
254
3
0
0
0
0
10
4
0
0
0
0
8
0
10
0
4
0
10
180
222
73
0
0
14
9
20
255
254
0
16
2
0
2
0
0
0
0
0
0
0
0
13
0
5
7
0
57
82
0
11
0
0
0
34
252
250
0
0
1
2
2
0
4
0
0
0
0
0
3
5
0
0
12
0
0
17
0
0
31
0
18
93
253
222
16
0
0
5
0
0
1
0
0
0
0
2
2
0
0
0
0
7
4
0
21
0
0
0
15
248
255
65
0
0
2
8
0
1
0
0
0
0
0
0
0
1
13
1
0
4
0
4
8
7
11
38
219
246
167
11
3
8
4
1
0
5
3
0
0
0
0
0
3
0
1
0
3
9
0
0
0
6
123
222
255
255
92
42
15
0
0
11
9
4
0
0
0
0
0
4
2
0
0
0
11
9
3
4
15
53
253
255
255
243
253
255
212
111
22
0
0
5
10
0
0
0
0
0
0
4
3
8
4
0
4
3
0
60
217
222
211
166
226
215
255
250
134
21
0
0
0
0
0
0
0
0
0
0
0
0
0
0
0
0
0
7
0
9
0
0
7
8
80
243
250
46
7
0
12
0
0
0
0
0
0
0
0
0
0
0
0
0
11
1
0
0
9
0
0
7
0
94
255
120
0
18
0
0
0
0
0
0
0
0
0
0
0
0
0
9
0
1
0
2
0
9
3
13
0
32
236
125
0
0
10
0
0
0
0
0
0
0
0
0
0
0
0
0
0
0
19
0
4
3
0
0
18
20
240
127
7
12
0
0
0
0
0
0
0
0
0
0
0
0
0
9
7
10
0
2
0
12
0
10
0
191
244
76
0
0
0
0
0
0
0
0
0
0
0
0
0
0
0
0
0
0
61
92
8
0
0
0
128
252
255
22
19
0
10
0
0
0
0
0
0
0
0
0
0
0
0
0
19
10
218
239
202
100
126
225
255
244
38
0
0
0
0
0
0
0
0
0
0
0
0
0
0
0
0
1
0
0
71
245
235
255
253
252
237
94
7
0
9
5
0
0
0
0
0
0
0
0
0
0
0
0
0
1
4
5
0
19
121
187
167
156
70
0
0
7
3
0
0
0
0
0
0
0
0
0
0
0
0
0
0
8
0
0
3
0
9
20
0
0
0
0
0
0
0
0
9
0
0
0
0
0
0
0
0
0
0
0
0
5
0
0
13
1
0
0
0
0
2
10
5
0
0
0
0
0
0
0
0
0
0
0
0
0
0
0
0
5
0
0
0
0
2
15
11
10
6
0
0
0
9
7
0
0
0
0
0
