5
0
0
0
0
0
0
0
0
3
0
0
9
0
0
13
0
2
3
0
0
0
2
1
0
0
0
0
0
0
0
0
0
0
0
0
0
0
3
0
13
0
0
0
4
3
0
0
5
3
1
1
2
0
0
0
0
0
0
0
0
0
0
0
0
0
0
6
0
11
17
7
0
3
0
4
4
1
0
3
0
0
0
0
0
0
0
0
0
0
0
0
0
0
0
7
0
6
0
0
8
0
3
12
0
0
0
13
2
0
0
0
0
0
0
0
0
0
0
0
0
0
6
0
4
1
2
0
12
0
0
4
0
23
7
2
0
0
0
0
0
0
0
0
0
0
0
0
0
0
1
2
6
121
139
102
0
0
97
228
255
237
79
0
2
0
0
0
0
0
0
0
0
0
0
0
0
2
0
10
85
249
255
229
60
169
220
255
249
255
115
12
0
0
0
0
0
0
0
0
0
0
0
0
0
1
3
0
231
255
255
242
245
237
255
219
106
102
16
0
5
0
0
0
0
0
0
0
0
0
0
0
0
0
12
68
255
252
250
252
252
255
197
14
6
4
0
0
3
0
0
0
0
0
0
0
0
0
0
0
0
1
0
67
236
255
255
254
255
127
33
10
1
2
0
1
0
0
0
0
0
0
0
0
0
0
0
0
0
2
6
0
238
244
254
255
153
33
0
15
0
0
0
5
0
0
0
0
0
0
0
0
0
0
0
0
0
0
4
0
123
255
235
255
57
0
5
7
1
0
0
3
0
0
0
0
0
0
0
0
0
0
0
0
0
0
3
8
0
182
250
246
140
0
0
0
3
6
0
0
1
0
0
0
0
0
0
0
0
0
0
0
0
0
6
0
0
17
174
255
255
108
0
3
0
2
0
0
4
0
0
0
0
0
0
0
0
0
0
0
0
13
0
4
0
0
18
223
254
231
88
17
0
0
0
0
3
0
0
0
0
0
0
0
0
0
0
0
0
4
0
2
4
21
0
70
224
255
199
6
0
2
10
2
0
0
0
0
0
0
0
0
0
0
0
0
0
0
3
8
0
0
0
21
116
248
255
176
6
0
0
0
4
0
0
0
0
0
0
0
0
0
0
0
0
5
0
0
5
14
0
0
0
254
244
215
0
0
2
2
0
0
0
0
0
0
0
0
0
0
0
0
0
0
5
15
9
0
0
8
0
255
246
250
0
3
5
5
0
0
0
0
0
0
0
0
0
0
0
0
0
9
0
11
0
0
7
0
49
243
255
212
0
5
0
5
0
0
0
0
0
0
0
0
0
0
0
0
0
1
0
0
0
13
0
15
176
248
255
108
0
4
0
4
6
0
0
0
0
0
0
0
0
0
0
0
0
21
83
33
0
1
0
112
255
255
232
28
0
3
0
0
0
0
0
0
0
0
0
0
0
0
0
0
0
166
248
165
103
120
155
235
255
224
112
8
1
0
3
0
0
0
0
0
0
0
0
0
0
0
0
0
0
167
251
255
245
251
255
255
229
138
0
11
0
0
4
4
4
0
0
0
0
0
0
0
0
0
0
0
0
14
118
211
214
250
252
180
54
0
0
0
0
0
0
0
0
0
0
0
0
0
0
0
0
0
0
0
0
0
0
0
0
12
0
1
0
0
0
0
0
0
0
0
0
0
0
0
0
0
0
0
0
0
0
0
0
11
1
3
0
2
0
0
5
0
0
0
0
0
0
0
0
0
0
0
0
0
0
0
0
0
0
0
0
0
3
11
0
0
6
8
0
0
0
0
0
0
0
0
0
0
0
0
0
