1
0
0
0
0
0
0
0
0
11
0
1
0
0
0
0
2
7
0
0
11
0
0
9
0
0
0
0
0
0
0
0
0
0
0
0
0
0
0
3
5
3
4
2
1
10
0
8
0
7
0
0
12
0
0
0
0
0
0
0
0
0
0
0
0
0
1
1
7
0
0
4
0
0
10
4
0
9
8
0
0
0
0
0
0
0
0
0
0
0
0
0
0
0
7
0
3
0
0
7
3
10
0
0
27
0
0
19
0
0
0
0
0
0
0
0
0
0
0
0
0
0
6
0
5
0
3
9
36
146
255
179
0
0
27
0
0
0
0
0
0
0
0
0
0
0
0
0
0
0
4
0
8
0
0
0
74
247
240
249
13
0
0
0
13
0
0
0
0
0
0
0
0
0
0
0
0
0
4
0
6
0
0
0
139
255
249
221
6
0
5
0
4
0
0
0
0
0
0
0
0
0
0
0
0
0
2
0
4
0
6
5
214
247
255
116
0
0
8
0
5
0
0
0
0
0
0
0
0
0
0
0
0
0
0
2
0
10
0
64
245
244
255
115
9
0
7
4
0
0
0
0
0
0
0
0
0
0
0
0
0
3
3
0
0
4
10
159
250
255
209
65
5
0
4
0
0
0
0
0
0
0
0
0
0
0
0
0
0
2
0
6
0
5
2
251
255
249
109
1
0
0
3
0
8
0
0
0
0
0
0
0
0
0
0
0
0
0
0
17
0
1
0
255
255
255
78
9
5
0
5
0
1
0
0
0
0
0
0
0
0
0
0
0
0
0
2
9
0
0
43
239
250
247
54
7
10
0
2
0
1
0
0
0
0
0
0
0
0
0
0
0
0
0
21
0
0
25
180
254
255
196
14
0
0
0
0
0
7
0
0
0
0
0
0
0
0
0
0
0
0
0
10
0
2
100
255
255
235
124
11
0
2
7
0
0
0
0
0
0
0
0
0
0
0
0
0
0
0
5
0
8
4
162
246
249
179
12
0
6
0
0
1
12
0
0
0
0
0
0
0
0
0
0
0
0
0
9
0
8
45
227
255
241
176
0
0
0
0
0
0
0
0
0
0
0
0
0
0
0
0
0
0
0
0
0
9
11
150
255
242
254
67
0
0
0
0
0
0
0
0
0
0
0
0
0
0
0
0
0
0
0
0
0
0
83
247
245
255
176
14
0
0
0
0
0
0
0
0
0
0
0
0
0
0
0
0
0
0
0
0
0
7
150
255
245
241
96
0
0
0
0
0
0
0
0
0
0
0
0
0
0
0
0
0
0
0
0
0
5
36
243
236
255
187
5
0
0
0
0
0
0
0
0
0
0
0
0
0
0
0
0
0
0
0
0
0
0
209
245
255
202
44
0
0
0
0
0
0
0
0
0
0
0
0
0
0
0
0
0
0
0
0
0
0
10
247
255
239
82
0
0
13
0
0
0
0
0
0
0
0
0
0
0
0
0
0
0
0
0
0
0
0
1
171
253
150
43
0
13
0
0
0
0
0
0
0
0
0
0
0
0
0
0
0
0
0
0
0
0
0
0
0
0
0
0
0
0
0
0
0
0
0
0
0
0
0
0
0
0
0
0
0
0
0
0
0
0
0
0
0
0
0
0
0
0
0
0
0
0
0
0
0
0
0
0
0
0
0
0
0
0
0
0
0
0
0
0
0
0
0
0
0
0
0
0
0
0
0
0
0
0
0
0
0
0
0
0
0
0
0
0
0
0
0
0
0
0
0
0
0
0
0
0
0
0
0
0
0
0
0
0
0
0
0
