2
0
0
0
0
0
0
0
0
0
6
0
0
4
0
0
0
0
0
4
0
0
7
0
1
0
0
0
0
0
0
0
0
0
0
0
0
0
0
1
8
8
3
4
0
10
2
0
0
3
0
20
0
0
0
0
0
0
0
0
0
0
0
0
0
14
0
0
0
0
0
0
0
0
0
6
1
0
14
6
0
0
0
0
0
0
0
0
0
0
0
0
0
0
0
0
14
10
8
1
35
219
214
6
0
3
0
0
12
0
0
0
0
0
0
0
0
0
0
0
0
15
10
0
0
0
0
43
203
255
89
0
12
0
12
6
0
0
0
0
0
0
0
0
0
0
0
0
0
0
0
0
21
0
0
40
234
233
167
36
2
10
0
18
0
0
0
0
0
0
0
0
0
0
0
0
0
1
0
0
0
0
62
119
235
255
252
217
107
1
0
0
1
0
0
0
0
0
0
0
0
0
0
0
0
0
1
6
0
21
204
255
255
249
255
250
234
33
16
0
0
0
0
0
0
0
0
0
0
0
0
0
0
6
6
0
78
222
238
255
255
192
169
252
255
234
103
0
0
0
0
0
0
0
0
0
0
0
0
0
0
0
2
197
236
239
255
202
45
17
44
255
243
230
15
0
17
0
0
0
0
0
0
0
0
0
0
0
0
7
0
217
255
231
144
57
0
0
42
246
255
236
13
3
0
0
0
0
0
0
0
0
0
0
0
0
0
1
0
38
35
41
0
0
11
7
156
237
255
130
0
6
0
0
0
0
0
0
0
0
0
0
0
0
0
0
12
0
4
1
0
20
0
63
232
252
191
17
0
5
2
0
0
0
0
0
0
0
0
0
0
0
0
13
0
0
4
0
2
0
5
177
252
255
87
4
14
9
0
0
0
0
0
0
0
0
0
0
0
0
0
0
0
13
0
4
8
0
76
237
249
204
27
1
0
0
0
0
0
0
0
0
0
0
0
0
0
0
0
8
0
4
0
5
0
73
223
255
238
73
2
0
0
5
0
0
0
0
0
0
0
6
2
0
2
0
0
0
0
7
0
0
89
231
243
216
75
0
5
0
0
6
0
0
0
0
0
8
0
7
1
0
0
13
0
14
0
0
24
138
209
254
228
76
19
0
0
2
5
9
4
0
0
0
0
10
19
0
2
0
0
4
149
145
151
164
185
255
248
249
229
159
135
166
177
138
143
147
92
0
0
0
0
0
0
0
20
24
131
209
250
255
248
246
249
255
245
255
252
255
255
254
241
255
255
255
253
0
0
0
0
0
26
14
0
244
255
250
253
251
255
245
255
238
234
218
196
148
136
178
213
207
226
226
171
0
0
0
0
3
0
0
3
255
255
240
253
249
255
138
67
16
6
0
9
0
2
0
0
7
5
0
12
0
0
0
0
8
0
12
17
52
119
137
117
125
118
26
0
0
5
0
4
3
0
7
13
0
0
2
0
0
0
0
0
0
0
0
0
3
11
0
0
5
0
0
7
0
0
15
0
0
1
0
0
1
1
0
4
0
0
0
0
0
0
0
0
0
0
0
0
0
0
0
0
0
0
0
0
0
0
0
0
0
0
0
0
0
0
0
0
0
0
0
0
0
0
0
0
0
0
0
0
0
0
0
0
0
0
0
0
0
0
0
0
0
0
0
0
0
0
0
0
0
0
0
0
0
0
0
0
0
0
0
0
0
0
0
0
0
0
0
0
0
0
0
0
0
0
0
0
0
0
0
0
0
0
0
0
0
0
0
0
0
0
0
0
0
0
0
0
0
0
0
0
