3
0
1
0
0
0
4
2
0
0
13
0
0
0
9
0
8
0
0
0
0
1
11
0
5
0
0
0
0
8
3
0
0
2
0
0
7
6
0
3
12
1
0
0
0
0
4
2
4
0
3
0
0
0
0
0
0
0
3
0
0
12
3
0
9
12
0
0
0
1
11
16
4
0
0
0
7
0
6
12
9
0
0
0
0
0
11
0
0
3
3
0
0
0
18
7
1
0
0
0
0
4
0
0
9
0
0
0
0
0
0
0
0
2
4
0
0
8
7
1
10
0
0
0
0
6
0
0
0
11
0
0
1
6
2
11
8
0
0
0
0
6
0
0
13
8
0
0
0
5
38
159
195
249
249
255
173
181
150
110
9
0
0
0
0
0
0
0
0
7
0
4
5
0
0
35
47
165
213
255
240
226
215
244
255
255
251
206
6
0
0
8
13
0
0
0
0
0
0
12
0
0
105
222
248
245
199
36
21
10
1
6
193
241
255
242
0
0
6
1
0
0
0
0
0
5
0
4
0
3
115
234
255
233
43
0
2
0
12
0
193
250
254
153
0
0
4
0
5
0
0
0
0
0
0
10
9
0
10
39
25
12
21
0
1
6
0
46
229
253
252
73
0
14
0
0
0
0
0
0
0
13
0
0
0
0
0
0
0
0
0
0
17
7
0
255
238
241
118
0
0
9
10
22
0
0
0
0
0
2
0
0
4
11
4
0
6
17
0
0
12
93
212
251
255
124
6
2
0
0
0
0
0
0
0
0
0
0
3
1
0
7
1
0
0
0
15
159
249
248
255
255
180
13
9
3
0
27
0
1
3
0
0
0
0
0
8
1
0
0
3
5
9
0
14
250
248
255
223
254
255
248
190
116
7
0
0
0
1
0
0
0
0
0
0
3
2
2
2
0
0
2
0
7
38
83
121
207
255
255
251
255
183
25
5
1
0
0
0
0
0
6
0
0
0
0
2
5
1
7
0
12
0
0
0
17
46
123
249
239
255
80
0
12
0
0
0
0
0
6
0
11
0
0
0
0
6
5
0
0
5
0
0
7
0
9
184
248
255
132
4
9
0
0
0
0
0
0
0
4
0
1
10
0
0
0
0
7
7
0
0
0
0
0
187
255
236
102
2
0
10
0
0
0
0
0
0
3
0
0
7
0
0
0
0
0
0
4
5
4
10
89
255
237
255
46
0
8
0
0
0
0
0
0
2
5
0
0
0
4
6
4
5
0
0
4
0
6
43
213
232
255
153
8
0
0
0
0
0
0
0
0
2
1
1
0
0
1
0
0
0
0
15
1
0
105
255
254
255
220
14
0
11
0
13
0
0
0
0
1
2
0
5
4
0
0
0
0
18
0
0
40
164
236
242
255
228
53
10
0
3
2
0
0
0
0
0
1
4
0
4
0
0
61
108
49
62
112
181
231
255
255
255
163
32
0
0
6
3
0
0
0
0
0
0
0
5
0
4
0
21
155
255
250
247
251
252
255
255
189
85
11
0
2
5
0
0
0
5
0
0
0
0
5
0
0
8
0
0
112
249
255
243
255
255
207
83
3
0
0
0
0
0
0
0
0
0
0
0
0
0
0
0
2
6
0
0
0
11
0
0
0
2
0
0
0
9
0
0
0
0
0
0
0
0
0
0
0
0
2
4
0
0
0
9
3
0
0
10
9
0
0
0
0
0
0
0
0
0
0
0
0
0
0
0
0
0
1
0
0
4
3
1
5
14
0
0
0
0
2
2
4
10
0
0
0
0
0
0
0
0
0
0
0
0
