6
0
0
0
0
0
0
0
0
0
10
0
5
0
0
1
2
0
0
0
4
6
1
9
0
0
0
0
0
0
0
0
0
0
0
0
0
1
0
6
0
27
0
2
1
0
21
0
6
0
0
0
9
0
0
0
0
0
0
0
0
0
0
0
0
0
0
2
0
0
2
3
0
102
134
123
137
17
6
0
2
0
0
0
0
0
0
0
0
0
0
0
0
0
16
0
18
8
0
79
253
255
198
32
0
0
18
0
7
0
0
0
0
0
0
0
0
0
0
0
0
5
0
12
6
0
57
247
214
14
2
0
22
0
5
15
0
0
0
0
0
0
0
0
0
0
0
0
0
19
0
0
0
10
134
235
73
0
18
0
0
6
0
0
8
0
0
0
0
0
0
0
0
0
0
0
0
0
0
8
13
22
229
255
60
0
0
0
3
4
0
17
0
0
0
0
0
0
0
0
0
0
0
0
0
5
0
0
2
163
248
129
0
0
9
0
0
2
0
0
0
0
0
0
0
0
0
0
0
0
0
0
0
0
0
0
0
204
229
11
14
2
2
0
6
0
10
1
0
0
0
0
0
0
0
0
0
0
0
0
0
2
0
18
61
243
193
8
0
0
1
0
0
0
0
2
9
0
0
0
0
0
0
0
0
0
0
0
0
4
5
2
173
255
181
12
0
2
6
6
6
13
2
0
0
0
0
0
0
0
0
0
0
0
0
0
0
0
14
25
255
238
87
0
3
0
0
0
0
4
0
0
10
0
0
0
0
0
0
0
0
0
0
0
0
2
0
38
255
232
13
7
0
4
7
6
7
5
0
0
2
0
0
0
0
0
0
0
0
0
0
0
0
6
0
25
251
169
0
6
1
7
0
0
0
0
8
3
0
0
0
0
0
0
0
0
0
0
0
0
0
0
13
40
255
92
0
44
101
209
179
118
79
0
3
2
0
0
0
0
0
0
0
0
0
0
0
0
0
4
0
29
248
153
119
210
255
249
255
246
193
12
1
0
6
0
0
0
0
0
0
0
0
0
0
0
0
2
0
41
251
248
252
251
191
67
28
175
255
75
7
0
6
0
0
0
0
0
0
0
0
0
0
0
0
8
2
40
255
255
233
126
0
16
0
183
249
106
2
4
0
0
0
0
0
0
0
0
0
0
0
0
0
0
0
38
236
245
217
2
7
4
14
220
255
38
0
18
0
0
0
0
0
0
0
0
0
0
0
0
0
8
1
20
233
255
240
137
62
142
255
255
157
0
9
0
0
0
0
0
0
0
0
0
0
0
0
0
0
0
0
3
30
180
254
255
245
253
234
121
0
8
10
0
10
0
0
0
0
0
0
0
0
0
0
0
0
4
10
0
6
14
108
255
247
222
91
8
19
5
0
0
5
0
0
0
0
0
0
0
0
0
0
0
0
0
4
0
18
0
17
0
3
0
23
0
0
0
14
0
5
0
0
0
0
0
0
0
0
0
0
0
0
2
0
15
0
1
7
3
0
0
0
2
10
0
0
9
0
0
0
0
0
0
0
0
0
0
0
0
0
0
0
0
0
0
0
0
0
0
0
0
0
0
0
0
0
0
0
0
0
0
0
0
0
0
0
0
0
0
0
0
0
0
0
0
0
0
0
0
0
0
0
0
0
0
0
0
0
0
0
0
0
0
0
0
0
0
0
0
0
0
0
0
0
0
0
0
0
0
0
0
0
0
0
0
0
0
0
0
0
0
0
0
0
0
0
0
0
0
0
0
0
0
0
0
0
0
0
0
0
0
0
0
0
