0
0
0
0
0
0
0
0
0
0
0
13
0
4
0
0
0
0
4
0
0
0
0
6
4
0
0
0
0
0
0
0
0
0
0
0
0
2
0
0
0
0
0
3
5
0
2
0
1
0
0
0
0
0
0
0
0
0
0
0
0
0
0
0
0
0
5
6
8
1
0
0
0
2
0
0
0
12
13
10
3
0
0
0
0
0
0
0
0
0
0
0
0
2
2
0
1
0
2
5
4
14
0
6
0
0
0
0
4
0
0
0
0
0
0
0
0
0
0
0
0
2
5
0
4
5
0
1
0
0
0
18
7
14
0
0
4
0
0
0
0
0
0
0
0
0
0
0
0
0
8
6
0
0
0
70
106
83
15
2
0
7
7
2
8
0
0
0
0
0
0
0
0
0
0
0
0
0
0
0
3
66
92
220
255
245
138
82
2
9
0
0
2
0
0
0
0
0
0
0
0
0
0
0
0
10
0
22
92
232
236
255
231
255
232
255
197
145
50
0
3
0
0
0
0
12
0
0
0
0
0
12
0
3
8
180
255
243
254
255
250
255
249
250
250
255
230
64
0
0
0
0
0
0
0
19
4
3
0
0
11
0
205
243
255
246
243
250
199
105
120
110
255
243
255
61
14
0
0
0
0
2
2
0
0
9
5
10
93
255
255
244
128
178
255
148
12
17
0
4
0
172
250
240
52
0
0
0
0
0
3
6
3
0
0
107
243
246
203
121
13
170
242
0
11
0
11
0
0
66
183
252
137
0
0
0
0
7
0
0
0
13
61
225
255
223
34
1
14
39
255
0
0
0
1
2
0
2
51
254
255
0
0
0
0
0
5
24
0
0
113
255
209
25
0
8
0
43
246
0
26
7
8
3
3
0
25
214
235
0
0
0
0
8
2
2
0
10
211
244
82
8
3
0
0
0
66
77
0
0
0
0
12
9
57
239
255
0
0
0
0
5
0
1
10
38
255
186
5
0
1
0
0
4
0
2
0
0
21
0
4
0
123
255
245
0
0
0
0
0
1
15
0
181
251
133
12
5
1
0
2
0
0
9
0
10
0
2
2
79
251
247
134
0
0
0
0
0
7
0
19
235
254
67
0
0
2
0
14
0
0
8
1
0
19
0
55
187
252
179
32
0
0
0
0
7
0
0
0
255
239
59
0
3
5
0
6
0
0
3
0
0
15
102
247
255
255
62
2
0
0
0
0
0
4
16
11
243
255
121
4
9
0
0
6
8
0
9
0
115
220
255
240
230
108
8
0
0
0
0
0
0
1
0
0
75
254
243
174
103
64
53
52
99
128
230
255
249
245
251
230
92
9
0
16
0
0
0
0
8
2
8
9
0
168
253
241
255
238
231
227
255
238
255
245
255
192
172
4
3
0
1
0
0
0
0
0
4
0
4
0
0
83
204
255
239
254
254
255
255
255
238
189
75
29
0
4
0
0
20
0
0
0
0
0
0
4
0
9
0
2
19
80
164
231
220
187
90
80
44
3
0
0
13
0
2
3
0
10
0
0
0
0
0
0
0
0
0
0
0
0
0
0
0
0
0
0
0
0
0
0
0
0
0
0
0
0
0
0
0
0
0
0
0
0
0
0
0
0
0
0
0
0
0
0
0
0
0
0
0
0
0
0
0
0
0
0
0
0
0
0
0
0
0
0
0
0
0
0
0
0
0
0
0
0
0
0
0
0
0
0
0
0
0
0
0
0
0
0
0
0
0
0
0
0
0
0
0
0
0
0
0
0
0
0
0
0
0
0
0
0
0
0
0
0
