3
0
2
0
0
5
0
0
7
0
10
0
6
2
0
8
4
1
6
9
6
2
0
0
0
0
0
0
0
6
0
0
2
10
0
0
0
0
0
0
4
8
6
3
0
0
0
0
0
1
0
0
9
0
0
0
0
0
2
2
1
0
5
5
5
14
6
5
0
0
9
3
2
3
9
10
4
0
0
0
0
0
0
0
0
0
7
8
0
0
10
0
0
0
0
3
2
0
1
0
0
0
0
0
0
0
0
4
8
0
0
0
0
3
4
0
0
0
6
0
19
11
11
0
8
10
0
5
0
7
0
0
13
17
2
0
0
0
0
0
0
7
0
0
11
0
0
14
165
247
215
141
144
134
97
113
97
22
17
0
0
0
10
9
0
0
0
0
0
0
6
0
11
0
0
33
248
255
254
234
255
255
254
255
251
223
212
160
76
16
2
5
3
0
0
0
0
0
14
0
0
5
3
0
176
251
251
255
254
247
250
248
255
254
249
255
240
133
5
0
13
0
0
0
0
8
0
0
5
0
0
17
51
130
133
123
183
177
182
255
246
255
255
248
252
116
7
0
1
0
0
0
0
0
0
0
4
2
0
0
15
2
0
13
2
0
69
165
246
255
239
255
234
9
0
1
0
0
0
0
0
0
0
0
3
5
1
0
0
3
0
2
0
81
227
245
255
244
255
255
95
0
17
5
13
0
0
0
0
3
2
0
0
1
6
4
0
0
0
0
99
238
249
244
255
255
112
84
0
0
0
0
0
0
0
0
0
0
0
0
0
0
0
2
0
0
17
0
86
255
255
255
190
7
0
6
9
2
9
0
6
0
0
0
0
0
0
4
1
0
0
0
0
1
0
10
94
242
250
253
248
185
64
0
0
0
0
6
0
0
0
0
0
1
1
4
6
4
0
0
0
1
0
0
35
144
249
255
239
254
239
128
0
15
0
0
0
0
0
0
0
6
0
0
0
1
0
0
5
0
15
0
11
0
84
186
255
255
255
212
101
0
1
0
3
0
0
0
0
4
0
6
7
0
0
0
7
0
12
0
10
9
0
26
35
55
220
249
254
212
11
6
0
0
0
0
0
0
4
2
0
1
9
3
0
1
0
10
0
4
0
0
17
0
109
249
249
247
0
16
0
0
0
0
0
0
7
0
0
3
4
0
1
49
41
0
12
0
6
0
0
4
0
146
255
255
36
0
0
0
0
0
0
0
5
0
0
5
0
0
54
203
214
37
0
6
3
0
24
2
48
214
250
239
0
0
12
0
0
0
0
0
3
0
0
7
0
12
75
248
255
220
39
13
29
55
48
163
213
251
252
253
38
0
11
0
0
0
0
0
8
1
0
0
2
6
23
239
224
251
254
255
244
255
239
255
247
255
243
49
0
17
0
0
0
0
0
0
5
2
0
0
0
0
0
52
249
246
253
255
249
246
255
240
255
219
49
8
0
13
8
0
0
0
0
1
0
0
8
3
0
3
2
0
39
162
253
255
251
255
253
234
121
43
0
4
11
0
9
0
0
0
0
0
0
0
0
0
0
0
0
0
11
60
155
255
235
119
96
25
13
1
0
1
5
3
0
0
0
0
0
0
0
0
0
0
0
0
0
0
0
0
0
12
6
0
10
8
2
0
0
1
4
2
0
0
0
0
0
0
0
0
0
0
0
0
0
0
10
16
0
0
2
0
8
0
0
0
0
2
3
1
0
0
0
0
0
0
0
0
0
0
0
0
0
0
0
0
0
0
11
4
0
0
0
2
3
2
0
0
0
0
0
0
0
