2
0
0
0
0
0
0
0
0
4
0
6
1
0
0
10
3
7
0
10
5
0
6
0
5
0
0
0
0
0
0
0
0
0
0
0
0
4
3
0
13
0
12
0
0
0
20
0
0
26
7
0
9
0
0
0
0
0
0
0
0
0
0
0
0
0
7
0
0
4
9
0
15
1
0
0
9
0
0
0
0
0
0
0
0
0
0
0
0
0
0
0
0
1
0
14
0
5
0
0
3
0
0
15
0
0
16
7
0
0
0
0
0
0
0
0
0
0
0
0
0
13
0
0
13
0
69
147
187
253
255
128
0
9
0
6
2
0
0
0
0
0
0
0
0
0
0
0
0
0
0
1
3
255
247
243
255
255
118
185
206
0
25
5
0
0
0
0
0
0
0
0
0
0
0
0
0
9
0
72
247
253
255
131
0
0
14
0
255
61
0
0
12
0
0
0
0
0
0
0
0
0
0
0
0
0
75
239
255
69
0
6
5
0
2
9
240
129
22
0
0
0
0
0
0
0
0
0
0
0
0
0
0
0
145
255
0
8
0
0
8
4
1
0
255
61
0
13
0
0
0
0
0
0
0
0
0
0
0
0
0
11
59
0
0
11
0
1
0
0
2
125
255
1
0
4
0
0
0
0
0
0
0
0
0
0
0
0
0
0
0
19
9
0
7
13
0
4
0
209
128
0
12
3
2
0
0
0
0
0
0
0
0
0
0
0
0
0
22
0
0
5
0
0
8
0
198
181
0
36
0
0
0
0
0
0
0
0
0
0
0
0
0
0
0
0
0
15
0
0
0
0
0
69
253
146
0
0
14
0
1
0
0
0
0
0
0
0
0
0
0
0
0
3
0
0
2
24
0
23
0
186
177
4
0
13
0
7
5
0
0
0
0
0
0
0
0
0
0
0
0
0
11
0
1
0
0
0
202
255
14
0
0
12
0
4
0
0
0
0
0
0
0
0
0
0
0
0
0
0
6
0
11
0
3
203
250
123
0
12
0
0
0
0
7
0
0
0
0
0
1
0
0
7
0
0
6
5
9
3
117
202
252
253
255
135
0
0
7
0
2
5
0
0
0
0
0
0
8
0
0
2
0
2
0
0
13
183
255
250
255
252
252
255
68
0
0
25
0
5
3
0
0
0
0
0
4
0
8
3
0
8
15
10
182
255
251
255
248
63
134
243
255
76
0
0
0
0
10
0
0
0
0
0
5
0
9
2
0
0
0
185
255
247
255
245
59
9
0
65
254
179
15
7
1
12
0
0
0
0
0
0
15
0
0
0
12
0
0
255
241
255
255
62
4
6
0
15
178
255
255
60
0
0
19
0
0
0
0
1
3
0
5
0
0
4
133
251
248
255
51
2
11
0
14
0
0
82
115
65
0
3
0
0
0
0
0
7
0
0
12
0
0
11
250
245
208
63
6
9
0
1
1
7
8
0
0
0
7
0
1
0
0
0
0
0
2
9
0
0
14
0
201
203
48
9
0
0
9
16
0
0
0
6
1
11
0
8
0
0
0
0
0
0
0
0
0
0
0
0
0
0
0
0
0
0
0
0
0
0
0
0
0
0
0
0
0
0
0
0
0
0
0
0
0
0
0
0
0
0
0
0
0
0
0
0
0
0
0
0
0
0
0
0
0
0
0
0
0
0
0
0
0
0
0
0
0
0
0
0
0
0
0
0
0
0
0
0
0
0
0
0
0
0
0
0
0
0
0
0
0
0
0
0
0
0
0
0
0
0
0
0
0
0
0
0
0
0
0
0
0
0
0
0
0
