7
0
0
0
0
0
0
0
0
0
3
0
0
1
5
1
2
0
0
0
0
0
0
0
0
0
0
0
0
0
0
0
0
0
0
0
0
11
4
0
0
0
0
0
4
0
0
0
0
0
0
0
0
0
0
0
0
0
0
0
0
0
0
0
0
0
0
0
13
2
14
0
0
0
0
0
0
0
0
0
0
0
0
0
0
0
0
0
0
0
0
0
0
0
14
15
13
0
1
6
7
0
0
0
0
0
0
0
0
0
0
0
0
0
0
0
0
0
0
0
0
0
0
0
0
0
9
2
0
0
0
0
0
0
0
0
0
0
0
0
0
0
0
0
0
0
0
0
0
9
5
0
4
15
0
0
4
0
0
0
0
0
0
0
0
0
0
0
0
0
0
0
0
0
0
0
0
0
5
1
0
16
0
0
0
0
0
0
0
0
0
0
0
0
0
0
0
0
0
0
0
0
0
0
0
4
3
0
21
214
251
145
1
0
0
0
0
0
0
0
0
0
0
0
0
0
0
0
2
13
0
15
1
9
0
0
79
251
244
156
0
0
0
45
72
61
57
82
17
0
0
0
0
6
1
0
0
0
0
0
0
0
40
144
255
243
252
231
163
227
214
226
245
252
255
255
146
0
0
0
0
1
0
4
8
0
28
6
10
139
197
249
252
252
255
255
255
243
237
251
255
255
242
254
158
0
0
0
0
0
14
0
0
8
0
15
181
245
251
255
242
255
253
150
74
63
84
146
142
246
255
213
22
0
0
0
0
0
4
2
3
0
0
117
248
245
255
236
240
255
248
46
10
10
0
10
198
245
255
78
0
0
0
0
0
0
0
2
6
0
16
171
249
255
226
255
241
120
55
0
0
0
12
109
255
252
167
18
11
0
0
0
0
1
15
0
0
14
0
49
232
194
85
50
0
10
0
3
10
0
24
207
236
255
16
1
0
0
0
0
0
4
0
6
14
0
21
9
0
5
0
2
0
2
6
0
0
21
203
253
244
119
8
8
2
0
0
0
0
0
0
0
0
0
0
0
0
0
1
7
1
0
0
0
12
143
255
248
149
11
0
0
17
0
0
0
0
0
0
0
0
0
0
0
0
6
0
0
4
12
0
44
202
248
255
153
0
0
19
2
0
0
0
0
0
0
0
0
0
0
0
0
0
2
4
0
0
7
19
181
249
255
224
129
13
17
0
0
0
0
0
0
0
0
0
0
0
0
0
0
0
0
0
11
1
6
199
255
255
251
95
10
0
3
0
15
0
0
0
0
0
0
0
0
0
0
0
0
0
1
5
0
14
146
255
255
206
42
3
11
14
0
0
9
0
0
0
0
0
0
0
0
0
0
0
0
0
0
12
0
112
255
234
227
51
0
10
0
0
0
13
0
5
0
0
0
0
0
0
0
0
0
0
0
0
0
23
97
246
247
255
101
0
1
8
0
0
5
2
0
3
0
0
0
0
0
0
0
0
0
0
0
0
6
89
253
255
250
128
0
4
3
0
2
9
0
0
6
0
0
0
0
0
0
0
0
0
0
0
0
0
104
255
249
255
120
12
0
11
0
0
0
0
0
0
0
0
0
0
0
0
0
0
0
0
0
0
0
0
249
255
245
200
5
0
35
0
0
0
0
0
0
0
0
0
0
0
0
0
0
0
0
0
0
0
0
0
199
249
131
23
0
0
0
19
0
0
0
0
0
0
0
0
0
0
0
0
0
0
0
0
0
0
0
0
0
0
1
1
0
11
10
0
0
0
0
0
0
0
0
0
0
0
0
0
