1
0
0
0
0
0
0
0
0
1
0
0
0
9
3
0
6
0
8
1
2
0
0
0
7
0
0
0
0
0
0
0
0
0
0
0
0
0
4
0
0
2
0
0
3
0
16
0
0
19
5
0
0
0
0
0
0
0
0
0
0
0
0
0
0
0
7
3
0
0
0
0
2
16
0
4
5
0
0
10
18
0
0
0
0
0
0
0
0
0
0
0
0
0
7
3
0
1
3
0
2
0
0
11
0
8
23
0
0
0
0
0
0
0
0
0
0
0
0
0
0
0
5
1
0
4
4
0
0
3
133
250
204
16
1
13
2
0
0
0
0
0
0
0
0
0
0
0
0
1
3
0
0
2
0
0
7
35
203
247
248
66
0
0
4
0
0
0
0
0
0
0
0
0
0
0
0
1
1
0
0
1
0
4
33
251
255
255
253
69
0
8
0
0
0
0
0
0
0
0
0
0
0
0
0
0
0
0
4
2
0
17
61
255
238
255
156
6
8
0
4
0
0
0
0
0
0
0
0
0
0
0
0
0
0
5
3
4
0
59
225
252
241
250
163
0
0
7
0
0
0
0
0
0
0
0
0
0
0
0
0
11
0
0
0
0
0
255
255
245
255
255
91
3
2
5
0
0
0
0
0
0
0
0
0
0
0
0
0
0
17
0
2
5
98
255
241
255
238
110
0
12
0
0
6
0
0
0
0
0
0
0
0
0
0
0
0
0
0
0
1
32
214
244
249
243
235
52
2
7
0
8
0
0
0
0
0
0
0
0
0
0
0
0
0
0
25
0
0
199
254
241
255
245
141
1
0
0
0
20
4
0
0
0
0
0
0
0
0
0
0
0
0
10
0
10
77
252
249
255
226
249
49
5
0
6
0
0
0
0
0
0
0
0
0
0
0
0
0
0
0
6
0
7
124
243
255
251
239
8
0
11
0
0
12
0
0
0
0
0
0
0
0
0
0
0
0
0
0
0
10
41
207
255
241
255
190
0
22
0
2
7
0
0
6
0
0
0
0
0
0
3
2
0
0
1
1
1
7
169
255
243
248
252
64
0
0
0
0
0
0
0
0
0
0
0
0
4
2
0
0
0
0
0
0
3
20
211
236
254
255
117
8
0
0
0
0
0
0
0
0
0
0
0
0
4
0
0
0
1
4
2
0
0
110
249
255
253
255
3
0
0
0
0
0
0
0
0
0
0
0
0
0
0
0
0
3
5
3
0
0
75
246
254
252
240
189
0
8
0
0
0
0
0
0
0
0
0
0
0
0
1
0
2
2
0
0
0
4
156
255
245
239
255
99
10
0
0
0
0
0
0
0
0
0
0
0
0
0
4
1
0
0
0
0
10
29
198
242
251
255
218
42
0
0
0
0
0
0
0
0
0
0
0
0
0
0
4
0
0
1
1
1
15
33
229
255
255
236
56
0
0
16
0
0
0
0
0
0
0
0
0
0
0
0
4
0
0
4
2
0
0
3
161
238
249
185
0
3
14
0
0
0
0
0
0
0
0
0
0
0
0
0
0
0
0
0
0
0
0
0
0
0
0
0
0
0
0
0
0
0
0
0
0
0
0
0
0
0
0
0
0
0
0
0
0
0
0
0
0
0
0
0
0
0
0
0
0
0
0
0
0
0
0
0
0
0
0
0
0
0
0
0
0
0
0
0
0
0
0
0
0
0
0
0
0
0
0
0
0
0
0
0
0
0
0
0
0
0
0
0
0
0
0
0
0
0
0
0
0
0
0
0
0
0
0
0
0
0
0
0
0
0
0
0
