2
0
0
17
0
0
12
0
0
2
0
6
0
0
6
0
2
11
0
10
0
0
0
9
0
0
0
0
0
21
0
0
0
0
0
0
2
0
0
3
0
0
4
0
0
0
0
0
7
10
0
3
0
0
0
0
0
0
0
2
8
16
0
3
7
7
0
3
1
0
0
0
1
0
15
0
1
2
0
5
3
0
0
0
0
11
3
0
0
0
11
0
0
9
0
2
2
1
0
0
7
0
0
7
0
0
0
10
4
0
0
0
0
3
0
0
14
0
55
104
220
244
240
255
247
217
171
114
95
50
0
3
0
6
0
5
0
0
0
0
0
0
10
4
9
73
231
255
252
255
255
255
255
254
255
247
252
184
51
0
0
13
0
0
0
0
0
0
0
8
0
2
123
233
255
255
247
239
242
255
247
249
255
251
249
255
179
17
0
0
0
0
2
0
0
0
0
0
6
4
86
194
158
158
44
15
9
10
8
55
145
212
254
246
255
39
5
0
6
5
0
0
0
0
0
0
3
8
12
12
8
3
0
0
0
14
0
8
3
19
241
247
253
162
0
0
6
0
0
0
0
0
0
0
0
2
3
3
2
0
0
7
0
5
0
2
4
0
228
255
249
182
2
0
16
7
2
0
0
0
0
0
0
0
0
0
0
0
0
3
0
0
2
9
1
0
223
252
249
193
1
0
1
2
0
0
0
0
0
3
1
0
0
0
0
1
3
0
13
0
0
12
0
25
234
245
255
178
11
3
0
4
1
0
0
0
0
1
1
2
2
2
2
1
1
0
2
4
0
0
0
133
244
245
255
106
0
4
0
3
8
0
0
0
0
0
0
1
2
2
1
0
0
12
0
5
5
0
50
240
248
255
218
34
0
2
0
0
0
0
0
0
0
0
0
0
0
0
0
0
0
9
0
2
6
61
161
255
254
242
121
8
3
9
4
7
0
0
0
0
0
2
2
1
0
0
1
2
2
0
15
0
0
150
255
237
255
169
1
0
6
0
0
4
0
0
0
0
0
0
0
0
0
0
0
0
0
0
2
4
26
247
240
255
255
87
0
3
42
68
53
0
2
0
0
0
0
0
0
0
0
0
0
0
0
6
0
10
216
255
251
243
187
28
15
126
227
255
186
6
0
0
0
0
0
0
0
0
0
0
0
0
0
0
0
52
245
252
246
254
146
106
182
255
248
245
235
44
8
0
0
0
0
0
0
0
0
0
0
0
0
0
95
207
238
255
247
255
240
255
253
250
245
249
243
59
9
0
0
0
0
0
0
0
0
0
0
0
0
0
194
255
255
255
255
232
255
250
236
251
255
170
95
0
0
0
0
0
0
0
0
0
0
0
0
0
0
2
239
243
254
243
255
255
251
255
255
252
175
7
0
6
12
0
0
0
0
0
0
0
0
0
0
0
0
10
224
248
255
255
251
255
247
245
118
52
22
0
3
8
0
0
0
0
0
0
0
0
0
0
0
0
0
0
102
120
241
255
235
104
98
103
0
0
7
0
8
0
0
0
0
0
0
0
0
0
0
0
0
0
0
0
0
0
0
0
0
0
0
0
0
0
0
0
0
0
0
0
0
0
0
0
0
0
0
0
0
0
0
0
0
0
0
0
0
0
0
0
0
0
0
0
0
0
0
0
0
0
0
0
0
0
0
0
0
0
0
0
0
0
0
0
0
0
0
0
0
0
0
0
0
0
0
0
0
0
0
0
0
0
0
0
0
0
0
0
0
0
0
0
0
0
0
0
0
0
0
0
0
0
0
0
0
0
0
