7
2
0
0
0
0
3
0
0
0
0
2
5
5
3
1
0
0
0
0
0
4
5
0
3
0
0
0
0
0
0
1
3
4
5
3
0
0
0
0
0
0
0
2
5
2
0
0
3
2
0
0
4
0
0
0
0
2
2
2
1
0
0
0
0
5
4
4
3
1
0
0
0
0
9
4
8
0
0
8
0
0
0
0
0
5
1
0
0
0
0
0
5
0
0
0
0
0
0
0
0
1
0
0
0
0
1
16
8
0
0
0
0
2
0
0
1
6
5
4
7
1
0
0
0
0
1
5
7
12
0
1
8
7
1
0
0
0
0
0
0
1
0
0
7
7
0
0
0
1
2
4
5
4
0
0
0
0
1
2
0
3
11
0
4
0
0
0
0
3
0
2
5
0
0
0
15
0
0
0
0
0
0
1
2
0
23
0
0
11
0
0
3
0
0
0
0
0
0
0
0
0
2
33
67
33
18
0
0
0
28
61
84
130
177
154
251
236
48
0
0
0
0
0
0
1
4
0
0
0
7
110
255
245
168
163
160
156
232
210
165
92
97
231
249
129
2
0
13
0
0
0
0
0
0
0
0
6
0
23
91
161
244
224
175
200
178
32
0
6
43
245
221
14
0
9
0
0
0
0
0
0
7
0
0
6
0
0
0
13
112
83
7
0
10
0
11
9
138
255
122
0
2
12
0
0
0
0
0
1
10
2
0
0
1
0
7
0
0
0
9
0
5
11
0
52
251
217
8
9
0
0
5
0
0
0
0
0
0
0
0
1
0
0
4
19
8
0
4
5
2
0
0
106
255
116
0
2
0
9
0
0
0
0
0
1
0
0
2
3
0
0
0
0
3
0
10
1
0
0
49
213
233
27
11
0
3
11
0
0
0
0
0
7
0
0
0
0
4
6
0
5
0
0
6
0
2
16
88
255
144
0
0
0
13
0
0
0
0
0
0
0
1
10
3
0
0
5
0
0
0
5
0
0
8
61
227
229
15
10
1
0
2
0
10
0
0
0
0
0
0
0
0
0
0
0
0
1
0
2
2
0
7
166
255
117
17
0
8
0
0
11
0
0
0
0
0
0
0
0
0
0
0
0
0
1
0
0
2
16
3
251
208
25
0
0
14
0
0
7
0
0
0
0
0
0
0
0
0
0
0
0
0
0
5
0
6
0
130
248
76
0
0
2
3
0
0
6
0
0
0
0
0
0
0
0
0
0
0
0
0
0
12
1
7
14
247
179
0
6
10
2
0
0
5
2
0
0
0
0
0
0
0
0
0
0
0
0
0
3
0
0
3
139
251
134
4
0
2
0
0
11
7
0
0
0
0
0
0
0
0
0
0
0
0
0
0
10
0
7
32
236
255
69
6
0
0
1
3
5
0
0
4
0
0
0
0
0
0
0
0
0
0
0
0
6
0
15
124
249
209
3
0
5
5
4
0
0
0
0
6
0
0
0
0
0
0
0
0
0
0
0
0
0
11
4
219
247
60
0
8
0
0
0
0
0
7
7
0
0
0
0
0
0
0
0
0
0
0
0
0
0
14
89
247
175
0
6
0
0
0
0
0
0
0
0
0
0
0
0
0
0
0
0
0
0
0
0
0
2
8
210
255
116
0
0
3
0
0
0
0
0
0
0
0
0
0
0
0
0
0
0
0
0
0
0
0
11
0
172
190
31
0
0
0
0
0
0
0
0
0
0
0
0
0
0
0
0
0
0
0
0
0
0
0
6
0
20
22
0
1
9
0
0
0
0
0
0
0
0
0
0
0
0
0
