8
1
0
0
5
0
0
0
0
7
0
0
0
4
0
2
3
0
0
1
4
0
0
0
4
0
0
0
0
3
3
0
0
0
3
6
5
0
11
17
1
0
0
2
0
0
0
0
0
2
6
4
0
0
0
0
0
0
5
4
0
4
6
0
0
0
0
0
4
6
5
3
7
0
7
12
4
0
0
0
0
0
0
0
0
3
8
0
0
0
0
0
4
14
0
0
0
4
0
0
6
0
0
0
0
7
8
4
1
0
0
0
0
0
0
3
8
10
3
1
9
0
2
16
0
0
5
0
0
3
0
0
0
0
0
0
6
0
0
0
0
4
0
6
3
0
0
3
7
5
0
0
0
2
14
0
2
2
5
4
0
2
7
4
0
0
0
0
0
3
0
0
0
4
100
206
237
108
31
2
0
0
4
0
12
0
11
15
26
71
108
71
1
0
0
0
0
0
0
10
0
0
118
238
255
255
178
106
15
0
7
4
33
117
208
255
250
248
255
237
170
0
0
0
0
12
5
0
0
0
20
136
255
255
237
208
42
25
62
145
255
244
255
246
255
246
239
255
252
130
0
9
4
0
0
11
7
0
0
27
75
226
251
255
244
210
245
255
243
226
173
75
75
89
75
223
254
233
15
0
5
1
3
0
0
0
0
1
11
139
251
249
255
255
255
221
59
32
0
0
0
0
116
255
247
166
13
0
0
10
1
0
1
6
0
3
31
255
253
239
245
252
238
225
48
1
1
2
9
82
255
243
164
25
0
8
0
0
0
2
7
1
0
6
46
250
255
185
94
186
255
251
231
126
29
0
88
217
255
217
37
8
0
3
0
2
3
0
0
1
0
0
0
54
152
0
6
17
76
239
255
249
214
114
255
255
209
34
5
5
3
6
3
1
1
0
1
7
0
0
8
6
14
0
0
0
0
22
244
255
224
255
253
209
37
0
0
0
1
9
3
0
0
1
3
0
2
95
212
0
0
7
0
11
0
0
95
244
255
244
255
174
2
8
0
9
0
0
5
0
8
4
0
0
0
78
221
9
11
4
7
0
22
155
249
254
255
229
249
190
17
0
12
0
0
0
0
0
0
0
11
4
1
0
91
51
24
0
36
159
234
255
230
194
90
15
218
255
208
39
0
0
0
0
0
1
5
7
0
0
11
8
13
15
32
102
214
233
255
200
39
8
0
6
84
245
255
16
17
0
0
0
0
12
0
0
13
16
0
12
19
78
234
251
255
204
149
5
0
9
0
4
162
255
250
36
0
0
0
0
0
0
0
9
0
0
89
183
254
255
252
241
193
20
0
0
8
0
9
159
225
241
182
12
0
0
0
0
0
3
1
5
0
2
255
245
242
255
241
255
222
153
92
85
82
161
195
255
255
252
45
12
13
0
0
0
0
0
0
16
5
0
158
157
226
240
253
255
232
255
255
237
255
255
255
250
179
39
13
0
0
0
0
0
0
2
0
0
0
3
0
2
10
26
21
66
146
173
254
206
144
141
119
27
8
6
0
0
11
0
0
0
0
0
0
0
0
0
0
0
0
1
1
1
2
2
3
3
4
0
0
0
0
0
0
0
0
0
0
0
0
0
0
0
0
0
0
0
0
0
0
1
1
2
2
2
3
0
0
0
0
0
0
0
0
0
0
0
0
0
0
0
0
0
0
0
0
0
0
0
0
0
1
1
1
0
0
0
0
0
0
0
0
0
0
0
0
0
0
0
0
0
0
0
0
0
0
0
0
0
0
0
0
0
0
0
0
0
0
0
0
0
0
0
0
