5
0
0
0
0
0
0
0
0
0
5
0
4
3
0
2
0
8
0
0
5
0
1
12
0
0
0
0
0
0
0
0
0
0
0
0
0
3
0
0
9
0
0
15
0
0
0
5
5
0
0
0
7
0
0
0
0
0
0
0
0
0
0
0
0
10
0
5
4
0
0
0
0
3
5
12
0
0
13
0
0
0
0
0
0
0
0
0
0
0
0
0
0
0
0
0
0
12
3
0
25
9
0
10
8
0
2
0
9
0
0
0
0
0
0
0
0
0
0
0
0
3
8
4
0
0
20
81
165
223
41
0
0
0
7
0
6
0
0
0
0
0
0
0
0
0
0
0
0
0
15
81
174
228
251
245
189
69
0
0
13
0
0
1
0
0
0
0
0
0
0
0
0
0
0
0
0
110
230
241
211
161
91
51
0
0
0
4
0
0
12
9
0
0
0
0
0
0
0
0
0
0
0
0
0
104
249
120
0
13
0
0
9
1
14
0
0
12
0
0
15
0
0
0
0
0
4
1
0
6
1
0
0
160
246
22
5
0
7
7
0
1
0
8
3
0
3
0
0
0
0
0
0
5
3
0
0
3
0
6
30
219
212
0
0
3
0
0
7
1
0
0
0
12
4
0
2
0
0
0
0
6
0
0
1
2
0
11
49
249
191
2
0
13
8
0
0
0
13
2
0
0
0
8
2
0
0
0
0
0
0
1
4
4
0
2
29
209
255
205
116
36
0
5
1
0
0
10
18
0
0
16
0
0
0
0
0
0
4
4
0
3
1
0
2
52
153
237
250
249
217
165
90
17
0
0
2
6
0
0
0
0
0
0
0
0
7
3
0
0
6
1
0
8
0
30
104
208
253
255
251
183
166
79
0
0
16
0
2
0
0
0
0
0
5
0
0
2
3
0
2
0
0
0
3
3
3
86
161
240
255
237
79
0
14
0
0
0
0
0
0
0
1
0
2
6
0
0
3
0
10
0
0
0
0
8
10
26
77
253
200
17
0
3
2
0
0
0
0
0
0
0
0
0
0
0
0
0
0
5
12
0
11
6
0
7
0
130
255
47
1
17
0
0
0
0
0
0
0
0
0
0
0
0
0
1
0
1
0
1
0
0
18
5
0
51
252
120
0
0
13
0
0
0
0
0
0
0
0
0
0
0
0
0
6
9
0
5
8
0
0
0
1
76
250
110
5
7
0
0
0
0
0
0
0
0
0
0
0
0
0
0
23
110
18
8
3
0
14
0
29
186
253
54
0
9
0
0
0
0
0
0
0
0
0
0
0
0
0
13
54
221
23
0
0
19
0
6
169
242
140
2
3
0
0
0
0
0
0
0
0
0
0
0
0
0
0
0
9
162
105
3
0
1
28
172
251
141
15
0
5
3
0
0
0
0
0
0
0
0
0
0
0
0
0
4
0
78
224
153
119
128
229
241
127
5
0
15
0
0
12
0
0
0
0
0
0
0
0
0
0
0
0
0
6
0
54
176
246
255
148
66
0
3
0
0
14
0
0
0
0
0
0
0
0
0
0
0
0
0
0
0
0
0
0
0
0
0
0
0
0
0
0
0
0
0
0
0
0
0
0
0
0
0
0
0
0
0
0
0
0
0
0
0
0
0
0
0
0
0
0
0
0
0
0
0
0
0
0
0
0
0
0
0
0
0
0
0
0
0
0
0
0
0
0
0
0
0
0
0
0
0
0
0
0
0
0
0
0
0
0
0
0
0
0
0
0
0
0
0
0
0
0
0
0
0
0
0
0
0
0
0
0
0
0
