1
0
0
0
0
0
0
0
0
0
0
0
0
1
0
0
0
1
8
0
7
0
0
0
0
0
0
0
0
0
0
0
0
0
0
0
0
0
0
0
0
0
1
1
1
0
0
0
0
6
5
0
1
0
0
0
0
0
0
0
0
0
0
0
0
0
0
0
0
0
0
2
4
0
2
12
0
0
4
4
0
0
0
0
0
0
0
0
0
0
0
0
0
0
0
0
0
0
0
0
1
8
0
0
4
0
0
11
0
0
0
0
0
0
0
0
0
0
0
0
0
0
0
2
2
0
0
0
0
0
17
0
0
5
0
0
1
0
0
0
0
0
0
0
0
0
0
0
0
0
0
3
2
0
0
0
0
15
184
95
0
5
7
0
5
0
0
0
0
0
0
0
0
0
0
0
0
0
1
2
0
0
0
4
9
120
255
119
6
0
6
0
1
0
0
0
0
0
0
0
0
0
0
0
0
0
2
1
0
0
0
10
19
233
233
7
2
0
0
2
1
0
0
0
0
0
0
0
0
0
0
0
0
0
5
0
0
0
11
5
77
255
166
6
6
0
0
0
0
0
0
0
0
0
0
0
0
0
0
0
0
2
1
0
4
0
0
0
143
255
92
0
0
0
1
0
2
0
0
0
0
0
0
0
0
0
0
0
0
0
0
1
5
7
0
46
233
239
24
0
0
6
1
0
0
0
0
0
0
0
0
0
0
0
0
0
0
0
0
3
0
6
4
131
255
161
0
3
0
7
2
0
0
0
0
0
0
0
0
0
0
0
0
0
0
9
0
7
0
0
0
182
230
46
0
0
0
0
2
0
3
0
0
0
0
0
0
0
0
0
0
0
0
11
0
7
8
0
26
209
189
0
13
1
1
0
1
0
2
0
0
0
0
0
0
0
0
0
0
0
0
3
0
3
6
0
139
237
161
0
13
5
5
0
1
0
0
0
0
0
0
0
0
0
0
0
0
0
0
0
6
0
0
7
247
255
133
9
0
0
0
0
1
0
3
0
0
0
0
0
0
0
0
0
0
0
0
2
0
7
0
9
247
250
58
0
0
0
0
0
0
0
0
0
0
0
0
0
0
0
0
0
0
0
0
1
0
6
0
3
255
188
6
0
0
0
0
0
0
0
0
0
0
0
0
0
0
0
0
0
0
0
0
10
0
5
13
119
248
124
0
0
0
0
0
0
0
0
0
0
0
0
0
0
0
0
0
0
0
0
0
11
14
12
0
189
236
105
7
0
0
0
0
0
0
0
0
0
0
0
0
0
0
0
0
0
0
0
0
0
0
0
66
255
234
0
0
0
0
0
0
0
0
0
0
0
0
0
0
0
0
0
0
0
0
0
0
1
4
4
16
230
214
0
1
0
0
0
0
0
0
0
0
0
0
0
0
0
0
0
0
0
0
0
0
7
0
6
96
255
112
0
7
0
0
0
0
0
0
0
0
0
0
0
0
0
0
0
0
0
0
0
0
0
14
0
200
242
34
0
0
0
0
0
0
0
0
0
0
0
0
0
0
0
0
0
0
0
0
0
0
0
0
8
123
119
0
0
3
0
0
0
0
0
0
0
0
0
0
0
0
0
0
0
0
0
0
0
0
0
14
0
8
4
0
12
0
0
0
0
0
0
0
0
0
0
0
0
0
0
0
0
0
0
0
0
0
0
7
1
5
2
0
6
0
0
0
0
0
0
0
0
0
0
0
0
0
0
0
0
0
0
0
0
0
7
0
0
7
5
0
0
10
0
0
0
0
0
0
0
0
0
0
0
0
