2
0
0
0
0
0
0
0
0
2
0
2
2
0
0
3
0
0
15
0
0
12
0
0
10
0
0
0
0
0
0
0
0
0
0
0
0
3
0
0
0
0
0
0
8
5
0
3
8
0
0
9
0
0
0
0
0
0
0
0
0
0
0
0
0
4
0
7
3
9
6
0
0
0
6
0
3
0
17
4
3
0
0
0
0
0
0
0
0
0
0
0
0
0
9
0
0
0
0
11
24
0
3
8
0
22
0
0
0
0
0
0
0
0
0
0
0
0
0
0
0
0
0
0
58
123
126
139
112
138
132
70
117
5
0
1
9
0
0
0
0
0
0
0
0
0
0
0
0
4
2
47
197
255
255
255
249
251
255
255
253
211
49
11
0
0
0
0
0
0
0
0
0
0
0
0
0
0
12
134
252
255
238
245
255
204
231
241
251
255
157
14
17
0
0
0
0
0
0
0
0
0
0
0
0
2
0
141
244
255
255
146
63
2
36
103
252
255
255
31
0
0
0
0
0
0
0
0
0
0
0
0
0
0
8
144
255
232
77
6
0
0
12
0
98
255
248
137
5
0
0
0
0
0
0
0
0
0
0
0
0
9
0
16
33
28
0
3
11
0
3
3
71
255
255
187
0
0
0
0
0
0
0
0
0
0
0
0
0
4
0
5
0
0
0
9
0
0
3
8
43
253
244
197
11
0
0
0
0
0
0
0
0
0
0
0
0
0
0
11
11
8
1
0
0
1
0
13
146
255
255
132
0
0
0
0
0
0
0
0
0
0
0
0
0
4
1
0
0
0
0
0
11
10
0
42
254
246
255
64
0
0
0
0
0
0
0
0
0
0
0
0
0
3
13
1
5
7
13
0
0
0
43
149
245
255
175
11
11
0
0
0
0
0
0
0
0
0
0
0
0
0
6
0
0
0
0
0
8
36
145
250
245
227
59
0
3
0
0
0
0
0
0
0
0
0
0
0
0
0
5
0
11
0
0
13
77
237
252
249
255
66
0
8
0
0
0
0
0
0
0
2
0
3
5
0
1
1
8
0
19
0
60
129
255
255
253
253
145
2
0
0
0
0
0
0
0
6
0
0
0
13
0
22
52
135
176
144
235
244
246
255
252
255
244
225
5
6
0
14
1
0
0
0
0
0
9
15
16
104
162
253
255
248
255
251
255
255
255
245
252
253
255
221
228
61
0
0
0
0
0
0
0
6
0
3
124
252
255
255
240
255
243
248
245
255
255
246
255
237
255
255
255
227
31
0
4
0
0
0
0
0
0
0
169
255
252
248
255
243
255
255
254
194
86
81
68
89
137
255
255
255
219
12
0
0
0
0
0
1
2
11
158
235
255
249
255
255
196
97
56
37
0
2
5
0
7
140
255
243
255
32
0
0
0
0
0
12
0
0
156
255
250
172
148
52
23
11
0
0
3
0
3
0
20
32
222
255
215
3
0
0
0
0
0
1
3
5
1
13
21
4
4
0
15
0
2
3
0
12
0
4
0
3
17
16
18
0
7
0
0
0
0
0
0
0
0
0
0
0
0
0
0
0
0
0
0
0
0
0
0
0
0
0
0
0
0
0
0
0
0
0
0
0
0
0
0
0
0
0
0
0
0
0
0
0
0
0
0
0
0
0
0
0
0
0
0
0
0
0
0
0
0
0
0
0
0
0
0
0
0
0
0
0
0
0
0
0
0
0
0
0
0
0
0
0
0
0
0
0
0
0
0
0
0
0
0
0
0
0
0
0
0
0
0
0
0
0
0
0
0
0
0
0
0
