5
0
0
0
0
0
0
0
0
1
12
0
9
1
0
0
6
0
0
4
0
0
6
0
0
0
0
0
0
0
0
0
0
0
0
0
0
0
4
11
6
0
29
0
0
8
5
7
0
6
8
0
1
0
0
0
0
0
0
0
0
0
0
0
0
10
0
3
7
0
1
0
6
0
0
0
0
6
0
0
16
0
0
0
0
0
0
0
0
0
0
0
0
5
0
2
10
3
5
157
241
253
106
8
0
5
12
0
0
0
0
0
0
0
0
0
0
0
0
0
0
4
14
2
0
0
84
229
255
255
87
12
16
0
0
2
0
0
0
0
0
0
0
0
0
0
0
0
0
0
0
0
3
68
247
255
250
238
56
0
0
0
1
14
0
0
0
0
0
0
0
0
0
0
0
0
0
3
1
4
13
114
255
250
197
69
4
5
15
0
0
0
0
0
0
0
0
0
0
0
0
0
0
0
0
17
7
0
5
194
248
203
15
4
0
0
0
2
10
0
0
0
0
0
0
0
0
0
0
0
0
0
0
52
0
2
132
246
246
54
0
0
0
6
3
0
0
13
0
0
0
0
0
0
0
0
0
0
0
0
0
0
11
0
168
255
232
29
12
10
1
0
0
0
2
1
0
0
0
0
0
0
0
0
0
0
0
0
0
7
6
0
180
252
255
85
0
0
2
0
0
5
0
0
1
0
0
0
0
0
0
0
0
0
0
0
0
0
5
0
153
255
242
230
81
0
0
4
7
0
0
0
2
0
0
0
0
0
0
0
0
0
0
0
0
5
0
5
49
217
255
255
221
96
19
0
2
0
0
7
0
0
0
0
0
0
0
0
0
0
0
0
0
27
0
10
0
102
248
253
254
233
92
0
0
0
1
4
0
0
0
0
0
0
0
0
0
0
0
0
0
0
23
0
7
12
86
237
248
255
199
79
3
0
3
0
0
0
0
0
0
0
0
0
0
0
0
0
0
11
0
5
0
1
6
68
235
237
255
177
24
0
0
0
4
0
0
0
0
0
0
0
0
0
0
0
0
5
0
13
0
0
14
0
89
255
255
244
36
8
0
10
4
0
0
0
0
0
0
0
0
0
0
0
0
0
10
0
26
0
0
1
9
214
243
248
139
9
15
0
0
0
0
0
0
0
0
0
0
0
0
0
0
1
5
0
1
0
16
32
142
240
255
255
100
0
0
2
9
0
0
0
0
0
0
0
0
0
0
0
0
3
2
0
10
15
123
236
250
255
253
182
0
16
2
7
0
0
0
0
0
0
0
0
0
0
0
0
0
0
0
11
69
206
255
255
240
253
246
140
9
0
0
0
16
0
0
0
0
0
0
0
0
0
0
0
0
9
35
230
250
255
255
237
255
255
151
36
7
0
14
0
0
0
0
0
0
0
0
0
0
0
0
0
0
71
200
247
216
244
244
249
211
81
13
0
0
3
0
3
0
0
0
0
0
0
0
0
0
0
0
0
0
0
7
0
0
4
10
0
3
0
10
0
0
5
0
0
8
0
0
0
0
0
0
0
0
0
0
0
0
0
0
0
0
0
0
0
0
0
0
0
0
0
0
0
0
0
0
0
0
0
0
0
0
0
0
0
0
0
0
0
0
0
0
0
0
0
0
0
0
0
0
0
0
0
0
0
0
0
0
0
0
0
0
0
0
0
0
0
0
0
0
0
0
0
0
0
0
0
0
0
0
0
0
0
0
0
0
0
0
0
0
0
0
0
0
0
0
0
0
0
0
0
0
0
0
0
0
0
0
0
0
0
0
