3
0
0
0
0
0
0
0
0
0
0
3
0
0
10
0
0
0
7
0
3
0
9
0
0
0
0
0
0
0
0
0
0
0
0
0
0
11
0
1
5
0
0
0
15
4
4
0
6
0
1
0
7
0
0
0
0
0
0
0
0
0
0
0
0
0
7
9
0
4
25
0
0
1
0
0
8
0
7
1
0
0
0
0
0
0
0
0
0
0
0
0
0
1
0
3
0
0
0
0
11
0
0
1
0
0
1
11
4
0
0
0
0
0
0
0
0
0
0
0
0
0
26
0
14
203
220
58
0
4
1
10
13
7
0
0
0
0
0
0
0
0
0
0
0
0
0
0
0
0
0
0
0
85
234
244
146
67
27
0
0
4
0
0
7
0
0
0
0
0
0
0
0
0
0
0
0
14
0
8
0
0
77
190
250
255
244
145
15
0
0
0
0
0
0
0
0
0
0
0
0
0
0
0
0
0
0
2
0
6
0
0
52
135
255
245
69
5
1
8
0
0
0
0
0
0
0
0
0
0
0
0
0
9
2
6
0
5
0
1
21
171
255
230
79
0
3
8
0
0
0
0
0
0
0
0
0
0
0
0
0
0
11
0
6
0
25
98
219
255
177
56
0
0
0
0
10
0
0
0
0
0
0
0
0
0
0
0
0
12
0
0
53
144
235
255
170
46
11
0
2
16
0
0
6
0
0
0
0
0
0
0
0
0
0
0
0
0
13
29
230
229
148
28
13
8
10
3
0
0
1
3
6
0
0
0
0
0
0
0
0
0
0
0
0
6
0
89
251
201
43
7
0
0
0
0
0
2
6
0
0
0
0
0
0
0
0
0
0
0
0
0
0
10
2
0
165
238
216
79
10
0
4
16
12
0
0
0
2
0
0
0
0
0
0
0
0
0
0
0
0
0
3
5
4
102
224
250
167
33
0
0
0
1
10
11
0
0
0
0
0
0
0
0
0
0
0
0
0
2
3
2
0
0
13
99
238
252
109
7
0
2
0
0
3
0
0
0
0
0
0
0
0
0
0
0
0
0
21
0
0
0
0
0
47
185
238
128
0
16
0
2
4
0
0
0
0
0
0
0
0
0
0
0
0
10
0
3
7
3
0
0
0
0
187
253
0
8
0
0
1
0
0
0
0
0
0
0
0
0
0
0
0
0
0
16
2
0
15
13
0
3
114
231
8
8
4
11
0
0
0
0
0
0
0
0
0
0
0
0
0
14
9
0
0
0
10
0
3
38
222
198
0
0
2
0
0
0
0
0
0
0
0
0
0
0
0
0
0
0
0
22
6
4
0
45
164
255
166
0
0
14
0
0
26
0
0
0
0
0
0
0
0
0
0
0
0
12
0
2
0
82
146
243
251
162
7
0
23
0
0
15
0
0
0
0
0
0
0
0
0
0
0
0
0
3
132
197
205
244
246
219
124
5
0
14
0
0
10
0
1
0
0
0
0
0
0
0
0
0
0
0
0
31
249
252
243
150
75
0
4
4
4
0
0
5
9
0
0
0
0
0
0
0
0
0
0
0
0
0
0
0
0
0
0
0
0
0
0
0
0
0
0
0
0
0
0
0
0
0
0
0
0
0
0
0
0
0
0
0
0
0
0
0
0
0
0
0
0
0
0
0
0
0
0
0
0
0
0
0
0
0
0
0
0
0
0
0
0
0
0
0
0
0
0
0
0
0
0
0
0
0
0
0
0
0
0
0
0
0
0
0
0
0
0
0
0
0
0
0
0
0
0
0
0
0
0
0
0
0
0
0
0
0
0
