1
0
0
0
0
0
0
0
0
0
0
0
0
0
0
0
0
0
12
0
4
5
0
5
1
0
0
0
0
0
0
0
0
0
0
0
0
0
0
0
0
0
0
0
0
0
0
8
11
0
6
0
0
0
0
0
0
0
0
0
0
0
0
0
0
0
0
0
0
0
0
0
0
11
2
0
4
0
0
16
0
0
0
0
0
0
0
0
0
0
0
0
0
0
0
0
0
0
0
0
0
0
8
0
10
2
4
5
0
0
0
0
0
0
0
0
0
0
0
0
0
0
0
0
0
0
0
0
0
0
1
0
0
10
0
0
13
0
0
0
0
0
0
0
0
0
0
0
0
0
0
0
0
0
0
0
0
3
2
5
160
220
24
0
1
0
0
0
0
0
0
0
0
0
0
0
0
0
0
0
0
0
0
0
0
2
0
43
239
255
0
9
0
0
0
0
0
0
0
0
0
0
0
0
0
0
0
0
0
0
0
0
0
0
7
214
251
193
7
0
5
0
0
0
0
0
0
0
0
0
0
0
0
0
0
0
8
0
0
12
0
2
87
255
236
46
5
0
2
0
0
0
0
0
0
0
0
0
0
0
0
0
1
5
2
0
1
0
5
22
229
232
170
0
0
25
0
0
0
0
0
0
0
0
0
0
0
0
0
0
0
0
0
0
10
0
22
218
255
234
0
0
9
11
0
0
0
0
0
0
0
0
0
0
0
0
0
0
0
6
0
0
0
64
181
242
243
38
26
0
0
0
0
0
0
0
0
0
0
0
0
0
0
0
0
2
0
0
1
12
0
138
255
255
81
7
0
6
2
0
8
0
0
0
0
0
0
0
0
0
0
0
0
2
2
0
0
6
22
197
255
211
27
1
0
2
2
11
0
0
0
0
0
0
0
0
0
0
0
0
0
0
11
8
1
0
112
255
251
33
0
6
8
3
0
15
0
0
0
0
0
0
0
0
0
0
0
0
0
3
0
0
9
39
240
255
81
0
7
0
0
15
0
0
2
0
0
0
0
0
0
6
0
0
10
3
1
0
0
6
19
217
253
208
29
0
0
0
0
0
0
0
0
0
0
0
0
3
0
4
0
0
0
0
0
0
0
0
194
255
242
46
0
0
0
0
0
0
0
0
0
0
0
0
0
0
0
0
9
0
0
3
0
12
0
109
238
252
103
0
6
0
0
0
0
0
0
0
0
0
0
0
0
0
2
0
11
1
0
3
0
0
77
237
246
126
13
0
1
0
0
0
0
0
0
0
0
0
0
0
0
0
9
0
4
0
0
0
0
72
223
254
172
6
0
7
0
0
0
0
0
0
0
0
0
0
0
0
0
0
8
0
1
0
7
0
70
217
255
147
20
0
0
12
5
0
0
0
0
0
0
0
0
0
0
0
0
0
1
0
4
0
8
15
184
255
157
24
0
2
10
0
0
0
0
0
0
0
0
0
0
0
0
0
0
3
0
0
7
0
0
16
255
249
38
0
0
8
0
9
0
0
0
0
0
0
0
0
0
0
0
0
0
4
0
8
0
8
0
20
232
114
17
0
11
0
0
10
0
0
0
0
0
0
0
0
0
0
0
0
0
0
0
19
0
0
11
0
13
23
0
0
15
0
0
7
0
0
0
0
0
0
0
0
0
0
0
0
0
10
0
2
0
0
13
8
0
0
0
3
3
0
0
6
0
0
0
0
0
0
0
0
0
0
0
0
0
6
0
0
13
0
0
7
7
6
11
2
0
0
3
3
0
0
0
0
0
0
0
0
0
0
0
0
0
