2
0
0
0
0
0
0
0
0
12
0
8
13
0
2
0
0
14
0
8
0
0
13
0
2
0
0
0
0
0
0
0
0
0
0
0
0
0
2
0
0
0
1
15
8
0
6
4
0
12
0
20
0
0
0
0
0
0
0
0
0
0
0
0
0
0
15
0
21
7
2
0
0
11
0
3
0
0
15
0
0
0
0
0
0
0
0
0
0
0
0
0
0
6
0
1
0
5
3
14
40
136
238
207
115
6
0
23
0
0
0
0
0
0
0
0
0
0
0
0
0
0
5
18
2
0
108
63
52
153
205
248
255
168
4
0
2
0
0
0
0
0
0
0
0
0
0
0
0
2
0
0
3
81
251
227
220
30
15
100
255
248
157
0
0
0
0
0
0
0
0
0
0
0
0
0
0
13
0
21
2
255
255
249
161
5
0
39
248
226
89
0
7
0
0
0
0
0
0
0
0
0
0
0
0
0
20
0
0
255
235
144
5
2
41
232
251
255
94
13
0
0
0
0
0
0
1
7
0
0
3
0
5
5
5
0
1
30
28
6
0
0
227
254
236
255
82
0
11
0
0
0
0
6
0
0
0
3
5
0
0
0
0
0
10
2
0
34
118
185
227
255
253
205
15
0
0
0
0
0
0
2
0
0
2
1
0
5
0
12
0
11
1
0
107
231
249
251
247
255
231
78
0
1
10
0
0
0
0
0
0
0
4
0
0
12
0
0
0
0
40
156
250
255
246
249
255
184
0
12
5
10
0
0
0
0
0
0
5
4
3
0
2
5
0
6
57
166
255
255
247
247
252
209
77
5
13
0
1
0
4
0
0
0
0
5
0
1
0
5
5
0
7
87
234
255
231
255
255
164
77
4
0
20
0
16
0
5
3
0
0
0
0
6
0
3
0
3
0
0
95
255
241
255
255
192
84
12
0
0
6
0
7
0
1
0
0
0
0
0
0
6
0
15
1
2
0
23
203
239
255
250
136
20
0
10
0
10
1
0
3
11
0
0
8
0
0
0
0
0
0
9
0
0
3
142
255
248
255
154
0
1
14
45
128
180
195
115
25
10
5
3
0
0
0
6
5
14
0
0
2
0
7
171
255
254
245
207
140
156
209
239
255
239
255
255
236
255
255
175
51
25
0
0
3
0
3
4
0
13
171
253
236
255
254
255
250
246
255
255
245
255
254
248
247
255
251
229
239
86
29
0
0
0
0
7
0
0
255
255
255
237
249
253
255
248
236
194
210
250
251
255
247
124
77
80
42
18
0
0
5
11
0
1
0
0
255
243
247
255
216
174
161
108
61
9
25
145
255
253
255
92
0
0
7
0
0
2
5
0
2
2
0
9
158
254
255
146
27
0
17
0
0
2
0
7
26
37
152
53
10
13
0
16
14
11
0
2
0
3
6
0
0
159
247
106
7
0
2
0
4
16
0
0
15
0
5
0
0
0
0
0
0
0
4
4
0
4
0
1
0
11
0
9
0
8
0
6
0
0
5
11
0
9
7
0
8
0
6
9
0
3
7
0
0
0
0
0
0
0
0
0
0
0
0
0
0
0
0
0
0
0
0
0
0
0
0
0
0
0
0
0
0
0
0
0
0
0
0
0
0
0
0
0
0
0
0
0
0
0
0
0
0
0
0
0
0
0
0
0
0
0
0
0
0
0
0
0
0
0
0
0
0
0
0
0
0
0
0
0
0
0
0
0
0
0
0
0
0
0
0
0
0
0
0
0
0
0
0
0
0
0
0
0
0
0
0
0
0
0
0
0
0
0
0
