2
0
0
0
0
0
0
0
0
2
0
0
1
7
0
0
5
2
0
2
6
0
0
0
3
0
0
0
0
0
0
0
0
0
0
0
0
0
29
4
0
5
14
0
0
5
0
8
0
0
14
6
0
0
0
0
0
0
0
0
0
0
0
0
0
12
0
4
0
0
0
3
11
0
9
0
11
15
0
3
16
0
0
0
0
0
0
0
0
0
0
0
0
0
11
6
3
7
64
255
237
255
254
164
75
0
6
16
0
0
0
0
0
0
0
0
0
0
0
0
0
0
0
0
24
60
236
247
255
243
239
255
182
0
1
1
5
0
0
0
0
0
0
0
0
0
0
0
0
0
67
246
253
249
252
253
249
255
255
250
251
167
12
0
7
0
0
0
0
0
0
0
0
0
0
0
0
0
123
255
255
62
158
59
53
45
195
230
255
255
21
1
0
0
0
0
0
0
0
0
0
0
0
0
0
5
132
144
122
0
0
0
4
2
45
254
255
241
14
0
3
0
0
0
0
0
0
0
2
0
0
0
1
0
22
3
6
0
15
2
0
6
31
248
253
255
46
0
0
0
0
0
0
6
0
0
0
1
5
6
5
4
0
7
0
13
0
0
0
0
49
255
235
255
175
0
8
0
0
0
0
2
1
0
0
1
1
0
0
11
0
0
0
0
1
4
14
2
25
255
255
253
184
0
0
0
0
0
0
0
0
3
1
0
0
0
0
0
12
2
8
0
7
0
0
10
63
238
255
247
70
7
1
0
0
0
0
0
0
0
0
0
3
7
11
0
0
7
0
3
0
10
4
0
174
255
255
254
20
0
0
0
0
0
0
5
0
0
3
4
0
0
0
8
0
0
25
13
0
0
6
94
240
255
242
156
8
0
1
0
0
0
0
3
0
1
7
0
0
36
87
96
109
93
167
106
95
12
16
246
255
244
191
12
0
2
20
0
0
0
0
0
0
1
0
0
23
142
255
248
251
234
255
243
247
200
189
249
255
250
176
3
6
2
0
0
0
0
0
6
0
4
0
80
182
242
255
230
145
39
143
255
248
255
252
252
255
242
35
2
0
0
0
0
0
0
0
0
0
7
75
247
252
92
48
47
0
9
0
55
197
255
251
255
242
255
29
0
12
6
5
0
0
0
0
4
9
0
73
250
208
20
9
0
7
7
17
173
244
255
248
255
247
250
121
0
0
0
12
0
0
0
0
7
0
0
98
240
174
55
8
7
1
30
161
255
244
255
217
217
255
244
254
89
0
11
4
0
0
0
0
0
0
0
107
255
247
255
216
143
164
245
250
248
255
100
13
46
237
242
235
213
9
0
0
0
0
0
0
0
9
1
78
243
238
255
230
253
235
255
233
202
172
0
19
0
160
255
255
198
15
0
16
0
0
0
0
0
1
0
48
201
255
255
255
255
254
208
96
0
1
8
0
16
8
157
222
30
0
22
0
0
0
0
0
0
1
7
2
0
12
0
3
0
11
0
1
14
0
0
4
0
5
8
0
12
6
1
0
0
0
0
0
0
0
0
0
0
0
0
0
0
0
0
0
0
0
0
0
0
0
0
0
0
0
0
0
0
0
0
0
0
0
0
0
0
0
0
0
0
0
0
0
0
0
0
0
0
0
0
0
0
0
0
0
0
0
0
0
0
0
0
0
0
0
0
0
0
0
0
0
0
0
0
0
0
0
0
0
0
0
0
0
0
0
0
0
0
0
0
0
0
0
0
0
0
0
0
0
0
0
0
0
0
0
0
0
0
0
0
0
0
0
0
0
