2
0
0
0
0
0
0
0
0
0
0
2
3
0
0
0
4
3
4
0
0
9
0
0
9
6
0
0
4
0
0
0
0
0
0
0
0
7
1
0
0
2
2
0
0
0
6
3
2
1
0
6
0
0
0
0
0
0
0
0
0
0
0
0
0
0
1
11
11
4
0
1
5
4
6
0
3
4
5
14
0
0
4
8
2
0
0
0
0
0
0
0
0
8
0
0
0
0
0
0
0
0
4
3
0
0
0
0
12
0
0
7
0
0
0
0
0
0
0
0
0
0
3
6
3
2
6
7
5
0
52
129
190
255
255
163
106
7
0
0
0
0
0
0
0
0
0
0
0
0
0
0
0
5
27
40
41
174
245
255
235
241
255
250
246
61
0
0
4
0
0
0
0
0
0
0
0
8
0
0
43
134
217
248
242
239
255
232
201
174
200
255
252
123
13
2
9
0
0
0
0
0
0
0
0
0
64
150
214
250
255
255
244
200
135
21
17
0
44
240
255
144
6
0
2
0
14
2
0
4
0
0
15
177
255
244
254
243
255
218
64
4
4
0
15
0
141
255
244
117
17
0
8
0
0
0
6
12
0
10
77
239
255
251
249
248
75
13
11
0
0
14
0
121
255
233
197
25
0
0
14
3
0
0
7
8
0
7
78
255
242
189
124
30
0
9
0
3
12
0
99
241
247
241
72
0
0
2
3
1
4
0
0
1
0
0
17
21
28
5
12
0
14
0
4
3
59
188
244
255
238
95
0
6
10
2
0
0
5
1
0
2
10
3
0
10
0
15
0
0
0
0
11
126
255
248
255
255
106
0
13
0
2
0
0
0
1
3
3
0
0
0
1
1
3
0
0
7
0
48
166
255
247
255
225
134
13
8
0
0
0
1
3
6
0
0
4
0
0
0
1
0
5
1
12
6
145
240
248
242
247
178
43
0
0
1
11
5
5
4
0
2
0
0
0
0
7
8
0
0
0
0
77
217
247
254
252
255
135
0
14
0
5
1
0
0
0
0
0
1
0
4
1
3
5
0
0
0
32
216
251
255
255
239
180
59
0
14
0
0
8
0
8
0
0
0
0
0
11
0
0
1
0
2
22
105
212
250
245
255
181
14
3
0
12
0
21
0
0
0
0
0
0
0
0
0
5
0
10
5
0
40
129
255
255
251
188
111
9
0
11
6
0
0
0
7
17
6
8
0
0
0
0
2
4
0
4
0
27
171
255
242
248
149
10
6
0
12
0
4
0
20
0
8
0
0
4
0
0
0
0
0
12
0
0
0
110
255
249
255
235
67
21
30
33
11
40
132
143
37
12
0
7
11
4
0
0
0
0
0
3
5
0
1
122
255
246
249
255
254
255
229
254
255
233
250
254
118
0
0
5
7
0
0
0
0
0
13
0
0
0
0
65
185
255
244
248
255
255
255
235
246
255
250
255
202
29
11
1
0
4
0
0
0
0
0
0
8
4
0
0
10
63
137
222
236
252
241
255
240
253
247
240
68
0
0
2
1
0
0
0
0
0
0
0
0
0
0
0
0
0
0
0
0
0
0
0
0
0
0
0
0
0
0
0
0
0
0
0
0
0
0
0
0
0
0
0
0
0
0
0
0
0
0
0
0
0
0
0
0
0
0
0
0
0
0
0
0
0
0
0
0
0
0
0
0
0
0
0
0
0
0
0
0
0
0
0
0
0
0
0
0
0
0
0
0
0
0
0
0
0
0
0
0
0
0
0
0
0
0
0
0
0
0
0
0
0
0
0
0
0
0
0
0
0
