3
0
0
0
0
0
0
0
0
3
0
0
6
0
9
7
0
6
0
5
9
0
0
8
1
0
0
0
0
0
0
0
0
0
0
0
0
3
0
1
13
2
0
0
17
1
0
2
0
0
0
0
0
0
0
0
0
0
0
0
0
0
0
0
0
6
4
0
0
0
0
0
0
0
0
2
0
13
4
11
7
0
0
0
0
0
0
0
0
0
0
0
0
0
0
0
0
0
13
13
0
9
3
0
0
11
0
0
0
0
0
0
0
0
0
0
0
0
0
0
0
0
0
6
25
0
2
7
0
0
0
7
3
18
0
0
15
0
0
0
0
0
0
0
0
0
0
0
0
11
12
0
0
29
167
247
255
255
167
45
0
0
11
3
0
0
0
0
0
0
0
0
0
0
0
0
0
0
6
0
19
176
255
255
245
248
255
213
122
6
0
0
8
0
0
0
0
0
0
0
0
0
0
0
0
7
0
0
54
245
162
84
105
171
255
255
168
7
0
0
2
0
0
0
0
0
0
0
0
0
0
0
0
2
0
0
48
76
0
13
41
77
250
248
170
2
0
2
1
0
0
0
0
0
0
0
0
0
0
0
0
0
3
16
0
11
0
93
255
255
243
231
58
0
16
0
0
0
0
0
0
0
0
0
0
0
0
0
0
0
3
0
110
197
168
246
236
225
155
37
0
0
0
20
0
0
0
0
0
0
0
0
0
0
0
0
0
14
125
192
232
255
255
243
162
61
14
0
8
0
0
0
1
0
0
0
0
0
0
0
0
0
0
0
0
63
252
255
255
242
187
41
0
0
0
8
1
7
0
5
0
0
0
0
0
0
0
0
0
0
0
0
0
66
244
237
255
255
250
224
225
115
42
1
0
0
22
0
7
0
0
0
0
0
0
0
0
0
0
0
0
0
63
142
110
124
248
254
255
254
209
33
8
11
0
4
0
0
0
0
0
0
0
0
0
0
0
0
0
4
0
3
0
9
2
54
131
248
252
198
0
0
0
5
6
0
0
0
0
0
0
0
0
0
0
0
0
4
0
0
8
0
0
2
0
82
255
211
50
4
0
0
2
0
0
0
0
0
0
0
0
0
0
0
0
0
0
0
3
3
7
9
0
50
251
249
134
0
8
4
5
0
0
0
0
0
0
0
0
0
0
0
0
4
0
4
0
0
0
0
4
53
246
255
155
0
1
0
0
0
0
0
0
0
0
0
0
0
0
0
0
4
0
0
2
0
0
2
55
225
255
185
20
5
1
2
0
0
0
0
0
0
0
0
0
0
0
0
0
0
1
5
0
8
45
126
223
245
251
172
0
0
0
12
0
0
0
0
0
0
0
0
0
0
0
0
0
0
11
0
26
131
220
255
252
238
77
5
0
15
0
0
20
0
0
0
0
0
0
0
0
0
0
0
0
15
147
197
236
255
255
244
187
39
1
2
0
0
16
5
0
0
0
0
0
0
0
0
0
0
0
0
0
120
245
255
255
236
146
89
4
0
0
7
0
3
1
0
16
0
0
0
0
0
0
0
0
0
0
0
0
74
237
228
77
11
3
0
14
0
0
0
0
0
0
0
0
0
0
0
0
0
0
0
0
0
0
0
0
0
12
0
0
6
4
0
0
0
0
0
0
0
0
0
0
0
0
0
0
0
0
0
0
0
0
0
0
6
0
0
12
4
0
8
10
0
0
0
0
0
0
0
0
0
0
0
0
0
0
0
0
0
0
0
0
2
1
10
1
0
0
3
0
0
0
0
0
0
0
0
0
0
0
0
0
