1
0
0
0
0
0
0
0
0
7
0
1
0
0
14
0
0
0
4
0
0
4
0
0
0
0
0
0
0
0
0
0
0
0
0
0
0
5
0
4
2
0
0
28
0
2
9
0
0
0
0
2
3
0
0
0
0
0
0
0
0
0
0
0
0
0
2
0
0
6
12
0
0
0
5
5
0
0
0
2
2
0
0
0
0
0
0
0
0
0
0
0
0
0
11
0
0
0
5
0
0
0
0
7
3
0
4
0
0
0
0
0
0
0
0
0
0
0
0
0
0
0
0
3
11
6
30
231
153
13
0
7
4
0
6
0
0
0
0
0
0
0
0
0
0
0
0
0
0
6
1
0
0
0
115
255
227
55
2
5
1
0
4
0
4
0
0
0
0
0
0
0
0
0
0
0
0
0
6
0
0
15
255
242
255
85
5
1
1
0
5
0
6
0
0
0
0
0
0
0
0
0
0
0
0
0
5
0
3
13
255
245
247
92
0
0
3
0
8
0
2
0
0
0
0
0
0
0
0
0
0
0
0
0
6
0
4
56
255
239
255
92
0
0
4
0
0
10
0
0
0
0
0
0
0
0
0
0
0
0
0
1
4
1
4
114
255
251
252
77
9
10
2
0
0
9
0
0
0
0
0
0
0
0
0
0
0
0
0
1
1
7
2
186
255
255
236
32
0
9
0
0
0
8
0
0
0
0
0
0
0
0
0
0
0
0
0
0
1
2
0
231
253
255
230
9
0
2
0
2
1
2
0
0
0
0
0
0
0
0
0
0
0
0
0
0
6
0
0
241
249
255
239
46
0
3
0
9
0
0
0
0
0
0
0
0
0
0
0
0
0
0
0
0
8
0
3
236
251
255
252
84
7
0
0
4
0
0
5
0
0
0
0
0
0
0
0
0
0
0
0
2
3
1
0
232
254
255
255
89
1
0
0
0
0
6
3
0
0
0
0
0
0
0
0
0
0
0
0
3
0
6
0
232
255
255
255
86
1
4
8
0
0
8
0
0
0
0
0
0
0
0
0
0
0
0
0
0
0
0
54
255
240
255
249
95
1
0
7
0
2
3
0
0
0
0
0
0
0
0
0
0
0
0
0
5
1
6
85
255
250
255
255
67
1
2
10
0
3
3
2
0
0
0
0
0
0
0
0
0
0
0
0
0
0
2
92
244
255
247
213
24
0
3
5
0
0
0
3
0
0
0
0
0
0
0
0
0
0
0
0
1
3
0
87
248
255
251
143
0
0
0
0
0
0
0
2
0
0
0
0
0
0
0
0
0
0
0
0
0
5
0
84
255
246
255
107
0
6
0
0
5
2
0
4
0
0
0
0
0
0
0
0
0
0
0
0
0
0
0
87
255
246
255
131
0
7
0
0
4
0
3
0
0
0
0
0
0
0
0
0
0
0
0
0
0
8
10
60
237
255
245
118
0
3
0
0
1
0
4
0
0
0
0
0
0
0
0
0
0
0
0
0
0
6
0
0
154
244
172
28
1
3
0
9
3
0
10
0
0
0
0
0
0
0
0
0
0
0
0
0
0
0
0
0
0
0
0
0
0
0
0
0
0
0
0
0
0
0
0
0
0
0
0
0
0
0
0
0
0
0
0
0
0
0
0
0
0
0
0
0
0
0
0
0
0
0
0
0
0
0
0
0
0
0
0
0
0
0
0
0
0
0
0
0
0
0
0
0
0
0
0
0
0
0
0
0
0
0
0
0
0
0
0
0
0
0
0
0
0
0
0
0
0
0
0
0
0
0
0
0
0
0
0
0
