9
0
0
0
0
0
0
0
0
0
0
0
0
11
5
0
0
3
5
0
3
0
0
13
0
0
0
0
0
0
0
0
0
0
0
0
0
4
1
8
4
0
0
1
1
0
0
0
0
5
1
0
0
0
0
0
0
0
0
0
0
0
0
0
0
0
0
0
0
7
12
4
5
9
8
0
0
1
2
0
10
0
0
0
0
0
0
0
0
0
0
0
0
0
0
4
7
0
0
0
0
0
0
0
0
4
6
0
6
0
0
0
0
0
0
0
0
0
0
0
0
14
0
0
12
0
0
18
7
13
0
10
12
0
0
3
0
0
0
0
0
0
0
0
0
0
0
0
0
0
12
0
0
6
2
0
0
0
0
0
1
0
0
15
0
0
0
0
0
0
0
0
0
0
0
0
0
1
6
0
48
187
235
130
15
0
28
0
0
16
0
9
0
0
0
0
0
0
0
0
0
0
0
0
0
2
19
153
242
239
255
215
0
163
192
51
0
10
0
0
4
0
0
0
0
0
0
0
8
0
0
15
0
40
205
254
252
242
190
62
60
249
250
146
0
0
0
0
3
0
0
0
0
2
0
0
2
0
0
0
50
237
255
255
197
82
0
0
61
251
255
152
2
0
6
4
0
0
0
0
0
0
0
0
3
4
6
11
180
246
255
164
0
0
0
26
66
249
255
139
3
0
5
2
0
0
0
0
0
0
4
9
0
0
0
0
255
253
247
15
12
11
0
6
207
251
254
102
1
0
2
0
0
0
0
0
0
0
1
6
0
0
2
3
253
255
211
5
0
0
20
146
255
255
239
57
0
5
3
1
4
0
0
0
0
0
0
0
1
10
14
1
150
248
192
0
11
49
176
255
251
255
224
17
0
5
0
0
6
0
0
0
0
5
5
0
0
0
0
0
10
211
255
221
159
247
255
255
249
253
223
1
0
0
0
0
0
0
0
0
0
0
3
4
6
0
0
19
0
11
139
248
249
255
190
80
177
252
233
5
0
1
4
2
0
0
0
0
0
0
0
0
0
0
0
0
0
4
1
28
48
35
17
16
146
251
228
3
0
0
0
1
4
0
0
0
0
0
0
0
0
0
0
0
0
0
0
0
10
0
0
0
185
253
234
2
0
0
0
0
0
0
0
0
0
0
0
0
0
0
0
0
0
8
7
0
0
0
5
0
249
255
236
0
3
0
1
0
1
0
0
0
0
0
0
0
0
0
0
0
0
0
5
0
0
2
1
15
255
250
215
0
3
0
4
1
3
0
0
0
0
0
0
0
0
0
0
0
0
0
0
2
0
7
0
67
252
248
176
0
0
0
1
0
0
0
0
0
0
0
0
0
0
0
0
0
0
2
1
8
1
7
0
107
250
255
133
3
1
1
2
0
0
0
0
0
0
0
0
0
0
0
0
0
0
0
0
2
0
0
1
95
251
255
86
11
0
5
2
0
3
0
0
0
0
0
0
0
0
0
0
0
0
1
0
7
0
0
18
77
255
254
47
7
0
0
0
0
2
0
0
0
0
0
0
0
0
0
0
0
0
0
1
0
0
13
0
175
249
228
17
6
8
0
0
0
4
0
0
0
0
0
0
0
0
0
0
0
0
0
5
11
0
1
0
176
255
211
30
0
0
0
13
8
0
0
0
0
0
0
0
0
0
0
0
0
0
6
0
0
1
9
0
1
0
22
0
13
13
0
0
2
0
0
0
0
0
0
0
0
0
0
0
0
0
10
0
0
0
0
7
10
8
0
0
5
7
0
0
5
0
0
0
0
0
