1
0
0
0
0
0
0
0
0
0
3
6
1
0
2
2
0
3
1
0
0
12
0
4
0
0
0
0
0
0
0
0
0
0
0
0
0
0
4
3
0
0
0
0
0
0
8
7
4
0
4
8
0
0
0
0
0
0
0
0
0
0
0
0
0
2
3
0
0
0
1
1
0
9
0
0
9
0
8
4
0
0
0
0
0
0
0
0
0
0
0
0
0
1
0
0
0
2
5
4
2
0
15
20
0
0
4
0
2
0
0
0
0
0
0
0
0
0
0
0
0
0
0
0
2
4
2
0
0
4
1
165
255
183
20
0
2
0
0
0
0
0
0
0
0
0
0
0
0
0
0
1
3
0
0
0
0
12
167
255
244
251
66
0
8
0
0
0
0
0
0
0
0
0
0
0
0
0
0
2
3
0
0
1
11
126
240
255
249
228
52
0
1
0
0
0
0
0
0
0
0
0
0
0
0
0
0
2
3
0
0
12
29
219
243
255
252
135
0
17
0
0
0
0
0
0
0
0
0
0
0
0
0
4
1
0
3
2
8
3
91
255
238
255
239
118
0
0
5
0
0
0
0
0
0
0
0
0
0
0
0
1
0
0
6
1
0
91
253
244
255
238
210
11
0
0
0
0
0
0
0
0
0
0
0
0
0
0
0
0
3
0
5
0
24
174
255
255
248
137
59
0
0
18
0
0
0
0
0
0
0
0
0
0
0
0
0
1
4
0
0
11
150
255
238
243
253
133
0
20
0
5
0
0
0
0
0
0
0
0
0
0
0
0
0
0
0
0
9
129
244
255
255
247
255
114
0
3
6
0
0
0
0
0
0
0
0
0
0
0
0
0
0
0
2
1
0
208
255
235
255
255
131
11
0
0
11
2
1
0
0
0
0
0
0
0
0
0
0
0
0
2
1
5
61
208
255
251
255
154
0
0
8
12
0
0
5
0
0
0
0
0
0
0
0
0
0
0
0
0
0
71
255
249
255
255
227
80
0
17
0
0
6
2
0
0
0
0
0
7
0
0
3
0
0
4
0
10
0
211
246
250
255
255
177
0
0
0
0
0
0
0
0
0
0
0
0
0
0
2
5
1
0
2
0
4
146
246
255
246
255
192
34
0
0
0
0
0
0
0
0
0
0
0
0
0
2
4
2
3
0
0
0
132
252
255
243
255
255
90
0
0
0
0
0
0
0
0
0
0
0
0
0
1
1
0
0
5
0
0
43
231
252
251
253
255
153
14
2
0
0
0
0
0
0
0
0
0
0
0
0
4
0
0
0
3
0
36
161
243
255
244
255
162
4
6
0
0
0
0
0
0
0
0
0
0
0
0
0
0
0
7
1
1
0
72
255
255
254
254
255
64
0
5
3
0
0
0
0
0
0
0
0
0
0
0
0
0
0
6
0
7
0
58
254
255
237
255
249
48
30
0
0
0
0
0
0
0
0
0
0
0
0
0
0
2
0
0
0
15
0
19
180
245
255
237
195
15
0
11
0
0
0
0
0
0
0
0
0
0
0
0
0
0
0
0
0
0
0
0
0
0
0
0
0
0
0
0
0
0
0
0
0
0
0
0
0
0
0
0
0
0
0
0
0
0
0
0
0
0
0
0
0
0
0
0
0
0
0
0
0
0
0
0
0
0
0
0
0
0
0
0
0
0
0
0
0
0
0
0
0
0
0
0
0
0
0
0
0
0
0
0
0
0
0
0
0
0
0
0
0
0
0
0
0
0
0
0
0
0
0
0
0
0
0
0
0
0
0
0
0
0
0
0
0
