7
0
0
0
0
0
0
0
0
0
1
2
5
9
2
0
3
0
0
0
0
0
0
0
0
0
0
0
0
0
0
0
0
0
0
0
0
8
8
1
0
0
0
2
3
0
0
0
0
0
0
0
0
0
0
0
0
0
0
0
0
0
0
0
0
0
0
0
0
3
12
8
0
0
0
0
0
0
0
0
0
0
0
0
0
0
0
0
0
0
0
0
0
2
4
15
11
0
0
2
4
0
0
0
0
0
0
0
0
0
0
0
0
0
0
0
0
0
0
0
0
5
0
0
0
1
0
0
0
0
0
0
0
0
0
0
0
0
0
0
0
0
0
0
0
0
0
0
0
8
6
0
0
7
0
0
12
0
0
0
0
0
0
0
0
0
0
0
0
0
0
0
0
0
0
0
0
0
12
0
0
5
4
0
2
0
0
0
0
0
0
0
0
0
0
0
0
0
0
0
0
0
0
0
0
2
6
0
59
216
249
118
0
0
0
0
0
0
0
0
0
0
0
0
0
0
4
0
0
1
4
0
0
3
8
140
242
237
248
240
0
9
0
3
4
0
10
0
7
0
0
0
0
0
2
0
0
4
2
0
0
0
40
246
252
255
254
255
185
146
152
211
194
187
61
23
0
0
0
0
0
0
0
0
2
6
0
0
7
122
221
242
255
243
228
250
255
255
252
248
250
255
157
0
2
0
0
0
0
1
0
0
4
4
0
1
30
213
248
255
238
255
253
248
255
234
255
246
250
255
90
10
1
0
0
0
0
1
0
0
2
0
0
11
52
242
255
254
198
107
15
0
0
18
107
255
242
73
2
0
2
0
0
0
0
0
1
0
0
0
0
12
50
254
200
29
44
0
0
14
4
112
252
255
218
0
0
21
0
0
0
0
0
0
0
0
0
1
0
2
24
51
7
11
0
0
0
0
125
248
255
169
17
0
9
0
0
0
0
0
0
0
0
0
0
6
0
0
0
0
19
0
1
0
6
0
248
255
242
82
1
4
0
0
14
0
0
0
0
0
0
0
0
0
0
0
0
6
0
0
0
10
4
61
255
247
198
0
3
9
0
0
0
0
0
0
0
0
0
0
0
0
0
0
0
0
0
14
0
11
96
251
255
210
44
0
0
0
7
4
1
0
0
0
0
0
0
0
0
0
0
0
0
0
10
0
0
5
145
255
242
172
0
11
8
1
6
1
0
0
0
0
0
0
0
0
0
0
0
0
0
3
3
0
12
14
201
240
226
55
0
5
0
8
0
5
0
0
0
0
0
0
0
0
0
0
0
0
0
0
0
2
4
64
249
255
118
0
9
0
0
4
0
3
6
0
0
0
0
0
0
0
0
0
0
0
0
0
11
4
0
189
253
249
6
10
3
1
11
0
5
0
0
0
0
0
0
0
0
0
0
0
0
0
0
0
9
0
85
255
254
176
5
1
0
0
2
0
7
0
2
0
0
0
0
0
0
0
0
0
0
0
0
7
0
8
211
236
238
88
0
0
24
0
0
10
0
0
1
0
0
0
0
0
0
0
0
0
0
0
0
0
1
19
233
240
128
4
0
0
0
0
0
0
0
0
0
0
0
0
0
0
0
0
0
0
0
0
0
1
0
208
255
255
72
0
0
0
0
0
0
0
0
0
0
0
0
0
0
0
0
0
0
0
0
0
0
0
8
255
249
209
46
3
11
0
0
0
0
0
0
0
0
0
0
0
0
0
0
0
0
0
0
0
0
19
0
0
4
0
0
1
0
0
0
0
0
0
0
0
0
0
0
0
0
