9
0
0
0
0
0
0
0
0
1
0
1
1
0
0
0
4
0
0
6
9
0
0
0
0
0
0
0
0
0
0
0
0
0
0
0
0
5
0
0
0
3
3
0
0
0
1
0
0
0
12
14
4
0
0
0
0
0
0
0
0
0
0
0
0
0
2
5
4
1
0
0
0
0
10
6
0
0
0
0
0
0
0
0
0
0
0
0
0
0
0
0
0
0
0
0
0
0
0
2
3
0
0
0
3
11
0
0
8
0
0
0
0
0
0
0
0
0
0
0
0
11
5
0
0
0
2
0
0
9
1
0
0
4
7
2
0
0
0
0
0
0
0
0
0
0
0
0
0
0
1
4
0
0
6
11
11
0
0
11
2
0
0
5
0
0
0
0
0
0
0
0
0
0
0
0
0
0
2
1
0
0
5
1
0
13
0
4
14
0
0
16
4
0
0
0
0
0
0
0
0
0
0
0
0
3
0
9
74
174
247
250
220
150
30
0
11
1
0
3
0
0
0
0
0
0
0
0
0
0
0
0
0
9
2
181
250
255
255
244
255
255
242
174
19
9
2
0
4
0
0
0
0
0
0
0
0
0
0
0
0
2
168
255
255
171
116
64
29
116
230
255
208
0
0
13
0
0
0
0
0
0
0
0
0
0
0
0
0
30
252
237
126
10
0
1
11
7
35
205
208
25
3
0
9
0
0
0
0
0
0
0
0
0
0
0
0
165
255
241
33
0
0
0
11
13
129
254
72
0
2
0
5
0
0
0
0
0
0
0
0
0
0
0
0
235
239
200
0
0
15
0
2
182
254
137
13
12
4
0
0
0
0
0
0
0
0
0
0
0
0
0
0
223
255
220
60
0
0
11
20
211
255
134
0
0
2
0
16
0
0
0
0
0
0
0
0
0
0
0
0
85
233
255
237
155
140
132
144
255
255
232
0
5
2
0
2
0
0
0
0
0
0
0
0
0
0
0
0
5
143
239
255
253
255
240
255
245
255
222
0
8
0
8
0
0
0
0
0
0
0
0
0
0
0
0
0
0
12
38
105
208
200
165
131
235
251
133
12
9
0
7
0
0
0
0
0
0
0
0
0
0
0
0
0
0
0
0
0
17
0
3
18
231
252
72
0
1
0
5
3
0
0
0
0
0
0
0
0
0
0
0
0
5
13
9
10
0
0
21
114
250
251
24
0
6
0
4
3
0
0
0
0
0
0
0
0
0
0
0
0
0
0
0
4
4
2
18
192
255
199
5
5
11
1
4
0
0
0
0
0
0
0
0
0
0
0
0
0
13
0
5
0
6
2
0
234
254
106
0
0
0
0
5
0
0
0
0
0
0
0
0
0
0
0
0
0
2
0
8
0
6
0
22
252
255
50
10
0
0
0
6
0
0
0
0
0
0
0
0
0
0
0
0
0
0
0
2
2
0
0
92
242
254
34
11
0
2
1
0
4
0
0
0
0
0
0
0
0
0
0
0
0
1
6
0
4
0
6
183
255
219
19
0
0
9
3
0
4
0
0
0
0
0
0
0
0
0
0
0
0
0
11
0
0
7
52
255
247
168
0
0
5
0
7
0
9
0
0
0
0
0
0
0
0
0
0
0
0
1
4
12
6
0
232
249
255
118
4
3
7
0
8
0
0
0
0
0
0
0
0
0
0
0
0
0
0
0
0
0
0
21
50
240
96
35
0
0
1
0
8
5
0
0
0
0
0
0
0
0
0
0
0
0
0
4
0
0
11
0
2
8
14
0
0
0
0
0
4
9
0
0
0
0
0
