8
0
0
0
0
0
0
0
0
0
0
9
7
0
0
3
2
0
8
2
0
0
2
0
3
0
3
3
0
0
0
0
0
0
0
0
0
13
1
0
0
0
5
7
0
7
0
3
14
0
0
0
0
2
0
0
0
0
0
0
0
0
0
0
0
0
0
1
6
3
0
0
0
6
0
0
0
2
2
5
6
4
4
8
11
0
0
0
0
0
0
0
0
5
4
0
0
2
5
7
13
0
15
3
0
6
0
0
3
0
0
0
0
0
0
0
0
0
0
0
0
0
9
3
0
0
0
0
0
0
0
0
5
8
0
0
4
8
7
0
0
0
0
0
0
0
0
0
0
0
7
16
70
180
255
255
248
130
28
0
2
0
2
12
0
0
1
10
7
0
0
0
0
0
0
0
0
0
121
221
251
255
255
249
253
255
167
55
0
0
0
0
3
4
0
0
1
0
0
0
0
0
0
0
0
132
230
255
253
248
252
249
255
240
255
142
9
11
6
7
85
162
69
0
0
2
0
0
4
1
0
2
16
236
249
245
255
186
124
64
183
251
245
81
0
66
142
210
245
243
244
15
0
2
0
0
4
1
0
2
15
255
227
255
140
8
2
19
40
176
182
106
145
252
245
232
255
255
188
9
0
2
0
0
3
1
0
2
12
242
255
240
42
11
0
0
12
112
211
253
255
252
255
255
254
160
61
0
3
2
0
0
2
0
0
1
8
169
248
255
152
0
20
193
236
236
255
251
254
255
207
92
9
12
0
0
2
2
0
0
1
0
0
0
4
35
215
255
252
198
195
249
255
255
248
253
221
104
18
11
0
0
2
10
0
2
1
0
0
0
0
0
1
0
101
238
252
255
247
244
245
253
215
114
20
0
0
0
0
4
19
0
0
2
2
1
0
0
0
0
0
0
14
196
237
252
252
255
197
70
25
10
4
0
0
7
0
0
0
0
4
2
2
1
0
0
1
0
0
1
75
232
255
247
254
254
90
5
0
0
0
3
6
0
7
2
0
1
11
0
4
1
0
0
12
9
2
19
249
246
243
255
249
245
146
4
9
0
5
0
0
0
2
0
0
0
0
0
1
3
10
0
3
0
0
161
247
255
255
239
255
240
210
0
0
0
7
0
11
4
0
0
0
0
0
0
1
0
2
0
0
0
47
246
250
243
106
104
249
248
253
69
3
4
0
0
7
3
0
0
0
0
0
7
3
0
0
0
0
7
120
255
248
219
28
127
255
255
239
163
19
0
0
2
0
0
7
0
0
0
0
0
0
0
3
3
0
1
138
252
250
242
159
238
242
255
255
125
0
0
3
10
0
0
4
0
0
0
0
0
0
3
4
2
0
1
139
252
255
246
248
255
253
255
192
33
0
4
4
0
1
0
1
0
0
0
0
6
0
1
0
0
4
6
130
255
255
236
250
255
255
183
28
0
0
4
3
0
1
4
2
0
0
0
0
8
0
4
0
0
7
0
96
248
245
255
254
243
103
20
0
0
6
0
10
0
4
0
0
0
0
0
0
0
0
0
0
0
0
0
0
112
245
255
165
10
7
0
0
0
0
0
0
0
0
0
0
0
0
0
0
0
0
0
0
0
0
0
0
0
0
0
11
0
8
0
0
0
0
0
0
0
0
0
0
0
0
0
0
0
0
0
0
0
0
0
0
7
0
0
2
1
0
0
3
0
0
0
0
0
0
0
0
0
0
0
0
0
0
0
0
0
0
0
0
0
0
7
0
0
3
9
0
0
0
0
0
0
0
0
0
0
0
0
0
