1
0
0
0
0
0
0
0
0
0
0
0
0
0
0
0
0
5
0
0
15
0
0
0
0
0
0
0
0
0
0
0
0
0
0
0
0
0
0
0
0
0
0
0
0
13
0
5
0
14
0
11
4
0
0
0
0
0
0
0
0
0
0
0
0
0
0
0
0
0
0
0
0
0
1
7
18
0
3
0
14
0
0
0
0
0
0
0
0
0
0
0
0
0
0
0
0
0
0
0
0
3
0
11
0
6
19
0
0
0
0
0
0
0
0
0
0
0
0
0
0
0
0
0
0
0
0
0
0
2
0
10
0
3
3
2
10
0
0
0
0
0
0
0
0
0
0
0
0
0
0
0
0
0
0
0
0
0
23
0
0
51
207
155
0
0
0
0
0
0
0
0
0
0
0
0
0
0
0
0
0
0
0
0
0
11
0
15
114
237
255
239
93
0
0
0
0
0
0
0
0
0
0
0
0
0
0
0
0
0
0
0
0
0
14
73
216
254
247
181
15
0
0
0
0
0
0
0
0
0
0
0
0
3
0
1
0
0
20
0
0
0
13
247
255
243
234
71
0
0
0
0
0
0
0
0
0
0
0
0
0
0
16
0
10
11
0
0
0
23
39
255
251
234
98
0
11
0
0
0
0
0
0
0
0
0
0
0
0
0
17
0
1
0
14
0
20
94
249
255
255
38
1
2
0
0
0
0
0
0
0
0
0
0
0
0
0
5
0
5
0
0
1
4
92
217
242
255
123
7
4
1
17
0
0
0
0
0
0
0
0
0
0
0
0
0
0
9
7
23
0
155
254
240
255
4
22
8
0
0
2
0
0
0
0
0
0
0
0
0
0
0
0
3
5
0
0
0
76
195
254
251
207
0
0
4
18
1
6
0
0
0
0
0
0
0
0
0
0
0
0
0
0
0
7
84
255
255
255
128
12
17
6
0
12
0
5
0
0
0
0
0
0
0
0
0
0
0
0
4
2
0
29
213
249
255
185
27
0
0
5
0
0
3
5
0
0
0
0
0
8
10
0
9
10
0
0
0
4
21
221
241
255
123
19
0
0
0
0
0
0
0
0
0
0
0
0
4
6
0
0
0
0
0
0
2
6
144
244
255
246
119
0
0
0
0
0
0
0
0
0
0
0
0
0
1
0
0
10
5
0
15
4
0
101
194
255
248
131
48
2
0
0
0
0
0
0
0
0
0
0
0
0
0
4
0
1
0
0
0
0
64
244
246
242
157
12
0
3
0
0
0
0
0
0
0
0
0
0
0
0
0
1
7
0
2
1
10
84
190
255
251
107
25
0
1
0
0
0
0
0
0
0
0
0
0
0
0
0
2
0
8
0
10
5
98
240
255
238
106
5
0
5
9
1
0
0
0
0
0
0
0
0
0
0
0
0
8
0
5
0
0
0
166
255
255
191
0
0
8
3
0
6
0
0
0
0
0
0
0
0
0
0
0
0
0
0
2
0
0
8
235
248
197
46
2
0
5
0
0
6
0
0
0
0
0
0
0
0
0
0
0
0
4
0
0
0
0
26
140
255
48
14
0
0
4
0
0
8
0
0
0
0
0
0
0
0
0
0
0
0
0
0
0
6
4
0
1
14
13
0
0
1
4
0
0
0
0
0
0
0
0
0
0
0
0
0
0
0
0
1
1
0
0
1
0
0
0
0
1
6
4
0
0
1
0
0
0
0
0
0
0
0
0
0
0
0
0
3
10
2
0
1
7
6
0
5
7
2
0
1
3
4
0
0
0
0
0
0
0
0
0
0
0
0
