8
0
0
0
0
0
0
0
0
0
0
0
0
0
0
0
0
1
0
0
0
10
0
0
0
0
0
0
0
0
0
0
0
0
0
0
0
0
0
4
2
4
10
8
0
2
13
8
0
0
0
4
0
0
0
0
0
0
0
0
0
0
0
0
0
12
5
0
0
0
0
0
0
0
0
0
5
0
0
1
0
0
0
0
0
0
0
0
0
0
0
0
0
0
0
0
13
16
1
0
4
14
0
2
0
0
2
3
0
0
0
0
0
0
0
0
0
0
0
0
0
6
2
0
1
0
0
0
5
0
0
16
0
0
13
0
0
0
0
0
0
0
0
0
0
0
0
0
0
0
3
5
0
0
10
9
0
11
0
4
1
6
1
0
23
0
0
0
0
0
0
0
0
0
0
0
0
9
5
0
0
40
102
145
158
255
244
255
255
247
147
6
0
0
0
0
0
0
0
0
0
0
0
0
0
0
8
71
168
238
255
251
251
245
255
255
231
255
241
83
5
0
0
0
0
0
5
12
0
15
0
4
8
87
213
255
248
253
165
136
127
25
41
55
240
255
251
63
12
0
0
0
0
1
13
0
0
0
5
90
251
255
251
236
210
63
18
17
0
15
0
220
255
255
246
29
0
0
0
0
0
0
0
0
10
1
165
255
255
217
170
68
0
2
0
0
0
0
154
234
248
240
136
4
8
0
0
0
0
8
12
0
0
0
171
255
252
102
0
5
0
0
6
19
9
117
251
241
113
113
6
7
0
0
0
0
0
0
0
10
14
0
137
255
239
251
214
125
58
0
16
0
82
247
246
178
0
0
0
0
0
0
0
0
0
0
10
0
0
13
9
97
255
255
248
246
255
214
149
98
232
254
147
14
0
0
12
0
10
0
0
0
0
0
6
0
0
1
4
2
20
60
167
255
250
234
255
255
241
253
42
17
0
0
0
8
0
0
0
0
0
0
0
1
12
0
1
1
0
0
4
7
96
143
255
248
255
254
211
97
8
0
13
0
3
0
0
0
0
0
0
0
0
0
0
0
0
0
0
4
1
147
252
223
171
247
255
255
117
26
0
1
0
0
0
0
0
0
0
0
0
0
0
0
0
10
0
7
54
245
243
60
4
40
166
249
249
189
11
0
9
0
0
0
0
0
0
0
0
0
0
0
0
0
0
45
212
253
146
0
0
0
19
148
255
255
26
0
0
0
0
0
0
0
0
0
0
0
0
0
0
14
0
38
255
239
44
5
4
12
0
14
201
232
194
2
3
0
0
0
0
0
0
0
0
0
0
0
0
3
0
62
246
224
6
12
0
4
0
0
79
243
241
0
0
0
0
0
0
0
0
0
0
0
0
0
0
0
0
128
242
100
0
2
3
0
16
2
164
255
205
0
8
0
0
0
0
0
0
0
0
0
0
0
0
16
4
141
249
77
14
0
0
0
11
113
243
255
81
8
0
0
0
0
0
0
0
0
0
0
0
0
0
0
0
151
255
242
61
42
35
71
174
255
255
164
16
0
11
0
0
0
0
0
0
0
0
0
0
0
0
5
0
56
188
255
255
242
255
253
249
251
170
28
0
4
2
0
0
0
0
0
0
0
0
0
0
0
0
0
0
0
31
117
210
255
255
252
171
93
27
0
1
21
0
0
0
0
0
0
0
0
0
0
0
0
0
0
6
6
0
3
11
5
0
1
0
0
0
0
5
7
0
0
0
0
0
0
0
0
0
0
0
0
0
6
0
0
4
0
0
0
13
2
10
8
1
0
2
1
3
0
0
0
0
