9
0
0
0
0
0
0
0
0
1
2
2
2
1
0
0
0
0
4
2
13
0
7
0
0
0
0
0
0
0
0
0
0
0
0
0
0
0
0
2
2
0
0
1
6
0
0
0
0
0
11
11
0
0
0
0
0
0
0
0
0
0
0
0
0
18
8
0
0
0
0
2
2
11
1
11
0
3
0
1
10
0
0
0
0
0
0
0
0
0
0
0
0
0
0
0
5
8
5
0
0
0
0
0
0
20
3
0
0
0
0
0
0
0
0
0
0
0
0
0
0
1
6
7
1
0
0
1
10
2
22
6
0
0
5
0
2
0
0
0
0
0
0
0
0
0
0
0
0
9
0
0
0
0
5
2
0
0
4
0
3
2
3
0
7
0
0
0
0
0
0
0
0
0
0
0
0
7
0
0
33
101
175
231
255
251
177
57
0
0
3
0
9
0
0
0
0
0
0
0
0
0
0
0
0
19
81
165
227
252
255
255
255
250
255
193
33
0
0
8
0
0
0
0
0
6
1
0
0
6
14
0
45
221
251
252
243
168
89
38
62
64
201
255
132
0
11
8
0
0
0
0
0
0
0
25
4
0
0
69
211
251
243
154
39
0
4
10
0
2
148
250
137
0
3
2
0
0
0
0
0
13
0
0
8
0
20
234
255
180
47
0
0
19
0
0
9
0
201
198
42
16
8
14
18
0
0
0
0
0
0
19
0
0
137
237
200
20
2
14
0
0
0
12
0
10
49
5
13
4
184
210
0
0
0
0
0
0
0
0
21
0
196
255
81
6
0
0
0
4
0
5
0
14
0
0
0
106
255
220
6
0
0
0
0
8
0
0
0
8
224
239
162
18
2
0
0
3
5
12
3
0
16
0
99
255
234
212
0
0
0
0
0
0
0
3
18
0
77
252
255
146
76
2
0
3
1
0
0
36
86
160
255
248
197
18
0
0
0
0
0
0
0
4
0
9
0
184
246
255
249
194
157
106
93
119
194
231
255
255
245
255
68
4
0
0
0
0
0
7
0
0
7
0
0
23
73
218
255
249
242
255
254
246
255
245
243
250
251
146
0
5
1
0
0
0
0
0
0
1
5
0
0
0
18
19
76
127
67
77
114
40
16
38
153
255
224
19
6
0
0
0
0
0
0
0
1
5
1
0
2
0
0
0
0
0
0
1
4
0
0
0
232
255
170
0
8
0
0
0
0
0
0
0
2
2
0
0
7
7
0
6
15
0
0
0
0
16
8
82
255
233
69
4
0
3
0
0
0
0
0
4
2
0
0
0
0
0
2
5
0
15
0
0
12
0
16
219
244
248
41
12
0
17
2
0
0
0
0
1
0
0
4
1
0
0
4
6
0
0
3
5
0
0
49
255
250
190
13
0
0
0
0
0
0
0
0
0
0
0
4
5
1
1
4
0
26
5
0
0
0
12
30
241
255
160
39
3
0
7
7
0
0
0
0
1
1
0
0
0
1
0
0
10
0
0
0
11
0
7
124
255
246
235
117
0
4
0
4
0
0
0
0
0
0
0
0
0
0
0
0
2
0
9
2
0
0
13
205
252
255
148
15
0
5
0
2
0
0
0
0
0
0
0
0
0
0
0
0
5
0
1
0
2
6
0
105
241
177
52
0
0
13
0
0
0
0
0
0
0
0
0
0
0
0
0
0
1
4
0
0
4
9
0
14
0
0
0
4
12
0
0
1
0
0
0
0
0
0
0
0
0
0
0
0
0
6
0
0
0
0
0
0
7
9
9
0
0
0
5
5
0
0
0
0
