2
0
1
1
6
3
0
0
3
0
5
0
3
0
0
1
0
1
0
2
7
0
0
0
3
0
0
0
0
4
0
6
4
0
24
1
0
5
0
0
0
1
3
0
1
12
13
0
0
4
5
8
0
0
0
0
0
0
0
2
3
0
8
0
13
1
0
7
6
9
14
0
2
0
1
0
0
18
0
0
0
0
0
0
0
0
1
0
1
10
0
2
0
0
9
11
0
0
0
3
0
19
6
4
0
8
0
6
1
0
0
0
0
7
0
0
1
0
11
11
0
45
150
224
255
254
209
137
37
0
0
21
0
0
3
8
0
0
0
0
0
0
2
1
4
0
11
0
122
226
253
253
249
253
255
251
214
47
0
0
10
0
0
0
4
0
0
0
0
0
9
1
3
13
0
68
243
245
140
66
3
5
74
158
255
248
149
0
0
13
4
0
2
0
0
0
0
8
0
4
0
0
0
255
248
89
0
12
1
0
2
17
168
247
255
43
0
1
0
6
0
0
0
0
0
9
0
7
0
5
120
250
33
0
0
0
0
0
0
0
0
87
255
247
32
0
8
0
5
0
0
0
0
0
0
7
0
0
201
167
13
0
0
0
0
0
0
0
0
26
156
246
120
10
0
0
7
0
0
0
0
0
8
0
1
0
200
71
0
0
0
0
0
0
0
0
0
0
22
237
255
62
4
17
0
0
0
0
0
0
11
0
0
9
83
18
0
0
0
0
0
0
0
0
0
0
0
141
253
104
0
0
4
0
0
0
0
5
0
0
0
9
0
2
0
0
0
0
0
0
0
0
0
15
0
57
238
128
0
19
0
0
0
0
0
8
0
12
0
0
0
0
0
0
0
0
0
0
0
0
0
0
22
15
211
213
4
0
0
0
0
0
0
4
0
7
0
0
14
0
1
0
0
0
0
0
0
0
0
2
0
0
200
210
6
11
0
0
0
0
0
0
6
0
0
9
0
0
4
0
0
0
0
0
0
0
0
11
0
5
215
252
40
16
0
0
0
0
0
0
0
0
0
0
0
0
0
3
19
41
41
53
49
66
44
4
0
29
208
201
3
0
2
0
0
0
0
0
0
0
0
0
0
0
0
12
222
212
255
253
241
246
255
198
198
195
255
130
0
12
0
0
0
0
0
0
0
0
0
0
0
0
0
125
236
242
210
104
94
165
204
216
255
255
255
253
213
76
8
0
0
0
0
0
0
0
0
0
0
0
0
156
254
165
0
0
14
13
0
32
190
237
246
251
255
195
6
0
0
0
0
0
0
0
0
0
0
0
0
142
255
147
35
5
0
1
15
205
255
253
36
8
37
90
0
0
0
0
0
0
0
0
0
0
0
0
0
48
236
222
33
2
18
114
229
255
251
34
17
0
12
0
0
0
0
0
0
0
0
0
0
0
0
0
0
7
41
255
255
255
246
252
250
185
18
0
0
16
0
8
0
0
0
0
0
0
0
0
0
0
0
0
0
0
0
114
229
249
253
156
79
27
0
9
0
0
3
0
7
0
0
0
0
0
0
0
0
0
0
0
0
0
0
0
0
0
0
0
0
0
0
0
0
0
0
0
0
0
0
0
0
0
0
0
0
0
0
0
0
0
0
0
0
0
0
0
0
0
0
0
0
0
0
0
0
0
0
0
0
0
0
0
0
0
0
0
0
0
0
0
0
0
0
0
0
0
0
0
0
0
0
0
0
0
0
0
0
0
0
0
0
0
0
0
0
0
0
0
0
0
0
0
0
0
0
0
0
0
0
0
0
0
0
0
0
