0
0
0
0
0
0
0
0
0
5
0
0
3
0
3
5
0
6
0
0
6
1
0
2
6
0
0
0
0
0
0
0
0
0
0
0
0
0
14
4
0
0
0
0
5
0
8
10
0
0
4
4
0
0
0
0
0
0
0
0
0
0
0
0
0
3
0
0
6
2
2
2
0
2
0
0
4
17
2
0
4
0
0
0
0
0
0
0
0
0
0
0
0
2
0
1
10
0
0
3
1
0
16
10
0
0
0
0
0
0
0
0
0
0
0
0
0
0
0
0
0
0
23
0
0
8
18
0
2
0
0
2
6
10
5
2
8
0
0
0
0
0
0
0
0
0
0
0
0
1
0
17
8
2
124
253
255
255
234
254
255
169
43
0
0
0
0
0
0
0
0
0
0
0
0
0
0
0
9
0
58
205
255
250
254
255
244
249
255
255
235
133
0
0
0
0
0
0
0
0
0
0
0
0
0
14
0
57
189
253
251
248
252
253
249
255
250
239
255
210
75
0
0
0
0
3
2
0
0
20
0
0
0
2
29
218
245
250
255
253
248
246
255
247
255
245
255
248
172
0
0
0
0
0
0
18
0
0
0
9
14
0
245
242
253
242
255
249
255
56
81
145
238
255
245
242
254
0
0
0
0
0
0
0
9
0
10
0
27
176
252
251
255
255
235
202
29
4
0
4
85
223
255
252
255
0
0
0
0
0
6
0
11
7
4
67
224
235
255
255
239
201
82
0
0
0
0
0
5
181
255
246
238
0
0
0
0
5
5
0
0
0
8
153
255
255
255
251
218
101
0
8
5
0
0
3
7
189
255
250
255
0
0
0
0
0
0
0
12
1
162
255
249
242
237
237
62
0
6
0
5
11
1
0
0
187
254
255
224
0
0
0
0
1
12
0
13
0
216
250
248
255
239
52
12
0
12
19
0
0
4
18
9
186
241
244
148
0
0
0
0
7
0
12
0
115
255
234
255
235
0
0
0
10
1
0
2
8
0
0
7
201
252
255
128
0
0
0
0
0
6
0
5
222
245
255
247
149
0
4
3
0
8
6
0
0
1
0
79
251
255
249
43
0
0
0
0
0
8
0
0
212
255
253
255
46
3
0
21
0
0
20
16
5
3
0
246
255
225
200
9
0
0
0
0
0
13
0
0
165
242
233
255
71
7
0
0
0
6
0
0
1
0
76
248
234
255
160
3
0
0
0
0
0
0
1
0
134
255
255
255
182
0
2
21
0
0
9
3
4
19
218
251
255
196
32
3
0
0
0
0
6
0
0
5
90
250
255
234
255
255
162
34
44
0
45
49
40
131
255
249
252
116
26
0
0
0
0
0
8
0
4
0
22
172
253
255
252
240
255
252
249
192
245
242
249
255
250
255
141
6
0
2
0
0
0
0
0
0
6
1
0
79
176
237
255
250
255
237
242
255
255
255
251
254
234
159
5
0
0
7
0
0
0
0
1
8
0
1
0
0
9
54
161
255
245
255
253
252
255
248
254
154
84
9
0
0
12
0
0
0
0
0
0
0
0
0
0
0
0
0
0
49
109
143
153
150
135
119
29
12
0
0
3
2
0
0
0
0
0
0
0
0
0
0
0
0
0
0
0
4
11
4
0
1
0
0
11
1
0
0
3
2
0
0
0
0
0
0
0
0
0
0
0
0
0
0
4
3
0
0
0
2
7
3
0
0
0
0
3
1
0
0
0
0
0
0
0
0
0
0
0
0
0
0
0
0
0
0
3
6
2
0
0
0
2
4
2
0
0
0
0
0
0
0
