7
0
6
3
0
0
4
0
0
3
0
0
0
0
0
0
4
0
5
0
13
0
1
0
2
0
0
0
0
7
0
0
0
0
4
5
4
0
0
1
5
5
1
0
0
1
0
0
0
0
7
2
0
0
0
0
0
2
0
0
6
2
0
0
0
4
1
0
0
0
0
2
5
12
0
3
1
1
1
0
10
0
0
0
0
0
0
8
11
0
0
2
0
0
4
7
7
6
4
0
0
0
0
0
13
0
2
0
6
0
0
0
0
0
2
2
0
0
5
11
3
0
0
0
0
0
3
4
1
0
12
0
0
0
9
16
0
0
0
0
0
0
5
0
0
6
7
0
0
10
13
9
0
0
0
0
0
9
5
7
0
5
0
0
1
0
0
0
0
0
7
0
0
15
0
0
23
0
0
0
0
0
5
7
0
4
0
0
0
0
25
0
3
0
0
0
0
0
12
0
0
7
0
17
118
255
216
136
51
0
0
0
3
0
6
0
4
10
189
53
5
0
0
0
0
4
3
0
0
4
3
205
243
254
254
255
233
247
240
230
195
95
137
96
107
207
244
108
8
0
0
0
0
0
0
5
4
55
184
255
252
254
247
255
255
255
254
254
255
253
235
254
243
249
255
136
0
0
0
0
0
8
9
0
0
141
255
246
248
249
255
255
243
234
253
255
252
255
255
250
255
251
242
129
5
0
0
0
0
0
4
4
37
247
250
246
255
211
99
63
175
217
189
182
252
245
215
242
255
253
255
59
7
0
0
0
0
23
0
4
32
242
248
228
156
9
9
0
7
0
0
11
45
76
30
210
243
242
250
6
0
0
0
0
0
0
3
5
0
194
169
10
0
1
5
0
0
0
6
4
3
0
74
227
254
255
143
0
0
0
0
0
0
17
0
18
12
0
0
0
7
0
0
5
10
7
0
0
7
6
208
241
255
213
40
7
9
0
0
0
0
0
10
0
0
13
0
8
0
0
0
7
0
3
0
5
0
51
224
255
253
85
6
0
2
0
0
0
0
0
0
0
0
0
0
0
0
0
3
0
3
0
3
0
45
237
255
236
212
8
2
0
4
0
0
0
0
0
0
0
0
0
0
0
0
4
0
7
7
0
0
65
175
249
254
246
43
0
0
0
1
0
0
0
0
0
0
0
0
0
0
0
0
2
0
0
12
0
19
210
255
255
243
149
0
3
4
13
1
0
0
0
0
0
0
0
0
0
0
0
0
0
7
0
0
70
138
255
251
255
140
13
4
0
0
4
0
0
0
0
0
0
0
0
0
0
0
0
0
0
7
1
0
179
250
238
255
227
38
6
5
6
6
0
15
0
0
0
0
0
0
0
0
0
0
0
0
7
0
3
142
250
255
255
235
71
0
0
0
1
0
0
1
0
0
0
0
0
0
0
0
0
0
0
0
5
0
46
255
255
240
238
127
0
16
0
15
8
9
6
0
0
0
0
0
0
0
0
0
0
0
0
0
0
14
126
246
249
255
93
7
13
0
8
0
0
7
0
0
0
0
0
0
0
0
0
0
0
0
0
0
14
30
251
255
255
141
23
0
0
0
0
0
0
0
0
0
0
0
0
0
0
0
0
0
0
0
0
0
0
60
244
242
158
31
0
6
0
0
0
0
0
0
0
0
0
0
0
0
0
0
0
0
0
0
0
0
9
117
249
250
133
0
0
0
0
0
0
0
0
0
0
0
0
0
0
0
0
0
0
0
0
0
0
0
0
0
0
11
2
0
9
0
0
0
0
0
0
0
0
0
0
0
0
0
