4
0
0
0
0
0
0
0
0
0
0
4
5
0
0
0
0
0
1
0
1
13
0
1
10
0
0
0
0
0
0
0
0
0
0
0
0
5
0
0
0
2
6
4
0
0
4
0
0
1
3
0
0
0
0
0
0
0
0
0
0
0
0
0
0
0
0
0
0
4
5
0
0
2
9
0
4
0
8
0
0
0
0
0
0
0
0
0
0
0
0
0
0
0
5
3
0
5
0
0
2
8
0
0
0
0
2
0
12
0
0
0
0
0
0
0
0
0
0
0
0
0
3
2
0
1
0
1
6
0
0
30
0
0
2
2
0
0
0
0
0
0
0
0
0
0
0
0
0
6
0
0
0
0
0
7
0
0
54
166
52
4
0
8
0
0
0
0
0
0
0
0
0
0
0
0
0
2
0
13
20
0
0
9
0
4
121
255
120
3
0
5
4
0
0
0
0
0
0
0
0
0
0
0
0
0
5
57
66
6
0
11
0
1
114
255
127
0
1
0
0
0
0
0
0
0
0
0
0
0
0
0
0
0
6
120
255
79
0
3
3
0
64
255
120
8
8
6
0
0
0
0
0
0
0
0
0
0
0
0
0
13
0
116
243
81
32
0
0
0
150
252
40
0
0
0
9
0
0
0
0
0
0
0
0
0
0
0
0
0
0
202
255
63
2
9
0
35
235
255
16
3
8
0
17
0
0
0
0
0
0
0
0
0
0
0
0
13
46
223
213
5
0
13
6
80
254
255
30
6
3
3
0
0
0
0
0
0
0
0
0
0
0
0
0
0
195
247
162
10
14
0
2
98
255
245
27
0
0
14
0
0
0
0
0
0
0
0
0
0
0
0
0
24
247
244
58
0
0
13
0
78
254
226
6
4
0
12
1
0
0
0
0
0
0
0
0
0
0
0
0
160
245
255
140
154
123
158
62
123
244
188
0
7
0
0
0
0
0
0
0
0
0
0
0
0
0
0
0
226
255
246
255
255
250
248
254
251
255
174
0
9
0
0
3
0
0
0
0
0
0
0
0
0
0
0
0
193
216
219
214
212
223
211
255
255
239
69
0
1
6
0
0
0
0
0
0
0
0
0
0
0
0
0
0
7
7
0
0
6
18
14
86
246
220
12
0
0
0
2
6
0
0
0
0
0
0
0
0
0
0
0
0
0
0
0
0
0
0
0
98
253
226
0
11
0
0
8
0
0
0
0
0
0
0
0
0
0
0
0
0
2
2
10
10
5
2
8
139
255
224
0
10
0
5
11
0
0
0
0
0
0
0
0
0
0
0
0
0
0
0
2
0
0
0
6
151
250
171
6
0
0
6
4
0
0
0
0
0
0
0
0
0
0
0
0
0
4
0
4
0
6
5
0
137
251
118
5
0
3
0
0
7
0
0
0
0
0
0
0
0
0
0
0
0
4
0
4
4
10
0
0
162
255
107
5
0
6
0
0
6
0
0
0
0
0
0
0
0
0
0
0
0
10
0
0
0
0
0
18
244
255
116
3
0
0
9
2
0
0
0
0
0
0
0
0
0
0
0
0
0
5
0
6
0
8
0
13
203
206
52
0
10
1
0
1
3
0
0
0
0
0
0
0
0
0
0
0
0
10
0
6
0
0
0
0
20
12
0
0
17
1
0
6
0
0
0
0
0
0
0
0
0
0
0
0
0
0
0
11
5
0
16
4
0
0
3
9
0
0
0
10
0
0
0
0
0
0
0
0
0
0
0
0
0
1
0
5
8
0
0
12
6
9
4
0
0
3
6
0
0
0
0
0
0
