8
0
0
0
0
0
0
0
0
2
2
2
2
2
1
0
0
0
0
2
0
0
3
0
5
0
0
0
0
0
0
0
0
0
0
0
0
4
2
0
0
0
0
0
2
0
13
3
0
0
5
0
0
0
0
0
0
0
0
0
0
0
0
0
0
0
0
3
4
3
4
5
7
9
0
0
16
8
0
0
16
0
0
0
0
0
0
0
0
0
0
0
0
4
3
0
0
0
0
0
0
0
0
0
0
0
0
12
0
0
0
0
0
0
0
0
0
0
0
0
0
1
0
0
0
0
3
5
5
0
13
0
0
17
0
0
13
0
0
0
0
0
0
0
0
0
0
0
0
0
0
3
4
1
0
0
0
20
19
141
249
130
0
3
0
0
0
0
0
0
0
0
0
0
0
0
0
0
6
9
1
0
0
24
46
152
244
255
255
158
7
0
14
0
0
0
0
0
0
0
0
0
0
0
0
0
1
0
0
15
80
175
247
255
252
254
245
116
8
16
0
0
0
0
0
0
0
0
0
0
0
0
0
0
0
1
0
86
252
255
184
102
107
255
199
45
22
0
0
0
0
0
0
0
0
0
0
0
0
0
0
0
3
4
48
234
245
124
3
15
178
219
20
20
0
2
0
0
0
0
0
0
0
0
0
0
0
0
0
1
4
90
254
205
73
0
0
91
255
34
2
0
0
6
0
0
0
0
0
0
0
0
0
0
0
0
0
0
58
247
178
21
0
9
57
255
128
0
18
0
9
0
6
0
0
0
0
0
0
0
0
0
0
0
0
0
110
255
148
0
5
5
232
209
1
7
3
0
0
7
0
0
0
0
0
0
0
0
0
0
0
0
0
19
0
173
255
188
3
180
229
33
9
0
6
0
0
8
0
0
0
0
0
0
0
0
0
0
0
0
0
0
25
0
127
239
209
255
43
0
0
12
0
13
15
0
7
0
0
0
0
0
0
0
0
0
0
0
0
10
0
0
11
105
252
228
5
1
0
2
6
0
0
12
0
0
0
0
0
0
0
0
0
0
0
0
0
0
0
0
13
128
244
255
78
2
0
0
1
0
0
0
4
0
0
0
0
0
0
0
0
0
0
0
0
5
2
0
59
254
92
177
227
9
4
1
1
0
0
0
2
0
0
0
0
0
0
0
0
0
0
0
0
0
0
52
185
94
1
67
244
16
7
1
1
2
0
0
0
0
0
0
0
0
0
0
0
0
0
0
0
6
0
128
134
0
2
30
255
17
7
0
0
2
1
0
0
0
0
0
0
0
0
0
0
0
0
0
0
0
48
241
108
2
0
117
255
11
2
0
0
2
1
0
0
0
0
0
0
0
0
0
0
0
0
0
0
12
129
248
132
0
0
225
183
4
0
0
0
1
0
0
1
0
0
0
0
0
0
0
0
0
0
0
0
0
226
238
4
26
160
255
39
1
0
0
1
2
0
0
0
0
0
0
0
0
0
0
0
0
0
0
0
5
160
226
151
193
225
77
8
0
0
1
4
2
0
0
0
0
0
0
0
0
0
0
0
0
0
0
0
0
109
235
250
151
38
0
3
0
0
0
0
0
0
0
0
0
0
0
0
0
0
0
0
0
0
0
0
0
0
0
6
9
4
0
0
0
0
0
0
0
0
0
0
0
0
0
0
0
0
0
0
0
0
0
0
9
2
0
0
0
0
1
7
0
0
0
0
0
0
0
0
0
0
0
0
0
0
0
0
0
0
0
0
0
0
2
3
0
0
0
0
0
0
0
0
0
0
0
0
0
0
0
0
