3
0
0
0
0
0
0
0
0
5
0
15
0
0
0
0
8
0
16
0
0
20
13
0
0
0
0
0
0
0
0
0
0
0
0
0
0
0
5
0
0
17
3
0
0
10
0
4
6
0
0
17
6
0
0
0
0
0
0
0
0
0
0
0
0
2
0
0
7
0
0
10
8
0
5
9
0
5
2
2
0
0
0
0
0
0
0
0
0
0
0
0
0
2
9
0
0
7
5
0
0
7
0
0
8
7
0
2
8
0
0
0
0
0
0
0
0
0
0
0
0
2
0
19
0
0
18
34
85
166
255
204
63
2
8
0
0
0
0
0
0
0
0
0
0
0
0
0
0
0
0
8
1
99
178
215
254
254
251
253
188
0
0
9
4
0
0
0
0
0
0
0
0
0
0
0
0
0
28
0
3
231
255
252
227
121
216
241
190
9
5
0
0
0
0
0
0
0
0
0
0
0
0
0
0
9
0
2
18
37
52
171
40
12
204
255
190
0
9
0
0
0
0
0
0
0
0
0
0
0
0
0
0
7
0
0
16
0
0
57
12
174
255
217
58
6
0
2
0
0
0
0
0
0
0
0
0
0
0
0
0
0
17
0
0
0
0
31
190
255
255
114
0
0
11
0
5
0
0
0
0
0
0
0
0
0
0
0
0
0
3
0
3
24
0
198
255
248
87
3
13
0
4
0
9
0
0
0
0
0
0
0
0
0
0
0
0
1
4
2
0
4
98
237
249
77
0
0
4
0
19
0
2
0
0
0
0
0
0
0
0
0
0
0
0
0
0
12
0
0
105
255
255
78
0
11
0
0
4
0
0
0
0
0
0
0
0
0
0
0
0
0
0
3
0
0
15
9
31
210
245
229
33
2
10
0
0
11
0
0
0
0
0
0
0
0
0
0
0
0
0
1
13
0
0
0
28
0
171
255
127
5
0
11
15
0
0
0
0
0
0
0
0
0
0
0
0
0
0
0
6
0
8
0
0
6
103
252
111
0
12
0
0
0
8
0
0
0
0
1
0
0
0
7
0
9
0
1
0
0
5
1
0
38
238
255
53
0
14
0
0
0
5
0
0
0
0
0
0
3
0
0
1
0
10
1
0
10
3
0
21
96
255
224
47
0
6
0
6
0
0
0
0
0
0
3
0
0
1
3
3
0
58
180
137
0
3
12
46
255
249
121
14
0
0
0
10
0
0
0
0
0
0
0
15
2
0
0
0
75
225
210
27
4
0
102
253
255
196
16
0
0
0
0
4
0
4
0
0
0
0
0
0
0
0
5
20
190
236
35
0
67
159
242
253
147
0
0
0
10
2
0
1
0
0
0
0
0
0
14
0
0
12
0
47
255
184
37
164
235
247
232
105
4
1
0
7
0
0
0
5
0
0
0
0
0
0
1
2
18
10
0
18
247
251
255
236
255
214
27
0
11
0
1
3
0
0
0
3
4
1
0
0
0
0
0
15
0
0
9
0
118
200
219
155
35
1
8
18
0
0
0
5
2
4
1
0
0
0
0
0
0
0
0
0
0
0
0
0
0
0
0
0
0
0
0
0
0
0
0
0
0
0
0
0
0
0
0
0
0
0
0
0
0
0
0
0
0
0
0
0
0
0
0
0
0
0
0
0
0
0
0
0
0
0
0
0
0
0
0
0
0
0
0
0
0
0
0
0
0
0
0
0
0
0
0
0
0
0
0
0
0
0
0
0
0
0
0
0
0
0
0
0
0
0
0
0
0
0
0
0
0
0
0
0
0
0
0
0
0
0
0
0
0
0
