2
0
0
0
0
0
0
0
0
1
0
15
0
8
0
0
0
6
0
1
9
0
16
0
0
0
0
0
0
0
0
0
0
0
0
0
0
2
4
0
0
0
0
0
9
0
6
2
0
27
0
0
15
0
0
0
0
0
0
0
0
0
0
0
0
3
16
0
22
6
0
7
0
0
17
0
0
0
9
11
0
0
0
0
0
0
0
0
0
0
0
0
0
11
0
69
171
255
255
107
152
71
0
14
0
0
4
0
29
0
0
0
0
0
0
0
0
0
0
0
0
0
14
128
252
255
255
255
241
255
199
0
15
10
12
1
0
0
0
0
0
0
0
0
0
0
0
0
0
3
0
126
255
250
239
255
255
255
239
190
7
0
0
13
0
0
0
0
0
0
0
0
0
0
0
0
0
0
16
0
134
174
13
59
200
248
255
255
134
4
0
11
0
0
0
0
0
0
0
0
0
0
0
0
0
1
0
0
0
15
0
0
0
126
255
251
127
6
0
5
4
0
0
0
0
0
0
0
0
0
0
0
0
0
0
3
12
0
0
10
0
134
255
253
124
1
1
6
0
0
0
0
0
0
0
0
0
0
0
0
0
17
0
3
0
10
6
0
5
112
255
255
121
0
16
0
6
0
0
0
0
0
0
0
0
0
0
0
0
0
12
0
0
10
0
10
69
255
251
255
76
0
0
7
2
0
0
0
0
0
0
0
0
0
0
0
0
1
0
0
0
0
0
7
246
253
255
183
0
10
0
0
5
0
0
0
0
0
0
0
0
0
0
0
0
9
0
0
21
0
61
195
255
247
188
7
0
10
0
4
0
0
0
0
0
0
0
0
0
0
0
0
0
0
6
10
0
142
244
255
255
215
0
2
9
0
33
0
6
0
0
0
0
0
0
0
0
0
0
0
0
20
2
0
90
250
255
255
190
0
7
12
0
0
0
17
0
0
0
0
0
0
0
0
0
0
0
0
0
0
1
72
245
255
255
184
4
4
5
0
3
10
10
0
9
0
0
0
0
0
0
1
0
2
9
8
0
0
75
243
255
255
70
11
0
3
0
1
3
0
0
11
0
0
0
0
0
5
5
5
0
0
0
0
16
56
255
255
246
70
0
0
15
0
12
0
65
198
255
113
25
0
0
0
0
0
0
0
1
9
16
0
60
255
250
255
196
0
9
14
0
73
175
255
239
255
63
11
0
0
0
0
0
0
7
12
1
0
0
32
252
251
255
181
16
0
129
114
255
255
249
255
207
0
6
0
10
0
0
0
0
4
0
0
9
0
6
33
251
255
250
245
255
255
255
254
253
253
205
54
0
0
0
13
0
0
0
0
0
1
0
0
9
0
12
72
255
255
254
255
255
255
244
255
121
56
0
12
0
14
0
0
0
0
0
0
0
11
0
0
0
0
0
0
53
248
255
253
255
112
64
11
2
0
9
0
0
0
0
20
0
0
0
0
0
0
0
7
4
0
0
5
5
9
0
0
8
4
0
0
0
12
0
0
25
0
0
0
0
0
0
0
0
0
0
0
0
0
0
0
0
0
0
0
0
0
0
0
0
0
0
0
0
0
0
0
0
0
0
0
0
0
0
0
0
0
0
0
0
0
0
0
0
0
0
0
0
0
0
0
0
0
0
0
0
0
0
0
0
0
0
0
0
0
0
0
0
0
0
0
0
0
0
0
0
0
0
0
0
0
0
0
0
0
0
0
0
0
0
0
0
0
0
0
0
0
0
0
0
0
0
0
0
0
0
0
0
0
0
0
0
0
0
0
0
