3
4
0
0
0
0
0
0
1
0
11
0
5
10
0
3
0
0
0
0
0
14
0
0
0
0
0
0
0
0
9
9
0
0
10
11
0
2
9
0
0
0
0
4
6
8
6
1
5
0
0
0
15
0
0
0
0
4
0
0
0
0
0
0
2
0
2
12
0
5
14
0
0
0
0
0
5
0
5
2
0
0
0
0
0
6
0
0
5
6
0
0
6
0
0
0
0
0
0
0
7
9
4
11
0
0
0
11
0
0
0
0
0
0
3
7
1
0
5
3
0
6
21
0
12
6
0
0
9
0
0
0
8
0
0
0
8
0
0
0
0
0
0
5
3
0
0
1
17
47
109
148
226
235
169
154
132
75
45
0
15
0
16
0
4
0
0
0
0
6
0
0
3
0
1
63
136
255
255
252
255
255
240
249
255
251
205
77
0
0
7
0
2
0
0
0
0
0
8
8
0
0
64
180
255
254
251
249
239
245
251
242
254
250
255
192
0
5
0
17
0
0
0
0
0
1
0
8
0
5
53
255
254
216
105
49
0
0
0
5
73
255
241
246
25
9
0
0
7
0
0
0
0
0
0
9
7
8
1
155
207
0
20
0
19
15
0
0
102
253
255
203
0
0
0
8
0
0
0
0
0
11
5
0
0
0
0
109
214
26
0
4
0
0
0
30
220
251
251
7
0
8
13
0
0
0
0
0
0
0
1
7
3
5
0
0
8
8
0
2
2
13
17
155
255
255
176
5
3
10
0
0
11
0
0
0
0
3
0
0
0
0
17
3
0
0
1
9
0
41
221
253
255
226
82
80
16
0
5
20
0
0
0
0
0
9
0
0
6
0
2
0
0
3
9
13
144
255
249
238
251
255
255
255
190
84
8
0
3
0
0
0
0
2
0
0
2
1
0
6
5
0
115
241
238
255
253
250
255
247
249
253
241
255
78
0
1
0
0
0
0
0
11
2
0
6
0
2
0
1
153
251
240
149
158
180
149
163
75
167
255
254
205
0
4
0
0
0
0
0
4
0
0
4
0
0
0
0
11
9
6
0
9
0
0
0
13
27
241
255
207
4
1
0
0
0
0
1
0
0
2
2
0
0
5
0
0
6
23
0
0
16
0
0
0
235
255
248
120
0
6
0
0
0
0
6
0
0
4
0
0
2
4
21
0
0
0
0
10
11
0
31
139
229
250
246
24
0
2
0
0
0
0
4
0
4
1
0
3
0
0
0
3
12
2
0
5
0
31
162
240
255
253
136
15
6
6
0
0
0
0
0
0
9
0
0
9
0
0
2
20
0
14
0
81
165
255
255
255
217
91
0
0
0
0
0
0
0
0
0
0
9
0
0
7
0
31
131
185
6
73
213
255
237
254
248
205
36
0
3
0
13
6
0
0
0
0
1
0
5
0
3
0
2
96
248
255
231
255
249
243
255
209
89
16
0
28
0
0
0
0
0
0
0
0
6
0
0
0
7
0
6
148
255
253
255
244
255
204
97
8
0
0
9
0
3
1
1
0
0
0
0
0
0
0
2
3
0
0
12
29
152
192
189
116
39
10
7
4
0
0
0
0
0
0
0
0
0
0
0
0
0
0
2
3
0
0
1
11
0
5
2
0
0
0
0
0
0
0
0
0
0
0
0
0
0
0
0
0
0
0
1
3
0
0
0
0
1
0
0
1
9
8
6
9
0
0
0
0
0
0
0
0
0
0
0
0
0
0
0
2
4
2
0
0
1
0
5
8
0
0
0
5
0
0
0
0
0
0
0
0
0
0
0
0
