3
0
0
0
0
0
0
0
0
0
6
0
2
0
5
1
6
6
0
6
7
0
0
7
0
0
0
0
0
0
0
0
0
0
0
0
0
4
0
12
0
0
0
0
0
0
0
0
0
7
1
0
2
0
0
0
0
0
0
0
0
0
0
0
0
3
0
4
0
5
4
18
7
0
12
17
4
0
1
0
0
0
0
0
0
0
0
0
0
0
0
0
0
0
17
0
0
2
0
0
0
2
0
0
0
0
0
13
0
0
0
0
0
0
0
0
0
0
0
0
0
17
187
190
250
255
251
255
249
129
66
1
0
7
4
0
3
0
0
0
0
0
0
0
0
0
0
0
0
37
255
245
255
244
249
255
254
246
237
118
8
8
6
0
5
0
0
0
0
0
0
0
0
0
0
0
0
0
167
210
255
248
255
255
246
240
255
220
76
0
0
2
5
0
0
0
0
0
0
0
0
0
0
0
0
9
26
40
63
48
61
66
80
253
247
255
184
25
0
12
0
0
0
0
0
5
0
0
0
6
0
10
0
0
3
0
0
5
0
3
46
255
231
255
199
2
2
0
7
0
0
0
0
0
1
6
0
0
0
1
0
0
20
0
0
23
0
40
226
255
255
255
88
6
2
5
0
0
0
0
0
0
3
5
0
0
10
4
9
0
0
8
0
0
63
198
248
234
255
251
22
6
0
2
0
0
0
0
0
1
0
0
0
4
13
0
0
0
10
0
48
169
238
251
255
255
250
196
32
0
0
0
7
0
0
0
0
7
0
0
5
6
0
0
11
6
45
155
249
255
243
248
244
248
91
29
0
0
3
0
8
0
0
0
0
7
0
0
0
0
0
90
152
211
229
251
246
238
255
255
248
213
4
0
1
9
0
0
0
0
0
0
0
5
0
0
0
0
8
194
255
243
255
255
252
255
251
240
251
135
16
17
0
0
0
4
14
0
0
0
0
0
0
9
0
1
7
211
253
255
254
252
251
251
252
255
255
255
217
159
43
0
10
0
4
0
0
0
0
1
0
1
9
0
3
97
208
244
255
246
255
246
244
255
246
251
255
249
213
49
0
7
0
0
0
0
0
12
0
0
1
0
0
4
28
147
111
142
221
156
144
224
253
251
251
252
255
173
18
0
10
0
0
0
0
0
0
0
3
7
7
1
0
0
0
0
33
0
0
72
139
249
252
251
254
255
72
0
0
0
0
0
0
0
5
7
0
0
0
5
11
0
64
80
131
208
234
244
249
249
255
253
238
251
77
2
7
0
0
0
0
6
1
0
1
1
0
0
0
13
169
252
255
255
241
255
254
255
246
253
255
232
70
0
0
0
0
0
0
1
0
0
7
11
4
0
3
41
213
255
235
244
244
255
252
250
255
255
208
95
0
0
14
0
0
0
0
0
0
1
0
0
0
0
1
0
168
255
253
255
247
252
230
223
165
92
19
0
5
9
0
0
0
0
0
0
1
0
0
0
5
3
0
7
56
181
255
207
114
91
3
5
0
6
0
5
0
0
4
0
0
0
0
0
0
0
0
0
0
0
0
0
0
0
0
0
0
0
0
0
0
0
0
0
0
0
0
0
0
0
0
0
0
0
0
0
0
0
0
0
0
0
0
0
0
0
0
0
0
0
0
0
0
0
0
0
0
0
0
0
0
0
0
0
0
0
0
0
0
0
0
0
0
0
0
0
0
0
0
0
0
0
0
0
0
0
0
0
0
0
0
0
0
0
0
0
0
0
0
0
0
0
0
0
0
0
0
0
0
0
0
0
0
0
0
