6
0
0
0
0
0
0
0
0
0
8
0
0
3
8
0
0
0
13
1
0
0
4
6
0
0
0
0
0
0
0
0
0
0
0
0
0
10
0
0
0
0
0
13
4
6
0
0
2
1
0
3
0
0
0
0
0
0
0
0
0
0
0
0
0
1
0
0
20
45
205
245
208
98
0
0
1
4
0
2
0
0
0
0
0
0
0
0
0
0
0
0
0
7
11
0
0
77
255
255
230
228
31
3
0
5
0
6
0
0
0
0
0
0
0
0
0
0
0
0
0
0
8
0
4
182
255
247
255
254
45
4
0
5
0
6
0
0
0
0
0
0
0
0
0
0
0
0
0
0
5
6
0
247
245
253
249
150
17
0
0
5
0
2
0
0
0
0
0
0
0
0
0
0
0
0
0
0
0
0
24
241
250
255
193
37
0
0
2
4
0
0
1
0
0
0
0
0
0
0
0
0
0
0
0
1
0
6
142
245
255
248
176
0
4
0
0
3
0
1
1
0
0
0
0
0
3
0
0
2
2
0
0
0
6
105
246
248
253
90
9
0
9
4
0
3
10
3
0
0
0
0
0
0
2
0
0
4
4
0
3
12
63
221
252
255
198
0
4
1
5
0
3
8
0
2
6
2
1
0
0
0
4
0
0
1
0
0
0
0
179
255
254
250
56
35
0
0
11
3
0
0
1
9
0
3
3
2
0
0
4
1
0
3
0
0
6
34
255
244
255
247
65
0
0
2
0
9
3
0
3
0
0
0
0
1
0
0
1
0
2
8
5
8
24
231
248
248
252
190
32
2
7
0
3
5
27
19
4
16
0
0
0
0
1
0
2
0
0
2
0
3
23
193
255
247
255
176
0
0
0
0
85
132
255
255
138
109
0
0
0
0
0
2
3
0
0
0
0
0
24
183
246
244
255
9
17
0
37
75
236
255
255
243
255
253
53
10
3
0
0
0
0
0
0
3
2
16
45
255
246
255
168
5
0
8
63
255
246
255
255
244
253
248
211
21
9
0
0
0
4
1
0
0
0
13
192
249
251
255
115
0
3
0
153
255
255
246
176
252
255
251
255
52
0
0
12
5
3
0
3
6
0
30
209
255
242
245
101
0
7
72
224
252
248
206
201
252
254
236
235
105
30
0
0
2
3
2
4
0
1
75
255
241
255
225
160
148
180
255
242
255
255
250
236
252
254
251
46
16
0
0
9
0
1
4
0
0
0
71
224
255
246
255
255
252
252
246
255
245
245
253
255
244
241
47
1
0
0
8
12
3
0
0
0
6
1
11
60
225
255
234
255
255
252
242
248
255
253
246
246
197
55
0
0
13
5
0
0
2
1
3
0
7
0
0
0
56
165
255
244
232
255
176
200
99
80
100
119
0
8
20
2
0
0
0
1
0
0
8
0
2
0
12
10
1
4
0
0
7
2
0
5
0
17
0
0
3
0
13
0
7
13
10
2
4
0
0
0
6
0
5
0
5
0
10
0
2
0
4
0
0
0
10
0
0
21
0
0
3
0
0
0
0
0
0
0
0
0
0
0
0
0
0
0
0
0
0
0
0
0
0
0
0
0
0
0
0
0
0
0
0
0
0
0
0
0
0
0
0
0
0
0
0
0
0
0
0
0
0
0
0
0
0
0
0
0
0
0
0
0
0
0
0
0
0
0
0
0
0
0
0
0
0
0
0
0
0
0
0
0
0
0
0
0
0
0
0
0
0
0
0
0
0
0
0
0
0
0
0
0
0
0
0
0
0
0
0
0
0
0
0
0
0
0
