5
0
0
0
0
0
0
0
0
1
0
0
0
0
8
0
2
7
0
5
0
0
3
0
7
0
0
0
0
0
0
0
0
0
0
0
0
1
6
11
6
2
3
0
0
0
8
0
0
10
13
0
0
0
0
0
0
0
0
0
0
0
0
0
0
0
1
0
0
0
0
11
4
0
10
0
0
0
0
5
18
0
0
0
0
0
0
0
0
0
0
0
0
6
7
0
0
1
0
3
0
8
0
8
0
12
0
6
0
0
0
0
0
0
0
0
0
0
0
0
0
1
0
0
0
16
0
5
2
2
0
22
0
0
0
0
18
0
0
0
0
0
0
0
0
0
0
0
0
1
0
14
0
4
0
0
16
51
127
146
155
132
112
0
0
0
0
0
0
0
0
0
0
0
0
0
0
0
26
130
115
141
157
177
210
251
255
240
254
255
244
120
0
0
0
0
0
0
0
0
0
0
0
0
0
6
91
255
245
255
255
242
255
251
250
252
254
255
244
247
11
0
0
0
0
0
0
0
0
0
0
0
0
55
237
255
251
251
255
242
255
255
244
215
192
174
143
85
0
0
0
0
0
0
0
0
0
0
0
0
0
70
245
255
254
220
255
182
150
56
62
22
0
17
7
0
9
0
0
0
0
0
0
0
0
0
0
0
0
83
255
250
151
26
77
14
4
0
0
0
17
0
0
13
0
0
0
0
0
0
0
0
0
0
0
0
0
66
248
246
198
151
229
209
214
214
99
31
0
22
0
0
0
0
0
0
0
0
0
0
0
0
0
0
0
78
255
250
246
252
255
255
255
243
237
242
99
0
22
0
0
0
0
0
0
0
0
0
0
0
0
0
0
63
252
244
255
255
235
246
255
255
255
248
255
82
0
0
0
0
0
0
0
0
0
0
0
0
0
0
0
83
250
253
250
172
150
133
108
142
251
248
255
255
16
12
0
0
0
0
0
0
0
0
0
0
0
0
0
37
217
252
195
0
0
0
5
0
80
114
217
250
158
9
1
0
0
0
0
0
11
4
0
0
7
4
0
12
70
103
13
0
0
4
0
0
14
0
154
253
236
24
0
0
0
0
0
1
0
8
10
5
5
0
14
0
0
13
0
13
4
0
13
38
71
174
234
247
255
12
0
0
0
0
0
5
6
5
21
19
36
3
18
61
41
26
2
33
56
61
66
225
251
253
255
240
156
0
10
0
0
0
0
0
0
0
169
232
210
195
200
239
249
232
199
218
254
255
248
247
255
234
255
151
2
6
0
0
0
0
0
10
9
0
160
245
255
253
247
255
255
243
252
255
254
252
255
245
255
178
57
10
0
4
6
0
0
0
0
0
0
0
36
115
236
252
255
255
255
239
255
252
204
159
145
136
10
0
0
3
0
0
6
0
0
0
0
17
0
0
0
4
36
15
46
145
129
55
31
11
11
8
3
0
12
2
0
6
2
2
0
0
0
0
0
0
5
1
0
3
4
4
2
0
15
0
4
1
3
0
0
3
0
3
1
0
0
0
10
0
0
0
0
0
0
0
0
0
0
0
0
0
0
0
0
0
0
0
0
0
0
0
0
0
0
0
0
0
0
0
0
0
0
0
0
0
0
0
0
0
0
0
0
0
0
0
0
0
0
0
0
0
0
0
0
0
0
0
0
0
0
0
0
0
0
0
0
0
0
0
0
0
0
0
0
0
0
0
0
0
0
0
0
0
0
0
0
0
0
0
0
0
0
0
0
0
0
0
0
0
0
0
0
0
0
0
0
0
0
0
0
0
0
0
0
