6
0
0
0
0
0
0
0
0
10
0
2
7
0
12
0
8
5
0
0
1
0
0
5
2
0
0
0
0
0
0
0
0
0
0
0
0
0
0
1
0
10
0
37
0
0
0
11
4
13
6
0
0
0
0
0
0
0
0
0
0
0
0
0
0
0
11
0
0
2
0
0
22
112
240
223
34
2
0
0
13
0
0
0
0
0
0
0
0
0
0
0
0
2
0
0
6
2
0
30
184
240
255
251
71
8
2
5
7
0
0
0
0
0
0
0
0
0
0
0
0
7
0
0
4
0
0
195
255
255
255
205
18
0
7
0
0
0
0
0
0
0
0
0
0
0
0
0
0
0
3
3
0
21
105
255
246
214
50
5
0
0
0
8
0
0
0
0
0
0
0
0
0
0
0
0
0
0
11
2
10
132
252
252
214
40
8
0
2
9
0
0
3
0
0
0
0
0
0
0
0
0
0
0
0
4
0
0
69
240
250
255
123
0
0
0
7
0
0
5
0
0
0
0
0
0
0
0
0
4
10
0
5
0
0
25
202
255
248
110
24
3
4
0
0
0
13
1
3
0
0
0
0
1
1
1
0
6
0
0
1
14
26
140
255
236
211
11
0
0
13
9
8
0
0
0
0
0
0
0
0
2
2
0
6
5
0
0
2
0
65
249
248
220
36
8
0
17
0
70
87
6
0
0
17
0
0
0
0
1
3
0
1
2
0
9
1
37
219
254
255
88
0
0
15
4
152
255
246
244
40
7
0
0
0
0
0
0
4
0
0
2
3
2
0
176
237
249
92
25
5
0
4
99
255
235
243
240
255
93
10
0
0
0
0
0
1
4
0
5
0
0
28
214
255
255
50
0
0
6
126
246
216
41
3
123
236
215
3
0
0
0
0
2
0
9
0
5
0
1
121
255
237
93
7
0
0
13
158
231
0
0
1
0
208
255
19
0
0
0
0
6
0
7
0
2
0
24
215
250
198
1
2
1
0
17
239
231
0
3
1
0
206
255
18
0
0
0
0
0
0
0
1
0
11
19
255
246
202
0
0
6
0
0
251
176
0
3
0
25
221
249
26
0
0
0
0
0
0
5
5
0
0
25
255
255
190
1
1
14
0
0
227
225
0
0
26
193
230
188
1
0
0
0
0
0
0
5
7
0
0
28
234
242
211
60
0
0
3
6
124
227
106
105
220
245
255
126
0
0
0
0
0
0
0
0
1
4
10
6
126
255
255
228
220
232
208
198
253
255
228
255
229
236
68
0
0
0
0
0
0
0
7
0
0
2
7
0
19
178
236
255
244
255
255
255
252
247
253
254
159
11
0
11
2
0
0
0
0
0
11
3
0
0
5
0
0
7
51
165
255
255
184
136
125
129
65
7
0
7
8
0
0
0
0
0
0
0
7
0
0
2
3
10
6
5
0
6
0
0
0
7
10
0
0
11
6
0
0
24
0
0
0
0
0
3
3
0
0
2
0
2
0
0
0
2
1
2
6
9
0
3
3
0
5
1
0
0
5
0
0
0
0
0
0
0
0
0
0
0
0
0
0
0
0
0
0
0
0
0
0
0
0
0
0
0
0
0
0
0
0
0
0
0
0
0
0
0
0
0
0
0
0
0
0
0
0
0
0
0
0
0
0
0
0
0
0
0
0
0
0
0
0
0
0
0
0
0
0
0
0
0
0
0
0
0
0
0
0
0
0
0
0
0
0
0
0
0
0
0
0
0
0
0
0
0
0
0
0
0
0
0
0
0
0
0
0
0
0
0
0
0
0
0
0
