5
0
0
0
0
0
0
0
0
0
0
0
0
0
0
0
0
0
0
0
0
0
0
0
0
0
0
0
0
0
0
0
0
0
0
0
0
0
0
0
0
0
0
0
0
0
0
0
0
0
0
0
0
0
0
0
0
0
0
0
0
0
0
0
0
0
0
0
0
0
0
0
0
0
0
0
0
0
0
0
0
0
0
0
0
0
0
0
0
0
0
0
0
0
0
0
0
0
0
0
0
0
0
0
0
0
0
0
0
0
0
0
0
0
0
0
0
0
0
0
0
0
0
0
0
0
0
0
0
0
0
0
0
0
0
0
0
0
0
0
0
0
0
0
0
0
0
0
0
0
0
0
0
0
0
0
0
0
0
0
0
0
0
0
0
0
0
0
0
0
0
0
0
0
0
0
0
0
0
0
0
0
0
0
0
0
0
0
0
0
0
0
0
0
0
0
0
0
0
0
0
0
0
0
0
0
0
0
0
0
0
0
0
0
0
0
0
0
0
0
0
0
0
0
0
6
0
1
0
0
2
0
6
6
0
10
0
0
0
0
10
1
3
1
0
5
21
26
22
25
17
11
0
2
0
3
3
3
0
0
2
7
0
0
0
11
1
17
0
60
99
150
188
212
232
248
255
251
244
162
9
1
0
4
1
6
0
9
0
0
10
32
126
111
174
204
241
253
255
255
241
197
154
131
127
126
136
101
6
3
1
2
0
5
0
15
0
3
45
207
255
255
249
220
126
58
44
30
22
11
0
0
3
0
0
2
0
0
5
1
0
6
0
5
0
82
242
208
68
100
43
0
11
16
2
0
0
3
0
0
2
9
9
4
0
0
4
2
0
6
1
0
44
249
243
36
3
0
15
8
0
0
0
0
4
3
0
1
6
0
0
0
0
0
0
0
4
2
0
0
152
243
94
0
0
18
0
0
0
0
6
7
0
0
0
0
0
17
4
2
7
6
0
0
7
0
0
13
251
206
4
1
2
0
13
0
7
0
1
2
0
0
8
7
0
0
0
5
2
0
3
4
0
10
0
6
255
221
80
17
0
0
7
0
4
0
17
0
0
8
2
0
0
0
0
0
0
1
4
3
0
0
2
0
111
236
247
215
168
145
85
11
5
0
0
4
0
0
0
1
14
0
0
0
0
3
0
0
0
0
11
0
6
12
57
139
203
221
255
235
108
37
0
0
8
0
0
0
5
0
0
0
0
3
0
0
11
5
0
0
0
3
7
0
0
20
104
201
255
167
10
0
8
0
5
0
0
0
0
0
0
2
7
0
3
6
0
0
5
0
0
12
8
4
0
0
107
255
62
0
6
0
3
0
3
0
0
0
0
0
12
3
0
6
0
0
0
3
12
0
0
109
186
159
213
212
46
0
9
0
0
0
6
0
0
0
0
0
0
9
0
4
6
10
0
13
0
0
0
46
191
241
180
66
2
0
9
0
0
1
0
0
0
0
0
10
0
13
1
0
0
5
0
0
1
0
1
0
11
26
1
0
0
0
2
0
0
8
0
0
0
0
0
0
0
0
0
0
0
0
0
0
0
0
0
0
0
0
0
0
0
0
0
0
0
0
0
0
0
0
0
0
0
0
0
0
0
0
0
0
0
0
0
0
0
0
0
0
0
0
0
0
0
0
0
0
0
0
0
0
0
0
0
0
0
0
0
0
0
0
0
0
0
0
0
0
0
0
0
0
0
0
0
0
0
0
0
0
0
0
0
0
0
0
0
0
0
0
0
0
0
0
0
0
0
0
0
0
0
0
0
0
0
0
0
