5
0
0
3
7
1
0
0
3
0
0
0
0
9
0
0
0
0
0
1
0
5
0
8
0
0
0
0
0
6
0
0
0
0
2
4
5
2
3
0
0
3
8
2
8
3
5
1
6
0
0
3
9
0
0
0
0
1
1
0
0
1
3
0
0
0
10
1
6
0
0
0
1
0
1
0
9
0
2
0
1
0
0
0
0
0
3
8
3
0
0
0
0
0
3
0
0
5
7
2
4
7
3
0
0
7
16
0
4
0
0
0
0
2
3
1
0
0
0
6
8
0
0
13
0
12
0
3
0
0
0
12
0
0
0
0
10
0
0
0
0
5
0
0
0
3
0
0
0
4
12
72
113
239
255
255
237
255
170
91
0
0
10
9
0
0
0
0
0
0
0
0
7
5
0
1
15
107
170
252
247
255
232
255
255
250
234
235
121
7
0
1
5
0
0
0
0
0
0
1
3
0
0
43
99
238
255
255
237
238
217
214
207
247
253
255
162
4
0
0
3
0
0
0
0
0
16
0
5
0
0
222
254
239
255
188
143
72
11
0
5
117
153
131
108
4
0
3
2
0
0
0
0
5
0
0
0
19
0
213
243
253
69
23
0
15
6
0
0
3
2
0
9
0
0
0
0
0
0
0
0
5
0
11
0
9
4
219
255
82
0
0
12
0
0
16
5
6
0
0
2
7
3
7
9
0
0
0
0
0
8
6
0
0
83
241
255
70
6
0
21
6
0
0
0
4
0
8
0
0
0
0
1
0
0
0
0
0
8
0
3
6
139
254
242
77
1
52
0
6
14
1
13
0
3
3
0
0
8
1
6
0
0
0
0
0
0
0
0
3
84
238
255
144
162
233
148
94
98
119
91
107
124
108
108
63
7
0
0
0
0
0
0
5
0
5
0
0
10
197
246
250
252
232
255
255
244
255
255
255
250
233
255
198
30
0
10
0
0
0
0
5
0
0
7
0
2
159
181
230
255
255
193
254
198
198
250
234
189
180
255
255
35
0
3
0
0
0
0
0
0
0
0
0
0
0
0
81
100
111
25
104
37
29
106
95
0
0
255
242
143
8
0
0
0
0
0
0
0
0
0
0
0
0
0
0
2
15
0
25
0
0
6
0
2
0
255
252
205
0
1
0
0
0
0
0
0
0
0
0
0
0
0
5
0
0
0
0
0
2
4
0
8
12
237
255
221
0
0
0
0
0
0
0
0
0
0
0
0
0
0
7
0
0
15
7
0
2
0
8
0
0
254
250
204
11
8
0
0
0
0
0
0
0
0
0
0
0
0
0
0
13
0
0
0
8
0
0
4
0
255
254
172
0
0
0
0
0
0
0
0
0
0
0
0
0
0
0
53
121
22
8
0
4
0
28
133
163
255
249
42
0
17
0
0
0
0
0
0
0
0
0
0
0
0
0
81
255
224
215
213
213
217
214
255
255
229
247
38
6
0
0
0
0
0
0
0
0
0
0
0
0
0
14
58
246
250
246
255
247
255
246
255
247
229
136
23
0
0
0
0
0
0
0
0
0
0
0
0
0
0
0
37
161
252
247
247
255
248
255
251
253
62
0
3
0
0
0
0
0
0
0
0
0
0
0
0
0
0
9
0
5
18
0
0
8
0
0
0
28
0
0
7
2
11
0
0
0
0
0
0
0
0
0
0
0
0
8
0
0
2
1
1
4
0
13
0
1
5
12
6
0
0
0
0
0
0
0
0
0
0
0
0
0
0
4
4
4
6
7
0
0
2
1
4
0
0
0
0
3
10
0
0
0
0
